242
Chicago_20_1	0	0.2	38985.000000
Chicago_20_1	0.2	0	61342.000000
Chicago_20_1	0.2	0.2	40303.867000
Chicago_20_1	0.2	0.4	36920.533000
Chicago_20_1	0.2	0.6	36920.533000
Chicago_20_1	0.2	0.8	36920.533000
Chicago_20_1	0.2	1	36920.533000
Chicago_20_1	0.4	0.2	41769.167000
Chicago_20_1	0.6	0.2	42709.533000
Chicago_20_1	0.8	0.2	43585.800000
Chicago_20_1	1	0.2	44392.200000
Chicago_20_2	0	0.2	36270.000000			
Chicago_20_2	0.2	0	74216.000000
Chicago_20_2	0.2	0.2	40950.000000
Chicago_20_2	0.2	0.4	35061.667000
Chicago_20_2	0.2	0.6	35061.667000
Chicago_20_2	0.2	0.8	35061.667000
Chicago_20_2	0.2	1	35061.667000
Chicago_20_2	0.4	0.2	43623.700000
Chicago_20_2	0.6	0.2	46368.400000
Chicago_20_2	0.8	0.2	48259.667000
Chicago_20_2	1	0.2	50087.800000
Chicago_30_1	0	0.2	48755.000000
Chicago_30_1	0.2	0	113242.000000
Chicago_30_1	0.2	0.2	50637.667000
Chicago_30_1	0.2	0.4	41009.000000
Chicago_30_1	0.2	0.6	41009.000000
Chicago_30_1	0.2	0.8	41009.000000
Chicago_30_1	0.2	1	41009.000000
Chicago_30_1	0.4	0.2	54085.000000
Chicago_30_1	0.6	0.2	55345.000000
Chicago_30_1	0.8	0.2	57890.667000
Chicago_30_1	1	0.2	59123.333000
Chicago_30_2	0	0.2	59516.000000
Chicago_30_2	0.2	0	99802.000000
Chicago_30_2	0.2	0.2	62509.700000
Chicago_30_2	0.2	0.4	61805.200000
Chicago_30_2	0.2	0.6	61805.200000
Chicago_30_2	0.2	0.8	61805.200000
Chicago_30_2	0.2	1	61805.200000
Chicago_30_2	0.4	0.2	64415.200000
Chicago_30_2	0.6	0.2	66548.533000
Chicago_30_2	0.8	0.2	69973.167000
Chicago_30_2	1	0.2	72560.867000
Chicago_40_1	0	0.2	64038.000000
Chicago_40_1	0.2	0	105740.000000
Chicago_40_1	0.2	0.2	65887.200000
Chicago_40_1	0.2	0.4	58793.533000
Chicago_40_1	0.2	0.6	57991.800000
Chicago_40_1	0.2	0.8	57991.800000
Chicago_40_1	0.2	1	57991.800000
Chicago_40_1	0.4	0.2	66961.000000
Chicago_40_1	0.6	0.2	68134.067000
Chicago_40_1	0.8	0.2	68856.667000
Chicago_40_1	1	0.2	69673.000000
Chicago_40_2	0	0.2	78470.000000
Chicago_40_2	0.2	0	126469.000000
Chicago_40_2	0.2	0.2	82311.067000
Chicago_40_2	0.2	0.4	76637.333000
Chicago_40_2	0.2	0.6	76637.333000
Chicago_40_2	0.2	0.8	76637.333000
Chicago_40_2	0.2	1	76637.333000
Chicago_40_2	0.4	0.2	86660.200000
Chicago_40_2	0.6	0.2	89563.000000
Chicago_40_2	0.8	0.2	91165.500000
Chicago_40_2	1	0.2	92730.600000
Chicago_50	0	0.2	88162.000000
Chicago_50	0.2	0	216583.000000
Chicago_50	0.2	0.2	93574.000000
Chicago_50	0.2	0.4	89926.600000
Chicago_50	0.2	0.6	87215.300000
Chicago_50	0.2	0.8	87215.300000
Chicago_50	0.2	1	87215.300000
Chicago_50	0.4	0.2	98771.100000
Chicago_50	0.6	0.2	101368.500000
Chicago_50	0.8	0.2	103198.500000
Chicago_50	1	0.2	107147.000000
Chicago_66	0	0.2	120108.000000
Chicago_66	0.2	0	383192.000000
Chicago_66	0.2	0.2	124916.000000
Chicago_66	0.2	0.4	96775.800000
Chicago_66	0.2	0.6	96593.867000
Chicago_66	0.2	0.8	96593.867000
Chicago_66	0.2	1	96593.867000
Chicago_66	0.4	0.2	128009.333000
Chicago_66	0.6	0.2	126213.667000
Chicago_66	0.8	0.2	125665.500000
Chicago_66	1	0.2	127901.000000
ReggioEmilia	0	0.2	16900.000000
ReggioEmilia	0.2	0	16900.000000
ReggioEmilia	0.2	0.2	16900.000000
ReggioEmilia	0.2	0.4	16900.000000
ReggioEmilia	0.2	0.6	16900.000000
ReggioEmilia	0.2	0.8	16900.000000
ReggioEmilia	0.2	1	16900.000000
ReggioEmilia	0.4	0.2	16900.000000
ReggioEmilia	0.6	0.2	16900.000000
ReggioEmilia	0.8	0.2	16900.000000
ReggioEmilia	1	0.2	16900.000000
Washington_20_1	0	0.2	81049.000000
Washington_20_1	0.2	0	213883.000000
Washington_20_1	0.2	0.2	81192.121000
Washington_20_1	0.2	0.4	81192.121000
Washington_20_1	0.2	0.6	81192.121000
Washington_20_1	0.2	0.8	81192.121000
Washington_20_1	0.2	1	81192.121000
Washington_20_1	0.4	0.2	81328.978000
Washington_20_1	0.6	0.2	81471.099000
Washington_20_1	0.8	0.2	81607.956000
Washington_20_1	1	0.2	81744.813000
Washington_20_2	0	0.2	78090.000000
Washington_20_2	0.2	0	529834.000000
Washington_20_2	0.2	0.2	78935.538000
Washington_20_2	0.2	0.4	74704.923000
Washington_20_2	0.2	0.6	74704.923000
Washington_20_2	0.2	0.8	74704.923000
Washington_20_2	0.2	1	74704.923000
Washington_20_2	0.4	0.2	79781.077000
Washington_20_2	0.6	0.2	80596.418000
Washington_20_2	0.8	0.2	81441.956000
Washington_20_2	1	0.2	140153.440000
Washington_30_1	0	0.2	101758.000000
Washington_30_1	0.2	0	268862.000000
Washington_30_1	0.2	0.2	101976.187000
Washington_30_1	0.2	0.4	100812.604000
Washington_30_1	0.2	0.6	100812.604000
Washington_30_1	0.2	0.8	100812.604000
Washington_30_1	0.2	1	100812.604000
Washington_30_1	0.4	0.2	102194.374000
Washington_30_1	0.6	0.2	102412.560000
Washington_30_1	0.8	0.2	102630.747000
Washington_30_1	1	0.2	102848.934000
Washington_30_2	0	0.2	116108.000000
Washington_30_2	0.2	0	236531.000000
Washington_30_2	0.2	0.2	117158.725000
Washington_30_2	0.2	0.4	116515.220000
Washington_30_2	0.2	0.6	114325.593000
Washington_30_2	0.2	0.8	114325.593000
Washington_30_2	0.2	1	114325.593000
Washington_30_2	0.4	0.2	118209.451000
Washington_30_2	0.6	0.2	119260.176000
Washington_30_2	0.8	0.2	120310.901000
Washington_30_2	1	0.2	121345.209000
Washington_40_1	0	0.2	126378.000000
Washington_40_1	0.2	0	416348.000000
Washington_40_1	0.2	0.2	114065.044000
Washington_40_1	0.2	0.4	100034.890000
Washington_40_1	0.2	0.6	96362.297000
Washington_40_1	0.2	0.8	96362.297000
Washington_40_1	0.2	1	96362.297000
Washington_40_1	0.4	0.2	168908.143000
Washington_40_1	0.6	0.2	167456.253000
Washington_40_1	0.8	0.2	170035.890000
Washington_40_1	1	0.2	168590.396000
Washington_40_2	0	0.2	223983.000000
Washington_40_2	0.2	0	775838.000000
Washington_40_2	0.2	0.2	226022.297000
Washington_40_2	0.2	0.4	93282.429000
Washington_40_2	0.2	0.6	92024.637000
Washington_40_2	0.2	0.8	92024.637000
Washington_40_2	0.2	1	92024.637000
Washington_40_2	0.4	0.2	282873.330000
Washington_40_2	0.6	0.2	279826.538000
Washington_40_2	0.8	0.2	281758.363000
Washington_40_2	1	0.2	286596.945000
Washington_50_1	0	0.2	238531.000000
Washington_50_1	0.2	0	774111.000000
Washington_50_1	0.2	0.2	213114.275000
Washington_50_1	0.2	0.4	126477.187000
Washington_50_1	0.2	0.6	122659.088000
Washington_50_1	0.2	0.8	122659.088000
Washington_50_1	0.2	1	122659.088000
Washington_50_1	0.4	0.2	215381.429000
Washington_50_1	0.6	0.2	247519.077000
Washington_50_1	0.8	0.2	258041.220000
Washington_50_1	1	0.2	257237.308000
Washington_50_2	0	0.2	194119.000000
Washington_50_2	0.2	0	1213810.000000
Washington_50_2	0.2	0.2	186087.187000
Washington_50_2	0.2	0.4	118255.099000
Washington_50_2	0.2	0.6	118273.736000
Washington_50_2	0.2	0.8	118273.736000
Washington_50_2	0.2	1	118273.736000
Washington_50_2	0.4	0.2	173943.418000
Washington_50_2	0.6	0.2	177998.451000
Washington_50_2	0.8	0.2	174924.077000
Washington_50_2	1	0.2	177266.231000
Washington_66	0	0.2	130540.000000
Washington_66	0.2	0	258023.000000
Washington_66	0.2	0.2	130625.341000
Washington_66	0.2	0.4	130625.099000
Washington_66	0.2	0.6	130625.099000
Washington_66	0.2	0.8	130625.099000
Washington_66	0.2	1	130625.099000
Washington_66	0.4	0.2	130702.462000
Washington_66	0.6	0.2	130788.264000
Washington_66	0.8	0.2	130919.000000
Washington_66	1	0.2	130996.143000
Washington_80_1	0	0.2	137578.000000
Washington_80_1	0.2	0	211225.000000
Washington_80_1	0.2	0.2	137697.912000
Washington_80_1	0.2	0.4	137697.912000
Washington_80_1	0.2	0.6	137697.912000
Washington_80_1	0.2	0.8	137697.912000
Washington_80_1	0.2	1	137697.912000
Washington_80_1	0.4	0.2	137806.923000
Washington_80_1	0.6	0.2	137926.835000
Washington_80_1	0.8	0.2	138946.231000
Washington_80_1	1	0.2	138537.429000
Washington_80_2	0	0.2	176570.000000
Washington_80_2	0.2	0	349825.000000
Washington_80_2	0.2	0.2	177485.209000
Washington_80_2	0.2	0.4	109760.923000
Washington_80_2	0.2	0.6	102629.110000
Washington_80_2	0.2	0.8	104770.989000
Washington_80_2	0.2	1	104770.989000
Washington_80_2	0.4	0.2	179384.143000
Washington_80_2	0.6	0.2	182472.132000
Washington_80_2	0.8	0.2	184705.451000
Washington_80_2	1	0.2	189206.253000
Washington_90	0	0.2	259973.000000
Washington_90	0.2	0	1022780.000000
Washington_90	0.2	0.2	235949.088000
Washington_90	0.2	0.4	155653.176000
Washington_90	0.2	0.6	146383.923000
Washington_90	0.2	0.8	146189.923000
Washington_90	0.2	1	146189.923000
Washington_90	0.4	0.2	222488.462000
Washington_90	0.6	0.2	248944.011000
Washington_90	0.8	0.2	243937.923000
Washington_90	1	0.2	286035.429000
Washington_100	0	0.2	179831.000000
Washington_100	0.2	0	1046289.000000
Washington_100	0.2	0.2	178983.418000
Washington_100	0.2	0.4	148300.121000
Washington_100	0.2	0.6	146338.088000
Washington_100	0.2	0.8	146813.615000
Washington_100	0.2	1	146813.615000
Washington_100	0.4	0.2	180290.945000
Washington_100	0.6	0.2	188348.527000
Washington_100	0.8	0.2	186971.033000
Washington_100	1	0.2	187704.066000


