30																																															
999999	19	15	15	19	23	35	11	23	19	47	19	15	15	19	15	35	31	19	15	19	19	15	19	23	27	19	19	23	19																		
0	1	7	7	18	11	10	5	17	8	20	14	5	5	8	8	10	22	9	8	9	3	8	10	6	14	11	9	11	11																		
30																																															
0.033333333	0.033333333	0.033333333	0.033333333	0.033333333	0.033333333	0.033333333	0.033333333	0.033333333	0.033333333	0.033333333	0.033333333	0.033333333	0.033333333	0.033333333	0.033333333	0.033333333	0.033333333	0.033333333	0.033333333																												
	0.033333333	0.033333333	0.033333333	0.033333333	0.033333333	0.033333333	0.033333333	0.033333333	0.033333333	0.033333333																																					
0	5	7	-5	-18	-1	11	6	-17	1	-20	-14	-5	4	1	0	-4	-5	1	3	-5	16	-8	-10	4	5	-2	1	-11	-10																		
0	7	-3	-7	-13	2	10	6	-17	-4	-16	-6	3	-5	-8	-4	16	-20	-3	2	-7	-3	7	-1	17	10	6	4	12	-9																		
0	17	-7	7	-17	-7	20	6	1	-4	3	-2	0	-4	-2	2	-8	-11	-2	-4	6	-3	-8	-10	-6	-4	-3	3	-2	-7																		
0	7	1	-5	-4	-9	-3	-5	5	4	-20	-4	10	3	7	-1	-5	-6	-9	-4	10	16	-4	9	1	1	-11	-5	10	7																		
0	14	5	1	-13	3	-10	6	6	-8	-19	0	10	1	10	4	20	-20	0	7	10	16	-8	-10	-6	-14	-10	2	7	-3																		
0	18	1	2	-2	-7	-1	-5	-6	11	-16	0	10	-5	-7	-6	20	-9	-4	-7	10	16	-8	-2	-6	2	1	0	12	-11																		
0	6	-1	0	-9	8	-3	3	-14	-1	-20	0	-2	8	4	-3	17	5	0	7	10	16	-8	-5	-6	-14	-6	7	-11	-7																		
0	18	-1	3	-12	-2	-10	-5	-12	4	-20	-5	-5	2	3	1	20	5	-2	4	10	11	-4	-10	16	-5	0	0	4	4																		
0	11	-7	1	-18	-3	3	6	-8	5	0	1	10	3	0	0	10	-20	-4	-3	10	6	2	-10	17	0	0	9	3	-5																		
0	-1	1	0	-2	0	16	1	-17	7	-20	-12	10	4	3	7	11	-15	-4	5	5	15	-8	9	-4	5	-1	-3	-6	-8																		
0	15	1	8	-7	12	18	6	4	9	-8	-3	7	-1	0	7	20	-20	-4	-6	4	9	7	9	11	12	6	-1	12	8																		
0	6	-5	-3	-8	12	11	6	-1	-8	-3	5	10	1	4	0	20	2	2	4	10	16	-1	9	13	-2	-3	-2	12	-11																		
0	15	4	-7	1	-4	-9	-5	6	8	-8	-5	10	5	-6	-1	20	-4	-3	-2	10	16	4	6	6	-4	3	1	12	-4																		
0	-1	1	0	-17	-6	-5	-5	-17	-1	-20	0	10	-1	-6	-3	12	0	4	0	1	6	-8	3	1	-8	-7	3	-11	1																		
0	10	-3	0	-5	-4	20	-5	-16	5	-20	-5	-4	2	0	-7	6	5	1	-3	-9	3	-8	-9	-6	-2	-2	0	12	-10																		
0	15	5	-7	-18	-3	7	-3	-13	9	-20	-13	8	6	-7	5	-3	5	-9	-2	10	12	-8	-10	-5	-8	0	2	-7	1																		
0	18	-7	3	-15	3	20	-5	6	4	-20	-5	9	7	-3	1	13	2	0	7	-9	16	-8	2	-5	-10	-7	-4	-11	-11																		
0	13	-1	-6	-17	7	14	-5	-3	0	-20	-7	-5	1	4	-1	20	-6	-1	-8	10	16	-8	-10	17	1	-2	2	-11	-9																		
0	12	-2	-2	-17	8	-4	6	1	-5	-10	-2	10	-3	4	1	20	-9	-1	-6	-9	16	-8	-3	-6	13	-6	0	12	1																		
0	4	-7	-3	1	-8	-2	-1	-8	-8	1	0	10	-5	-6	7	20	-9	-6	3	-7	16	1	9	3	8	1	-2	11	-8																		
0	-1	-1	-2	-11	8	14	6	-15	8	-20	-4	10	10	4	-3	20	-20	-7	2	5	-2	-8	0	17	13	-3	-2	-11	-3																		
0	0	0	1	-18	-6	13	6	-7	7	-13	0	-5	-1	0	-4	20	5	-7	3	-9	-3	-8	0	14	-3	1	0	-2	-6																		
0	18	1	5	-9	-11	-5	6	-5	-7	-16	-12	-1	6	2	4	-3	4	-4	2	0	-3	6	-4	3	-14	-1	-1	-2	-11																		
0	8	3	1	-12	1	8	-5	-17	10	-20	-9	-2	6	4	5	14	1	-6	-8	6	14	-4	-10	15	-14	-2	0	5	-8																		
0	18	7	8	-18	8	2	0	-17	5	-20	4	1	3	10	6	20	-20	-5	-3	-9	6	-8	9	17	3	3	0	-4	-10																		
0	1	-7	-7	-6	2	-1	6	6	4	-8	-5	10	1	-8	-8	19	-18	-6	-8	-4	12	7	9	17	-10	3	0	12	-2																		
0	18	-2	3	1	-11	4	6	-1	-3	-18	1	10	-5	1	7	-2	-1	-4	-2	-8	16	7	2	-1	2	-2	0	4	1																		
0	8	-2	-3	-12	-1	20	-2	-16	0	-20	2	6	-3	3	-8	-8	-17	-3	1	10	-3	7	9	17	-6	-1	5	-2	-8																		
0	-1	4	8	-7	2	7	-3	-14	-4	-20	-5	4	3	1	-8	20	5	3	-2	0	4	-7	9	6	-6	1	-4	12	-4																		
0	3	-5	1	-13	1	-2	6	-8	0	-13	-6	10	8	-4	-8	16	-20	-5	6	-9	-3	-3	9	17	-1	1	4	-1	-3																		
30
20
1e+009	5422	1086	4175	1296	3024	1226	3516	1831	425	2800	2271	4931	3372	6373	771	2848	2161	2802	4835	6112	4392	2378	4779	2649	4356	1341	1353	3896	3390	
5116	1e+009	4406	8283	4841	4025	5333	6970	4849	4646	5818	3584	5214	2636	3405	4300	6367	4651	2813	2517	4280	8500	5488	6296	5042	4943	5705	5872	5056	4155	
1457	4753	1e+009	4802	1358	1992	1852	3489	1368	661	2337	1189	3928	2337	5291	451	2885	1173	1720	3753	5030	5019	2007	3777	1696	3326	1973	2319	2864	2358	
4622	8606	4775	1e+009	3975	4794	3398	3140	3541	4574	2918	4905	4796	6300	8819	4920	2633	3916	5685	7374	6873	1875	2936	4645	3807	4247	3022	3962	4044	4663	
2002	5187	1457	3529	1e+009	2110	579	2235	629	1249	1637	1445	3785	2841	5794	1558	1634	1003	2226	4255	5144	3746	1307	3611	1492	3219	1833	2107	2754	2348	
3418	4277	1992	4752	2018	1e+009	2232	3348	1748	2653	2179	855	2233	1933	4144	2443	2746	1548	1590	2699	3387	4954	1872	2440	1316	1558	3170	3481	1096	373	
1952	5657	1925	2950	1086	2522	1e+009	2292	615	1688	1600	1916	3705	3311	6264	2032	1622	989	2696	4725	5124	3167	1152	3553	1471	3130	1669	1917	2670	2327	
3751	7206	3474	3138	2649	3354	2527	1e+009	2174	3286	1477	3465	2863	4860	7379	3598	637	2538	4245	5934	5432	2171	1498	2076	2367	2806	3798	4144	2604	3223	
1909	5184	1453	3436	608	2107	486	2144	1e+009	1246	1545	1442	3626	2837	5791	1555	1542	911	2223	4252	5045	3653	1215	3518	1392	3127	1624	1970	2662	2248	
798	4997	661	4601	1154	2651	1651	3389	1465	1e+009	2434	1848	4585	2947	5948	346	2788	1795	2379	4410	5687	4818	2104	4434	2282	3985	1765	1736	3523	3017	
2824	5729	1997	3074	1735	1877	1600	1664	1261	2371	1e+009	1988	2638	3383	5902	2163	1061	1061	2768	4457	4086	3265	433	2512	890	2065	2876	3172	1603	1746	
2643	3837	1189	4796	1354	855	1846	3483	1362	1848	2330	1e+009	2861	1492	4446	1638	2880	1164	876	2907	4018	5013	2001	2712	1555	2189	2361	2707	1727	1220	
5048	5458	3862	4806	3873	2242	3824	2857	3391	4501	2233	2868	1e+009	3534	4690	4302	2311	3199	3114	3245	2650	4530	2655	1751	2478	768	5015	5311	1502	1869	
3280	2667	2337	6191	2749	1933	3241	4878	2757	2810	3726	1492	3526	1e+009	4791	2464	4274	2559	721	3253	4530	6408	3396	4204	2873	2850	3579	3854	2964	2063	
6709	3652	5256	8885	5667	4202	6159	7392	5675	5914	6312	4410	4649	4604	1e+009	5704	6878	5477	4336	1539	2182	9081	5999	6320	5473	4744	6428	6774	5058	4333	
1006	4651	451	4908	1464	2443	1958	3594	1474	346	2443	1640	4379	2601	5742	1e+009	2990	1624	2171	4204	5481	5125	2113	4228	2147	3777	2079	1946	3315	2809	
3114	6569	2837	2863	2012	2717	1890	911	1537	2649	840	2828	2227	4223	6742	2961	1e+009	1901	3608	5297	4795	2527	861	2076	1730	2169	3161	3507	1967	2586	
2105	5250	1519	3634	674	2068	684	2319	200	1310	1168	1509	3318	2904	5857	1620	1716	1e+009	2289	4318	4670	3851	839	3167	1017	2747	1824	2169	2285	1873	
3050	3067	1720	5576	2134	1590	2626	4263	2142	2379	3111	876	3106	721	4371	2169	3660	1944	1e+009	2832	4110	5793	2781	3541	2258	2430	2892	3238	2544	1643	
5206	2763	3753	7440	4163	2757	4655	6035	4171	4411	4867	2907	3249	3253	1539	4200	5433	3973	2832	1e+009	1868	7636	4554	4920	4028	3299	4982	5271	3613	2888	
6486	4629	5031	6879	5176	3437	5180	5287	4694	5690	4307	4070	2544	4531	2182	5480	4775	4502	4111	1868	1e+009	6994	4099	4215	3675	2705	6203	6549	3030	3064	
4886	8907	5110	1971	4237	5055	3660	1991	3874	4909	3179	5166	4588	6561	9080	5254	2361	4239	5946	7635	7134	1e+009	3198	3986	4068	4508	3285	4225	4305	4924	
2419	5740	2009	2924	1318	1888	1195	1648	843	1955	497	1999	2647	3394	5913	2173	1045	1072	2779	4468	4097	3109	1e+009	2496	901	2076	2467	2813	1614	1757	
5051	6497	4005	4809	3877	2403	3827	2536	3394	4505	2236	2868	1347	4152	6037	4305	2314	3203	3698	4592	3997	4299	2659	1e+009	2517	1604	5018	5314	1505	2224	
3400	4978	2003	4290	2026	1051	2036	2886	1551	2662	1717	1141	2495	2586	5012	2454	2284	1352	1970	3567	3653	4492	1410	2345	1e+009	1822	3175	3463	1362	856	
4485	5195	3323	4234	3295	1558	3254	2829	2813	3931	1661	2186	768	2850	4744	3768	2227	2621	2430	3299	2705	4446	2087	1725	1794	1e+009	4437	4777	824	1185	
1741	6009	2026	3093	1434	3162	1365	3655	1970	1782	2939	2411	5070	3558	6514	2126	2987	2300	2942	4975	6252	3309	2517	4918	2787	4495	1e+009	1053	4034	3528	
1278	6330	2363	3928	1777	3505	1708	3997	2313	1703	3281	2754	5413	3972	6856	1912	3330	2643	3285	5317	6595	4144	2860	5261	3130	4838	996	1e+009	4377	3871	
4100	5390	2942	3850	2916	1337	2876	2445	2433	3552	1277	1804	1138	3045	5137	3383	1843	2242	2625	3692	3090	4062	1709	1344	1453	465	4057	4392	1e+009	1159	
3729	4408	2303	4725	2329	373	2543	3321	2058	2964	2152	1165	1860	2063	4333	2754	2719	1859	1643	2888	3014	4927	1845	2245	1320	1185	3526	3792	901	1e+009	
0.2
0.2