20
999999	19	15	15	15	15	15	15	23	19	27	15	35	27	19	15	43	27	15	19
0	11	8	8	7	7	9	10	9	11	7	9	19	24	9	8	24	19	8	16
30
0.033333333	0.033333333	0.033333333	0.033333333	0.033333333	0.033333333	0.033333333	0.033333333	0.033333333	0.033333333	0.033333333	0.033333333	0.033333333	0.033333333	0.033333333	0.033333333	0.033333333	0.033333333	0.033333333	0.033333333
	0.033333333	0.033333333	0.033333333	0.033333333	0.033333333	0.033333333	0.033333333	0.033333333	0.033333333	0.033333333
0	8	4	1	-1	2	-9	2	4	-1	1	-1	1	-13	-9	7	-24	-5	-3	-16
0	-11	-6	-8	-2	2	5	3	9	2	-5	-1	-9	2	-5	-5	19	-10	-7	-5
0	-4	-3	-1	0	8	-9	-2	-4	-9	-4	-4	2	-8	10	4	-15	-19	0	-16
0	-5	7	-1	-6	-7	2	-5	9	-9	-2	1	-7	-10	10	-6	-24	-5	-1	-7
0	-7	-8	1	-4	-1	-9	5	1	-1	-3	-4	0	-12	-9	-7	-11	-14	4	-13
0	0	-2	-5	8	-6	-8	-2	0	-4	-3	0	16	-19	-9	-1	-19	-7	6	-7
0	8	1	6	-5	1	1	-1	-2	1	2	-3	-11	-1	2	-2	-6	-12	-7	-7
0	0	3	0	-4	8	-9	1	6	2	-5	4	-5	-18	-9	-8	-10	-19	-8	-9
0	1	7	-2	3	8	-5	4	-4	-11	2	4	3	-7	-9	-8	-5	-11	-2	-16
0	2	-1	1	-3	3	-7	-3	-1	8	-2	3	-4	0	1	5	-6	-11	7	-6
0	-11	-8	7	-6	4	-4	-7	5	-1	2	-6	-1	-12	10	-8	-7	1	-8	-2
0	-11	1	0	8	-1	-1	-2	-1	-2	6	3	-13	-8	10	-3	14	-4	5	-10
0	-11	2	-4	-3	-3	-4	-4	-2	5	-6	-2	-18	-8	-9	2	-6	-7	-8	2
0	0	0	1	-6	3	1	1	1	5	-1	6	1	-24	-9	7	11	-16	3	-16
0	5	-2	-1	6	-7	-9	-7	10	-8	1	-8	-2	3	-9	1	4	2	-2	-4
0	7	4	-3	2	8	-3	3	5	8	-3	0	-15	-8	-9	7	-2	-4	7	3
0	5	1	-6	-5	2	-8	-10	4	4	1	0	3	-14	5	-7	2	-1	7	-9
0	-11	-2	3	-7	-4	-4	-6	1	5	5	-2	-5	0	10	3	-24	-19	-8	-1
0	-11	-2	-4	8	8	-9	-10	-7	-7	-7	2	-19	-24	10	-8	19	-15	6	-16
0	-3	2	-4	8	8	3	2	-5	2	-2	6	-6	-22	-9	7	19	-19	7	-16
0	-4	3	0	8	2	-9	-2	0	-3	1	-9	3	-21	10	0	-3	2	7	-16
0	-2	3	-3	8	3	-6	-6	-1	4	0	-2	-13	-11	6	5	-22	-1	7	-16
0	-11	1	0	3	4	-2	1	-1	-4	-6	3	2	-20	9	0	18	-7	7	3
0	-2	-8	5	0	7	-1	-3	-6	1	3	2	-15	-5	-9	1	-24	-8	7	-15
0	-6	-8	5	5	4	-4	-4	2	1	-1	-3	-14	-8	10	-6	-24	-5	7	-16
0	-11	-8	-8	8	4	1	-9	7	2	3	-6	-13	-15	10	-4	-21	-19	1	-16
0	-7	-3	4	4	-5	-9	5	-9	-11	-1	1	-8	-24	-9	-8	-18	-19	-8	-3
0	-2	-1	-1	4	2	-7	-3	13	0	-1	-2	-8	-6	-9	7	17	-10	-8	-11
0	8	0	5	0	6	6	0	8	1	0	-3	-7	2	-1	-5	4	-12	-8	-16
0	-6	-3	0	2	0	6	-5	5	4	-4	-6	1	3	4	-2	19	2	-8	-5
20
24
1e+009	7899	3714	4323	6653	6154	5919	5593	3379	3180	565	6839	3269	1580	990	2448	1735	1403	1196	3606
7718	1e+009	9156	9605	4083	4904	2702	4901	4978	7580	7358	1934	6538	7254	7277	10166	6794	6519	7666	4462
3865	8998	1e+009	612	7340	6746	6930	5932	5746	2733	4087	9511	6687	3620	4249	2684	5248	4926	4450	6243
4469	9608	612	1e+009	7028	6469	7412	5655	6305	2456	4694	10009	7294	4224	4852	3048	5854	5498	5057	6773
6610	4184	7298	7021	1e+009	1412	1728	1408	3890	4996	6385	5187	6325	5472	6069	9058	6135	5648	6552	3933
5989	4992	6753	6476	1412	1e+009	2538	866	3389	4451	5628	5996	5773	4948	5547	8437	5481	5004	6030	3602
5648	2702	6909	6959	1728	2549	1e+009	2546	2545	4934	5287	3705	4980	4660	5207	8096	4886	4449	5691	2546
5357	4987	5939	5662	1408	866	2533	1e+009	2828	3637	5067	5991	5212	4387	4986	7805	4920	4442	5469	3298
3156	4944	5805	6212	3890	3389	2744	3077	1e+009	4187	2795	4138	2435	2568	2712	5604	2391	1957	3199	521
3257	7654	2302	2025	5052	4508	5039	3693	4276	1e+009	3329	8086	5479	2311	2903	4977	3833	3579	3799	4746
361	7335	4075	4683	6143	5644	5356	5083	2814	3180	1e+009	6275	2712	1341	427	2809	1178	839	631	3041
6404	1933	9732	9885	4963	5784	3585	5781	4393	7860	6044	1e+009	4810	6670	5963	8644	5092	5205	5964	3878
3417	6822	6934	7543	6260	5760	5274	5198	2546	5655	3124	5089	1e+009	3872	3043	5392	2178	2285	3048	2728
1228	7299	3533	4141	5645	5146	4858	4585	2654	2124	1453	6577	3729	1e+009	1121	3676	2051	1838	2017	3126
948	7015	4170	4778	5716	5217	4929	4656	2400	2754	591	5984	3077	921	1e+009	3396	1532	1176	996	2625
2538	10133	2749	3029	8940	8422	8153	7860	5613	5403	2799	8884	5140	3816	3224	1e+009	3703	3637	2905	5840
1373	7091	5087	5696	6065	5566	5274	5005	2581	3684	1015	5506	1944	1851	930	3552	1e+009	775	872	2808
1199	6496	4913	5490	5341	4842	4554	4281	1976	3465	839	5436	1955	1679	758	3647	600	1e+009	1242	2203
501	7806	4215	4824	6560	6061	5825	5499	3286	3351	472	6301	2655	1487	896	2680	1122	1310	1e+009	3513
3381	4428	6291	6733	3933	3602	2546	3547	521	4708	3021	3624	2651	2792	2938	5829	2615	2182	3424	1e+009
0.2
0.2
