66																																																																	
999999	23	11	19	15	19	11	19	15	15	15	15	15	15	15	19	19	15	15	15	15	15	11	11	11	15	15	19	15	11	19	15	15	15	15	19	15	15	15	15	11	19	15	15	19	19	15	15	19	15	15	19	15	11	15	19	15	15	15	15	15	15	15	15	15	15
0	15	8	14	7	10	8	9	1	7	3	8	5	6	5	12	13	9	7	7	7	6	5	7	6	5	7	9	8	6	6	5	7	10	8	7	6	7	3	4	5	7	7	7	5	11	6	7	6	7	7	14	5	5	8	9	7	8	8	7	5	8	5	8	7	7
30																																																																	
0.033333333	0.033333333	0.033333333	0.033333333	0.033333333	0.033333333	0.033333333	0.033333333	0.033333333	0.033333333	0.033333333	0.033333333	0.033333333	0.033333333	0.033333333	0.033333333	0.033333333	0.033333333	0.033333333	0.033333333																																														
	0.033333333	0.033333333	0.033333333	0.033333333	0.033333333	0.033333333	0.033333333	0.033333333	0.033333333	0.033333333																																																							
0	-15	1	-14	-7	-10	-4	-1	7	8	7	5	1	1	1	-11	-3	-2	1	2	-1	-4	5	1	5	0	-1	9	6	0	-6	3	-6	-6	-3	-7	9	-1	12	5	0	3	-6	8	3	-2	6	0	13	2	0	-6	-5	3	-4	-9	0	1	3	6	0	2	1	7	4	3
0	-14	-5	5	-2	-10	-2	-6	5	5	2	0	8	5	-5	-10	-4	1	-6	-2	0	1	1	-5	1	-4	0	2	0	2	2	2	3	0	1	-1	0	0	3	0	-5	-5	1	5	-4	4	-2	-1	5	1	-1	5	-1	0	6	7	0	-1	0	3	4	0	0	-8	2	0
0	-15	-3	5	-3	5	-4	4	8	1	12	-5	4	2	0	-4	0	-1	4	0	-2	8	2	-7	-1	6	3	0	-3	0	1	9	2	3	0	-4	-5	-4	6	6	0	8	3	8	-2	-3	2	0	7	2	-1	5	-4	-1	-4	-9	3	0	-8	-7	3	-6	2	7	1	0
0	-8	-8	0	3	-10	2	-2	14	6	-2	-1	2	-6	3	3	-7	-2	-7	0	-5	-2	6	-6	-6	4	6	-9	-8	-4	-3	2	1	-6	-3	12	-6	2	5	-4	-1	-7	-1	-4	5	-11	-3	1	10	2	3	-14	-2	3	0	1	5	-8	4	0	-4	-8	6	-8	8	0
0	-13	3	-12	3	1	-1	-1	12	7	2	6	6	2	8	-12	-13	-4	-7	-7	1	0	-5	-7	1	-4	-3	10	-3	-6	-6	-1	4	1	1	12	-3	-5	1	8	-1	1	3	-7	-5	-11	-2	1	-6	1	0	-9	-5	0	-5	10	-1	-8	-8	-4	0	-5	1	-1	0	0
0	-9	-4	-14	2	-7	-7	-1	10	4	1	-3	-2	-5	0	-12	-3	-9	1	0	-1	1	6	-7	-1	0	-5	-8	-6	-3	4	2	8	-2	5	12	-5	-3	-1	0	-1	11	-4	8	4	-11	2	1	12	0	1	-8	-4	5	-4	10	0	-3	5	-4	1	-3	0	0	-2	0
0	-15	0	1	1	3	-3	-4	2	4	4	-3	-2	3	10	-3	5	-8	8	7	-4	4	6	1	3	-2	7	3	-3	5	1	-3	0	-2	1	12	-3	4	12	5	4	1	3	2	3	-10	6	3	10	-1	4	-14	-1	0	-1	-1	0	-1	-4	2	-4	1	1	1	2	0
0	-15	-5	-14	2	-5	0	1	8	-2	12	4	7	8	3	6	-13	2	-2	7	8	-3	3	0	-2	8	-1	8	2	-2	-3	-4	-2	1	3	6	-5	5	12	2	1	6	0	8	2	7	-1	5	13	1	0	-14	7	-4	7	6	-7	2	-2	0	-1	5	-2	6	3	1
0	7	3	5	4	-3	-6	8	11	1	5	2	3	9	9	-12	-1	1	8	-3	-2	2	6	-1	-6	4	4	7	-4	-1	-2	-4	7	3	-6	5	-2	-1	-1	4	-5	-4	-2	-6	5	8	-4	8	13	2	0	-11	10	4	7	-1	1	-7	-6	-5	2	2	3	-5	4	-2
0	8	-4	-14	-2	-10	-4	2	4	-7	6	-2	2	9	6	7	3	6	-2	2	4	0	3	1	-1	0	-2	10	-2	3	-3	7	1	-5	2	-6	-4	-2	12	-1	1	7	0	3	2	-1	1	4	-3	1	1	-14	1	2	-7	-9	2	6	-4	3	-1	0	1	-3	-3	2
0	-2	-1	5	1	6	-6	-6	0	4	0	-7	-5	0	7	-12	-1	0	-4	-5	-3	-3	-5	-4	-1	4	-2	-7	-4	-4	5	2	-7	-5	-1	-2	-3	-1	2	3	1	3	3	-1	5	1	4	-3	-1	4	0	1	-5	1	4	-8	-1	-8	-3	6	7	-8	-1	7	6	0
0	-5	-7	-8	-7	-4	-2	-7	6	-6	6	2	-5	-1	2	-2	-4	5	2	-5	-4	-6	6	-2	3	1	-5	-4	1	2	6	1	8	-2	1	-5	0	4	8	3	1	1	-1	2	-4	-4	-4	4	-6	0	0	2	10	0	2	-6	5	-4	7	0	-5	2	-2	-5	-4	0
0	-4	-4	-9	4	9	-4	6	11	1	-3	-5	1	-2	2	7	0	-9	-4	-5	-1	2	6	-5	-2	4	7	6	-6	-1	1	3	0	2	1	1	-4	-2	-3	1	-1	0	4	-4	2	-6	-3	-1	-6	0	0	-11	0	-3	7	-3	-4	-4	5	4	-2	-8	-1	-6	-7	-3
0	6	2	-7	6	2	-4	-1	5	8	4	2	3	-1	9	2	-3	-6	-3	-2	0	1	6	4	1	2	5	4	-4	-2	2	-2	1	1	1	-7	-4	6	3	0	6	-4	-5	8	0	-2	5	7	7	0	6	0	10	6	0	2	-4	2	-5	-5	1	6	1	4	-1	1
0	8	-3	5	2	2	-4	3	8	4	5	-2	-5	1	-4	-8	-7	0	-4	-2	0	-1	2	2	1	8	-2	8	3	3	-3	9	-4	-7	-3	-4	8	2	9	2	1	2	4	-2	-2	0	9	-1	2	6	1	2	10	1	3	1	4	0	7	1	-2	-4	1	-8	4	-2
0	8	0	-7	1	4	1	-1	5	7	2	-5	4	5	-4	-5	-6	6	7	3	5	0	2	-2	0	-1	-2	6	3	1	5	4	0	4	-4	0	7	1	5	-3	-3	1	1	0	0	1	2	7	3	-2	1	-6	10	1	4	-2	2	0	-1	-2	7	7	2	-1	-5	-1
0	-14	3	-9	7	9	-1	1	-1	2	12	-2	3	2	6	-4	3	3	4	2	2	-3	6	-1	1	-1	3	-4	-1	-5	1	4	-6	4	-8	12	-4	3	-1	-4	1	3	-7	8	-5	8	9	-6	11	0	0	4	10	-1	-3	0	8	-6	7	3	2	-4	1	7	-6	2
0	8	-8	5	5	9	-4	2	7	3	5	-2	2	9	-1	-3	2	-9	8	2	4	7	6	0	-5	9	4	5	2	-4	-4	-3	8	-2	0	-7	2	-2	11	0	-5	-1	1	8	-2	5	9	-7	9	3	0	2	10	1	3	1	8	4	-4	-3	5	-2	3	7	3	1
0	-15	-8	-2	1	-10	-4	-9	3	-1	-3	-1	-1	-6	0	-11	-13	4	-2	-1	-4	-1	-5	3	4	-2	5	-9	-2	-5	-2	-1	0	-4	-1	-7	0	8	-3	0	4	7	-6	-7	-1	8	-4	8	-6	2	-2	-14	5	-5	-7	10	-5	0	1	-6	10	-8	-5	-8	-7	-3
0	-15	-8	-13	0	-6	0	-5	1	8	1	-5	-5	-4	7	-12	-11	0	7	0	-7	-6	1	-5	-2	6	-2	0	2	-3	3	0	4	-5	-1	-7	2	-1	12	-3	0	12	5	2	-5	8	-3	8	-6	-1	1	-14	-1	0	-8	10	-2	2	-2	8	9	1	2	7	1	1
0	-15	-2	-2	8	-1	-3	-1	3	8	11	1	0	9	7	-8	3	0	-5	-1	3	0	3	-1	3	0	8	6	2	-2	-5	-1	0	5	4	-3	-3	-1	12	5	-3	4	-2	3	3	-6	2	1	1	4	2	-2	-5	4	3	-9	4	3	7	6	10	2	-3	-2	7	-2
0	6	-5	5	-3	-3	-4	5	0	6	12	-2	9	9	1	-6	-12	-9	-2	3	-7	-1	4	0	-1	4	3	-6	-6	3	0	3	4	0	-8	0	2	1	12	2	-3	5	0	7	-5	2	-3	1	-1	0	1	-14	3	0	-8	0	2	3	1	1	-1	2	3	-4	7	0
0	8	-6	-14	-1	3	-4	2	1	6	1	0	6	9	-3	-12	-5	5	3	-6	2	-3	-1	-2	3	4	3	2	2	-1	5	2	3	-1	0	-5	-5	6	-3	2	3	-3	1	8	2	5	7	-4	8	2	2	4	-1	0	0	9	0	-5	-7	-4	-5	1	0	-7	-2	-1
0	8	-2	0	-5	-1	0	1	-1	0	4	0	5	6	1	-8	-6	1	5	3	-4	-2	-4	-7	-5	-3	-7	5	1	1	2	0	-2	-3	-7	-7	1	0	0	2	5	7	3	8	1	4	-1	-7	13	6	-1	-9	-5	-1	5	6	5	-2	2	-4	10	1	0	-1	1	0
0	-2	1	4	6	-6	-3	3	1	2	-1	5	-1	6	0	-8	4	5	-4	-5	7	9	2	-2	2	0	5	0	6	2	0	3	2	-6	6	1	0	2	4	6	1	6	0	3	-2	8	9	4	12	2	0	-2	4	0	3	-9	0	7	-8	-2	3	-6	5	6	5	0
0	-1	-8	-2	-2	0	-7	4	6	-7	-3	-3	-5	3	3	-4	4	2	8	2	-4	9	-5	0	-6	2	-3	-7	-3	4	-3	-2	8	-9	0	-4	-6	-7	-3	1	-5	-1	-5	-7	3	4	-6	2	-6	3	6	5	-4	-2	1	3	6	1	-5	-2	-5	-8	1	7	-2	1
0	2	-8	-10	2	-5	0	0	13	8	-3	-2	2	-4	-5	7	-13	4	-7	-2	-2	9	6	-7	5	2	-7	3	-5	-2	5	1	-7	0	6	-3	-1	3	6	7	0	3	-1	1	1	7	-6	-2	4	0	0	4	10	5	-7	-4	2	-2	0	4	1	0	1	-1	2	1
0	2	3	-3	1	-6	-1	1	10	5	3	-2	10	0	7	-12	-5	6	-7	8	8	0	6	-1	2	-1	0	-6	0	4	2	8	-1	-4	0	2	-1	-6	12	3	-1	-5	-2	5	-1	-5	9	2	-2	1	3	5	5	-3	-5	8	-7	-3	5	5	4	0	-1	-6	-3	0
0	-7	1	-8	8	3	-5	-2	7	-4	2	1	10	-2	0	7	6	4	8	-2	-4	5	3	-4	0	7	-3	2	1	-1	1	7	-3	2	-2	-3	1	1	5	3	0	-3	0	0	-1	5	1	-3	13	2	0	5	2	5	-8	10	8	1	6	2	9	7	3	6	-4	0
0	8	0	-14	8	-5	-5	5	3	-7	7	-1	2	3	1	-8	-5	-1	7	2	-2	3	-5	4	0	5	2	10	6	3	0	3	0	-10	-3	-7	-1	0	8	7	6	2	0	8	-4	6	4	5	13	0	-2	-13	7	-5	1	-8	-7	5	4	3	1	-1	1	-4	4	1
66
15
1e+009	3460	5050	3953	9516	3883	9523	10009	11492	10893	7025	10358	10148	7678	6813	3234	6367	7588	8187	6790	9205	6203	9300	7537	7381	11900	8827	5359	10376	7127	10895	6929	9223	7522	6163	3241	12061	10416	5813	11253	10935	6011	12880	5737	8866	4642	6650	5535	6717	7936	10117	2115	4933	7985	5870	4571	7333	6766	11309	12149	5216	9275	9330	6183	4834	10902	
2493	1e+009	4408	3698	8457	3217	9289	9904	11385	10786	7254	10124	9747	7566	6579	3310	5966	7509	7989	5732	9111	5446	8543	6478	6322	11499	9191	5258	10048	6069	10494	4377	8989	7049	3317	2111	12167	10310	6017	11019	10702	5274	12986	6342	8465	3885	6288	4476	7027	7233	10223	2071	4214	5931	5636	4477	4804	6188	11075	12255	2534	8874	6801	5821	3821	11008	
4723	5044	1e+009	1257	6188	1968	5008	5603	7085	6486	2944	5844	5396	3693	2729	1830	1614	3520	3673	5119	4830	1930	4626	3977	3375	7147	5255	1474	5697	4450	6142	7033	4709	2770	6690	6240	16200	6010	2236	6738	6422	1259	17019	2561	4113	1466	1897	3228	3243	11298	14256	3119	8246	9537	1852	8507	7481	2013	6795	16288	5362	4522	9477	1431	4450	15041	
3736	3926	1302	1e+009	6898	916	5797	6412	7893	7294	3762	6632	6355	4073	3087	732	2573	4017	4497	5177	5619	2944	5584	4571	4375	8106	5699	1766	6650	4508	7101	7091	5497	3729	6666	5111	15161	6818	2368	7527	7210	2218	15980	2693	5072	1524	2857	3286	3535	10232	13217	2011	7207	9286	2144	7457	7539	2972	7583	15249	5420	5481	9535	2390	4508	14002	
9190	8671	6175	6933	1e+009	7281	7500	9004	10272	9675	7098	7432	6286	7830	6885	7421	5382	7656	7811	3727	8470	4450	4894	2532	3221	7435	9393	6241	6838	3659	7033	8243	7178	4585	8332	10210	20177	9671	6981	9030	8380	5161	20806	7235	5673	5902	6053	4563	7714	15003	18043	7712	12313	12599	6298	12576	8257	4978	8061	20354	7244	6413	8365	5797	5283	18828	
3138	3336	1934	633	7313	1e+009	6429	7044	8525	7926	4394	7264	6987	4705	3719	626	3206	4649	5129	4712	6251	3359	6217	4986	4804	8739	6331	2398	7282	4923	7734	6506	6129	4361	6076	4521	14571	7450	3000	8159	7842	2851	15390	3325	5705	1947	3489	3500	4167	9642	12627	1421	6617	8696	2776	6867	6954	3605	8215	14659	4836	6114	8951	3022	3922	13412	
9218	9723	5008	5797	7387	6713	1e+009	1706	3034	2435	2784	980	1793	2660	3156	6290	3508	2417	2029	7753	1576	4122	2776	5881	5250	2739	2517	4315	861	7155	1828	10563	322	2954	10288	10700	20695	2318	3949	1875	1558	4303	21514	4163	2004	5908	3159	6019	3457	15793	18751	7579	12741	14012	3689	13002	11010	3341	1931	20783	9202	1139	13006	3611	7242	19536	
8676	9135	4250	5209	5836	6025	1872	1e+009	1483	884	2876	1792	2150	2826	3248	5783	2704	2438	1930	6202	954	3275	1225	4330	3699	2482	1840	4070	2387	5604	2640	9188	2087	1991	8913	10193	20153	676	3913	1617	1333	3499	20972	4167	869	5148	2984	4643	3459	15251	18209	7072	12199	13221	3557	12460	9634	2536	1674	20241	7825	1785	11631	3056	5865	18994	
7193	7652	2767	3726	4353	4542	1388	1482	1e+009	599	1393	1692	667	2148	1765	4300	1221	1905	1712	4719	2358	1792	258	2847	2216	2419	3294	2587	1220	4121	1414	7705	1066	508	7430	8710	18670	1395	2430	1273	2219	2016	19489	2684	615	3665	1501	3160	2066	13768	16726	5589	10716	11738	2074	10977	8151	1053	2268	18758	6342	302	10148	1573	4382	17511	
7792	8251	3366	4325	4952	5141	1987	884	599	1e+009	1992	2239	1266	2747	2364	4899	1820	2504	2311	5318	1838	2391	341	3446	2815	2477	2723	3186	1819	4720	2013	8304	1665	1107	8029	9309	19269	890	3029	805	1622	2615	20088	3283	16	4264	2100	3759	2665	14367	17325	6188	11315	12337	2673	11576	8750	1652	1669	19357	6941	901	10747	2172	4981	18110	
6841	7382	2944	3456	7053	4372	2784	3294	4777	4178	1e+009	3619	3954	830	372	3948	1962	740	1365	7392	2536	3670	3251	5543	4912	5378	2631	1973	3637	6717	4467	9410	2484	2547	9072	8358	18318	3702	1497	4514	4197	2757	19137	1438	2739	3842	1093	5501	673	13416	16374	5237	10364	11914	1312	10625	9858	2364	4570	18406	7739	2940	11854	1545	6724	17159	
10053	10517	5632	6591	7218	7407	980	1792	2865	2266	3619	1e+009	1723	3496	3991	7125	4086	3253	2826	7584	1783	4657	2607	5712	5081	1860	2738	5150	730	6986	848	10570	1302	3373	10295	11535	21530	2239	4785	1706	948	4881	22349	4999	2250	6530	3994	6025	4292	16628	19586	8414	13576	14603	4524	13837	11016	3918	1057	21618	9207	1419	13013	4438	7247	20371	
9821	10281	5396	6355	6241	7171	1793	3313	4562	3967	3954	1722	1e+009	3831	4326	6928	3849	3588	3216	6607	2762	4422	1629	4735	4104	1875	3705	5216	1128	6009	1323	10202	1510	3138	10060	11338	21298	3961	5058	3320	2670	4644	22117	5312	1284	6294	4129	5790	4627	16396	19354	8217	13344	14367	4703	13605	10217	3682	2351	21386	8972	1518	12268	4202	7012	20139	
7277	7818	3067	3892	7175	4808	2268	2606	4088	3489	760	3103	3438	1e+009	1131	4348	2085	523	676	7515	1848	3793	3377	5666	5035	4862	2258	2374	3121	6840	3951	9534	1968	2670	9191	8759	18754	3013	2009	3996	3680	2880	19573	2197	2543	3967	1218	5624	1432	13852	16810	5638	10800	12038	1748	11061	9982	2487	4054	18842	7863	2462	11978	1669	6847	17595	
6592	7398	3180	3472	7414	4388	3921	4176	5659	5060	1138	4756	4959	1791	1e+009	3964	2324	1701	2467	7754	3373	4032	4189	5905	5274	6515	2993	1706	4774	7079	5604	10011	3621	2909	9667	8317	18068	4583	1125	5650	5334	3119	18887	1143	3677	4442	1804	5863	829	13166	16124	5253	10114	12514	1791	10375	10458	2726	5707	18156	8340	4076	12455	2145	7086	16909	
3004	3701	1830	719	7398	681	6289	6884	8366	7767	4223	7125	6928	4566	3579	1e+009	3147	4474	4954	5071	6111	3444	6158	5073	4889	8680	6191	2258	7143	5008	7675	6867	5990	4302	6438	4412	14462	7291	2860	8019	7702	2791	15281	3185	5646	2025	3430	3787	4027	9533	12518	1291	6508	8617	2636	6747	7315	3546	8076	14550	5196	6055	9311	2963	4283	13303	
6040	6499	1614	2573	5190	3389	3508	4136	5617	5018	1962	4357	3849	2709	1749	3147	1e+009	2535	2690	5430	3343	1709	3079	3581	2950	5601	4272	1434	4150	4755	4596	8081	3186	1223	7738	7557	17517	4542	1846	5252	4935	795	18336	2100	2567	2485	916	3539	2578	12615	15573	4436	9563	10585	921	9824	8529	467	5308	17605	6410	2976	10525	420	4762	16358	
7454	8394	4149	4468	8253	5384	2701	2701	4184	3585	1606	3536	3871	1292	1801	4960	3165	1e+009	937	8595	1943	4873	3642	6746	6115	5183	1891	2702	3554	7920	4384	10616	2401	3750	10277	9179	18930	3108	2121	4318	4034	3960	19749	2001	2804	5047	2300	6704	1049	14028	16986	6249	10976	13119	2787	11237	11064	3567	4375	19018	8945	2723	13060	2750	7927	17771	
7882	8423	3673	4497	7765	5413	2029	1930	3412	2813	1365	2826	3216	896	1737	4954	2690	653	1e+009	8120	1172	4398	3154	6259	5628	4411	1582	2979	2890	7445	3674	10139	1746	3274	9802	9364	19359	2337	2614	3547	3263	3485	20178	2592	2327	4572	1823	6229	1640	14457	17415	6243	11405	12643	2353	11666	10587	3092	3603	19447	8468	2247	12583	2274	7452	18200	
6441	5922	5119	5190	3715	4675	7814	9318	10586	9989	7397	7746	6600	8144	7184	5082	5435	7970	8125	1e+009	8778	4161	5208	2062	2717	7747	9707	6293	7152	785	7347	5055	7492	4899	5529	7461	17517	9977	7249	9344	8694	4640	18232	7535	5987	3827	6351	2068	8013	12429	15469	4961	9564	10026	6356	9827	5065	5242	8375	17605	4448	6727	5992	5855	2411	16254	
9006	9545	4830	5619	6697	6535	1576	863	2344	1745	2536	1783	2762	2068	2588	6111	3343	1679	1172	7063	1e+009	4136	2086	5191	4560	3343	974	4136	2377	6465	2631	10049	1292	2852	9774	10521	20482	1268	3713	2478	2196	4138	21301	3608	1729	5730	2981	5504	2655	15580	18538	7400	12528	13815	3510	12789	10495	3397	2535	20570	8686	2110	12492	3433	6726	19323	
5973	5976	1930	2955	4258	3302	4122	5828	7156	6557	3670	4942	4424	4417	3456	3442	1709	4243	4398	4134	5052	1e+009	3161	2076	1445	6174	5980	2567	4727	3352	5170	7110	3800	1603	6835	7348	17398	6251	3523	5997	5520	917	18217	3808	3141	1938	2625	2565	4285	12469	15454	4248	9444	10046	2626	9694	7556	1306	5998	17486	5749	3550	9553	2125	3788	16239	
9110	9145	4685	5644	4915	6458	2800	4302	5573	4978	3310	2733	1587	3558	3682	6217	3138	3317	3122	5281	3770	3220	1e+009	3409	2778	3337	4704	4504	2139	4683	2334	8876	2478	2425	8857	10504	20554	4971	4347	4331	3681	3932	21263	4601	974	5093	3418	4588	3983	15460	18500	7404	12600	13056	3992	12850	8891	2971	3362	20642	7813	1714	10942	3491	5811	19285	
6990	6410	3674	4585	2507	4933	5979	7479	8753	8156	5573	5913	4767	6311	5359	5073	3613	6137	6292	2060	6949	2107	3381	1e+009	689	6517	7874	4471	5319	1276	5514	6112	5657	3066	6070	7949	17958	8150	5427	7511	6861	2818	18587	5711	4152	3552	4529	2302	6188	12784	15824	5451	10052	10380	4529	10315	6127	3209	6542	18093	5025	4891	8013	4028	3022	16609	
7093	6575	3581	4588	3138	4936	5377	6877	8150	7554	4971	5310	4163	5710	4757	5076	3011	5536	5691	2689	6347	1830	2779	631	1e+009	5913	7273	3871	4716	1907	4912	6186	5055	2464	6304	8114	18128	7548	4826	6908	6258	2540	18757	5109	3552	3555	3927	2388	5586	12954	15994	5615	10217	10551	3927	10480	6201	2607	5939	18258	5216	4289	8252	3426	3256	16779	
10628	11087	6202	7161	7652	7977	3098	2841	3435	2836	4828	2221	2530	5583	5200	7735	4656	5279	4771	8108	3795	5227	3177	6282	5651	1e+009	4681	6022	2441	7556	1415	11140	3420	3943	10865	12145	22105	2847	5865	2194	1951	5451	22924	6119	2820	7100	4936	6595	5501	17203	20161	9024	14151	15173	5509	14412	11586	4488	1228	22193	9777	3639	13583	5008	7817	20946	
8787	9471	4721	5545	7054	6461	1893	1218	2701	2102	2412	2115	3079	1944	2464	6002	3658	1555	1048	7420	460	4493	2443	5548	4917	3700	1e+009	4027	2710	6822	2963	10406	1609	3209	10131	10412	20263	1625	3526	2835	2551	4453	21082	3349	2086	5620	2871	5861	2396	15361	18319	7291	12309	13691	3401	12570	10852	3754	2892	20351	9043	2427	12849	3322	7083	19104	
5182	5692	1474	1766	6050	2682	4315	4909	6391	5792	2078	5150	5216	2626	1605	2258	1434	2534	2979	6288	4136	2567	4445	4440	3809	6909	3933	1e+009	5168	5613	5962	8305	4015	2589	7961	6668	16658	5316	990	6043	5727	1656	17477	1244	3933	2736	1452	4397	1769	11756	14714	3547	8704	10808	661	8965	8752	1833	6101	16746	6634	4342	10749	1162	5620	15499	
10022	10527	5690	6601	6793	7465	1070	2437	3486	2911	3588	645	1128	3465	3960	7094	4144	3222	2900	7159	2428	4714	2181	5287	4656	2078	3383	5119	1e+009	6561	1066	10627	1193	3431	10351	11504	21499	2884	4754	2244	1593	4939	22318	4968	1835	6587	3963	6082	4261	16597	19555	8383	13545	14661	4493	13806	10769	3977	1275	21587	9265	1202	12820	4416	7305	20340	
6467	5948	4567	4637	3681	4701	7364	8864	10136	9540	6837	7296	6149	7584	6624	5108	4875	7410	7565	785	8218	3491	4765	1994	2047	7680	9147	5733	6702	1e+009	6896	5090	7042	4511	5559	7487	17543	9417	6689	8894	8244	4080	18258	6975	5536	3604	5791	2094	7453	12455	15495	4987	9590	10052	5796	9853	5105	4593	7925	17631	4472	6276	6737	5295	2435	16280	
10478	10937	6052	7011	6988	7827	1828	2640	3285	2686	4467	848	1323	4344	4839	7585	4506	4101	3674	7354	2631	5077	2377	5482	4851	1054	3586	5872	1069	6756	1e+009	10949	2150	3793	10715	11995	21955	2696	5633	2042	1796	5301	22774	5847	2029	6950	4786	6445	5140	17053	20011	8874	14001	15023	5359	14262	10964	4338	1077	22043	9627	2267	13015	4858	7667	20796	
6531	4289	7039	7107	8212	6477	11138	12075	13557	12958	9416	11331	10185	10166	9202	6880	8087	9992	10145	5035	11303	7319	8801	6263	6109	11936	11727	8311	10737	5141	10933	1e+009	10816	8219	1115	4501	13373	12482	9274	12777	12019	7340	14002	9555	9573	5631	8370	4614	10031	8199	11239	5641	5585	5392	8372	5871	455	8347	11960	13648	2248	10050	3310	7904	3413	12024	
8918	9423	4709	5497	7133	6413	322	2028	3356	2757	2484	1302	1510	2361	2856	5990	3186	2118	1746	7499	1292	3800	2522	5627	4996	3061	2234	4015	1183	6901	2150	10241	1e+009	2632	9966	10400	20395	2493	3650	2197	1879	3981	21214	3864	1682	5608	2859	5697	3157	15493	18451	7279	12441	13704	3389	12702	10688	3019	2253	20483	8880	856	12684	3312	6920	19236	
7195	7579	2770	3729	4540	4545	2954	4660	5988	5389	2547	3648	3130	3279	2335	4302	1223	3105	3260	4906	3924	1603	2363	3029	2398	4880	4842	2589	3431	4305	3877	7633	2632	1e+009	7358	8712	18672	5125	2432	4829	4226	2018	19491	2686	1848	3541	1502	3088	3164	13770	16728	5591	10718	11649	2144	10979	8080	993	4704	18760	6272	2256	10076	1643	4312	17513	
5634	3220	6695	6685	8296	6133	10837	11731	13213	12614	9071	11142	10237	9822	8858	6460	7743	9648	9801	5523	10959	7018	8853	6289	6159	11987	11383	7966	10790	5616	10984	1115	10515	7918	1e+009	4059	12929	12138	8930	12476	11718	6996	13558	9210	9341	5288	8026	4313	9687	7755	10795	5220	5141	4935	8027	5429	1570	8003	12013	13206	1947	9749	4425	7559	3113	11580	
2831	1825	6209	5099	10266	4852	10669	11263	12745	12146	8602	11504	11307	8945	7959	4380	7526	8853	9333	7506	10490	7256	10353	8289	8133	13059	10505	6637	11522	7847	12054	4534	10369	8681	4017	1e+009	10057	11670	7239	12399	12081	7084	10876	7415	10025	5695	7809	6251	8395	5125	8113	3107	2103	4847	7016	2369	4925	7925	12455	10145	4277	10434	7068	7342	5632	8898	
12458	11788	16172	15062	20185	14815	20632	21226	22708	22109	18349	21467	21270	18908	17922	14343	17489	18816	19296	17424	20453	17219	20316	18217	18063	23022	20152	16600	21485	17765	22017	13392	20332	18644	12948	9963	1e+009	21633	17137	22362	22044	17047	1745	17062	19988	15658	17772	16169	18042	5219	2131	13070	8079	8377	16979	9664	13842	17888	22418	1328	14198	20397	14101	17305	15595	1428	
8588	9047	4162	5121	5748	5937	2318	676	1395	890	2788	2239	2062	3233	3160	5695	2616	2844	2337	6114	1268	3187	1137	4242	3611	2488	2113	3982	2615	5516	2696	9100	2461	1903	8825	10105	20065	1e+009	3825	1624	1634	3411	20884	4079	780	5060	2896	4555	3461	15163	18121	6984	12111	13133	3469	12372	9546	2448	1680	20153	7737	1697	11543	2968	5777	18906	
5636	6440	2248	2722	6936	3444	3949	4535	6018	5419	1497	4785	5058	2150	1239	2878	1846	2060	2614	7243	3732	3523	4287	5396	4765	6544	3352	1011	4802	6568	5633	9261	3650	2432	8922	7288	17112	4942	1e+009	5678	5362	2612	17931	493	3776	3692	1088	5352	1188	12210	15168	4167	9158	11495	1075	9419	9708	2248	5736	17200	7590	4105	11705	1429	6575	15953	
8466	8925	4040	4999	5626	5815	1875	1617	1273	805	2666	1595	1940	3421	3038	5573	2494	3178	2985	5992	2571	3065	1015	4120	3489	1833	3457	3860	2189	5394	2041	8978	2197	1781	8703	9983	19943	1624	3703	1e+009	979	3289	20762	3957	658	4938	2774	4433	3339	15041	17999	6862	11989	13011	3347	12250	9424	2326	1025	20031	7615	1575	11421	2846	5655	18784	
9110	9569	4684	5643	6270	6459	1168	995	1917	1318	3310	1090	2584	3684	3682	6217	3138	3433	2925	6636	1949	3709	1659	4764	4133	1622	2835	4504	1683	6038	1830	9622	1490	2425	9347	10627	20587	1329	4347	758	1e+009	3933	21406	4601	1302	5582	3418	5077	3983	15685	18643	7506	12633	13655	3991	12894	10068	2970	814	20675	8259	2161	12065	3490	6299	19428	
5684	5783	1259	2218	4970	2997	4303	4931	6412	5813	2757	5152	4644	3504	2544	2791	795	3330	3485	4637	4138	917	3872	2788	2157	6396	5067	1653	4945	3962	5391	7291	3981	2018	6970	7176	17161	5337	2609	6047	5730	1e+009	17980	2895	3362	1690	1711	2746	3373	12254	15217	4076	9207	9817	1716	9468	7737	1223	6103	17249	5642	3771	9734	1215	3969	16002	
13327	12639	17025	15915	20817	15667	21485	22079	23561	22962	19198	22320	22123	19761	18775	15196	18342	19669	20149	18056	21306	18072	21089	18849	18695	23875	21001	17453	22338	18397	22870	14024	21185	19497	13580	10817	1745	22486	17986	23215	22897	17900	1e+009	17911	20841	16351	18625	16801	18891	5851	2763	13923	8711	9009	17832	10712	14474	18741	23271	1588	14830	21250	14733	18158	16264	2058	
5560	6933	2718	3010	7190	3926	4204	4515	5998	5399	1476	5039	5312	2130	1375	3371	2100	2039	2806	7530	3712	3808	4542	5681	5050	6798	3332	1244	5057	6855	5887	9549	3904	2686	9205	7285	17036	4922	493	5932	5616	2895	17855	1e+009	4030	3980	1342	5639	1167	12134	15092	4660	9082	11988	1329	9343	9996	2502	5990	17124	7878	4359	11993	1683	6862	15877	
8539	8998	4113	5072	5628	5888	2004	3505	4803	4204	2739	2308	1284	2763	3111	5646	2567	2520	2327	5994	2974	3138	1017	4122	3491	3034	3909	3933	1835	5396	2029	9051	1682	1854	8776	10056	20016	4175	3776	3644	2886	3362	20835	4030	1e+009	5011	2847	4506	3412	15114	18072	6935	12062	13084	3420	12323	9497	2399	3058	20104	7688	917	11494	2919	5728	18857	
4341	4096	1466	1537	5878	1885	5908	6502	7984	7385	3842	6743	6294	4592	3629	2025	2512	4418	4572	3827	5730	1938	5034	3551	3383	8045	6154	2736	6595	3488	7040	5625	5608	3541	5284	5571	15622	6909	3702	7638	7321	1765	16370	3980	5011	1e+009	2797	2266	4458	10567	13607	2580	7668	8130	2797	7923	6073	2773	7694	15710	3954	5420	8069	2329	3042	14392	
6323	6783	1897	2857	6008	3673	3159	3753	5235	4636	1093	3994	4129	1843	928	3430	916	1669	1823	6346	2981	2625	3359	4497	3866	5753	3405	1452	4012	5671	4842	8364	2859	1502	8021	7840	17800	4160	1088	4889	4572	1711	18619	1342	2847	2797	1e+009	4455	1757	12898	15856	4719	9846	10868	826	10107	8812	1320	4945	17888	6693	3256	10808	501	5678	16641	
5197	4679	3204	3273	4489	3520	6566	7752	9233	8634	5578	6870	6255	6325	5365	3761	3616	6151	6306	2081	6959	2747	4870	2480	2349	8005	7888	4476	6653	2099	7002	4612	6244	3647	4337	6218	16163	8158	5440	8204	7446	2860	16792	5716	5069	2242	4532	1e+009	6194	10989	14029	3719	8321	8586	4536	8584	5059	3797	7926	16362	3251	5478	7055	4036	1291	14814	
6405	7411	3193	3485	7676	4401	3406	3668	5150	4551	623	4241	4576	1276	818	3977	2575	1186	1952	8005	2910	4283	3874	6156	5525	6000	2478	1719	4259	7330	5089	10024	3106	3161	9680	8130	17881	4075	1138	5136	4819	3370	18700	953	3362	4455	1716	6114	1e+009	12979	15937	5266	9927	12527	1804	10188	10471	2977	5192	17969	8353	3561	12468	2168	7337	16722	
7605	6913	11298	10188	15024	9940	15758	16352	17834	17235	13476	16593	16396	14034	13048	9469	12615	13942	14422	12263	15579	12346	15296	13056	12902	18148	15279	11726	16611	12604	17143	8234	15458	13770	7790	5090	5221	16759	12264	17488	17170	12174	5850	12189	15114	10558	12898	11008	13169	1e+009	3087	8197	3076	3219	12105	5839	8684	13014	17544	6233	9037	15523	9006	12431	10471	3872	
10564	9876	14262	13152	18054	12904	18722	19316	20798	20199	16435	19557	19360	16998	16012	12433	15579	16906	17386	15293	18543	15309	18326	16086	15932	21112	18238	14690	19575	15634	20107	11261	18422	16734	10817	8054	2134	19723	15223	20452	20134	15137	2763	15148	18078	13588	15862	14038	16128	3088	1e+009	11160	5948	6246	15069	7949	11711	15978	20508	3146	12067	18487	11970	15395	13501	785	
1767	2460	3210	2011	7688	1918	7690	8284	9766	9167	5653	8525	8328	6001	4979	1478	4547	5909	6354	4961	7511	4248	7345	5708	5552	10080	7591	3658	8543	5298	9075	5634	7390	5702	5197	3121	13171	8691	4260	9420	9103	4076	13990	4585	7046	2687	4830	3706	5427	8242	11227	1e+009	5217	7379	4036	5483	6082	4946	9476	13259	3964	7455	8079	4363	3051	12012	
4616	3928	8314	7204	12371	6956	12774	13368	14850	14251	10487	13609	13412	11050	10064	6485	9631	10958	11438	9611	12595	9361	12458	10394	10238	15164	12290	8742	13627	9952	14159	5585	12474	10786	5141	2120	8425	13775	9275	14504	14186	9189	9054	9200	12130	7800	9914	8356	10180	3251	6291	5212	1e+009	3837	9121	3162	6035	10030	14560	8935	6382	12539	6643	9447	7737	7076	
7701	5678	9412	9305	12660	8824	13855	14448	15930	15331	11789	14690	14237	12571	11575	8988	10459	12365	12518	9935	13677	9943	13039	10680	10524	15987	14100	10741	14536	10271	14982	5343	13555	11530	4872	4870	8234	14855	11624	15585	15268	9770	8863	11949	12953	8005	10743	8680	12404	3060	6100	7749	3858	1e+009	10744	6268	5797	10778	15641	8735	6473	13361	6040	10276	7918	6885	
5531	6070	1852	2144	6110	3060	3689	4283	5765	5166	1622	4524	4703	1965	979	2636	921	1873	2353	6349	3510	2626	3932	4501	3870	6283	3764	661	4542	5674	5372	8366	3389	2077	8023	7047	17007	4690	1075	5417	5101	1716	17826	1329	3420	2797	826	4458	1808	12105	15063	3926	9053	10869	1e+009	9314	8813	1320	5475	17095	6695	3710	10810	501	5681	15848	
5007	4337	8721	7611	12778	7364	13181	13775	15257	14658	10898	14016	13819	11457	10471	6892	10038	11365	11845	10018	13002	9768	12865	10801	10645	15571	12701	9149	14034	10359	14566	6077	12881	11193	5576	2512	9912	14182	9686	14911	14593	9596	10731	9611	12537	8207	10321	8763	10591	5788	7968	5619	3338	6390	9528	1e+009	6468	10437	14967	10000	6789	12946	8611	9854	8144	8753	
6426	4290	6934	7002	7757	6372	10945	11970	13452	12853	9311	10876	9730	10061	9097	6775	7982	9887	10040	4580	11198	7071	8346	5808	5654	11481	11622	8206	10282	4686	10478	517	10623	8037	1550	5011	13889	12377	9169	12474	11824	7235	14518	9450	9118	5526	8265	4509	9926	8715	11755	5536	6101	5909	8267	6381	1e+009	8174	11505	14159	2144	9857	3307	7799	3309	12540	
6439	6776	2013	2972	4790	3788	3341	4540	6021	5422	2364	4200	3682	3111	2150	3546	467	2937	3092	5129	3747	1306	2911	3181	2550	5433	4674	1833	3983	4455	4428	7783	3019	993	7508	7956	17916	4946	2248	5145	4778	1223	18735	2502	2399	2683	1320	3238	2979	13014	15972	4835	9962	10810	1320	10223	8230	1e+009	5201	18004	6422	2808	10226	819	4462	16757	
9404	9863	4978	5937	6564	6753	2555	2277	2211	1774	3604	2002	2878	4359	3976	6511	3432	4116	3923	6930	3231	4003	1953	5058	4427	1817	4117	4798	2596	6332	2025	9916	2877	2719	9641	10921	20881	2284	4641	969	1387	4227	21700	4895	1596	5876	3712	5371	4277	15979	18937	7800	12927	13949	4285	13188	10362	3264	1e+009	20969	8553	2513	12359	3784	6593	19722	
12694	12025	16409	15299	20466	15052	20869	21463	22945	22346	18586	21704	21507	19145	18159	14580	17726	19053	19533	17706	20690	17456	20553	18489	18333	23259	20389	16837	21722	18047	22254	13764	20569	18881	13264	10200	1328	21870	17374	22599	22281	17284	2131	17299	20225	15895	18009	16451	18279	6234	3146	13307	8704	9022	17216	9900	14156	18125	22655	1e+009	14477	20634	14726	17542	15832	2721	
4403	2525	5303	5371	7205	4741	9548	10339	11821	11222	7680	9853	9182	8430	7466	5146	6351	8256	8409	4430	9567	5776	7798	5235	5080	10932	9991	6575	9636	4523	9929	2451	9226	6629	1949	4065	14034	10746	7538	11187	10429	5604	14663	7819	8052	3895	6634	3260	8295	8860	11900	3905	6168	6226	6636	6431	2862	6611	10909	14209	1e+009	8461	4859	6168	2060	12685	
9123	9583	4698	5657	6526	6473	1088	2794	4122	3523	2778	1632	1730	2654	3150	6230	3151	2411	2218	6892	2058	3722	1915	5020	4389	3480	3000	4307	1415	6294	2477	9635	766	2438	9360	10640	20600	3259	3941	2963	2210	3946	21419	4157	1077	5596	3153	5089	3451	15698	18656	7519	12646	13669	3681	12907	10081	2984	2688	20688	8272	1e+009	12078	3504	6312	19441	
8961	6936	9469	9537	8353	8907	13487	14505	15987	15388	11846	13418	12272	12596	11632	9310	10517	12422	12575	5998	13733	9613	10888	8019	8196	13705	14157	10741	12824	6743	13020	3167	13165	10581	4282	7072	14171	14912	11704	15016	14366	9770	14745	11985	11660	8061	10800	7043	12461	8950	12037	8071	6643	6006	10802	8442	3183	10716	14047	14708	4678	12399	1e+009	10334	5842	12822	
5856	6316	1431	2390	5609	3206	3611	4204	5686	5087	1545	4447	4202	2295	1331	2963	420	2121	2274	5850	3433	2125	3431	4000	3369	5953	3856	1162	4465	5175	4948	7898	3312	1576	7554	7373	17333	4611	1429	5341	5024	1215	18152	1683	2919	2329	501	3959	2160	12431	15389	4252	9379	10401	501	9640	8345	819	5398	17421	6227	3328	10342	1e+009	5182	16174	
4484	4010	4439	4508	5259	3887	7800	8987	10468	9869	6813	8105	7200	7560	6600	4291	4851	7386	7541	2411	8194	3982	5816	3253	3098	8950	9123	5710	7753	2504	7947	3399	7478	4881	3124	5550	15606	9393	6675	9439	8681	4094	16367	6951	6304	3042	5767	1278	7429	10564	13604	3051	7653	8044	5770	7916	3845	5031	8976	15694	2037	6713	5842	5271	1e+009	14389	
11349	10661	15047	13937	18839	13689	19507	20101	21583	20984	17220	20342	20145	17783	16797	13218	16364	17691	18171	16078	19328	16094	19111	16871	16717	21897	19023	15475	20360	16419	20892	12046	19207	17519	11602	8839	1428	20508	16008	21237	20919	15922	2058	15933	18863	14373	16647	14823	16913	3873	785	11945	6733	7031	15854	8734	12496	16763	21293	2721	12852	19272	12755	16180	14286	1e+009	
0.2
0.2