30																																															
999999	15	15	27	23	15	23	19	19	15	15	15	15	15	15	15	15	15	15	15	19	11	15	15	15	19	19	15	15	11																		
0	7	4	9	11	7	12	14	8	6	7	7	8	8	6	1	9	7	7	7	9	6	7	7	10	4	10	7	8	5																		
30																																															
0.033333333	0.033333333	0.033333333	0.033333333	0.033333333	0.033333333	0.033333333	0.033333333	0.033333333	0.033333333	0.033333333	0.033333333	0.033333333	0.033333333	0.033333333	0.033333333	0.033333333	0.033333333	0.033333333	0.033333333	0.033333333	0.033333333	0.033333333	0.033333333	0.033333333	0.033333333	0.033333333	0.033333333	0.033333333	0.033333333																		
																																															
0	-1	5	4	-2	3	11	3	0	9	4	-7	3	3	4	14	1	1	3	-2	-2	-1	0	4	-2	-4	9	-7	-1	1																		
0	2	5	15	-6	-7	6	-7	-3	9	-5	8	1	0	-2	-1	2	4	-6	1	-5	0	3	-5	-2	5	9	-7	-8	-2																		
0	1	6	10	11	6	11	-1	11	8	6	-6	7	-3	8	6	-6	7	3	5	-9	2	1	8	-5	14	-8	-7	-1	2																		
0	3	-4	-9	-4	-4	11	-12	-6	5	0	2	4	-8	-4	4	-8	-6	-4	1	-2	0	-1	6	5	-4	-7	-7	-1	2																		
0	8	-3	5	0	-5	0	-3	-1	-4	-4	-1	7	-8	3	-1	6	8	-2	-4	-5	-4	-1	-1	-3	5	-10	-7	5	3																		
0	8	3	6	-9	-7	-1	5	3	-6	-6	2	-8	-8	-6	14	1	-4	-6	3	2	-2	1	-3	-1	-4	-10	-7	2	-1																		
0	-7	11	1	3	-4	5	3	-3	4	5	-5	2	7	4	1	3	-2	6	-4	-6	-4	0	-2	4	0	9	3	5	6																		
0	1	11	12	4	3	2	5	4	9	5	-5	7	-8	-4	14	3	8	4	2	10	-3	1	5	-6	15	-10	3	5	3																		
0	3	-4	4	-5	-2	-1	-14	10	9	-1	-7	2	1	-1	5	0	-1	3	5	1	-3	3	0	5	-4	-6	8	7	2																		
0	0	0	1	1	-1	4	-4	8	-1	6	-5	-4	-6	5	9	-1	-3	-3	1	2	1	-2	-1	-8	4	1	-5	-2	-5																		
0	0	7	-8	-1	1	4	-14	0	1	1	1	0	7	2	3	-8	-6	0	-2	-9	-2	2	-2	2	11	9	-3	7	1																		
0	-3	7	7	1	7	-9	-7	1	-6	-1	0	7	-8	-6	1	-8	0	-5	1	-7	5	1	3	-3	-2	-10	-2	-1	-4																		
0	-7	-2	3	-10	0	-5	4	3	0	3	0	-2	-4	0	8	-1	8	-6	1	-2	-2	4	0	1	0	-10	5	-6	0																		
0	-1	9	-9	0	3	7	0	2	4	4	3	7	-8	2	7	2	8	0	1	3	-2	3	0	5	12	-5	-1	3	0																		
0	-7	2	0	11	6	2	-2	5	-2	2	0	4	-5	1	3	2	4	-4	0	-3	3	2	4	-2	2	3	4	-8	1																		
0	-4	8	13	-1	5	5	-7	1	7	-1	6	1	7	2	4	2	8	-3	-2	1	2	0	-1	-3	1	-5	-1	2	0																		
0	8	2	9	6	-2	0	-3	2	-1	3	-7	7	6	-3	0	-2	1	-2	-2	-6	0	-1	5	0	-4	4	6	5	-1																		
0	-2	9	11	-5	3	-12	-8	11	-2	1	1	7	7	5	7	-3	-6	-5	2	-2	1	1	-1	2	15	-4	-7	7	3																		
0	-7	11	8	2	-4	11	-7	-8	-6	7	2	6	-8	-6	9	-3	8	-6	-3	6	-3	-1	1	-1	-4	1	0	0	5																		
0	-3	3	2	-11	1	-3	-1	-3	9	-7	-2	1	3	-5	14	0	-7	2	-2	-6	-1	4	-4	5	-4	-10	8	-8	2																		
0	6	4	10	-6	-1	-7	-6	-2	8	1	-1	0	-3	-1	8	-5	7	2	-1	-1	-3	-2	2	2	-1	4	8	7	0																		
0	-7	5	4	7	2	-5	-6	-7	-1	-5	4	6	7	-1	14	5	-1	2	-1	5	3	1	5	-2	10	5	8	-1	2																		
0	5	-4	3	-5	0	-9	0	-4	-4	4	-1	7	7	4	4	4	7	0	-5	8	-3	-1	-4	1	7	9	8	6	-5																		
0	7	6	18	-11	3	4	2	1	6	2	-3	-1	7	9	4	0	-1	2	-1	-2	-6	0	1	4	15	9	7	-3	-4																		
0	8	-2	18	6	2	0	-13	8	9	0	-1	-8	-8	-6	-1	-9	-7	-6	3	10	0	0	0	2	15	-10	-7	-8	-5																		
0	4	3	-9	5	0	9	-7	11	5	8	-2	-8	-3	5	-1	-4	8	-3	2	-3	2	1	3	-10	15	1	8	7	6																		
0	3	-4	-4	-11	-6	8	-9	8	-3	5	1	-8	4	-2	2	5	0	0	-5	-5	3	0	-7	1	6	3	7	-8	-1																		
0	8	10	5	-4	0	7	-1	6	2	0	-5	-8	6	1	4	-3	8	5	0	5	0	3	8	1	7	2	8	6	2																		
0	2	9	-4	4	0	11	-1	-1	6	-1	4	-8	7	8	9	4	-7	-2	5	-9	-3	3	-2	-5	15	-10	1	7	3																		
0	4	1	18	-5	-1	-12	-4	6	3	3	-2	-8	1	5	9	3	-1	4	2	-3	-3	1	-7	-1	-4	6	-3	-2	5																		
30
29
1e+009	2437	6568	9556	8467	6875	9315	6220	2726	3636	11560	2328	7995	3064	6682	7115	4684	1550	5484	9235	1677	2458	599	1336	5441	5367	6957	7472	7029	1469	
2440	1e+009	4217	7203	6116	5166	6964	3835	1637	4633	12471	2620	6288	4936	4521	4764	3551	3779	3820	6949	993	3476	2828	2880	3090	3196	4692	5119	4678	1777	
6959	4585	1e+009	3269	2122	3837	2969	2028	5241	8768	16287	6586	4506	8901	2185	1139	4716	8326	3863	2955	5385	8026	7413	7432	2399	3810	1712	1497	1054	6361	
9643	7203	3341	1e+009	1215	6143	847	4548	7975	10931	18451	9203	6069	11518	4348	2562	7450	10976	6597	2012	8035	10676	10031	10082	5111	5973	3911	3193	3093	8979	
8488	6114	2194	1215	1e+009	4928	914	3460	6828	10094	17613	8115	4920	10430	3511	1352	6303	9855	5450	1371	6914	9555	8941	8961	4022	5136	3038	2358	2005	7889	
6890	5200	3506	6137	4922	1e+009	5771	4280	4212	9429	17296	5223	1196	7204	4890	4334	2638	7714	1840	4125	6003	8478	7269	7955	4355	5809	5059	5003	4560	5466	
9001	6561	2696	906	568	5433	1e+009	3906	7330	10289	17843	8561	5424	10876	3708	1920	6805	10334	5952	1366	7393	10034	9389	9440	4469	5332	3269	2551	2451	8337	
6205	3833	2015	4439	3422	4296	4270	1e+009	4705	6993	14593	5832	5417	8147	713	2070	4808	7572	3956	4255	4631	7272	6659	6678	967	2054	882	1291	1455	5608	
2731	1722	4995	8063	6916	4212	7764	4842	1e+009	6309	14191	1421	5332	3739	5552	5771	1983	3565	2823	6700	2326	5167	3119	3854	4097	4226	5723	6126	5686	1316	
3903	4869	8729	11391	10554	9681	11212	7177	6487	1e+009	8834	6181	10802	4049	7043	9203	8066	3130	8336	11388	4247	1419	3521	2731	6632	5497	7516	8353	8588	5322	
11769	12557	16081	18511	17674	17373	18332	14503	14159	8570	1e+009	13797	18494	12327	14163	16323	15758	11185	15991	18508	11952	9699	11631	10964	13958	12617	14636	15473	15708	13066	
2118	2915	6507	9494	8406	5871	9254	6125	1722	5691	13672	1e+009	6991	2805	6835	7054	3684	2945	4480	8359	2268	4554	2506	3241	5380	5509	7005	7409	6969	1259	
8011	6323	4276	6135	4920	1196	5769	5401	5332	10552	18417	6344	1e+009	8325	6011	4329	3759	8834	2961	4123	7126	9601	8396	9078	5477	6930	5892	5264	4822	6585	
3064	4925	8517	11504	10416	7202	11264	8135	3732	4107	12510	2371	8323	1e+009	8843	9064	4564	1514	5415	10280	4479	2884	2520	2673	7390	7519	9015	9419	8979	3470	
6677	4511	2094	4348	3511	4891	4257	727	5417	6583	14192	6544	6013	8859	1e+009	2160	5406	8039	4553	4345	5246	7598	7276	7147	1682	1625	473	1310	1545	6223	
7136	4762	1207	2562	1352	4330	2200	2108	5636	8743	16262	6763	4329	9078	2160	1e+009	5517	8503	4664	2186	5562	8203	7589	7609	2670	3785	1687	1057	653	6537	
4699	3551	4386	7455	6308	2638	7156	4794	1990	7845	15681	2585	3759	4566	5404	5525	1e+009	5525	853	5716	4289	7027	5083	5818	4063	4193	5575	5883	5440	3280	
1550	3779	7872	10860	9771	7716	10619	7490	3565	2911	11267	3168	8834	1514	8050	8419	5524	1e+009	6323	10202	3172	1730	1006	1175	6745	6725	8335	8774	8333	2319	
5489	3927	3533	6602	5455	1840	6303	3941	2823	8115	15951	3436	2961	5417	4551	4672	853	6323	1e+009	4876	4725	7332	5877	6612	3212	4462	4722	5030	4587	4075	
8850	6948	3027	2033	1371	4163	1711	4294	6172	10928	18447	7530	4155	9848	4345	2186	5647	9674	4794	1e+009	7748	10389	9235	9795	4855	5970	3872	3243	2839	7426	
1647	995	5017	8005	6916	6071	7764	4635	2240	4070	11906	2213	7192	4500	5267	5564	4223	2986	4727	7750	1e+009	2903	2035	2309	3890	3942	5438	5919	5478	1292	
2485	3544	7511	10487	9397	8553	10245	7113	5110	1477	9740	4763	9674	2884	7591	8045	6833	1730	7209	10231	2870	1e+009	2103	1313	6372	6199	7847	8401	7960	3904	
948	3176	7392	10379	9291	7209	10139	7010	3059	3838	11957	2661	8328	2747	7630	7939	5012	1233	5818	9703	2412	2657	1e+009	1344	6265	6305	7815	8294	7853	1804	
1336	2881	6915	9891	8801	7957	9649	6521	3848	2494	10851	3450	9078	2673	7152	7449	5802	1175	6606	9635	2275	1313	790	1e+009	5776	5827	7401	7805	7364	2591	
5462	3090	2123	5111	4022	4355	4870	967	3962	6448	14048	5089	5477	7404	1680	2670	4063	6829	3212	4856	3888	6529	5916	5935	1e+009	1511	1849	2258	2056	4865	
5536	3372	3573	5912	5075	5805	5819	2009	4278	5433	12653	5404	6927	7720	1564	3724	4380	6898	4437	5909	4107	6461	6135	6006	1450	1e+009	2037	2874	3109	5084	
7012	4685	1621	3911	3038	5099	3817	884	5578	7056	14575	6705	5892	9020	473	1687	5562	8209	4709	3872	5420	7864	7446	7317	1851	2098	1e+009	908	1072	6397	
7644	5271	1717	3148	2347	5151	3056	1725	6143	8398	15917	7270	5415	9585	1815	1209	6030	9010	5177	3394	6069	8710	8097	8116	2612	3440	1342	1e+009	594	7046	
7050	4678	1123	3093	2005	4558	2853	1455	5551	8128	15647	6677	4822	8993	1545	653	5437	8417	4584	2839	5477	8117	7504	7523	2056	3170	1072	443	1e+009	6453	
1469	1829	6045	9032	7944	5411	8792	5663	1262	5085	12936	1239	6531	3743	6296	6592	3224	2319	4020	7899	1065	3904	1854	2591	4918	4971	6467	6947	6506	1e+009	
0.2
0.2