20																			
999999	15	27	23	27	31	23	19	19	15	19	15	15	19	19	15	15	19	15	23
0	8	14	13	0	24	10	9	8	11	10	6	7	8	7	8	7	15	9	15
30																			
0.033333333	0.033333333	0.033333333	0.033333333	0.033333333	0.033333333	0.033333333	0.033333333	0.033333333	0.033333333	0.033333333	0.033333333	0.033333333	0.033333333	0.033333333	0.033333333	0.033333333	0.033333333	0.033333333	0.033333333
	0.033333333	0.033333333	0.033333333	0.033333333	0.033333333	0.033333333	0.033333333	0.033333333	0.033333333	0.033333333									
0	7	5	-12	5	3	13	10	-6	0	2	5	-6	-3	-2	-1	-7	-11	5	0
0	-8	13	-2	27	5	13	4	4	-4	1	0	2	5	1	2	-2	-2	6	-2
0	5	0	-13	17	-11	13	10	9	-8	-1	8	8	11	1	-2	-4	-13	6	2
0	-8	-5	10	27	7	-10	-6	-1	-2	9	4	-7	-4	0	-4	-7	-15	-9	-1
0	-8	2	-13	27	-4	-10	-9	-8	-11	9	8	-2	-8	-5	-2	-5	-15	-9	-1
0	-3	-2	-4	27	3	-10	8	-3	-4	9	1	2	-8	-4	7	-5	-15	6	-4
0	-4	-14	-13	27	-24	0	2	3	2	-4	5	2	-4	-5	-3	-7	-15	2	-8
0	-7	2	9	27	-24	-10	8	-6	-8	-9	4	-7	11	7	5	-4	-15	0	-13
0	-8	6	10	1	-12	3	3	4	-4	2	5	0	10	-7	-4	-7	-6	3	-6
0	-8	-7	10	27	-24	13	0	8	-7	-9	0	1	5	-7	0	5	-13	1	-8
0	6	9	10	27	-9	13	-2	5	-5	9	-4	8	-8	12	1	7	4	-9	-3
0	-8	-14	-11	27	2	-10	-5	5	0	-7	-1	-7	-8	-2	6	8	4	-9	1
0	-2	12	-13	27	-24	5	-6	1	-2	8	-3	1	7	6	-8	-7	4	-3	-3
0	-8	-14	10	10	-24	0	3	3	0	0	3	-7	-4	-1	7	2	-14	6	4
0	-1	-3	10	27	-22	-10	9	-4	-8	-7	1	-4	11	-2	4	-1	-14	3	-2
0	-6	9	-5	27	6	-2	1	6	-9	4	8	-4	11	8	2	3	-9	6	-9
0	2	13	-13	27	-18	13	7	-3	4	-10	-6	1	2	4	5	-7	-1	1	7
0	7	-14	-13	19	-16	13	-9	11	2	-10	3	5	-8	7	7	-7	-8	-9	-7
0	-7	-6	0	27	-8	13	-9	5	-11	-10	0	-1	-8	-7	-8	8	4	-9	-9
0	-8	-13	2	27	-24	-10	-9	-4	-1	9	-6	-7	-8	-2	-5	-7	4	-9	1
0	-6	9	-13	2	-23	10	-4	-5	-4	-4	7	-3	11	-7	-8	-7	-2	-9	-2
0	-8	9	-13	27	-20	-10	-9	3	1	2	2	-1	5	2	6	-5	-4	6	-5
0	7	-14	10	27	-24	13	-3	4	0	-10	7	4	11	-1	-5	-7	-5	-9	0
0	-6	-6	3	27	7	11	0	7	4	5	7	8	11	-5	-5	-7	1	-9	-2
0	7	13	10	27	6	-10	10	6	3	-10	1	8	11	6	-2	-7	-12	-9	4
0	6	-4	-4	27	-24	-10	-7	0	-3	4	2	-7	6	-4	-3	1	3	-3	-8
0	7	-7	-13	27	-23	-10	-7	0	4	-5	2	-5	-7	0	-3	-1	4	-7	-1
0	7	9	-5	19	-23	-10	1	0	0	-2	8	-1	1	-6	7	8	-12	-7	7
0	6	-4	-13	27	-24	13	7	8	-8	-7	8	5	10	11	7	-6	-15	4	-4
0	5	1	-13	1	-24	13	-5	-1	-5	-9	3	8	11	-2	5	-3	2	6	-4
20
27
1e+009	4905	4798	3930	3666	4126	5093	5016	3782	1849	3595	1920	6177	3199	5945	4925	5612	3734	7810	2783	
4838	1e+009	2127	1426	1762	893	764	1255	2702	4122	1419	3654	5378	2625	3751	4606	5055	1603	5316	2511	
4693	2213	1e+009	3071	3406	2535	2921	1171	1065	4191	1522	4262	3684	4758	1714	3107	7188	1851	3531	3146	
4069	1044	2833	1e+009	861	546	1164	1978	3327	3309	2044	2750	6003	2229	4371	5231	4659	1624	6055	1698	
3212	1854	3547	814	1e+009	1360	1975	2792	3984	2449	2701	2274	6660	1368	5085	5728	3798	2432	6869	1352	
4040	990	2287	785	1120	1e+009	1103	1432	2781	3323	1498	2761	5457	2482	3825	4685	4912	1078	5620	1712	
5054	773	2839	1547	1883	1014	1e+009	1967	3475	4320	2192	3775	6151	2579	4463	5379	4740	2092	6027	2723	
4872	1043	1302	1901	2235	1371	1752	1e+009	2094	4112	1384	3877	4809	3603	2852	4083	6033	1494	4668	2501	
3805	2755	1065	3530	3868	3229	3519	1953	1e+009	4003	1336	4074	2815	5135	2213	2042	7565	1903	4028	3196	
1616	4186	3964	3211	2940	3400	4368	4276	3776	1e+009	2855	639	6505	1918	5169	5733	4070	2993	7080	2057	
3526	1419	1506	2194	2532	1893	2183	1421	1283	2824	1e+009	2895	3959	3799	2668	3187	6229	567	4483	1860	
2087	3608	4300	2572	2301	2761	3729	3722	4101	687	2818	1e+009	6777	1279	5486	5845	3710	2499	7301	1418	
5768	5434	3533	6209	6547	5908	6198	4664	2871	6565	4015	6635	1e+009	7814	2025	1421	10244	4582	2231	5875	
3309	2613	4672	1841	1571	2385	2596	3817	5166	1909	3883	1733	7842	1e+009	6210	7032	2438	3463	7875	2393	
5831	3772	1740	4630	4964	4099	4481	2729	2203	5329	2659	5399	2338	6321	1e+009	2633	8751	3226	2185	4519	
4939	4606	3107	5381	5719	5080	5370	3995	2042	5692	3187	5763	1252	6986	2271	1e+009	9416	3754	3483	5047	
5448	4892	6950	4120	3848	4663	4593	6095	7444	4184	6161	4009	10120	2279	8488	9310	1e+009	5741	10154	4668	
3418	1481	2100	1629	1967	1326	1664	1719	1877	2710	594	2536	4553	3235	3262	3781	5665	1e+009	5077	1295	
7672	5336	3531	6198	6536	5664	6100	4437	4028	7170	4483	7240	2227	7904	1841	3478	10247	5050	1e+009	6343	
2371	2813	3206	1838	1638	2026	3001	2987	2983	1611	1700	1437	5659	2224	4368	4887	4654	1593	6183	1e+009	
0.2
0.2
