20																																																																																										
999999	15	11	15	17	11	19	11	15	11	11	15	23	11	11	11	10	11	15	19																																																																							
0	8	10	11	9	7	14	6	9	7	10	10	14	7	5	8	6	7	6	11																																																																							
91																																																																																										
0.010989011	0.010989011	0.010989011	0.010989011	0.010989011	0.010989011	0.010989011	0.010989011	0.010989011	0.010989011	0.010989011	0.010989011	0.010989011	0.010989011	0.010989011	0.010989011	0.010989011	0.010989011	0.010989011	0.010989011	0.010989011	0.010989011	0.010989011	0.010989011	0.010989011	0.010989011	0.010989011	0.010989011	0.010989011	0.010989011	0.010989011	0.010989011	0.010989011	0.010989011	0.010989011	0.010989011	0.010989011	0.010989011	0.010989011	0.010989011	0.010989011	0.010989011	0.010989011	0.010989011	0.010989011	0.010989011	0.010989011	0.010989011	0.010989011	0.010989011	0.010989011	0.010989011	0.010989011	0.010989011	0.010989011	0.010989011	0.010989011	0.010989011	0.010989011	0.010989011	0.010989011	0.010989011	0.010989011	0.010989011	0.010989011	0.010989011	0.010989011	0.010989011	0.010989011	0.010989011	0.010989011	0.010989011	0.010989011	0.010989011	0.010989011	0.010989011	0.010989011	0.010989011	0.010989011	0.010989011	0.010989011	0.010989011	0.010989011	0.010989011	0.010989011	0.010989011	0.010989011	0.010989011	0.010989011	0.010989011	0.010989011
0	-1	0	-7	0	2	-6	1	-4	-5	-2	-4	-7	-5	-5	3	-2	1	-4	-6																																																																							
0	-3	-2	-3	-9	1	-4	-6	-7	-5	-3	0	-10	-1	1	0	-1	-1	1	-2																																																																							
0	-2	-2	4	0	0	-4	-2	-6	-2	1	-1	-10	-2	0	-3	-3	0	0	-9																																																																							
0	2	0	-8	2	-2	-12	-2	6	4	-10	-2	-8	4	1	-3	-4	-1	-1	1																																																																							
0	4	-7	-1	5	-4	-11	-2	-6	-4	0	0	-6	-5	-1	-8	-1	2	4	-11																																																																							
0	2	-2	-3	-3	-3	-10	-2	-2	-6	-7	5	0	3	-2	-1	4	-2	-1	2																																																																							
0	4	-6	-5	0	-3	-5	1	-4	-5	-7	1	-4	0	-1	-2	-2	-1	-1	-3																																																																							
0	-6	-2	-6	-2	0	-1	-3	-1	-5	-6	-2	-8	-5	0	-1	-1	-1	-2	1																																																																							
0	6	1	-7	-4	-1	-8	-2	-8	0	-4	-3	-6	-2	1	-2	2	-1	-1	-6																																																																							
0	1	-1	-4	0	3	0	-6	-8	2	-3	-8	-8	-6	-2	-3	3	-4	-5	4																																																																							
0	-8	-3	1	3	-3	-7	4	-3	3	-8	-9	-2	3	1	-4	-5	-4	1	-1																																																																							
0	-3	-9	0	5	-2	-5	5	0	-1	-8	-6	0	-7	-2	-6	4	-1	-1	-6																																																																							
0	-1	1	-5	7	1	-7	5	0	2	-2	-1	-2	-6	0	-2	-3	0	1	-6																																																																							
0	2	-4	-5	-4	-3	-2	2	-2	0	-8	-4	-4	0	-4	1	-1	-3	-1	-4																																																																							
0	1	-2	-3	-8	1	0	-3	-2	-3	-8	-3	1	0	0	-1	-2	-3	-3	-3																																																																							
0	-6	1	-7	-3	-6	0	-2	-4	-2	-4	-1	-2	-1	2	-1	-1	-2	2	-3																																																																							
0	0	-6	-4	-7	1	-8	0	-7	-3	-3	0	0	-7	-1	-3	-3	2	-4	-6																																																																							
0	0	-6	-4	-1	4	-5	0	-5	-3	-3	-6	-7	1	2	-4	-1	-3	-1	-4																																																																							
0	-8	-8	-1	2	-1	-13	4	3	4	-3	-1	-9	-1	-5	-8	-3	-3	-1	2																																																																							
0	0	-7	-3	-1	3	-5	1	-4	4	1	-3	-1	2	1	0	-1	-2	-2	-2																																																																							
0	0	1	0	-9	0	1	0	-5	-4	-5	-3	0	-7	0	3	1	-6	-1	-7																																																																							
0	4	-3	-6	-6	-7	-1	-3	-3	-2	-6	2	-2	-2	-1	2	4	-2	-1	-8																																																																							
0	1	-1	-5	-2	-7	-4	2	-7	-3	-2	0	1	2	1	3	-5	-2	0	-4																																																																							
0	-7	-5	3	-2	1	-3	-3	-4	-4	-6	-2	-1	-1	-2	-1	-6	1	-2	-8																																																																							
0	-7	-5	-5	6	2	2	-2	-6	-4	-3	-10	-3	4	-4	-3	-6	-3	-2	-2																																																																							
0	-7	-5	-10	-6	-5	-14	-1	5	-3	-6	0	-3	3	-2	0	-5	-2	-1	-8																																																																							
0	-1	-2	-8	2	1	-2	-3	1	-6	-3	0	3	2	-2	-3	3	-1	1	-1																																																																							
0	2	0	4	-8	-4	-6	-2	-1	-4	-3	-4	-3	-5	-1	2	-1	-1	1	-8																																																																							
0	1	-2	-4	-2	0	-9	-2	-3	2	-7	-4	-5	-2	1	-4	-6	1	-1	8																																																																							
0	-5	-3	-2	-6	-7	-2	2	-2	-3	-9	-6	-2	-4	-1	-6	3	0	-4	5																																																																							
0	0	0	-9	4	-2	-13	-3	-3	-4	-5	-2	-3	-2	3	-2	-2	0	1	-3																																																																							
0	-1	-2	-6	4	4	-13	2	0	0	1	-6	-4	-4	-2	-3	0	0	0	3																																																																							
0	0	1	-11	7	-3	5	4	-4	-2	-2	-2	-14	-2	-1	-5	-3	0	-2	-2																																																																							
0	1	-5	0	-3	-2	0	1	-8	-1	-5	5	-1	-4	0	-1	-1	-1	1	-6																																																																							
0	-2	-2	-7	-5	-6	-7	-4	-5	-7	-7	-4	-6	-4	0	2	-1	1	0	0																																																																							
0	-5	-3	-8	-6	-6	-1	0	-6	1	-3	-6	-5	-3	-1	3	3	0	3	-5																																																																							
0	-8	-5	-1	-3	-4	-7	-2	-6	-1	-6	1	0	-2	-1	0	2	0	1	-3																																																																							
0	-7	-3	-5	7	3	-8	0	-9	-1	0	-7	-8	-5	0	0	-5	-1	-1	-1																																																																							
0	-2	-5	-6	-5	3	-4	-3	0	-2	-9	-1	0	-6	-3	-2	-6	-1	-1	-6																																																																							
0	3	-2	4	6	2	-6	-2	1	2	0	-1	-1	-3	-5	-7	-3	-1	-5	3																																																																							
0	1	-6	-5	-1	-7	-7	-2	-8	3	-1	-5	1	2	1	-4	1	4	-2	-6																																																																							
0	-7	-4	4	-6	-5	-7	0	-1	-3	-2	-2	-3	-6	-1	2	2	-1	1	1																																																																							
0	-6	0	1	-9	2	-8	-4	-1	1	-3	2	-5	0	0	0	2	4	4	-7																																																																							
0	1	-2	-5	4	-1	-6	1	-4	-1	-3	-6	-2	-4	-3	0	-3	2	-4	-3																																																																							
0	-3	-2	-6	2	-4	-1	0	-2	0	-8	-3	-6	-7	-1	1	-1	-5	1	-9																																																																							
0	-3	-2	-3	-8	1	-7	1	-8	-3	-7	-3	-11	-4	-1	-1	-4	-4	-2	2																																																																							
0	6	1	-11	1	-2	-4	0	-2	2	-7	-3	-5	2	-3	-5	1	-2	0	-9																																																																							
0	-5	-3	-1	-6	-3	-1	-6	0	-1	-3	5	-4	-1	0	-1	-6	-6	2	1																																																																							
0	-1	-5	1	-8	-5	-7	2	0	-3	-10	3	0	-1	0	0	-4	-1	-3	-6																																																																							
0	-3	-9	1	-1	-1	-3	-3	-4	4	-3	-6	-8	-5	0	-2	-5	3	-2	-2																																																																							
0	-7	-7	0	0	-1	-3	0	-3	0	-1	-6	-2	0	-2	0	-6	-2	-1	-2																																																																							
0	2	-5	-6	-3	-1	-8	5	-4	1	-1	-2	-5	-6	-3	1	2	-1	1	0																																																																							
0	4	-3	-4	0	2	-1	-2	-2	-1	-1	2	-13	-7	-1	0	4	-1	3	-4																																																																							
0	-3	-1	-3	7	-2	0	-4	0	-1	1	-3	-2	-3	2	0	-1	-4	-2	0																																																																							
0	1	-2	-2	-9	4	-2	-5	0	4	-2	1	-5	-7	-1	-2	0	-2	-1	-6																																																																							
0	-8	-5	3	-5	2	-2	2	-4	-5	-5	-1	-2	-3	0	3	0	-2	-6	-5																																																																							
0	-3	-5	-7	-8	-5	4	-6	-6	-1	-8	-7	-5	-4	-1	-2	-5	1	0	-4																																																																							
0	-3	-3	-8	-1	-7	-9	-3	-6	2	0	-2	-7	-5	2	2	4	-2	3	-10																																																																							
0	-2	-1	-5	-3	-4	-6	0	-1	-1	-3	-4	-3	-7	-2	-2	-6	0	-4	-4																																																																							
0	0	-10	0	0	-4	-5	1	2	-1	-1	-2	-8	0	1	-4	-3	0	2	-3																																																																							
0	-4	-1	-2	-9	0	-3	-5	-3	0	-2	-4	-8	-5	-1	-5	-6	-3	-3	1																																																																							
0	-2	-2	-11	-2	2	5	3	-3	-1	-5	2	1	-4	-1	1	-4	-2	0	-9																																																																							
0	3	-2	4	-9	-3	-3	0	-1	-2	-2	2	2	-7	0	0	2	0	-2	2																																																																							
0	-8	1	0	2	-1	-4	0	0	-1	-2	-5	-5	-1	0	-5	-4	1	3	1																																																																							
0	-4	-1	-1	-7	-3	-9	1	1	1	1	3	-7	0	-2	-5	1	0	-2	-5																																																																							
0	-5	-4	-4	-4	-4	-2	5	-1	-5	1	0	-6	-5	-2	-4	4	-5	2	1																																																																							
0	-4	-8	2	-3	1	-4	2	-6	-2	-3	-6	-5	-5	-2	-2	2	-7	1	8																																																																							
0	6	-4	0	-3	-3	-7	1	1	-3	0	3	-13	-5	-5	-2	-4	3	1	-4																																																																							
0	-8	-4	-1	-2	-3	-3	-1	-6	-2	-4	-7	-4	3	6	-4	2	-3	-1	3																																																																							
0	0	-1	-2	-9	-5	-3	-1	-4	-5	-2	1	-2	-3	-1	-1	-2	-2	-1	-11																																																																							
0	-3	-7	-1	-7	-1	3	-5	-3	-4	1	0	-1	-1	1	2	-6	-3	0	0																																																																							
0	-5	-6	-2	0	0	3	1	-9	0	-8	-4	-4	-2	-5	-7	1	-5	-1	3																																																																							
0	-2	-1	-2	-9	-5	-9	1	-2	-3	-2	1	-7	-5	0	-1	1	-2	-3	-1																																																																							
0	-2	-6	-3	-5	4	-7	-6	0	-7	-4	2	-13	-1	-1	-6	-2	3	1	-3																																																																							
0	3	-3	1	-6	-1	-4	-1	-5	-1	0	-3	4	-4	0	-3	-4	-1	-2	2																																																																							
0	-4	-3	0	-7	-2	-7	2	-9	-7	1	2	-2	0	1	-2	2	2	-4	-2																																																																							
0	2	-8	-6	0	-5	-10	-6	-1	-5	-5	0	-3	-2	-1	-2	-3	2	-4	1																																																																							
0	-6	-7	-3	-3	-5	2	-6	-4	-7	-2	-3	-7	-1	1	0	4	-4	0	-3																																																																							
0	-3	-10	-5	-4	-3	-1	-5	-9	-3	-2	-1	-3	-1	-2	-5	0	-3	-4	-7																																																																							
0	6	-5	2	-5	0	-11	-5	-4	-3	-9	-5	-5	-7	1	-3	0	-2	-1	-5																																																																							
0	5	-2	-7	-2	1	-10	1	-3	-2	1	-2	-8	-4	-4	-2	-4	-6	-1	2																																																																							
0	4	-10	-2	0	0	-7	1	-2	-2	-6	-1	0	-5	-2	-5	4	-1	-5	-6																																																																							
0	-2	-4	-3	-8	1	0	2	0	-1	-5	0	-5	4	-3	1	4	-6	-2	-6																																																																							
0	3	-7	-6	-5	-1	-3	1	-8	-7	-3	0	-4	-4	-3	-6	-6	-1	2	-4																																																																							
0	-8	-7	-4	-5	-6	-4	5	-2	-7	-3	-2	-10	-3	0	-7	0	0	-4	-3																																																																							
0	-2	-3	-3	-6	1	-2	3	-8	-7	-7	-5	0	-3	0	0	1	-3	-4	-10																																																																							
0	0	-7	-7	-7	-3	-4	-1	0	1	-6	3	3	-5	3	-2	-1	4	6	-3																																																																							
0	-2	-6	4	-9	4	-3	-5	-8	-5	-6	-4	-2	-1	-3	-3	-1	-3	0	-7																																																																							
0	-4	-3	-10	-5	-7	-11	4	0	4	-3	2	-7	-5	0	-4	-6	-6	0	5																																																																							
0	-7	-3	0	-2	-4	-2	-5	1	2	-3	-2	-2	-5	4	-7	4	-2	3	-6																																																																							
0	3	-5	-7	0	-7	-7	-3	-8	-7	-4	-3	-3	2	-1	0	4	0	-2	0																																																																							
20
15
0	31952	31604	32090	32264	32550	32255	31665	32536	30660	31233	31009	31194	31226	32821	32295	31665	32506	32003	31554	
32985	9.99999e+008	711	138	312	599	1220	1711	700	2362	1152	1557	1355	1308	1284	1315	1714	2062	2929	2044	
32652	348	9.99999e+008	486	660	946	1567	2058	1048	2029	819	1225	1022	975	1632	1663	2061	2410	3277	2391	
32847	322	573	9.99999e+008	301	589	1210	1701	689	2224	1014	1419	1595	1170	1273	1305	1704	2052	2919	2034	
33041	578	829	304	9.99999e+008	361	982	1473	388	2417	1270	1661	1352	1426	972	1078	1476	1825	2692	1806	
33099	1294	1545	1020	909	9.99999e+008	621	1112	943	3198	1986	2392	2261	2142	1527	848	1115	1595	2456	1445	
32621	1423	1674	1149	1038	711	9.99999e+008	634	1082	3325	2115	2520	2390	2271	1524	227	637	974	1841	993	
32079	1902	2153	1629	1518	1270	637	9.99999e+008	1551	3806	2594	3000	2870	2750	2042	829	319	991	1660	649	
33296	922	1173	649	388	435	1056	1547	9.99999e+008	2805	1614	2020	1740	1770	584	1122	1550	1868	2736	1880	
31025	1614	1267	1752	1926	2213	2834	3325	2314	9.99999e+008	1141	917	1102	1183	2898	2929	3328	3676	4543	3658	
31836	856	509	994	1168	1455	2076	2567	1556	1212	9.99999e+008	406	592	694	2140	2171	2570	2918	3785	2900	
31654	1262	914	1400	1574	1860	2481	2972	1962	880	406	9.99999e+008	369	1099	2546	2577	2975	3324	4191	3305	
31838	1447	1099	1585	1759	2045	2666	3157	2147	1189	591	309	9.99999e+008	1283	2731	2762	3160	3509	4376	3490	
31677	1173	826	1311	1484	1772	2393	2884	1872	1640	694	1099	1286	9.99999e+008	2350	2488	2887	3235	4102	3217	
33502	1506	1757	1233	972	1017	1551	2042	584	3389	2198	2604	2324	2354	9.99999e+008	1601	2046	1926	3215	2375	
32658	1494	1745	1220	1109	781	227	829	1152	3396	2186	2591	2461	2342	1595	9.99999e+008	806	747	1614	832	
32010	1944	2195	1671	1560	1233	641	431	1603	3848	2636	3042	2912	2792	2046	806	9.99999e+008	995	1367	356	
32871	2240	2491	1967	1856	1528	974	991	1899	4142	2932	3338	3208	3088	2342	747	995	9.99999e+008	1827	1045	
32787	3535	3786	3261	3150	2821	2268	2086	3193	5437	4227	4632	4502	4383	3634	2041	1794	2252	9.99999e+008	1437	
31925	2301	2552	2028	1917	1590	946	649	1910	4205	2993	3399	3269	3149	2353	832	357	1045	1011	9.99999e+008	
0.2
0.2