66																																																																	
9999999	11	11	15	19	15	11	9	15	11	11	11	15	11	11	15	11	11	15	19	11	19	19	15	15	11	11	15	19	19	11	19	15	15	15	15	15	15	15	15	21	11	15	15	15	11	15	15	15	19	15	11	15	18	15	19	19	15	19	11	13	19	19	19	12	15
0	6	6	8	11	8	6	5	8	5	5	6	8	6	6	8	6	7	9	11	7	11	11	8	8	7	6	3	10	10	7	10	8	8	8	8	8	8	8	8	11	6	6	8	8	7	8	8	8	10	8	6	8	9	8	10	10	8	10	5	7	10	10	10	12	8
91																																																																	
0.010989011	0.010989011	0.010989011	0.010989011	0.010989011	0.010989011	0.010989011	0.010989011	0.010989011	0.010989011	0.010989011	0.010989011	0.010989011	0.010989011	0.010989011	0.010989011	0.010989011	0.010989011	0.010989011	0.010989011	0.010989011	0.010989011	0.010989011	0.010989011	0.010989011	0.010989011	0.010989011	0.010989011	0.010989011	0.010989011	0.010989011	0.010989011	0.010989011	0.010989011	0.010989011	0.010989011	0.010989011	0.010989011	0.010989011	0.010989011	0.010989011	0.010989011	0.010989011	0.010989011	0.010989011	0.010989011	0.010989011	0.010989011	0.010989011	0.010989011	0.010989011	0.010989011	0.010989011	0.010989011	0.010989011	0.010989011	0.010989011	0.010989011	0.010989011	0.010989011	0.010989011	0.010989011	0.010989011	0.010989011	0.010989011	0.010989011	0.010989011	0.010989011	0.010989011	0.010989011	0.010989011	0.010989011	0.010989011	0.010989011	0.010989011	0.010989011	0.010989011	0.010989011	0.010989011	0.010989011	0.010989011	0.010989011	0.010989011	0.010989011	0.010989011	0.010989011	0.010989011	0.010989011	0.010989011	0.010989011	0.010989011
0	1	-2	0	-1	-1	0	2	-2	0	2	0	1	0	1	0	0	-3	-3	0	0	-1	0	-1	1	3	-1	4	5	0	-5	4	0	0	0	0	-1	0	1	0	0	1	-2	-2	1	2	3	0	1	0	-1	1	0	2	-2	0	-1	0	0	2	0	0	1	0	-6	0
0	0	-1	0	0	0	0	0	0	1	0	-1	-2	0	2	-1	1	3	-1	7	-1	-1	0	0	0	2	-2	3	9	1	-7	-1	0	1	0	0	1	2	1	0	1	-2	-4	-3	2	-2	0	0	0	2	0	-2	0	-2	3	-1	-2	0	0	0	1	-5	2	0	-5	0
0	1	0	0	-2	-1	0	0	-1	0	1	0	-1	0	1	0	0	-2	-1	2	0	0	0	1	0	1	-1	1	0	-1	0	-5	0	0	-1	1	2	3	1	-1	0	-3	0	1	1	-1	-4	0	1	1	-1	-3	2	1	2	0	-1	0	0	0	0	-5	-1	-1	-3	0
0	1	1	0	-1	0	0	0	-1	0	-1	0	-1	0	3	0	1	-5	0	5	2	-1	0	-1	0	-2	0	2	2	-5	-4	-3	0	0	0	0	-4	0	2	2	0	0	1	-5	-2	-2	-1	0	1	0	1	-2	0	0	-2	-2	-1	1	0	-1	-2	2	-6	2	0	0
0	-1	-1	0	-2	0	0	1	2	0	1	-3	1	0	2	0	2	-1	0	-1	-5	0	0	2	0	-1	0	0	1	-1	-3	1	0	0	1	0	-5	0	0	0	0	2	2	-2	-6	2	1	0	0	0	-1	0	0	0	0	0	0	0	0	0	0	0	1	-1	0	0
0	0	0	0	0	2	0	0	0	1	1	1	-1	0	0	-2	0	1	0	-6	0	-2	0	0	0	2	0	0	-3	-3	4	2	0	2	0	0	0	0	-1	1	0	0	0	-1	0	-2	-1	0	-2	0	4	0	1	0	2	0	0	0	0	-4	0	-2	-3	0	-2	0
0	1	-1	-1	1	-1	0	0	0	0	1	1	1	-1	0	-1	1	-2	-2	4	-1	1	0	1	-1	-4	0	0	7	1	-2	3	0	0	-2	0	-6	1	-4	0	0	-2	-1	1	3	-6	2	0	1	1	0	-1	5	1	0	-1	0	0	0	1	0	-2	-2	0	-4	0
0	0	0	0	0	-1	0	0	-1	1	2	1	-3	0	2	-1	-1	-2	-2	4	-4	0	0	-1	0	-1	0	3	2	2	-4	4	0	0	0	0	-1	0	-2	-2	-2	-3	-2	1	5	-4	-2	0	2	1	-1	0	0	2	0	1	-3	0	0	0	0	-2	2	-1	-6	0
0	0	1	0	-1	-1	0	0	-2	0	-2	0	0	0	1	0	0	0	-2	2	0	0	0	-1	2	2	1	0	5	-1	1	1	1	0	1	0	-2	2	-2	2	0	-2	3	-2	-1	-3	1	-1	0	1	0	0	1	0	-1	-3	-2	0	0	0	-4	-2	2	0	0	0
0	0	0	-2	-1	2	0	0	1	0	-1	0	-2	0	1	0	2	0	-2	4	0	0	0	1	0	-2	-1	1	1	0	4	0	0	0	0	0	0	1	1	0	0	-2	0	-2	0	-4	-1	0	0	0	1	0	-1	2	1	0	-2	0	0	-1	1	-4	1	0	-1	0
0	1	0	-1	1	2	0	0	-1	-1	1	2	1	0	2	0	0	-1	0	-2	0	0	0	-1	0	4	0	0	1	-1	4	-1	0	0	0	0	-2	1	-2	0	1	-1	-3	2	1	-2	-6	0	0	0	0	-3	3	1	1	1	-1	-1	0	0	0	-1	-2	-2	-3	0
0	0	0	-2	-3	0	0	0	2	0	1	2	0	0	2	0	2	1	1	1	0	0	0	-4	-1	-2	0	3	2	1	-2	-3	0	0	-1	-1	1	0	2	0	2	0	-3	-2	0	1	-1	0	0	0	0	0	-2	2	-2	-3	1	0	0	-2	0	1	3	0	-3	0
0	0	-1	0	0	1	0	1	-1	-1	3	-2	-1	-1	1	1	0	-1	1	-5	0	0	0	-2	0	1	0	-1	4	-2	-1	1	0	0	0	-1	1	1	-4	2	0	-3	-1	3	-2	-1	1	0	0	-1	-2	1	2	0	2	-3	0	0	0	1	0	-1	-3	0	0	0
0	-1	0	0	-1	1	0	1	-1	0	2	-2	1	0	1	0	-1	-2	0	4	1	0	0	-1	1	4	0	2	3	1	1	5	0	0	0	0	1	1	-2	2	0	-4	-5	-2	0	-7	-3	0	0	1	4	0	-4	2	1	1	-3	0	0	-1	0	-5	0	-1	-4	0
0	0	-1	0	0	-1	0	-1	-2	0	1	-2	0	0	1	0	0	0	-2	3	-2	-1	0	-2	0	3	-1	2	1	2	0	1	0	0	1	0	1	1	-3	-2	0	-1	-2	1	2	-2	-1	0	0	2	-1	0	0	-1	0	-1	-2	0	0	0	1	0	2	-2	-7	0
0	0	0	-1	-2	0	0	0	0	0	2	1	1	0	1	0	0	1	-2	2	-2	0	0	-1	1	0	-1	2	5	1	-7	7	0	0	0	0	0	2	-5	-1	0	-1	-5	-1	0	-4	2	0	0	1	1	-3	1	1	-1	1	-2	0	0	0	0	-3	6	0	-3	0
0	0	1	1	-2	-1	0	1	-1	-2	3	1	-1	2	5	0	1	-3	-2	-3	-1	1	0	1	0	2	0	2	5	5	-2	-3	0	0	0	0	1	3	0	2	0	1	-2	-1	4	1	1	0	1	0	-2	-1	-6	-2	2	-1	-3	0	0	-1	0	-5	0	0	-9	0
0	0	-1	0	0	-1	0	0	0	0	2	-1	-1	0	1	0	-1	-2	0	6	-2	-1	0	-1	0	0	0	6	1	0	-1	3	1	0	-1	0	0	0	1	0	2	-5	0	-1	4	0	-2	0	1	0	3	-1	3	0	4	-1	-4	0	0	-1	1	-5	0	-2	-1	0
0	0	0	0	1	1	-1	0	-1	0	0	0	-1	-1	-2	-1	2	-3	-1	-4	-2	0	0	-2	0	-2	0	-1	4	1	1	-1	0	0	1	0	-3	0	2	0	0	-1	0	-3	0	1	1	0	0	0	-1	1	1	0	0	0	-4	0	0	0	0	0	-3	-1	0	0
0	1	0	0	-2	1	-1	0	1	0	2	4	1	0	0	0	-2	1	1	3	1	2	0	1	-2	0	0	1	-1	1	2	3	0	-1	0	0	-1	0	0	0	-1	-2	-3	3	3	-3	-1	0	0	0	0	-2	4	0	0	-3	-1	-1	0	0	-1	0	0	3	-1	0
0	1	1	0	-1	0	0	0	0	0	0	1	0	0	0	0	-1	-3	-1	5	-1	0	0	-2	0	1	-1	0	2	0	-4	1	0	0	0	0	0	0	0	0	0	0	-5	-4	1	-1	3	1	0	3	1	0	0	2	-1	-1	-5	0	0	0	1	-4	1	-1	-6	0
0	0	-1	0	-2	-1	0	0	1	0	2	4	2	-1	0	0	0	1	0	0	-2	-1	0	-4	-2	4	0	4	0	1	2	-5	0	1	2	0	-1	0	-1	0	-1	0	-2	1	-4	-3	3	1	0	2	0	-1	-1	0	0	-1	-4	0	0	-1	0	-3	0	1	-5	0
0	-1	0	0	0	1	0	0	1	0	-2	1	1	0	1	0	0	-2	-2	5	1	-1	0	-2	0	2	-1	2	6	2	0	-1	0	0	1	1	1	1	-1	0	0	0	-2	-1	1	-1	3	0	1	0	1	-1	-4	3	-3	-3	0	0	0	-1	1	-2	-2	-1	-6	0
0	0	0	0	1	-1	0	1	-1	1	0	-1	0	0	2	-1	0	3	-3	-2	-1	0	0	-2	0	0	0	1	5	-2	-1	2	-1	0	0	0	1	2	-3	0	0	-2	-5	3	0	-1	2	0	1	1	0	-1	3	0	3	0	-3	0	0	0	0	-5	0	-1	-5	0
0	1	0	0	-1	-2	0	-1	1	0	1	0	-1	0	1	0	0	-5	0	5	0	0	0	-1	0	4	0	0	0	-3	-3	-3	0	0	0	0	1	1	-6	0	2	-2	4	-3	1	-3	2	0	0	0	-2	-3	0	0	2	1	-2	0	0	2	-1	-3	-2	-1	-7	0
0	0	0	0	0	-3	0	1	1	-1	0	0	0	0	0	2	1	-3	0	2	-2	2	0	1	0	-3	0	0	2	1	-3	0	0	-2	0	0	-5	0	-3	0	0	-1	-2	2	1	4	-2	2	0	0	0	-2	-1	0	2	-2	-4	0	0	0	-1	-2	-1	-2	-7	0
0	0	0	-1	0	1	0	0	1	0	0	0	0	-1	1	0	1	1	0	-8	-2	1	-1	-5	2	0	0	1	2	0	4	-1	0	0	-2	0	-3	0	1	2	0	1	0	-2	3	-1	-1	0	0	-1	-2	0	-2	0	0	-2	-2	1	-1	-1	1	0	-1	0	-3	0
0	1	0	0	-1	-1	0	-1	0	0	0	-2	0	1	3	0	2	4	0	6	0	0	0	0	0	0	0	3	4	1	-1	5	0	1	0	0	-3	-1	-2	-1	0	-2	-3	1	-4	2	1	1	1	0	0	1	2	1	1	-2	-1	1	0	0	-1	-2	1	-2	-11	0
0	0	-1	-1	0	-1	0	1	-1	-2	1	1	1	-1	1	2	0	-1	-2	-2	2	0	0	1	0	2	0	3	9	0	-1	5	0	0	0	0	-1	1	2	0	0	0	1	-6	-1	-4	-2	0	0	0	-1	-3	-2	0	2	-1	0	0	0	-1	0	-2	-3	-1	-11	0
0	0	2	0	-1	-1	0	0	-1	1	1	-1	0	1	0	0	2	-1	-1	4	1	1	0	1	-1	-1	0	5	4	3	-2	5	0	0	1	-1	2	0	-3	0	-1	-3	-3	-1	-3	0	0	0	-1	0	2	0	-2	1	1	-2	0	0	0	-3	0	-2	0	2	-3	0
0	1	1	-1	-2	1	0	-2	0	0	1	1	0	0	2	0	0	2	-2	0	3	0	0	-1	-3	-4	0	2	5	4	1	-4	0	0	0	0	-1	-1	-1	0	0	-1	2	2	-2	-1	3	0	2	1	1	-4	-1	-1	2	0	-4	0	0	0	1	0	0	-1	-5	0
0	0	1	0	-1	0	0	-1	-1	0	-2	3	1	-2	1	0	0	1	1	5	2	0	0	0	0	1	-1	4	6	-1	-3	-2	0	0	0	0	2	3	0	0	1	-2	0	4	-1	-2	1	0	0	0	1	1	-1	1	0	0	-1	1	0	0	-1	-3	-1	-1	-8	0
0	0	-1	-2	-1	2	0	0	-1	0	0	-2	-2	1	1	0	1	-2	-2	-7	1	0	0	0	0	-2	0	5	0	-1	0	-5	0	0	0	0	1	0	-1	0	0	-2	-1	2	3	3	-2	0	0	0	1	1	-1	0	0	0	-3	1	0	0	0	0	-2	0	-8	0
0	0	0	0	1	-1	0	0	0	1	0	3	0	0	-2	-1	0	0	0	-3	0	0	0	0	0	0	0	-1	3	1	0	-6	0	0	0	0	0	0	0	-1	0	-1	-2	-4	2	1	1	0	1	-2	-1	1	1	0	4	-3	0	0	0	-1	0	-2	-1	-1	-8	0
0	1	0	0	2	2	0	-1	2	2	-1	0	1	-1	1	0	-1	3	-1	3	0	0	0	2	2	-3	0	2	7	1	-2	3	0	0	-2	0	-2	-1	-5	1	0	-1	-1	3	0	-1	0	0	1	1	-1	1	-2	-1	1	-1	-2	0	0	2	0	1	3	-2	-5	0
0	0	0	0	-2	0	0	0	0	0	0	-1	1	0	-1	0	0	-2	-3	3	0	0	0	2	0	1	0	2	4	1	0	2	0	0	0	0	-1	1	-2	1	0	-4	1	-1	6	1	0	0	0	1	1	-1	-3	0	0	-5	0	0	0	-1	0	-2	0	0	-12	0
0	-1	1	0	1	1	0	0	1	-1	2	-1	1	2	1	1	1	2	-3	-2	-2	1	0	0	0	0	0	3	4	2	-7	1	0	0	-1	0	-1	-1	0	0	1	-4	-1	1	1	-4	3	0	0	0	0	-1	-2	1	0	0	1	0	0	1	0	-1	-2	0	-2	0
0	1	0	0	-2	2	0	0	-3	0	-3	-1	-5	1	2	0	0	1	-1	-1	-1	1	0	-1	-1	1	0	1	3	-4	-3	-3	0	-1	2	0	-2	2	-4	0	1	-4	-3	0	2	-1	2	0	0	0	0	-2	-1	0	2	-1	0	-1	0	-1	0	-4	0	-1	-9	0
0	1	0	-1	-1	0	0	0	0	0	1	1	0	-1	0	0	0	-2	-1	5	-1	0	0	0	0	3	0	1	5	-1	-4	-3	0	0	0	0	1	2	1	-1	3	-2	0	0	-1	1	1	0	0	-1	0	-2	-1	-1	2	0	-2	0	0	1	-1	-2	-1	-2	-5	0
0	0	1	0	-1	1	0	1	0	0	-3	0	1	1	0	0	0	2	-1	0	-3	0	0	0	0	-3	0	0	1	-1	-7	4	0	0	0	0	1	0	4	0	0	-2	0	3	3	2	-1	0	0	0	0	-2	6	1	0	-3	-3	0	0	0	0	-1	-2	0	-10	0
0	0	0	-1	-1	2	0	0	1	0	1	-1	1	0	1	0	-1	-1	0	-4	-1	-1	0	-1	0	1	-1	3	3	1	-4	-7	0	1	0	0	-1	0	0	0	0	0	-1	-2	-1	2	-1	1	0	0	-2	1	-2	1	0	0	1	0	0	-1	0	-1	1	0	-2	0
0	0	0	0	-2	0	0	0	0	0	-1	1	0	0	0	0	1	2	-2	3	-2	0	0	-1	0	2	0	2	4	-3	-3	-1	0	0	0	0	0	0	-1	0	0	-2	0	-2	-3	0	3	0	0	1	2	0	2	1	3	-3	0	0	0	0	0	-5	-3	-1	-2	0
0	1	0	0	-1	1	0	0	0	1	4	-1	0	0	2	-1	-1	0	-1	1	-1	0	0	0	0	1	0	4	3	-2	-1	0	0	0	0	0	1	-3	0	0	0	2	0	6	0	0	0	1	1	0	-2	1	-2	-1	-2	-1	0	0	0	-1	1	5	-1	-2	-1	0
0	0	-1	0	-1	-1	0	2	0	1	1	1	-1	1	0	-1	0	-1	-2	-3	-5	0	0	0	0	2	0	3	1	-2	2	-1	0	0	0	0	-3	1	0	1	0	-3	-2	2	2	-1	4	0	1	0	1	-1	-1	-1	1	-1	-1	0	0	-2	0	-1	-2	0	-6	0
0	0	0	0	-2	2	0	3	-1	2	2	1	0	-1	0	-2	0	-4	-1	3	-1	0	0	0	0	-1	0	4	9	2	2	-7	1	0	1	0	0	1	2	2	-1	-4	-4	0	-1	-1	3	0	0	-1	1	-3	2	1	2	0	-1	0	0	-2	-1	-3	-2	0	-6	0
0	0	1	0	-5	2	1	1	0	0	3	0	0	0	3	0	0	-1	-3	4	1	0	0	0	-2	1	0	3	2	1	-4	0	0	0	1	0	0	1	-1	2	4	-2	1	-3	-5	-2	0	0	-1	0	-2	-2	2	1	2	-1	-2	0	0	3	1	-3	1	-4	-1	0
0	0	0	0	-2	1	0	-2	0	1	-1	0	0	0	1	1	1	-7	0	-5	1	1	0	1	-1	3	0	0	1	-2	0	-4	0	0	0	0	1	0	-3	0	1	-1	-2	-1	-4	0	0	0	0	0	0	0	1	-1	-1	2	0	0	0	-2	0	1	-1	0	-12	0
0	1	1	0	-1	1	0	0	0	0	0	1	0	0	0	1	0	-1	-1	3	-2	0	0	0	-2	4	0	1	1	4	2	-4	0	0	0	0	-8	0	-1	2	0	0	-1	-1	2	-3	-1	0	0	0	0	0	0	0	0	1	1	0	0	-1	0	0	-4	2	-4	0
0	-1	1	-1	-2	-1	0	2	-1	0	-1	0	1	0	2	-1	0	0	-1	-3	0	1	0	0	0	3	0	2	3	-2	0	5	0	0	-1	0	1	0	-3	0	0	0	-3	-2	-5	-2	0	0	0	2	2	0	0	-2	-1	-2	-1	0	0	2	1	1	0	-1	-3	0
0	0	0	-1	-2	0	0	0	0	1	2	-2	3	0	1	0	2	-2	-1	4	-3	0	0	1	0	3	0	3	4	-2	-1	6	0	0	0	0	-2	0	-1	1	0	0	-1	1	1	-5	-3	0	1	0	-1	-1	-2	1	3	1	-1	0	0	0	0	-4	1	-1	-9	0
0	0	1	-1	-3	1	0	1	0	-1	3	1	-3	0	2	-1	-1	-4	-3	8	2	0	0	0	0	3	0	-1	5	1	0	3	0	0	0	0	0	0	1	0	0	-2	-2	2	-1	1	-1	0	0	1	2	0	0	-2	1	-2	-1	0	0	0	0	0	0	0	-7	0
0	-1	0	-2	-3	0	0	-1	1	1	-1	-1	0	0	2	-2	2	-2	-5	4	1	0	0	0	0	-2	0	2	4	0	1	-1	0	0	0	0	-2	-1	0	0	0	-1	2	-5	-1	-1	0	0	0	1	-1	1	0	0	3	-1	1	0	0	1	0	-3	-3	0	-2	0
0	0	2	-3	-1	-1	0	1	0	0	2	0	-2	0	3	-1	1	1	-3	-1	-1	-1	0	-2	-2	3	1	1	1	0	-6	-5	0	0	3	0	2	1	2	1	2	-3	8	-2	-1	0	0	1	-1	0	1	-1	1	-1	4	-2	1	0	0	0	-1	-4	0	-2	-1	0
0	0	-1	-1	-1	-1	0	2	0	-1	-2	-2	1	0	2	1	1	-3	-1	-2	2	0	0	0	0	1	0	1	3	0	0	-5	0	0	0	0	1	0	-2	0	0	-1	0	0	-3	1	0	0	0	0	-1	2	1	2	0	0	2	0	0	-1	0	-2	-1	0	-1	0
0	0	0	0	0	0	0	0	-1	0	0	0	0	0	-2	0	0	-2	0	4	0	-5	0	1	0	2	-1	0	1	-1	-3	-4	0	1	0	0	-2	0	-2	1	0	-1	-3	-1	-2	-2	-4	0	1	0	-1	0	-1	1	0	-1	-3	0	0	-1	0	-1	-5	1	0	0
0	1	0	0	-1	0	0	0	0	0	-1	1	0	-1	1	-2	0	-4	-8	1	-1	0	0	0	0	1	0	3	6	3	-5	-7	0	0	0	0	-3	0	4	0	1	0	0	2	1	-1	1	0	0	1	-1	-1	0	1	-1	1	0	0	0	0	-1	-1	1	0	-5	0
0	1	0	-1	-1	6	0	0	0	2	-3	2	2	0	-1	-2	0	1	-4	1	-4	0	0	0	1	0	0	3	5	1	-2	3	0	0	0	-1	-1	-1	-1	0	-1	-2	-4	0	0	-2	-2	0	0	1	1	-2	1	1	2	0	4	0	0	0	0	-1	0	-1	-10	0
0	0	-1	-1	1	0	1	1	-1	2	-1	2	1	0	0	-1	0	1	-5	1	-3	0	0	-2	1	0	-1	8	5	1	-5	3	0	0	1	0	0	0	-3	0	-1	-3	-1	-2	-1	0	-2	0	1	1	-3	-1	1	2	1	2	1	0	0	1	0	-4	3	-1	-4	0
0	-1	-1	0	0	-1	0	0	0	-1	0	0	0	0	0	1	1	1	-1	-4	-1	0	0	-2	-1	2	0	1	4	1	0	-1	0	0	1	0	0	2	-2	0	0	-1	-2	-1	-1	-5	-2	0	0	1	-1	-1	-1	0	-4	-1	-1	0	0	2	0	1	2	0	-5	0
0	0	0	-1	0	-3	0	2	0	2	0	2	1	0	5	-2	0	-1	-2	-1	-5	0	0	0	2	1	0	2	3	0	-7	4	0	0	0	0	-1	1	-4	-1	0	-1	-2	0	2	-4	-1	0	0	0	1	2	-2	2	-2	0	1	0	0	1	0	0	-2	-3	-8	0
0	0	1	0	1	-1	0	-1	0	0	2	0	1	0	1	0	0	0	3	1	0	0	0	0	1	-1	0	0	0	1	-1	-8	0	0	0	0	1	0	-1	0	0	-2	-1	2	-3	-1	3	0	0	0	-1	-2	-2	0	1	0	-5	0	0	0	0	-1	-1	0	-1	0
0	0	1	0	-1	0	0	0	0	0	0	0	-1	2	0	0	0	0	0	-4	-4	0	0	2	0	-5	0	-1	3	-3	-3	-5	0	0	0	0	1	0	-1	0	0	0	-2	0	0	2	-1	0	1	0	0	-1	2	1	-1	1	-4	0	0	2	-2	0	-8	-1	0	0
0	0	0	0	-1	-1	0	-2	1	0	0	0	0	2	0	1	1	-1	-1	-2	-1	0	0	2	1	-6	0	0	0	-4	-2	-8	0	0	0	0	-2	0	-3	0	-1	-1	-1	-2	1	-1	-1	0	0	0	-3	0	2	0	0	0	0	0	0	-4	0	0	0	0	-3	0
0	0	1	0	-1	0	0	0	0	3	1	1	-1	1	2	-2	-1	1	1	-1	1	0	1	0	0	3	-1	5	2	-1	2	2	0	0	0	0	0	0	-2	1	0	-1	-3	-1	-3	-1	1	0	1	0	-2	0	-1	0	1	-1	-1	1	0	1	2	-2	-1	-3	-7	0
0	1	-1	0	-2	1	0	0	0	-1	2	0	-1	1	4	0	1	-2	0	3	-3	0	0	2	1	0	0	5	6	-1	3	3	0	0	0	0	-4	1	-1	2	0	-4	-3	4	-1	1	-3	0	0	0	2	-1	1	0	3	-1	0	0	0	-1	0	-4	1	-1	-6	0
0	0	0	0	2	1	0	1	0	1	5	1	-1	-1	2	-1	-2	1	0	3	-3	0	0	1	1	2	2	3	6	-1	1	0	0	0	-1	0	-1	0	-2	1	0	1	-4	3	0	1	-2	0	0	1	-3	0	0	0	2	1	-3	0	0	0	-2	-3	1	0	-9	0
0	0	-1	0	2	-1	0	0	0	0	1	0	0	0	0	0	0	-3	0	0	-3	0	0	-2	1	4	0	1	3	0	-1	-2	0	0	-1	0	-2	2	-2	1	0	1	2	-7	1	-1	1	0	0	-1	1	1	-1	2	0	0	-2	0	0	-1	1	-4	3	0	-12	1
0	0	0	0	0	2	0	0	1	0	-3	2	3	0	2	0	0	-1	-1	6	-2	0	0	1	-1	-1	0	1	3	-1	-1	0	0	0	0	0	1	0	-4	0	0	-1	0	0	0	2	-3	0	0	0	-2	1	0	-1	0	-1	-1	0	0	0	0	1	-2	1	-5	1
0	0	0	0	-1	-4	0	0	-2	0	3	0	0	0	0	0	0	-7	1	-1	1	-1	0	0	0	1	0	0	2	-1	2	2	0	1	0	0	-1	0	-5	0	0	-2	-2	-3	2	-4	-1	0	0	0	-1	2	4	1	0	0	1	0	0	-2	-2	-1	0	2	-10	2
0	-1	0	0	1	1	0	1	1	1	-1	0	1	1	1	-1	2	-1	1	0	1	0	1	-1	-3	1	0	4	5	-1	-1	2	0	0	2	0	2	0	-3	1	0	-1	-6	3	-1	4	-1	0	0	0	0	0	1	1	-1	-2	-1	0	0	-2	0	-1	0	1	-8	0
0	2	-1	0	-2	-1	0	0	1	1	1	-1	1	0	2	-1	-2	-3	-1	8	1	-1	-1	1	-1	2	-1	0	2	3	-3	-4	0	0	1	0	-2	2	-2	1	1	0	-1	-3	-1	-2	-1	0	0	0	-3	-1	2	-2	0	-1	1	0	0	0	1	0	1	1	-4	2
0	-1	0	0	2	0	0	1	0	0	1	2	1	0	0	0	-1	2	-3	4	-2	0	0	-2	0	4	-1	3	1	-1	0	2	-1	0	0	0	1	0	-2	-1	0	-4	-1	3	-2	-2	-2	0	0	0	-2	1	1	1	3	0	3	0	0	1	1	-3	-1	0	-5	2
0	0	1	0	1	3	0	1	0	2	0	1	0	2	3	-1	1	-2	-1	5	1	0	-1	0	-1	1	0	4	6	0	1	-1	0	0	0	0	0	0	-3	-1	1	-1	0	-3	-4	-2	0	1	0	0	-2	-3	-2	0	-1	-2	0	0	0	2	0	1	3	0	-12	0
0	1	2	0	-2	1	0	-1	-1	1	6	-5	1	0	-2	0	-1	-3	-1	-2	-1	0	-1	1	1	2	-1	5	4	-1	-4	-2	0	0	2	0	0	0	1	0	-1	-3	0	-1	-1	1	-1	0	0	1	1	-2	-2	0	2	-2	-3	0	0	0	0	-3	1	0	-8	-2
0	0	0	0	1	-1	0	0	1	-1	2	-1	0	-1	-1	0	0	0	-1	2	0	0	0	-3	-1	0	0	1	2	-3	-1	0	0	0	0	0	1	0	0	-1	0	-2	0	0	0	-1	4	0	0	1	1	1	3	0	0	-1	0	0	0	0	2	-1	-3	-1	0	2
0	-2	0	0	0	-1	0	1	-1	0	0	0	3	0	-1	0	-1	2	-1	4	0	1	0	-1	0	-3	0	2	5	-4	-1	-3	0	0	0	0	-1	0	0	0	0	-1	-2	0	0	3	-4	0	1	0	0	-3	1	-1	0	0	5	0	0	0	0	0	2	0	-8	-1
0	2	0	0	0	4	0	-1	0	-2	1	-1	1	0	1	-1	2	-5	-4	1	-4	0	-1	1	0	4	0	6	4	1	-2	4	0	0	0	-1	-2	2	3	1	1	0	-2	0	2	1	-1	0	0	1	-1	-1	1	0	-1	-2	-3	1	0	0	0	-2	2	0	-7	0
0	-1	0	0	-1	0	0	0	-1	0	3	2	1	1	4	-2	1	3	1	3	-6	0	0	3	-1	-7	0	-2	5	-1	-2	0	1	0	-1	0	0	0	-6	1	-1	1	0	-2	-2	-3	1	0	2	0	-5	0	-1	0	-2	0	2	0	0	0	0	1	1	1	-12	0
0	0	-1	0	1	2	0	0	0	0	1	0	1	3	1	0	-4	-2	-5	-2	-3	0	0	0	0	-7	0	2	5	-1	-1	0	0	0	0	0	-2	-1	-2	1	1	-3	0	1	0	0	0	0	0	0	1	0	1	2	1	-1	1	0	0	0	0	-2	2	-1	-8	1
0	-1	-1	0	0	2	0	0	0	0	0	1	1	1	-1	0	-1	-2	0	4	0	0	0	2	0	0	-1	5	4	1	0	4	0	0	0	1	-1	1	-4	2	0	-3	-2	-2	-1	-2	1	-1	0	-1	-3	-1	-3	2	-1	-2	-2	0	0	2	2	-4	-1	2	-9	4
0	1	-1	0	0	0	0	0	0	0	3	1	-1	0	0	-1	-1	3	0	-1	-2	0	0	1	-2	-1	0	3	2	-2	-2	0	0	0	0	0	-4	0	-2	2	0	0	-2	1	0	-4	1	0	0	1	-1	-1	1	1	0	0	-1	0	0	-1	0	-2	-3	2	-4	2
0	-2	0	0	-1	1	0	1	-1	1	-4	3	-1	0	4	0	2	-2	0	-2	-1	0	0	-3	0	-5	0	1	2	-1	-1	4	0	0	0	0	-2	0	2	0	0	0	-4	-2	0	-4	-2	0	0	0	-2	0	4	0	-2	-1	-1	0	0	0	0	2	-1	0	0	-2
0	-1	0	0	0	4	0	0	0	0	-1	0	2	0	-1	0	0	0	-1	-3	0	-1	0	-2	0	1	1	1	0	0	3	-3	0	1	0	0	2	0	-5	0	0	-1	-3	2	1	-1	1	0	1	0	0	-1	-1	0	2	-1	-2	0	0	-1	-1	-2	-1	-1	-3	0
0	-1	-2	0	-2	2	0	-1	1	0	0	1	0	0	3	0	0	-1	-4	4	-2	0	0	4	-1	0	-1	2	3	0	-2	-5	0	0	1	0	1	-1	-2	4	0	-2	1	7	1	2	2	0	0	1	-1	0	-3	1	1	-2	0	0	-1	0	2	-1	0	-1	-8	1
0	2	0	0	-2	0	0	1	-2	-2	2	2	1	1	3	1	-2	-1	-1	-1	-1	0	0	1	0	-1	0	5	1	0	2	3	0	0	0	0	-5	1	-5	-1	-1	-2	0	2	0	-1	2	0	3	0	1	2	-2	-1	-2	-1	1	0	0	0	0	1	1	-1	-8	1
0	0	-1	0	-1	-2	1	0	0	-1	1	0	0	0	1	1	0	0	-4	2	-2	0	0	2	-1	3	0	4	3	2	-1	-1	0	0	0	0	-3	1	-1	1	1	0	-5	5	-3	1	0	0	0	1	-1	1	-2	-1	3	-1	-1	0	0	-1	0	-4	0	0	-1	0
0	0	-1	0	1	1	0	0	0	0	0	2	1	0	1	0	0	-1	-2	0	0	0	0	0	0	3	0	3	1	-1	-2	-1	0	0	0	0	3	0	1	2	0	1	1	7	2	1	0	0	1	0	-1	0	1	-2	-2	-3	1	0	0	1	0	4	-4	-1	-1	2
0	-1	1	0	-2	-1	0	1	0	-1	0	2	1	1	2	1	-2	2	-9	-5	-3	0	0	2	0	3	0	3	3	1	-5	0	0	0	1	0	-5	1	-2	1	0	2	-4	-1	4	-1	-1	0	0	0	-1	0	-1	1	-1	-1	-3	0	0	-1	-1	-1	0	0	-8	1
0	-1	-1	0	0	0	0	0	0	0	-2	1	-1	0	2	1	1	-2	4	-6	-5	-1	0	-3	-1	3	0	2	1	0	-1	0	0	0	0	0	-1	-1	-1	-1	0	-1	-1	-2	-1	1	-2	0	1	0	0	-4	-2	0	0	-2	-3	0	0	-2	1	-4	-1	0	-4	0
0	1	2	0	0	1	0	0	1	0	0	-2	1	1	0	-1	-1	0	0	-2	0	0	0	0	2	3	0	0	5	-6	-5	2	0	0	-1	-1	2	0	-4	0	0	-1	-2	3	0	0	2	0	1	0	1	-1	2	0	0	-3	-3	1	-2	0	-2	1	-7	0	-6	2
0	0	0	0	1	-1	1	1	0	-1	0	0	2	1	0	0	-3	-2	-3	4	-3	0	0	2	-2	0	0	7	6	0	1	-2	1	0	2	0	-1	-2	-2	0	0	-1	-3	-2	1	0	1	0	0	1	-3	-1	2	1	0	0	3	0	0	0	0	-3	1	2	-11	1
66
15
0	37918	37084	40016	38526	35916	38409	38840	37649	39168	37433	36905	37185	37800	38190	40031	37293	17646	24552	18182	18259	1748	1363	24316	6048	17495	7253	25571	26113	23416	17991	21034	6128	2112	6095	6323	23888	5158	18641	24561	6167	23997	26401	26194	17497	17387	18908	7316	7458	2726	23730	22745	23442	4400	3412	15604	20958	612	1156	23516	6748	5531	20585	6735	18187	25932	
38343	9.99999e+008	1283	5179	2912	2086	2536	922	2099	9094	6991	6030	5792	6201	4403	8570	6521	20552	15316	19916	19876	37229	37633	16110	32939	20726	34025	14650	15006	16961	20610	17254	37006	36967	32926	37534	16283	35805	19721	17302	34468	15871	13638	14198	20933	20944	19575	34139	31522	36985	16586	17262	16655	37094	37601	22299	17594	37810	37577	16847	32879	37099	18445	32406	19953	15508	
37422	1267	9.99999e+008	4362	1629	1268	1719	2189	3191	8277	6174	5213	4975	5318	3520	7687	5704	19631	14684	18995	18955	36308	36712	15500	32018	19805	33104	14511	14867	16329	19689	16333	36085	36046	32005	36613	15651	34884	18800	17163	33547	15239	13499	14059	20012	20023	18654	33218	30743	36064	15954	16630	16023	36173	36680	21378	16673	36889	36656	16215	31958	36178	17524	31485	19032	15369	
41036	5119	4165	9.99999e+008	4197	5124	2612	6041	7044	5284	4500	3539	3299	2686	2034	4236	4030	23331	18279	22695	22655	39923	40326	17812	35212	23505	36466	18366	18722	18895	23389	20033	39447	39660	35162	39975	18129	38246	22500	21018	36910	18284	17354	17914	23712	23723	22354	36582	33469	39426	18532	19209	18958	39535	40380	25078	19666	40503	40271	19071	35320	39539	21224	34847	22732	19224	
38415	2260	1181	3434	9.99999e+008	2263	2268	3182	4184	8718	6698	5739	5457	5866	4068	7670	6228	20624	15677	19988	19948	37301	37705	16493	33011	20798	34097	15504	15860	17322	20682	17326	37078	37039	32998	37606	16644	35877	19793	18156	34540	16232	14492	15052	21005	21016	19647	34211	31736	37057	16947	17623	17016	37166	37673	22371	17666	37882	37649	17208	32951	37171	18517	32478	20025	16362	
36257	2002	1239	5136	2680	9.99999e+008	2493	2924	3732	8481	6333	5473	5749	6158	4360	8527	5861	18466	13519	17830	17790	35143	35547	14335	30853	18640	31939	13346	13702	15164	18524	15168	34920	34881	30840	35448	14486	33719	17635	15998	32382	14074	12334	12894	18847	18858	17489	32053	29578	34899	14789	15465	14858	35008	35515	20213	15508	35724	35491	15050	30793	35013	16359	30320	17867	14204	
38769	2507	1680	2643	2863	2512	9.99999e+008	3429	4432	6558	4455	3494	3256	3665	1867	6034	3985	20978	15926	20342	20302	37655	38059	16742	33365	21152	34451	15754	16110	17571	21036	17680	37432	37393	33352	37960	16893	36231	20147	18406	34894	16481	14742	15302	21359	21370	20001	34565	32090	37411	17196	17872	17265	37520	38027	22725	18020	38236	38003	17457	33305	37525	18871	32832	20379	16612	
39309	966	2249	5755	2321	3052	3502	9.99999e+008	2380	10060	7957	6996	6758	7167	5369	9536	7487	21518	16282	20882	20842	38195	38599	17076	33905	21692	34991	15616	15972	17927	21576	18220	37972	37933	33892	38500	17249	36771	20687	18268	35434	16837	14604	15164	21899	21910	20541	35105	32488	37951	17552	18228	17621	38060	38567	23265	18560	38776	38543	17813	33845	38065	19411	33372	20919	16474	
38072	1368	2477	6374	3604	3454	3731	1283	9.99999e+008	10289	8186	7225	6987	7396	5598	9765	7716	20831	14299	20196	20156	36959	37362	15093	32248	21005	33502	13633	13989	15944	20889	17534	36483	36696	32198	37011	15266	35282	20001	16285	33946	14854	12621	13181	21213	21224	19855	33618	30505	36462	15569	16245	15638	36571	37647	22579	17873	37539	37307	15830	32356	36575	19536	31883	20233	14491	
40635	8980	8188	5269	9328	8587	6508	9902	10710	9.99999e+008	2664	3064	3344	3959	4799	1049	2620	22843	19327	22207	22168	39521	39925	18860	35230	23017	36316	18557	18913	19943	22901	19546	39297	39259	35217	39825	19177	38096	22013	21209	36759	19331	17545	18105	23224	23236	21866	36430	33955	39276	19579	20257	20006	39385	39893	24591	19179	40102	39869	20118	35170	39390	20736	34697	22244	19415	
38484	6832	6085	4542	7225	6439	4405	7754	8562	2664	9.99999e+008	961	1241	1856	2696	3713	517	20693	17177	20057	20017	37370	37774	16710	33080	20867	34166	16407	16763	17793	20751	17395	37147	37108	33067	37675	17027	35946	19862	19059	34609	17181	15395	15955	21074	21085	19716	34280	31805	37126	17429	18107	17856	37235	37742	22440	17029	37951	37718	17968	33020	37240	18586	32547	20094	17265	
37627	5951	5124	3583	6264	5580	3444	6873	7702	3064	961	9.99999e+008	282	895	1735	4113	491	19835	16319	19200	19160	36513	36917	15852	32223	20009	33309	15549	15905	16935	19893	16538	36290	36251	32210	36818	16169	35089	19005	18201	33752	16324	14537	15097	20217	20228	18858	33423	30948	36269	16571	17249	16998	36378	36885	21583	16171	37094	36861	17111	32163	36383	17729	31690	19237	16407	
37907	5713	4886	3301	6025	5718	3206	6635	7638	3344	1241	282	9.99999e+008	655	1497	4340	771	20115	16599	19480	19440	36793	37197	16132	32503	20289	33589	15829	16185	17215	20173	16818	36570	36531	32490	37098	16449	35369	19285	18481	34032	16604	14817	15377	20497	20508	19138	33703	31228	36549	16851	17529	17278	36658	37165	21863	16451	37374	37141	17391	32443	36663	18009	31970	19517	16687	
38521	6189	5362	2688	6502	6194	3682	7111	8114	3959	1856	895	655	9.99999e+008	1973	3727	1386	20730	17214	20094	20054	37407	37811	16747	33117	20904	34203	16444	16800	17830	20788	17432	37184	37145	33104	37712	17064	35983	19899	19096	34646	17218	15432	15992	21111	21122	19753	34317	31842	37163	17466	18144	17893	37272	37779	22477	17066	37988	37755	18005	33057	37277	18623	32584	20131	17302	
39547	4837	3969	2161	5150	4770	2330	5759	6762	4984	2881	1920	1682	1798	9.99999e+008	4167	2411	21755	17080	21120	21080	38433	38837	16613	34013	21929	35229	17469	17825	17696	21813	18458	38210	38171	33963	38738	16930	37009	20925	19942	35672	17085	16457	17017	22137	22148	20778	35343	32270	38189	17333	18010	17759	38298	38805	23503	18091	39014	38781	17872	34083	38303	19649	33610	21157	18327	
40789	8569	7701	4220	8417	8574	6062	9491	10494	1049	3713	4113	4393	3803	5776	9.99999e+008	3669	22998	19478	22362	22322	39675	40079	19011	35385	23172	36471	18708	19064	20094	23056	19700	39452	39413	35372	39980	19328	38251	22167	21360	36914	19483	17696	18256	23379	23390	22021	36585	34110	39431	19731	20408	20157	39540	40047	24745	19333	40256	40023	20270	35325	39545	20891	34852	22399	19566	
38015	6360	5615	4072	6755	5967	3935	7282	8090	2620	517	491	771	1386	2226	3669	9.99999e+008	20223	16707	19587	19548	36901	37305	16240	32610	20397	33696	15937	16293	17323	20281	16926	36677	36639	32597	37205	16557	35476	19393	18589	34139	16711	14925	15485	20604	20616	19246	33810	31335	36656	16959	17637	17386	36765	37273	21971	16559	37482	37249	17498	32550	36770	18116	32077	19624	16795	
18203	20484	19650	22583	21092	18482	20975	21406	20215	21734	20000	19472	19752	20367	20756	22597	19860	9.99999e+008	8037	1143	813	17090	17494	7718	12582	174	13668	9056	9597	6964	702	3600	16649	16827	12569	17177	7080	15448	1207	10488	14111	7992	9886	9677	576	396	1957	13782	11307	16628	7723	7572	7435	16737	17461	2161	3525	17671	17438	7672	12522	16742	3515	12049	541	10521	
23773	14838	15400	16924	16842	14231	16654	15038	13755	18017	16282	15744	16024	16639	15097	18879	16132	7942	9.99999e+008	8099	7306	22660	23063	816	17949	8116	19203	1579	2121	1645	8000	8353	22184	22397	17899	22712	967	20983	7930	3412	19647	555	1849	2202	8323	8335	8682	19319	16206	22163	1270	1946	1339	22272	23348	9690	8692	23240	23008	1531	18057	22276	10355	17584	7343	3045	
18739	19919	19085	22017	20527	17917	20410	20841	19650	21169	19434	18907	19187	19801	20191	22032	19294	1112	8036	9.99999e+008	797	17626	18030	7717	13535	1125	14621	9054	9595	6964	906	3035	17602	17363	13522	18130	7078	16401	642	10488	15064	7992	9885	9676	1529	1342	898	14735	12260	17384	7724	7572	7436	17690	17997	2697	2960	18207	17974	7672	13475	17695	2577	13002	874	10519	
18670	19901	19068	22000	20510	17899	20392	20823	19632	21152	19417	18889	19169	19784	20173	22014	19277	879	7239	793	9.99999e+008	17556	17960	6920	13421	1053	14507	8257	8798	6167	937	3018	17488	17294	13408	18016	6281	16287	624	9691	14950	7195	9088	8879	1415	1271	1376	14621	12146	17315	6927	6775	6639	17576	17928	2626	2942	18137	17904	6875	13361	17581	3370	12888	280	9722	
1386	36917	36083	39015	37525	34915	37408	37839	36648	38167	36432	35904	36184	36799	37189	39030	36292	16645	23551	17181	17258	9.99999e+008	1482	23314	5047	16494	6252	24570	25112	22415	16990	20033	5357	679	5093	5568	22886	4157	17640	23559	5166	22996	25400	25193	16496	16386	17907	6315	6455	1725	22729	21744	22441	3645	2950	14603	19957	1465	348	22515	5747	4776	19584	5734	17186	24930	
1535	37252	36418	39350	37860	35250	37743	38174	36983	38502	36767	36239	36519	37134	37524	39365	36627	16980	23886	17516	17593	1634	9.99999e+008	23649	5382	16829	7228	24905	25447	22750	17325	20368	6909	2313	5428	7104	23221	5791	17975	23894	5308	23331	25735	25528	16831	16721	18242	7949	6791	3359	23064	22079	22775	5181	4194	14938	20292	2147	1484	22850	6082	6312	19919	6069	17521	25265	
23564	15644	16206	17730	17648	15037	17460	15844	14561	17978	16243	15706	15986	16600	15903	18841	16093	7632	806	7789	6996	22451	22854	9.99999e+008	17740	7806	18994	1825	2366	1423	7689	8299	21975	22188	17690	22503	657	20774	7620	3670	19438	813	2655	2446	8013	8024	8372	19110	15997	21954	1061	1737	1485	22063	23139	9379	8639	23031	22799	1598	17848	22067	10301	17375	7033	3290	
5921	32636	31802	34735	33244	30634	33127	33558	32367	33886	32152	31624	31904	32519	32908	34749	32012	12395	18842	13348	12965	4807	5211	18606	9.99999e+008	12223	1864	19861	20403	17706	12975	15752	4843	4545	52	5371	18178	3644	13359	18517	2306	18287	20691	20484	11819	12286	14109	3023	1679	4566	18020	17035	17927	4931	5496	11468	15677	5388	5155	17970	718	4936	15751	687	12693	19888	
18052	20658	19824	22757	21266	18656	21149	21580	20389	21908	20174	19646	19926	20541	20930	22771	20034	174	8211	1125	987	16938	17342	7892	12410	9.99999e+008	13496	9230	9771	7138	876	3774	16477	16676	12397	17005	7254	15276	1381	10662	13939	8166	10060	9851	404	248	2023	13610	11135	16456	7897	7746	7609	16565	17310	2010	3699	17519	17286	7846	12350	16570	3528	11877	715	10695	
7364	33822	32988	35921	34430	31820	34313	34744	33553	35072	33338	32810	33090	33705	34094	35935	33198	13581	20028	14534	14151	6257	7075	19792	1864	13409	9.99999e+008	21047	21493	18892	14161	16938	3925	5995	1851	4453	19364	2409	14545	19387	3393	19473	21877	21572	13005	13472	15295	1693	2865	4625	19206	18221	18968	5003	5850	12655	16863	6831	6605	19012	1291	5008	16937	1804	13879	20758	
24779	14674	15235	16759	16677	14067	16489	14874	13591	17852	16117	15580	15860	16475	14933	18715	15968	8959	1597	9116	8323	23666	24069	1833	18955	9133	20209	9.99999e+008	542	2651	9017	8499	23190	23403	18905	23718	1984	21989	8947	2902	20653	1561	1012	623	9340	9352	9699	20325	17212	23169	2276	2952	2345	23278	24354	10707	8839	24246	24014	2536	19063	23282	10501	18590	8360	1466	
25321	15030	15591	17115	17033	14423	16845	15230	13947	18208	16473	15936	16216	16831	15289	19071	16324	9501	2139	9658	8865	24208	24611	2375	19497	9675	20751	542	9.99999e+008	3193	9559	9041	23732	23945	19447	24260	2526	22531	9489	2609	21195	2103	1368	979	9882	9894	10241	20867	17754	23711	2818	3494	2887	23820	24896	11249	9381	24788	24556	3078	19605	23824	11043	19132	8902	924	
22437	16421	16983	18507	18425	15814	18237	16621	15338	18998	17263	16726	17006	17621	16680	19861	17114	7128	1583	7284	6491	21324	21727	1345	16613	7302	17867	2602	3144	9.99999e+008	7186	8822	20848	21061	16563	21376	1064	19647	7115	3524	18311	1028	3432	3225	7509	7521	7867	17983	14870	20827	760	610	472	20936	22012	8876	9162	21904	21672	708	16721	20940	9861	16248	6529	4068	
18686	19927	19093	22026	20535	17925	20418	20849	19658	21177	19443	18915	19195	19809	20199	22040	19303	895	7493	819	269	17572	17976	7175	13282	1069	14368	8512	9053	6420	9.99999e+008	3043	17349	17310	13269	17877	6536	16148	650	9944	14811	7448	9342	9133	1276	1288	1400	14482	12007	17328	7179	7028	6891	17437	17944	2643	2968	18153	17920	7128	13222	17442	3396	12749	296	9977	
21089	17978	17144	19428	18586	15976	18469	18365	17082	18580	16845	16317	16597	17212	17601	19443	16705	3298	8847	2662	2622	19975	20379	8382	15685	3472	16771	8581	9123	8789	3356	9.99999e+008	19752	19713	15672	20280	8903	18551	2467	10630	17214	8853	7960	8520	3679	3690	2321	16885	14410	19731	9101	9397	9261	19840	20347	5045	370	20556	20323	9497	15625	19845	2105	15152	2699	9830	
6336	36914	36080	39013	37522	34912	37405	37836	36645	38164	36430	35902	36182	36797	37186	39027	36290	16673	23120	17626	17243	5235	6717	22883	4846	16501	3914	24139	24681	21984	17253	20030	9.99999e+008	5025	4833	528	22455	1516	17637	22785	3582	22565	24969	24762	16097	16564	18387	3977	5956	3655	22298	21313	22009	1761	2973	15746	19954	5803	5583	22246	4817	1354	20029	4786	16971	24156	
2350	36238	35404	38336	36846	34236	36729	37160	35969	37488	35753	35225	35505	36120	36510	38351	35613	15966	22872	16502	16579	1236	2718	22635	4368	15815	5573	23891	24433	21736	16311	19354	4678	9.99999e+008	4414	4889	22207	3478	16961	22880	4487	22317	24721	24514	15817	15707	17228	5636	5776	1046	22050	21065	21762	2966	2271	13924	19278	1817	1584	21836	5068	4097	18905	5055	16507	24251	
5973	32584	31750	34683	33192	30582	33075	33506	32315	33834	32100	31572	31852	32467	32856	34697	31960	12344	18791	13297	12913	4859	5263	18554	52	12172	1851	19810	20352	17655	12924	15700	4830	4597	9.99999e+008	5358	18126	3631	13307	18466	2293	18236	20640	20433	11768	12235	14057	3010	1627	4618	17968	16983	17875	4918	5548	11417	15625	5440	5207	17918	705	4923	15700	674	12641	19837	
6328	37442	36608	39541	38050	35440	37933	38364	37173	38692	36958	36430	36710	37325	37714	39555	36818	17201	23648	18154	17771	5763	7092	23411	5374	17029	4442	24667	25209	22512	17781	20558	528	5553	5361	9.99999e+008	22983	2044	18165	23313	4110	23093	25497	25290	16625	17092	18915	4505	6484	4183	22826	21841	22537	1955	3167	16274	20482	5795	5958	22774	5345	1548	20557	5314	17499	24684	
23201	15796	16358	17882	17800	15189	17612	15996	14713	18290	16555	16018	16298	16913	16055	19153	16406	6975	958	7132	6339	22088	22491	639	17377	7149	18631	1976	2517	766	7033	8612	21612	21825	17327	22140	9.99999e+008	20411	6963	3821	19075	964	2807	2598	7356	7368	7715	18747	15634	21591	1212	1374	1238	21700	22776	8723	8951	22668	22436	1474	17485	21704	9709	17012	6376	3441	
5171	35742	34908	37841	36350	33740	36233	36664	35473	36992	35258	34730	35010	35625	36014	37855	35118	15499	21948	16452	16069	4064	5546	21712	3674	15327	2398	22967	23509	20812	16079	18858	1516	3801	3661	2044	21284	9.99999e+008	16465	21591	2409	21393	23797	23590	14923	15390	17215	2461	4785	2483	21126	20141	20838	2594	3708	14574	18783	4638	4412	21075	3645	2599	18855	3615	15799	22962	
18797	19755	18921	21853	20363	17753	20246	20677	19486	21005	19270	18742	19022	19637	20027	21868	19130	1006	7571	647	332	17684	18087	7252	13393	1180	14479	8589	9130	6499	1064	2871	17460	17421	13380	17988	6613	16259	9.99999e+008	10023	14922	7527	9420	9211	1387	1399	1228	14593	12118	17439	7259	7107	6971	17548	18055	2754	2795	18264	18032	7207	13333	17553	3224	12860	407	10054	
25315	16785	17889	19413	19306	16721	19143	16985	15702	20506	18771	18234	18514	19129	17587	21369	18622	10367	3647	10523	9730	24202	24605	3883	19491	10541	20745	2903	2609	3465	10425	10549	23726	23939	19441	24254	4035	22525	10354	9.99999e+008	21189	3611	3666	3106	10749	10760	11106	20656	17748	23705	3571	3764	3055	23814	24890	12115	10889	24782	24550	2818	19599	23818	12551	19126	9769	1796	
6244	34339	33505	36438	34947	32337	34830	35261	34070	35589	33855	33327	33607	34222	34611	36452	33715	14098	20545	15051	14668	5137	5300	20308	2272	13926	3389	21564	22106	19409	14678	17455	3578	4875	2260	4106	19880	2377	15062	20210	9.99999e+008	19990	22394	22187	13522	13989	15812	4535	3381	3557	19723	18738	19434	3665	4782	13173	17380	5712	5485	19671	2243	3669	17454	2213	14396	21581	
23218	15393	15955	17479	17397	14786	17209	15593	14310	18466	16731	16193	16473	17088	15652	19328	16581	7858	555	8014	7221	22105	22508	814	17394	8032	18648	1574	2116	1090	7916	8787	21629	21842	17344	22157	884	20428	7845	2857	19092	9.99999e+008	2404	2197	8240	8251	8597	18764	15651	21608	715	1391	800	21717	22793	9606	9127	22685	22453	991	17502	21721	10591	17029	7260	3040	
25622	13662	14223	15747	15665	13055	15477	13862	12579	16840	15105	14568	14848	15463	13921	17703	14956	9791	1849	9948	9155	24509	24912	2472	19798	9965	21052	1012	1368	3494	9849	7876	24033	24246	19748	24561	2816	22832	9779	3664	21496	2404	9.99999e+008	560	10172	10184	10197	21168	18055	24012	3119	3795	3188	24121	25197	11539	8216	25089	24857	3380	19906	24125	9878	19433	9192	1870	
25402	14067	14783	16307	16225	13615	16037	14267	12984	17400	15665	15128	15408	16023	14481	18263	15516	9582	2219	9739	8946	24289	24692	2456	19578	9756	20832	623	979	3274	9640	8436	23813	24026	19528	24341	2607	22612	9570	3104	21276	2184	560	9.99999e+008	9963	9975	10322	20948	17835	23792	2899	3575	2968	23901	24977	11330	8776	24869	24637	3159	19686	23905	10438	19213	8983	1310	
17927	20939	20105	23038	21547	18937	21430	21861	20670	22189	20455	19927	20207	20822	21211	23052	20315	576	8492	1529	1268	16813	17217	8174	12006	404	13092	9511	10052	7419	1156	4055	16073	16551	11993	16601	7535	14872	1662	10943	13535	8447	10341	10132	9.99999e+008	467	2412	13206	10731	16052	8179	8027	7890	16161	17214	2037	3980	17394	17161	8127	11946	16166	3932	11473	996	10976	
17946	20880	20046	22979	21488	18878	21371	21802	20611	22130	20396	19868	20148	20763	21152	22993	20256	396	8433	1342	1209	16832	17236	8114	12473	248	13559	9452	9993	7360	1098	3996	16540	16570	12460	17068	7476	15339	1603	10884	14002	8388	10282	10073	467	9.99999e+008	2068	13673	11198	16519	8119	7968	7831	16628	17204	1902	3921	17413	17180	8068	12413	16633	3745	11940	937	10917	
19637	20114	19280	22008	20722	18112	20605	20634	19351	21160	19425	18897	19177	19792	20181	22022	19285	2010	8625	898	1386	18524	18928	8306	14433	2023	15519	9643	10184	7553	1804	3026	18500	18261	14420	19028	7667	17299	1231	11077	15962	8581	10474	10265	2427	2240	9.99999e+008	15633	13158	18282	8313	8161	8025	18588	18895	3595	2950	19105	18872	8261	14373	18593	2306	13900	1461	11108	
7471	33566	32732	35665	34174	31564	34057	34488	33297	34816	33082	32554	32834	33449	33838	35679	32942	13325	19772	14278	13895	6312	7794	19536	3143	13153	1382	20791	21237	18636	13905	16682	4030	6050	3130	4558	19108	2514	14289	19130	4672	19217	21621	21316	12749	13216	15039	9.99999e+008	2609	4732	18950	17965	18712	4841	5957	12398	16607	6938	6660	18755	2425	4846	16681	2976	13623	20501	
7567	31537	30703	33636	32145	29535	32028	32459	31268	32787	31053	30525	30805	31420	31809	33650	30913	11296	17743	12249	11866	6454	6857	17506	1743	11124	2997	18762	19304	16607	11876	14653	5978	6191	1693	6506	17078	4777	12260	17767	3441	17188	19592	19385	10720	11187	13010	3113	9.99999e+008	5957	16921	15936	16633	6066	7142	10369	14577	7034	6802	16707	1851	6070	14652	1378	11594	19138	
2739	36721	35887	38819	37329	34719	37212	37643	36452	37971	36236	35708	35988	36603	36993	38834	36096	16449	23355	16985	17062	1632	3114	23118	4851	16298	4600	24374	24916	22219	16794	19837	3705	1370	4897	4033	22690	2504	17444	22847	3515	22800	25204	24997	16299	16190	17711	4662	5890	9.99999e+008	22532	21548	22244	2110	1225	14407	19761	2206	1980	22318	4751	3241	19388	4720	16990	24218	
22976	16108	16670	18194	18112	15501	17924	16308	15025	18686	16951	16414	16694	17309	16367	19549	16802	7976	1270	8132	7339	21863	22266	1033	17152	8150	18406	2289	2831	848	8034	9006	21387	21600	17102	21915	1104	20186	7963	3552	18850	715	3119	2912	8357	8369	8715	18522	15409	21366	9.99999e+008	1149	898	21475	22551	9724	9346	22443	22211	1011	17260	21479	10709	16787	7377	3755	
21827	16866	17428	18952	18870	16259	18682	17066	15783	19443	17708	17170	17450	18065	17125	20305	17558	6888	2028	7044	6251	20714	21117	1791	16003	7062	17257	3047	3589	892	6946	8855	20238	20451	15953	20766	1437	19037	6875	3751	17701	1473	3877	3670	7464	7281	7627	17373	14260	20217	1205	9.99999e+008	892	20326	21402	8877	9193	21294	21062	935	16111	20330	9621	15638	6289	4513	
22632	16177	16739	18263	18181	15570	17993	16377	15094	19153	17418	16880	17160	17775	16436	20015	17268	7313	1339	7469	6676	21519	21922	1502	16808	7487	18062	2358	2900	703	7371	9008	21043	21256	16758	21571	1249	19842	7300	3053	18506	800	3188	2981	7694	7706	8052	18178	15065	21022	916	805	9.99999e+008	21131	22207	9061	9347	22099	21867	237	16916	21135	10046	16443	6714	3824	
5142	36914	36080	39013	37522	34912	37405	37836	36645	38164	36430	35902	36182	36797	37186	39027	36290	16673	23120	17626	17243	4154	5636	22883	4846	16501	4666	24139	24681	21984	17253	20030	1728	3892	4833	1923	22455	2570	17637	22785	3582	22565	24969	24762	16097	16564	18387	4728	5956	2522	22298	21313	22009	9.99999e+008	1477	15746	19954	4609	4502	22246	4817	1131	20029	4786	16971	24156	
3784	37766	36932	39864	38374	35764	38257	38688	37497	39016	37281	36753	37033	37648	38038	39879	37141	17494	24224	18030	18107	2677	4159	23987	5896	17343	5645	25243	25785	23088	17839	20882	2832	2415	5937	3027	23559	3549	18489	23889	4560	23669	26073	25866	17201	17235	18756	5707	6935	1045	23402	22417	23113	1104	9.99999e+008	15452	20806	3251	3025	23350	5796	2235	20433	5765	18035	25260	
16504	22314	21480	24412	22922	20312	22805	23236	22045	23564	21829	21301	21581	22196	22586	24427	21689	2042	9880	2578	2655	15390	15794	9561	12032	1891	13118	10898	11439	8806	2387	5430	16098	15128	12019	16626	8922	14898	3037	12330	13560	9834	11729	11520	1920	1785	3304	13232	10757	15149	9566	9415	9278	16187	15762	9.99999e+008	5354	15971	15738	9514	11972	16192	4981	11499	2583	12363	
21647	17608	16774	19706	18216	15606	18099	18530	17339	18858	17123	16596	16876	17490	17880	19721	16983	3856	9104	3220	3180	20533	20937	8639	16243	4030	17329	8839	9381	9239	3914	558	20310	20271	16230	20838	9296	19109	3025	10887	17772	9111	8217	8777	4237	4248	2879	17443	14968	20289	9358	9849	9711	20398	20905	5603	9.99999e+008	21114	20881	9947	16183	20403	1735	15710	3257	10087	
690	37609	36775	39707	38217	35607	38100	38531	37340	38859	37124	36596	36876	37491	37881	39722	36984	17337	24243	17873	17950	1136	2036	24007	5737	17186	6944	25262	25804	23107	17682	20725	5817	1801	5784	6012	23579	4849	18332	24250	5858	23688	26092	25885	17188	17078	18599	7007	7147	2417	23421	22436	23133	4089	3101	15295	20649	9.99999e+008	679	23207	6437	5220	20276	6424	17878	25621	
1038	37342	36508	39440	37950	35340	37833	38264	37073	38592	36857	36329	36609	37224	37614	39455	36717	17070	23976	17606	17683	814	1595	23739	5472	16919	6849	24995	25537	22840	17415	20458	5954	1276	5518	6165	23311	4754	18065	23984	5763	23421	25825	25618	16921	16811	18332	6912	6882	2322	23154	22169	22866	4242	3375	15028	20382	1117	9.99999e+008	22940	6172	5373	20009	6159	17611	25355	
22867	16369	16931	18455	18373	15762	18185	16569	15286	19344	17609	17072	17352	17967	16628	20207	17460	7549	1531	7705	6912	21754	22157	1693	17043	7723	18297	2549	3091	940	7607	9244	21278	21491	16993	21806	1485	20077	7536	2816	18741	991	3380	3172	7931	7942	8288	18413	15300	21257	1107	1040	237	21366	22442	9297	9584	22334	22102	9.99999e+008	17151	21370	10282	16678	6951	3665	
6639	32531	31697	34630	33139	30529	33022	33453	32262	33781	32047	31519	31799	32414	32803	34644	31907	12290	18737	13243	12860	5525	5929	18501	718	12118	1291	19756	20202	17601	12870	15647	4783	5263	705	5311	18073	3584	13254	18096	2247	18182	20586	20281	11714	12181	14004	2305	1574	4762	17915	16930	17677	4872	5987	11364	15572	6106	5873	17721	9.99999e+008	4876	15646	658	12588	19467	
5174	37013	36179	39112	37621	35011	37504	37935	36744	38263	36529	36001	36281	36896	37285	39126	36389	16771	23219	17724	17341	4690	5939	22983	4946	16599	4765	24238	24780	22083	17351	20129	1392	4428	4933	1587	22555	2670	17736	22885	3681	22664	25068	24861	16195	16662	18486	4828	6056	3058	22397	21412	22109	930	2013	15846	20054	4641	4804	22346	4917	9.99999e+008	20127	4886	17070	24256	
21316	18459	17626	20558	19068	16457	18950	19381	19002	19710	17975	17447	17727	18342	18731	20572	17835	3515	10613	2577	3374	20203	20607	10294	15938	3528	17024	10501	11043	9541	3309	2219	20005	19940	15925	20533	9655	18804	3219	12550	17467	10569	9880	10440	3932	3745	2644	17138	14663	19961	10301	10149	10013	20093	20574	5100	1735	20784	20551	10249	15878	20098	9.99999e+008	15405	3451	11750	
6454	32601	31767	34700	33209	30599	33092	33523	32332	33851	32117	31589	31869	32484	32873	34714	31977	12358	18805	13311	12928	5340	5744	18569	533	12186	1619	19824	20366	17669	12938	15717	4600	5078	520	5128	18141	3399	13324	18472	2063	18250	20654	20447	11782	12249	14074	2778	1643	4579	17983	16998	17695	4688	5804	11433	15641	5921	5688	17932	473	4693	15714	9.99999e+008	12658	19843	
18689	19943	19109	22042	20551	17941	20434	20865	19674	21193	19459	18931	19211	19826	20215	22056	19319	898	7496	835	272	17576	17980	7178	13285	1072	14371	8515	9056	6423	956	3059	17352	17313	13272	17880	6539	16151	666	9947	14814	7451	9345	9136	1279	1291	1416	14485	12010	17331	7183	7031	6894	17440	17947	2646	2984	18157	17924	7131	13225	17445	3412	12752	9.99999e+008	9980	
26245	14989	16093	17617	17510	14925	17347	15189	13906	18710	16975	16438	16718	17333	15791	19573	16826	10425	3063	10582	9789	25132	25535	3299	20421	10599	21675	1466	924	4117	10483	9746	24656	24869	20371	25184	3450	23455	10413	1794	22119	3027	1870	1310	10806	10818	11165	21791	18678	24635	3742	4418	3811	24744	25820	12173	10086	25712	25480	3665	20529	24748	11748	20056	9826	9.99999e+008	
0.2
0.2