90																																																																																										
999999	25	30	15	31	37	23	19	15	23	15	19	19	19	29	15	14	27	24	16	22	19	15	14	15	15	15	11	19	15	15	15	23	19	15	19	15	10	11	15	15	19	18	19	19	15	11	11	15	11	11	15	15	19	15	15	13	15	19	15	19	19	19	13	18	15	14	12	15	15	11	19	15	27	23	19	19	23	18	15	11	25	30	15	31	37	23	19	15	23	
0	15	10	8	15	20	11	10	8	9	2	9	12	10	10	14	2	7	6	7	8	9	11	14	15	15	14	9	19	15	13	7	15	7	11	0	15	9	7	7	12	11	14	13	15	7	7	7	5	8	6	4	9	8	6	4	7	9	19	9	10	10	4	6	18	5	7	8	8	7	5	3	11	7	14	11	3	5	3	5	6	15	10	9	16	20	11	9	8	9	
91																																																																																										
0.010989011	0.010989011	0.010989011	0.010989011	0.010989011	0.010989011	0.010989011	0.010989011	0.010989011	0.010989011	0.010989011	0.010989011	0.010989011	0.010989011	0.010989011	0.010989011	0.010989011	0.010989011	0.010989011	0.010989011	0.010989011	0.010989011	0.010989011	0.010989011	0.010989011	0.010989011	0.010989011	0.010989011	0.010989011	0.010989011	0.010989011	0.010989011	0.010989011	0.010989011	0.010989011	0.010989011	0.010989011	0.010989011	0.010989011	0.010989011	0.010989011	0.010989011	0.010989011	0.010989011	0.010989011	0.010989011	0.010989011	0.010989011	0.010989011	0.010989011	0.010989011	0.010989011	0.010989011	0.010989011	0.010989011	0.010989011	0.010989011	0.010989011	0.010989011	0.010989011	0.010989011	0.010989011	0.010989011	0.010989011	0.010989011	0.010989011	0.010989011	0.010989011	0.010989011	0.010989011	0.010989011	0.010989011	0.010989011	0.010989011	0.010989011	0.010989011	0.010989011	0.010989011	0.010989011	0.010989011	0.010989011	0.010989011	0.010989011	0.010989011	0.010989011	0.010989011	0.010989011	0.010989011	0.010989011	0.010989011	0.010989011
0	-9	0	-8	-6	-2	12	1	-6	4	7	1	4	-5	11	-13	-2	4	18	4	0	0	-5	-3	-3	-15	-2	-3	-19	-12	-5	-4	-5	1	-4	0	-12	-3	0	0	-3	-8	-5	-4	-3	1	0	-7	10	-5	2	9	-5	3	1	-1	0	0	-3	-3	-2	0	-2	2	-5	3	3	-8	1	0	5	10	-5	17	-3	-1	-1	5	4	5	-6	-9	0	-9	-6	-2	12	1	-6	4	
0	-2	-5	3	8	-8	9	-3	-4	1	9	0	7	-10	3	-11	1	2	18	1	0	0	-3	-8	-6	-12	-14	-7	-17	-10	-5	-4	-3	0	0	0	-15	-5	-2	-4	-2	-1	-3	-6	-6	4	-2	1	10	-2	-1	11	-2	-7	3	0	0	-7	-4	2	3	-5	8	5	-18	-4	0	-3	-8	-7	2	12	-10	6	6	-11	10	8	-1	9	-6	-2	-5	3	8	-8	9	-3	-4	1	
0	3	6	-3	0	10	12	-4	1	0	9	-5	-11	-2	4	-11	11	3	18	2	0	0	0	-7	0	-6	-5	-3	-19	-15	-6	0	-9	3	-11	0	-15	-8	-5	-2	-4	-2	-3	-8	-2	-1	-2	-4	0	-1	-6	-3	-2	0	2	1	0	-2	-17	-4	1	1	12	3	-18	8	-1	-8	-5	-6	-5	7	-5	4	-9	0	14	-5	-3	-5	-5	3	6	-3	0	10	12	-4	1	0	
0	-15	7	-3	-2	3	2	-6	1	-2	13	-1	-7	-4	10	-12	11	4	17	1	0	0	-8	-4	-15	-9	-10	-2	-19	-12	-5	-1	-11	0	-4	0	-14	0	-4	0	-1	-1	-2	-1	0	-1	-4	-4	2	-3	4	-2	0	0	9	0	1	-6	-9	1	-4	2	8	-6	-18	10	-4	-1	-8	6	6	4	-1	20	-5	4	12	-4	1	-1	5	-15	7	-3	-2	3	2	-6	1	-2	
0	-6	2	-8	-7	12	8	-2	1	-9	13	-9	0	-5	-10	-4	12	4	6	0	0	0	3	-10	-7	-8	-6	-6	-19	-9	-5	-3	-2	11	-6	0	-13	-9	0	-4	-4	1	-9	-2	-1	0	0	-3	0	-2	0	-4	3	-6	-5	1	1	-7	-9	-1	-1	1	-3	-2	-12	1	-4	-6	7	8	-2	-2	-11	-1	-4	-11	4	-5	4	8	-6	-6	2	-9	-7	12	8	-2	1	-9	
0	1	-9	-2	-3	-1	1	4	3	-3	13	6	-2	-2	3	-6	5	19	15	0	0	0	-3	-7	-1	-7	0	-9	-17	-15	-1	1	-6	8	-7	0	-13	1	1	2	1	1	-9	-2	-3	7	-2	-1	-5	-4	-6	-4	1	1	6	0	-1	2	-12	-3	0	-4	15	-4	-10	-5	-6	4	-1	-6	5	14	1	-1	0	4	3	-4	-3	2	5	1	-9	-2	-3	-1	1	4	3	-3	
0	2	-6	-4	12	-18	7	-3	7	-2	1	6	-11	-10	6	-14	9	-2	18	1	0	0	-4	-11	-9	-9	1	-3	-8	-2	-12	-2	-6	4	-5	0	-7	0	-4	0	-7	-5	-10	-7	-9	-2	3	-5	6	-6	-1	11	-2	0	9	-1	-3	1	-13	2	-2	2	7	-6	-2	10	7	0	7	2	0	15	-5	13	-4	-11	2	18	11	8	4	2	-6	-4	12	-18	7	-3	7	-2	
0	-4	20	-3	1	-15	8	0	-5	0	11	0	7	-1	5	-5	12	15	0	4	0	0	2	-1	-8	-15	-7	-9	-19	-8	1	-5	-5	7	-9	0	-3	-9	-5	0	-12	-8	-5	-9	-3	-2	0	2	-5	-6	-1	6	-2	-3	6	0	3	-3	-11	-5	3	2	-4	3	-18	1	6	-5	7	-4	-3	-1	-11	5	9	-11	-1	-5	2	-3	3	-4	20	-3	1	-15	8	0	-5	0	
0	10	7	2	-4	-2	-1	-5	2	-9	5	6	-11	-4	2	-13	12	1	0	-5	0	0	-5	-8	-6	-15	-9	1	-9	-5	-7	0	2	1	-4	0	-4	-8	0	0	-3	-4	-5	-5	-4	7	0	-3	-3	3	-4	11	-7	6	9	-1	-5	0	-11	-1	1	0	15	-5	-18	-1	-2	0	3	-3	-5	6	-8	6	0	-9	4	6	15	-1	1	10	7	2	-4	-2	-1	-5	2	-9	
0	4	6	-1	4	0	-1	3	7	-3	-2	-1	-1	4	6	-6	9	-1	11	0	0	0	-3	-9	-5	-9	-6	0	-17	-15	-7	0	-8	-1	-3	8	-9	-9	-7	3	-7	-4	-8	-6	-4	-6	-2	-3	-3	0	0	-4	2	-7	-1	-1	1	-3	-13	1	1	-4	0	-1	-17	4	6	-7	0	-1	1	4	-3	-1	5	-11	12	3	8	-2	0	4	6	-1	4	0	-1	3	7	-3	
0	-6	-6	-5	3	7	12	-5	-4	9	8	-9	-11	9	15	-6	12	-5	-5	6	0	0	4	-3	-15	-14	-3	-6	-19	-12	-12	-2	-15	-6	-10	0	-12	-9	-2	3	-12	-2	-4	-4	-2	1	-2	-4	9	0	-1	-1	-8	-8	9	1	-2	1	-15	1	-1	4	3	2	-18	-5	-2	2	0	4	-5	12	-10	12	2	0	9	18	15	-5	4	-6	-6	-5	3	7	12	-5	-4	9	
0	-15	-10	-4	3	8	12	-8	-1	0	0	10	0	-10	8	-7	12	9	6	3	0	0	-3	-4	-3	-7	-9	-8	-19	-12	-8	-2	-5	8	-5	11	-15	-9	4	-1	-7	-1	-11	-4	-7	5	-5	-1	1	0	-6	-4	-3	10	3	0	2	2	-9	1	2	-1	-4	5	-10	3	2	-4	7	8	6	12	-7	19	0	1	16	-5	-3	4	5	-15	-10	-4	3	8	12	-8	-1	0	
0	-15	10	-3	-6	-20	8	9	5	3	-2	10	-2	-1	-9	1	9	10	1	4	0	0	-5	-3	-9	-14	1	-7	-19	-10	-2	0	-5	-7	-1	4	-9	-9	0	6	-3	-2	1	0	-11	6	-1	2	0	1	-1	-3	0	-8	9	3	3	2	-9	-2	-2	-3	14	5	-18	7	-3	4	-2	-7	5	11	4	-7	-1	6	2	8	1	6	-4	-15	10	-3	-6	-20	8	10	5	3	
0	3	9	7	1	-20	-11	0	-5	9	7	5	4	0	-10	-3	-2	16	11	-3	0	0	-4	-6	-4	-10	-5	1	-9	0	-4	1	-7	4	-2	7	-4	1	1	1	-3	-3	-2	-5	-1	-3	2	-4	10	-2	-2	-1	-2	-6	-5	-3	-4	-2	-6	-2	2	3	12	-3	-18	-1	1	-4	0	4	-2	-2	-8	17	9	-11	16	-5	1	-4	3	3	9	6	1	-20	-11	0	-5	9	
0	4	5	2	-6	-20	12	-9	-1	-1	-1	-5	-7	5	7	-2	11	20	-1	3	0	0	1	0	-5	-13	-12	2	-13	-9	-8	-1	-12	3	-1	3	-14	-4	-3	-2	-8	-4	-9	-6	1	0	-1	-3	0	-3	1	0	-2	-7	2	-3	-1	-9	-5	1	0	-1	7	4	-18	-5	1	-8	1	-7	0	8	4	6	-2	-11	9	-3	9	1	5	4	5	2	-6	-20	12	-9	-1	-1	
0	9	4	-7	16	-10	3	-9	2	-3	12	6	2	-9	18	-13	1	9	12	2	0	0	-5	-11	-14	-15	-9	-6	-19	-11	-9	0	-8	-7	-3	2	-3	1	-4	0	-4	-2	-3	-6	-2	2	0	-2	7	-4	5	2	-6	0	4	0	2	6	-9	-1	-3	-2	7	-2	-18	10	-6	0	4	4	-4	-2	-6	2	1	-8	13	11	6	10	5	9	4	-7	15	-10	3	-9	2	-3	
0	-2	15	-2	5	-16	-11	4	4	3	13	0	-8	-3	19	-14	-1	6	11	-3	0	0	-4	-12	-12	-10	-2	-6	-18	-5	-6	-1	-2	0	-1	9	-2	-9	-1	0	-8	0	-6	-7	-7	1	-2	-1	3	-8	3	11	1	-4	8	0	-2	-1	-8	0	4	1	3	7	-17	8	5	-3	-7	6	6	4	-2	5	9	-11	16	18	15	1	-4	-2	15	-2	5	-16	-11	4	4	3	
0	-7	4	0	-12	17	12	2	0	4	3	5	-10	1	5	1	12	8	14	-2	0	0	-8	-6	-9	-15	-14	-8	-19	-14	-2	3	-3	9	-7	16	-15	-7	-6	2	-11	-2	-5	-5	-8	-2	1	-6	10	-4	-1	11	0	-1	-1	1	-3	-4	-14	-3	-4	6	7	5	-18	2	-7	4	0	-3	0	-1	0	4	-5	-11	1	15	-3	0	-2	-7	4	0	-12	17	12	2	0	4	
0	0	5	0	-11	17	-4	-2	-2	-2	13	4	5	1	1	-9	-2	11	4	-2	0	0	-5	-6	-15	-11	-11	-8	-19	0	-4	-1	-12	12	-2	14	-5	-7	0	-3	-3	-5	0	-5	-2	-6	0	-6	-5	-1	2	-3	-4	1	-4	1	2	-4	-7	-3	2	-2	0	1	-18	0	-4	3	-6	-4	3	10	0	9	-4	8	6	-1	-3	0	-2	0	5	0	-11	17	-4	-2	-2	-2	
0	9	16	-4	-1	-12	-2	-2	2	-1	-2	9	-8	1	-1	-5	2	19	-2	-3	0	0	-4	-9	-3	-15	-6	-9	-17	-6	-7	0	0	-7	-5	7	-14	-9	2	2	-3	-2	4	-4	-2	3	-1	1	-5	0	-3	1	2	9	-1	0	-3	0	-6	-2	1	-3	15	7	-18	5	4	-6	-1	0	-3	-2	4	-5	3	8	10	15	3	2	-1	9	16	-4	-1	-12	-2	-2	2	-1	
0	10	-6	-3	16	-20	-1	1	0	-2	1	-9	3	-9	-8	-9	-2	10	12	0	0	0	-6	-11	-13	-15	-6	-1	-13	-13	-10	3	-4	-7	-2	0	-5	-2	-3	0	-1	-3	-6	-3	1	1	-5	-6	9	-7	-2	2	4	3	1	0	4	-1	-2	0	0	-4	-2	-3	-12	7	3	4	3	5	0	14	4	14	9	-11	7	18	15	8	-2	10	-6	-3	15	-20	-1	1	0	-2	
0	-1	0	-4	4	-20	-6	-2	-8	2	0	10	-4	-5	13	1	2	-3	17	-3	0	0	4	-8	-13	-15	-10	-4	-8	0	-8	-2	-4	11	-8	17	-8	-3	0	-2	-3	-7	-5	-3	-5	0	0	-3	10	-4	3	8	-6	-4	5	0	-1	-2	-15	-3	1	2	-4	1	-18	4	2	0	4	-2	1	0	-8	12	-1	-4	16	3	8	5	-6	-1	0	-4	4	-20	-6	-2	-8	2	
0	10	-4	0	0	-20	5	-8	7	-2	2	2	-1	7	8	-14	-2	-2	-1	0	0	0	-7	-5	0	-15	-12	-6	-13	-12	-7	2	-8	11	-6	2	-7	-3	-1	2	-11	0	-1	-5	-8	2	3	1	7	-3	-5	7	-7	4	0	0	-2	-3	-8	-2	0	1	15	4	-18	9	4	-8	-5	2	4	4	-11	1	7	-11	15	10	12	-3	-3	10	-4	0	0	-20	5	-8	7	-2	
0	10	-5	-7	3	-20	3	8	6	-9	3	1	4	-5	9	-12	12	14	3	5	0	0	-9	-9	-4	-15	-7	-9	-19	-7	-12	-2	-3	12	3	8	-8	-3	-1	4	-9	-4	-6	-12	-6	-1	-2	-7	10	-6	-5	11	-5	5	9	2	-1	-7	-10	2	1	-1	2	7	-13	10	-1	-2	2	0	-4	4	-11	11	9	3	15	14	15	3	4	10	-5	-7	3	-20	3	8	6	-9	
0	-3	-3	-3	-15	17	12	0	-6	-6	4	10	-10	-2	19	-13	12	-7	0	2	0	0	0	-6	-7	-14	-10	2	-17	-12	-4	1	-12	12	-6	7	-15	-7	-4	-3	-11	-2	-5	-8	4	-4	2	-2	5	1	4	-1	-3	6	-1	1	-4	-1	-19	-5	-1	-1	-4	7	-18	-5	-3	4	-4	-3	-2	16	-11	0	-3	7	7	6	7	-1	3	-3	-3	-3	-16	17	12	0	-6	-6	
0	-15	4	1	-15	16	12	-3	-8	-1	-2	10	-12	0	-7	0	-2	17	4	-4	0	0	-3	0	-8	-13	-2	-7	-19	-14	0	-2	-8	-1	-10	19	-15	-5	2	0	-11	-5	-4	-5	-2	4	3	-1	-5	1	0	-3	1	4	-2	1	2	-7	-3	1	0	-1	1	-6	-18	2	2	1	1	7	6	0	-8	5	5	-3	16	-5	9	8	-6	-15	4	1	-15	16	12	-3	-8	-1	
0	-13	2	-3	0	17	-11	5	0	2	10	4	7	0	8	1	8	10	-1	-3	0	0	-10	-12	-12	-4	-2	-3	-19	-4	-2	-3	-1	12	-7	16	-7	-4	-4	2	-3	0	-7	-3	0	8	0	2	5	-6	0	3	-1	-1	0	-1	0	1	-10	0	0	5	15	-6	-14	-5	-7	4	2	8	2	12	4	2	-13	0	-3	2	3	8	4	-13	2	-3	0	17	-11	5	0	2	
0	10	-5	7	9	-20	9	5	5	-7	8	-9	-12	-5	7	-12	-1	12	-1	-2	0	0	1	-8	-9	-14	-7	-6	-12	-5	-9	-1	-9	-2	0	0	-15	0	-1	1	-1	-4	4	-5	-11	-3	3	-2	6	-6	0	5	1	-4	9	0	-2	-3	-1	3	-1	0	-2	7	-11	10	-4	-2	-4	3	1	10	-11	4	4	4	16	5	15	5	-3	10	-5	6	9	-20	9	5	5	-7	
0	-6	8	-4	-3	-19	4	5	-8	3	3	10	-12	7	3	1	4	-3	-6	-1	0	0	-3	-11	-10	-8	-1	-9	-19	-15	-10	1	-9	6	0	8	-10	-5	-1	-2	-6	-2	-8	-4	-7	-2	0	-1	2	-7	2	-2	-4	3	5	0	-2	-1	-3	-3	-1	-1	4	7	-5	-3	7	-6	-7	3	1	15	-11	2	1	8	10	7	13	3	-3	-6	8	-4	-3	-19	4	5	-8	3	
0	3	7	-8	8	-8	-11	-4	2	1	13	-1	1	-10	17	-6	8	10	-6	3	0	0	-6	-5	-9	-15	-9	-4	-19	-14	-7	-4	-8	-3	-10	10	-9	-9	-2	3	-8	-2	0	-3	-8	1	-5	-4	10	1	1	1	-4	-5	-2	0	1	-6	-18	-3	-3	1	2	-6	-18	0	0	-5	-1	4	-5	16	-1	11	-2	8	12	6	12	0	-6	3	7	-9	8	-8	-11	-4	2	1	
0	-4	-6	-2	13	-20	-11	-1	0	14	-2	7	-12	-6	8	-14	10	8	15	-2	0	0	-1	-8	-13	-15	-11	-5	-17	-6	-12	1	-1	3	-6	11	-8	-7	1	-1	-10	-1	-9	-8	-14	-4	3	0	8	-2	5	11	-1	-8	5	-4	-3	6	-5	1	-2	-2	-3	-3	-18	7	2	4	-1	-5	3	16	-8	-1	-7	1	8	6	5	2	-1	-4	-6	-2	13	-20	-11	-1	0	14	
0	-7	-1	1	-11	1	11	-9	-2	2	13	1	-10	9	11	-9	9	-3	18	2	-2	0	1	-12	-10	-10	1	-4	-15	-15	-4	-1	-4	12	-5	2	-15	1	1	-1	1	-5	-1	-5	-15	-2	0	-1	3	3	-5	-1	-2	-7	0	0	-2	-6	-8	-1	1	-4	3	0	-18	6	-5	-5	-5	-1	0	5	3	2	-14	7	14	-5	2	-2	5	-7	-1	1	-11	1	11	-9	-2	2	
0	-1	-1	2	-15	17	9	0	-8	-9	2	1	7	3	0	1	8	-7	1	1	-2	0	-6	-2	-3	-6	-8	1	-13	-4	-8	-1	2	-7	0	4	-15	-9	-1	1	-12	-3	-9	-4	-7	-7	-3	-4	-1	3	-6	-4	-3	-4	-4	0	-2	-2	-5	-3	-3	0	4	2	-15	10	-6	1	-4	3	6	-3	-1	17	-12	-1	6	3	-2	0	-2	-1	-1	2	-15	17	9	0	-8	-9	
0	-11	-2	-1	10	-17	-7	6	0	6	12	10	0	-7	3	0	5	-5	2	-2	-8	0	-8	-3	-10	-13	0	-7	-17	0	-1	-2	-12	-4	-9	15	-15	-9	-3	-2	2	-2	-3	0	-5	3	1	-2	2	1	3	4	0	-8	1	2	-4	-1	-9	3	-1	3	14	2	-12	-1	-1	0	-1	-6	-2	11	-3	20	-14	5	-3	-1	7	7	-2	-11	-2	-1	10	-17	-7	6	0	6	
0	10	-2	-3	4	-20	-10	-5	7	-1	12	0	-10	2	15	-9	9	2	18	1	-8	0	-2	-9	-7	-15	-6	-3	-16	-8	-13	0	-2	2	-4	6	-4	-9	0	-2	-8	-4	-6	-2	-15	6	-2	-1	8	0	-4	8	-2	4	9	0	2	-3	-7	-1	-3	1	8	0	-18	-2	-1	-5	2	8	3	5	-4	3	-4	-7	7	7	14	10	0	10	-2	-3	4	-20	-10	-5	7	-1	
0	5	1	-8	5	-20	4	-7	3	1	12	4	-6	0	19	-5	4	9	17	1	-1	0	-5	-7	-1	-15	-6	-9	-11	-7	-7	-1	-3	1	2	5	-13	1	1	1	-6	-8	-5	-9	-7	3	1	-2	3	-8	-2	11	-2	5	4	1	0	-9	-13	-2	3	-3	13	-2	-15	10	7	-1	-3	2	-1	-2	-3	-2	9	-11	11	10	15	6	-1	5	1	-8	5	-20	4	-7	3	1	
0	6	-8	-8	5	-20	11	-1	0	1	2	-3	3	-4	6	-4	1	17	12	3	-8	0	-6	-6	-5	-15	-12	-2	-14	-11	0	-6	-5	5	1	12	-6	-5	-1	2	-10	-2	-11	-6	-9	-1	-1	4	8	-2	-1	11	-2	-8	9	-2	-1	-3	-14	0	-1	0	10	7	-18	7	-3	-7	2	2	3	9	-11	14	-4	2	8	8	8	3	-6	6	-8	-9	5	-20	11	-1	0	1	
0	-3	-5	-7	1	-4	3	-5	-2	7	7	6	-5	5	3	-13	12	2	3	-6	-3	-1	-11	-5	-13	-15	-7	0	-19	-4	1	1	1	-3	0	10	-2	-8	-6	1	-3	-5	-4	-5	1	-5	3	0	8	-7	-6	-1	-4	-8	6	0	2	-7	-10	0	2	-1	-4	2	-13	-5	1	-3	2	5	1	7	-8	4	3	-11	14	4	9	0	-6	-3	-5	-7	1	-4	3	-5	-2	7	
0	2	18	-4	1	5	2	4	-3	1	13	3	-4	9	5	0	12	18	-2	3	0	9	-2	-7	-10	-15	-14	-8	-19	-13	-3	-3	-7	0	-2	15	-9	-9	-5	1	-11	-5	-4	-7	-7	-1	-2	0	10	0	5	11	-5	-1	6	-2	3	-3	-10	-2	1	1	1	-3	-18	6	-1	0	-1	-6	-5	5	-10	8	-9	-4	12	-5	-3	8	-3	2	18	-4	1	5	2	4	-3	1	
0	-15	20	-8	-15	-7	-4	-1	-8	-6	3	10	-12	4	-7	-5	12	20	17	6	-3	-1	-5	-7	-4	-4	-4	-6	-17	-8	-4	-1	-6	10	-8	0	-5	-2	-5	2	-8	-2	-2	-7	-4	0	-2	-2	0	1	-6	-4	1	0	-4	8	-1	2	-13	-3	0	3	2	1	-16	-5	-3	1	-2	2	-1	-3	1	10	-12	-3	3	9	3	-3	5	-15	20	-9	-15	-7	-4	-1	-8	-6	
0	3	20	-8	-11	-14	-2	5	1	1	7	9	7	8	-10	1	12	4	13	-6	-1	10	-9	-1	0	-6	-13	-9	-12	-13	-3	-2	-8	8	-2	11	-11	-8	1	2	-8	-2	-3	-1	-7	6	-4	1	0	-1	1	5	1	-4	3	2	1	-2	-13	0	-2	-3	15	7	-18	6	-7	4	-2	3	1	5	4	-7	-11	-1	-2	-5	4	6	-4	3	20	-9	-11	-14	-2	5	1	1	
0	-2	7	-3	3	-20	6	-1	2	-1	11	8	1	-5	7	0	1	20	18	-1	7	-5	0	-5	-9	-13	1	-5	-14	-6	-3	-1	-8	4	-3	3	-6	-9	-2	1	0	-9	-6	-6	-5	0	-4	-3	8	1	3	3	0	-2	2	2	-5	-5	-10	-3	0	-1	9	6	-13	1	5	-1	-6	0	2	2	-11	14	-6	-11	14	12	10	2	-2	-2	7	-3	3	-20	6	-1	2	-1	
0	2	-3	-1	10	-11	-2	2	7	11	7	-9	-9	-4	19	-14	2	-1	0	-1	-4	-4	4	-4	0	-15	-1	-1	-5	-4	-4	-1	0	0	-1	0	-6	1	-1	2	-2	5	-1	-5	-11	4	0	0	10	-2	0	11	1	2	9	0	0	0	-1	0	1	0	8	-1	-6	9	-6	0	7	5	4	10	-2	4	9	-11	12	18	10	3	-1	2	-3	-1	10	-11	-2	2	7	11	
0	10	17	-6	7	-20	-3	2	0	-6	9	10	0	-1	4	-12	9	20	7	3	-4	5	0	-3	-11	-14	-5	-4	-19	-11	1	2	-3	5	-10	8	-14	-9	-2	2	-3	-3	-3	-5	-2	3	2	-2	6	-1	5	7	1	3	6	-1	2	-3	-11	-2	0	1	2	0	-18	10	5	-2	-1	-4	0	-3	-6	5	-6	-11	8	0	11	8	-1	10	17	-6	7	-20	-3	2	0	-6	
0	-2	2	-1	9	-20	-8	-9	5	2	1	10	-2	4	18	-4	11	-4	5	0	-8	-3	-3	-3	-13	-13	-11	2	-19	-10	-6	-3	-12	5	-6	9	-15	-9	-4	-2	-3	-3	-1	-4	-10	-1	3	-4	3	2	4	11	-2	-8	7	-2	-1	-6	-15	-1	3	-2	10	-5	-18	5	-7	-5	-8	0	-4	13	-11	0	9	-2	15	-3	9	0	0	-2	2	-1	9	-20	-8	-9	5	2	
0	-13	14	7	-9	17	12	-3	-4	14	-2	-9	7	-7	19	-4	6	-6	9	2	6	-2	-2	-5	-5	-11	-13	-9	-19	-14	-3	-1	-8	8	-3	5	-15	-9	-3	-3	-5	-2	-5	-3	-10	-2	0	-1	-3	-6	-6	-4	2	-1	-4	-2	0	-5	-14	-1	1	2	-4	0	-18	4	3	3	-3	-5	4	2	-6	6	-14	-1	6	-4	15	1	5	-13	14	6	-9	17	12	-3	-4	14	
0	-11	20	-3	-11	3	12	-6	-6	-9	-2	10	-1	-5	-10	-11	12	0	5	9	-2	-2	-6	-8	0	-11	-4	2	-19	-3	-11	1	0	-7	-9	19	-13	-9	-2	-3	-9	-3	-4	-6	0	1	-4	0	-5	1	-6	-4	-4	-7	-5	1	-2	3	-10	-2	-3	3	14	-4	-18	2	-5	-3	-6	-6	-5	2	2	11	-13	-3	6	2	7	6	-2	-11	20	-3	-11	3	12	-6	-6	-9	
0	0	7	-2	-4	-4	-3	-1	-4	-1	-1	6	-11	6	4	1	-2	-2	16	1	-4	3	-7	-2	0	-9	-4	-5	-18	-2	0	-1	-3	3	-4	11	0	-6	-3	-2	-9	-5	-4	0	-5	-4	-2	2	-5	-4	1	9	2	3	-2	0	2	-6	-3	0	-1	-2	9	7	-16	6	2	0	0	1	6	3	-2	2	9	8	4	6	-3	4	0	0	7	-2	-4	-4	-3	-1	-4	-1	
0	0	-5	-5	6	-17	-3	-9	1	8	-1	0	-9	-8	14	1	11	8	3	2	3	-3	-5	-9	-6	-15	-9	2	-16	-9	-3	-1	-1	1	-7	11	-12	-5	1	2	-3	1	-4	-4	-8	4	-1	-5	7	1	-2	11	-8	-4	9	1	-1	-1	-10	2	-1	0	12	7	-18	5	-1	-1	-5	8	-2	7	-11	10	-10	-2	14	11	15	10	-3	0	-5	-5	6	-17	-3	-9	1	8	
0	0	10	0	7	-13	3	5	5	1	8	8	1	-2	14	-11	5	6	13	2	1	0	-11	-6	-7	-15	-10	-2	-11	-8	-9	0	4	3	-1	7	-5	-1	4	-3	-4	-3	-9	-7	-9	4	1	-5	8	0	-4	8	-8	-2	4	2	-4	-2	-15	-2	-1	0	6	2	-4	7	-5	-1	7	2	5	9	2	8	9	-11	11	12	8	5	-2	0	10	0	7	-13	3	5	5	1	
0	2	16	7	-15	-15	-3	-9	-1	1	-2	4	-3	-8	-4	-10	2	11	9	3	-8	2	-2	0	-6	-12	-10	-4	-19	-15	-6	-1	-10	-7	-5	7	-12	-4	-1	1	-10	-5	-4	-2	-5	-2	-1	-3	4	-2	-3	9	-3	-4	9	2	-1	-8	-8	-3	-3	-2	15	-6	-18	3	-1	4	-8	0	-4	-2	-6	-7	2	-3	-1	-4	-2	-5	-3	2	16	6	-16	-15	-3	-9	-1	1	
0	-1	2	-7	5	-2	12	-1	-1	6	10	7	-11	-5	19	-14	6	3	7	0	5	1	-1	-2	-10	-7	-7	-6	-10	-15	-6	0	-6	3	1	13	-15	-3	1	0	-12	-2	-13	-6	3	-4	2	0	-1	-2	-6	6	-3	2	-2	-3	-5	-2	-12	-4	-1	0	8	0	-18	3	-5	4	-1	1	4	6	-11	-5	-4	-9	3	3	15	0	-5	-1	2	-7	5	-2	12	-1	-1	6	
0	-2	3	-2	-6	6	7	8	1	-6	13	8	-12	9	13	-12	12	1	4	5	3	-2	0	-13	-8	-15	-3	-2	-16	-11	2	2	-8	3	4	8	-15	0	-5	2	-10	-3	-3	-2	-6	-1	-2	-4	5	-1	-4	-4	-5	-8	4	-2	0	-5	-15	-3	-3	2	8	-1	-16	-5	-2	-8	5	-1	5	6	-4	13	-7	-11	5	6	6	0	0	-2	3	-2	-6	6	7	8	1	-6	
0	4	13	-3	-5	17	-4	-3	-8	6	1	-6	-3	-10	5	1	1	0	15	4	-3	-4	-2	-2	-7	-4	-1	-4	-18	-5	0	0	1	5	-3	9	-11	-2	-1	1	1	-3	-1	-3	-2	1	-1	0	-5	3	-5	4	1	2	-3	-2	-2	-4	-8	-1	0	4	14	-2	-13	7	2	4	7	-5	2	7	-5	13	-14	5	9	3	-3	-2	-4	4	13	-3	-5	17	-4	-3	-8	6	
0	-15	9	-4	-9	-6	-6	8	-7	-2	5	6	-2	-3	-10	-7	12	11	1	-1	-4	6	-10	-3	-5	-14	-8	-6	-19	-13	-7	1	7	-5	-9	19	-15	-9	-4	4	-3	-2	4	0	-2	2	4	-2	1	-3	5	-4	-4	11	-2	-1	3	6	-7	-1	-8	6	3	6	-18	2	-3	4	-2	8	-3	-3	4	-5	-4	8	3	14	6	5	-6	-15	9	-4	-9	-6	-6	8	-7	-2	
0	10	0	-4	16	-20	7	-2	3	14	5	4	-12	-3	3	1	-2	20	17	2	2	0	-4	-9	-9	-14	-6	-5	-16	-3	-13	-1	-4	-7	-2	15	0	-9	0	2	-9	-3	-9	-6	-8	4	-1	-3	2	3	0	-3	3	0	8	4	-4	-8	-5	0	-1	-9	-4	6	-3	1	1	1	7	-2	-3	14	4	18	9	7	-3	18	10	4	2	10	0	-4	15	-20	7	-2	3	14	
0	2	0	1	9	-20	1	-1	2	-9	13	-7	7	-4	6	-13	-2	6	9	-2	2	10	-4	-14	-8	-15	-5	-2	-15	-13	-8	0	-6	9	-9	10	-6	-2	-7	1	-3	-2	-14	-4	-3	2	-2	-3	10	1	-3	10	-6	-4	9	2	-1	-1	-15	-2	-4	2	5	-1	0	3	2	-1	6	5	-5	12	-7	7	-7	-7	6	17	15	3	0	2	0	1	9	-20	1	-1	2	-9	
0	-2	-5	-5	7	-4	8	-1	4	0	13	10	-4	-10	0	-14	11	9	8	0	7	10	1	-9	-13	-15	1	-2	-19	-10	-8	-2	-5	5	1	9	-12	-2	-5	2	-12	-5	-4	-2	-5	1	-7	-5	4	-1	-6	10	-4	3	9	0	-1	1	-13	-1	-2	1	11	7	-18	9	-7	-6	3	5	-2	4	-6	8	6	-1	-1	8	11	-1	4	-2	-5	-5	7	-4	8	-1	4	0	
0	-8	8	4	1	-6	-11	-4	7	7	-2	-7	5	4	14	-14	7	6	18	-5	9	-8	-8	-13	-8	-15	-7	-9	-10	-7	-10	-1	-2	0	-6	10	-15	-9	-3	3	-5	-2	-9	-2	-3	0	-4	-6	2	1	5	0	-2	3	-5	-1	3	1	-11	-4	-1	-3	13	0	-17	4	0	-2	6	8	6	11	-4	-1	5	-11	8	6	8	7	1	-8	8	4	1	-6	-11	-4	7	7	
0	-15	14	7	-10	17	1	-2	-7	5	5	1	-12	-3	8	-4	12	12	-4	4	14	-8	-5	-9	-14	-15	-12	-2	-19	-15	-9	0	-6	5	-1	15	-15	-9	-4	3	-2	-2	0	-5	-4	-6	1	-3	-4	-5	-4	0	-3	-5	-5	0	2	-6	-12	-2	-2	1	4	7	-18	-1	-3	1	-8	2	4	10	4	0	-8	-2	14	16	15	-4	-6	-15	14	6	-10	17	1	-2	-7	5	
0	-15	15	-2	-14	17	-2	6	2	-2	1	-2	7	-4	1	-13	11	20	10	2	3	8	-4	0	-11	-8	-13	-9	-17	0	-8	4	-6	2	-8	19	-15	-4	-1	3	-4	0	-1	-8	-6	2	-2	4	7	-4	2	-1	-2	-1	-5	0	1	-8	-14	5	-2	-2	-4	2	-18	10	2	-6	-7	4	0	4	-11	5	-5	5	6	1	5	-2	-6	-15	15	-2	-14	17	-2	6	2	-2	
0	-9	20	-4	-4	17	8	-2	-7	0	13	10	-12	-10	-10	1	5	7	18	5	1	5	-4	-5	-9	-4	-2	-1	-14	-12	0	3	-2	12	-4	19	-14	-5	-4	-1	-5	1	2	-1	-4	1	-1	-4	-3	3	-6	9	-1	1	6	1	-1	3	-4	0	-2	0	11	-6	-17	2	5	4	1	4	4	3	-1	-7	-9	8	-1	0	-2	0	-6	-9	20	-4	-4	17	8	-2	-7	0	
0	0	20	-8	-9	3	-2	-4	-1	-8	5	-9	-4	0	-10	-3	7	4	18	3	6	-3	3	0	0	-5	-7	-5	-16	-9	-3	-1	-10	-2	-6	19	-15	-4	-1	-2	-8	0	1	3	4	3	2	-1	-1	-3	-1	10	-3	-5	0	2	0	1	-5	-5	0	6	15	1	-18	4	-7	-5	-5	3	1	13	-2	5	-14	7	-3	3	8	6	0	0	20	-9	-9	3	-2	-4	-1	-8	
0	0	4	3	2	-20	-5	5	4	5	13	9	-6	1	-6	-12	6	0	13	1	2	8	-11	-5	-9	-15	-2	1	-19	-3	-3	3	-6	-7	-6	4	-15	-9	-1	2	-11	-3	-5	-3	-5	6	2	0	10	-5	-2	3	-1	-5	2	-1	0	-2	-2	-4	0	-5	4	5	0	8	7	-2	-6	-3	-1	1	-6	10	-4	7	15	13	5	1	-2	0	4	3	2	-20	-5	5	4	5	
0	1	-2	-3	5	-19	-1	-4	4	14	13	-9	-5	4	18	-5	4	-2	-6	1	-7	-6	2	-14	-13	-15	-8	-2	-5	-15	-6	2	-9	3	0	11	-13	-6	-3	0	-5	-2	-1	-2	-13	7	3	-2	-1	-8	-4	10	-1	6	9	0	5	-2	-8	0	0	0	2	1	-12	10	-7	-5	7	3	-2	10	-5	1	9	2	4	6	15	2	4	1	-2	-3	5	-19	-1	-4	4	14	
0	1	2	-2	-2	-3	-11	-1	-1	14	6	-6	7	4	3	-14	6	2	7	1	-8	0	1	-14	-10	-15	-12	-9	-16	-12	-12	1	-7	9	-3	3	-13	-3	-7	1	-7	-8	-10	-1	-11	-5	-3	-2	2	-4	-4	6	-2	2	-3	-1	3	-3	-8	1	1	-2	15	0	-8	4	7	0	-1	-3	1	5	-11	12	1	-11	5	3	7	-2	0	1	2	-2	-2	-3	-11	-1	-1	14	
0	-1	20	-3	-5	17	12	-5	-8	8	5	-2	-3	-2	19	-14	12	16	12	-1	12	6	-11	-6	-9	-14	-14	-2	-11	-11	-10	1	-6	0	-10	3	-11	-2	-4	0	-7	-3	-8	-5	0	4	1	-2	8	0	0	1	-6	3	-4	-1	-4	-9	-12	-3	0	0	-4	6	-6	6	2	-3	-6	-2	-1	16	2	10	-14	-2	6	16	7	1	-6	-1	20	-3	-5	17	12	-5	-8	8	
0	-4	15	6	-14	9	11	3	-8	11	5	0	-10	9	-10	-5	2	7	4	-2	10	10	0	-7	-4	-4	-11	-9	-19	-3	-3	0	-2	6	-11	8	-8	-6	-2	2	-11	-1	-4	0	-3	5	-3	-1	-5	-3	-6	-1	1	-6	-5	1	2	-3	-12	0	0	1	12	1	-18	7	0	-2	7	0	-2	4	3	-7	-14	-7	4	5	6	-1	1	-4	15	6	-14	9	11	3	-8	11	
0	-3	-8	0	-7	-10	-4	6	-5	5	13	-6	-11	0	12	1	-2	0	1	-3	0	0	-8	0	-5	-15	-3	-3	-19	-15	-4	1	-14	12	-5	19	-15	0	0	-2	1	-3	0	-5	-7	5	-5	-2	-5	2	1	0	0	-6	9	-2	5	-5	-12	-1	1	1	7	2	-9	10	7	4	-2	-4	1	6	-1	11	-4	8	1	8	1	5	-6	-3	-8	0	-7	-10	-4	6	-5	5	
0	3	-3	-3	16	-20	-7	8	6	14	6	9	2	2	7	-8	12	17	13	-1	5	-3	-1	-14	-8	-15	1	-6	-8	-11	-10	0	-2	-6	-4	8	-5	-4	0	-3	-2	-3	-14	-2	-6	2	1	-2	0	-7	3	1	3	2	2	2	3	-9	-2	0	2	-3	7	-6	-9	9	-7	-4	-1	3	-3	-2	0	9	0	1	4	-1	15	0	2	3	-3	-3	15	-20	-7	8	6	14	
0	4	-1	-2	-1	-15	6	-1	4	14	6	-4	7	-3	11	-14	0	3	3	-1	-4	5	-5	-11	-4	-15	-12	-3	-16	-2	-5	2	-3	0	-5	4	-15	-1	-2	2	1	-5	-2	-3	-6	1	-1	-3	2	1	4	4	-7	-1	8	0	-1	-2	-14	-3	-1	-1	-4	0	-17	10	-1	0	-4	2	1	7	-11	2	0	-4	11	1	7	0	3	4	-1	-2	-1	-15	6	-1	4	14	
0	10	2	-5	10	5	-11	-3	5	12	2	1	-4	0	17	-14	2	8	0	0	-4	4	-4	-8	-14	-15	-9	-2	-15	-12	-10	-4	-11	-7	-1	6	-11	-9	-4	-3	-1	-11	-3	-11	-6	3	4	-1	5	-1	5	6	-9	3	9	3	0	-4	-9	-5	2	5	14	1	-9	2	5	-3	-1	8	-2	16	-11	8	9	-7	3	7	0	7	-1	10	2	-5	10	5	-11	-3	5	12	
0	3	9	-2	1	-20	2	-4	3	8	8	0	7	0	3	-14	12	-7	3	4	1	3	-1	-11	-9	-15	-5	-3	-13	-9	-9	1	-7	-4	-9	11	-2	0	-5	-1	-4	0	-8	-3	-8	-1	3	-1	8	-7	-1	4	-5	3	6	2	-2	-2	-8	2	2	-5	9	2	-7	10	0	0	0	1	2	8	-11	10	9	-9	12	7	13	-2	0	3	9	-2	1	-20	2	-4	3	8	
0	0	-1	-7	-5	11	2	5	-3	9	13	-4	-12	-2	19	-9	9	2	16	6	-3	7	4	-14	-15	-15	-14	2	-18	-15	-5	1	-11	4	1	7	-10	-9	-7	-2	-8	-8	-11	-5	-9	5	-7	-5	6	-1	-4	3	-1	0	3	0	0	-8	-19	-2	-1	3	9	-6	-18	-5	2	-1	2	0	-1	13	-9	3	2	-11	10	-1	8	4	5	0	-1	-7	-5	11	2	5	-3	9	
0	-12	14	3	-11	17	5	0	-5	2	-2	-2	0	-10	19	-3	5	9	-2	0	8	-2	-11	-1	-3	-8	-9	-6	-16	-4	-2	2	2	3	-1	5	-15	-3	4	-3	-5	-3	-2	1	-4	-7	1	-6	-5	-1	-5	-3	2	-3	4	2	-1	-2	-6	1	-4	0	-4	0	-18	10	-6	-8	-1	-3	6	5	4	12	-13	1	6	10	7	2	5	-12	14	3	-11	17	5	0	-5	2	
0	-14	3	5	11	-20	-11	-2	3	6	1	10	-6	-3	-9	-6	12	15	-1	5	-1	10	-6	-8	-10	-8	-3	-1	-19	-9	-6	1	1	7	-5	18	-15	-2	-5	2	-4	-3	-7	-7	-8	8	-5	0	1	0	0	11	3	11	-5	-2	-4	3	-10	1	1	0	14	2	-12	-3	1	-1	7	-1	3	5	4	-7	-14	8	12	13	8	9	-6	-14	3	5	11	-20	-11	-2	3	6	
0	6	1	-8	4	-20	-8	4	0	6	12	-9	7	7	19	-13	-2	14	8	-1	10	-9	-11	-14	-4	-12	-3	-8	-19	-4	-7	1	-6	-4	-2	13	-6	-3	1	-2	1	-7	-12	-8	-10	2	-3	-4	7	-5	5	6	-2	-4	5	2	2	-2	0	-1	-1	3	5	-6	-2	3	-3	-2	-7	7	2	4	4	11	4	-4	3	3	15	6	-1	6	1	-9	4	-20	-8	4	0	6	
0	-6	0	3	1	-20	-11	-3	4	1	4	10	7	-9	19	-11	8	3	0	-1	3	-2	3	-14	-6	-15	-5	2	-9	-10	-6	-3	-7	-3	-7	19	-4	-8	1	2	-7	-4	-1	-7	-4	4	-3	-3	4	-6	-3	11	-5	4	4	7	-6	-2	-9	-3	-4	-6	4	4	-1	1	-3	-7	2	6	-5	11	-5	12	0	-11	12	10	10	3	5	-6	0	3	1	17	-11	-3	4	1	
0	2	0	-4	-5	-11	-11	4	5	1	-2	0	5	4	8	-10	2	17	9	0	10	5	3	-12	-15	-15	-11	-2	-18	-5	-11	1	-9	1	1	16	-1	-1	-3	2	1	-3	-14	-7	-6	6	-2	4	9	-8	-3	11	-2	4	0	-3	2	4	-17	0	-3	-1	-2	0	0	8	-3	-8	-1	5	2	13	4	-2	4	5	4	2	11	4	-6	2	0	-4	-5	-11	-11	4	5	1	
0	4	-1	-5	15	9	-3	0	0	3	9	-4	-1	-4	10	-8	12	12	-1	1	12	4	-7	-14	-7	-3	-5	1	-11	-12	-13	0	-9	7	-4	8	-15	-9	4	3	-6	-2	-5	-6	-12	-4	-6	-7	5	-8	2	0	3	-3	9	-1	3	0	-10	-3	0	0	13	2	-15	7	-6	-8	4	1	-4	11	-9	-4	6	-11	6	9	7	3	1	4	-1	-5	15	9	-3	0	0	3	
0	-8	-1	-5	-3	17	-2	-4	2	14	9	-9	2	4	19	-11	7	8	-1	-1	8	1	-6	-3	-13	-15	-14	-1	-19	-11	-13	1	-12	12	-4	19	-15	1	0	0	-8	-10	-13	-5	-12	0	-3	-2	9	-1	2	11	-2	-1	4	4	0	-9	-19	-3	-2	2	-4	-6	-18	2	7	4	-2	-6	-5	7	-11	1	-1	8	12	7	11	-5	-4	-8	-1	-5	-3	17	-2	-4	2	14	
0	-12	7	7	-6	17	12	9	-8	14	12	3	5	3	8	1	11	20	6	4	-7	9	-9	-4	-10	-11	-12	-7	-19	-11	-5	2	-14	7	-7	19	-15	-6	-3	-1	-12	-9	-7	-5	-2	5	0	-2	-5	-1	5	6	0	-3	-3	0	1	-3	-6	-8	-3	2	3	1	-18	4	7	-8	2	-7	6	-3	4	-7	3	8	-3	-5	-3	-5	2	-12	7	6	-6	17	12	10	-8	14	
0	1	14	0	5	-13	-11	9	6	5	3	4	-6	0	-10	-3	4	16	1	2	-4	-3	-11	-7	0	-15	-9	0	-14	-14	-1	3	-5	12	-4	19	-15	-5	0	-2	-9	-4	0	-6	-3	0	-2	2	10	-7	-6	1	-1	7	5	0	2	-5	-5	0	0	2	-4	-5	-12	-2	-4	-4	-3	7	-3	12	3	-5	-1	8	3	9	1	8	0	1	14	0	5	-13	-11	10	6	5	
0	6	-1	-6	9	-19	-8	-3	-3	7	1	5	2	-7	13	-13	7	17	-2	-1	14	3	-9	-5	-11	-15	-6	-4	-19	-6	-9	-3	-13	2	1	16	-7	-9	-6	2	-6	-4	-6	-13	-15	4	-3	-3	1	-4	-6	11	1	3	4	1	-1	3	0	-2	-2	-1	13	6	-10	2	-3	-5	7	2	-3	0	-3	6	0	-3	6	10	6	7	-2	6	-1	-6	9	-19	-8	-3	-3	7	
0	-5	-5	-5	1	17	-7	4	5	14	11	-9	-4	9	18	-2	0	-7	9	1	12	2	-1	-13	-10	-15	-7	-6	-19	-4	-9	-4	-4	4	-2	15	-12	-9	1	4	-4	-1	-4	-5	-14	5	0	-7	4	-4	1	11	-4	6	-2	2	1	1	-10	-3	-1	-4	10	-2	-8	8	-3	2	2	-1	-5	10	-2	3	2	-11	10	5	14	-3	2	-5	-5	-5	1	17	-7	4	5	14	
0	-2	10	3	-9	-1	10	-9	-6	-9	7	6	-3	3	10	-11	12	12	15	2	14	3	-3	-2	-9	-15	-14	2	-19	-8	-9	-2	-7	12	3	8	-13	-1	-7	0	-8	-4	-12	-5	-11	-4	-1	2	5	-6	-4	3	-3	-8	-6	0	1	-3	-12	-5	-1	1	9	5	-7	1	7	-1	-8	-5	6	-3	-7	-7	0	-11	4	6	4	5	-4	-2	10	3	-9	-1	10	-9	-6	-9	
0	1	-10	-2	16	15	2	-5	4	14	11	3	7	-6	14	-12	-1	-1	-2	1	-6	-4	3	-6	-3	-14	-9	2	0	0	-3	0	0	2	0	8	-6	1	2	-1	3	3	3	0	-15	5	1	-4	10	2	5	11	1	5	7	1	1	1	-3	5	1	-1	1	5	-6	7	-7	-4	7	8	0	-2	-2	3	1	-8	8	18	11	10	-6	1	-10	-2	15	15	2	-5	4	14	
0	-13	-10	-7	1	17	6	-7	4	14	13	-6	-6	9	17	-5	12	20	8	-3	14	-4	-3	-4	-12	-11	-7	-7	-19	-15	-10	0	-7	4	-4	19	0	-9	-4	2	-10	-6	-9	-11	-4	1	-3	0	3	-5	-6	3	-3	-8	3	2	2	-5	-16	-5	-2	-5	-4	2	-18	6	3	-1	4	-2	-2	4	2	3	6	-11	8	-1	4	-1	1	-13	-10	-7	1	17	6	-7	4	14	
0	-15	18	0	-15	17	-1	3	-6	-2	5	4	7	-6	14	-13	12	20	-1	-3	14	4	-11	-5	-11	-11	-14	-9	-19	-14	-7	0	-7	10	-3	7	-15	-9	-4	2	-10	-7	-12	-2	-6	-4	-7	2	-5	-3	5	0	0	-5	5	6	3	-1	-14	-2	3	0	10	-6	-18	5	2	2	-1	4	6	9	-1	8	-13	8	13	5	-3	-5	-6	-15	18	0	-15	17	-1	3	-6	-2	
0	-8	-2	-3	-4	-15	0	7	3	14	13	10	7	-1	-5	-9	5	19	15	4	8	10	2	-2	-10	-13	-6	2	-19	-14	-10	3	-6	6	-3	19	-14	-9	2	-1	-3	-4	-1	-5	-7	-3	-5	2	-5	-8	-6	-2	-2	2	1	0	3	-2	-11	-2	-2	0	4	3	-16	5	1	0	-7	-2	4	-1	-1	-3	-5	1	10	1	4	3	4	-8	-2	-3	-4	-15	0	7	3	14	
0	7	8	-8	10	-12	1	-9	-3	14	3	8	7	-6	14	-4	-2	19	-6	0	5	-1	-5	-12	-4	-15	-9	2	-19	-15	-11	2	-3	-1	-1	9	-5	-9	-2	-3	-3	-1	0	-7	-10	2	2	0	10	-4	-1	11	-2	-1	4	2	-3	0	-8	-1	0	-3	10	2	-14	6	3	-4	-2	-6	2	5	-5	9	7	-4	9	15	8	1	1	7	8	-9	10	-12	1	-9	-3	14	
90
20
0	3504	3151	542	1854	2596	1902	932	2702	3228	830	690	1362	998	3780	2881	2033	3380	2358	2707	4870	4294	4283	4345	5130	4303	5090	5793	3135	4889	6052	6867	6017	3914	3055	3335	3950	3262	7066	3442	16308	12356	15672	15632	32985	33389	12962	28695	16482	29781	12184	12540	14001	16365	13010	32762	32723	28682	33290	13279	31561	15477	14836	30224	12911	11172	11732	16689	16700	15331	34099	29895	27420	32741	13626	14302	13695	32850	33357	18055	13350	33566	33333	13887	28635	32855	14201	28162	15709	13042	
3647	9.99999e+008	496	3317	1508	1090	3583	4106	2253	2931	2949	4016	2417	3634	1849	3605	4342	1428	1400	1022	7326	6748	6737	6787	7508	6745	7545	8187	5576	7409	8430	9308	7590	5855	5317	5597	6212	5718	8452	5705	13665	10768	13029	12989	30342	30746	10301	26052	13839	27138	10501	11043	11385	13723	10367	30119	30080	26039	30647	10619	28918	12834	13403	27581	10773	9891	10451	14046	14057	12688	31456	27252	24777	30098	11021	11698	11447	30207	30714	15412	10707	30923	30690	11560	25992	30212	11558	25519	13066	11761	
3209	597	9.99999e+008	3137	1328	909	3130	3610	2389	2435	2453	3555	2237	3454	2052	3109	3846	1946	1241	1048	6832	6254	6243	6759	7520	6717	7051	8199	5549	6915	8442	9250	7094	5359	4822	5102	5716	5224	7957	5209	14262	11365	13626	13586	30939	31343	10898	26649	14436	27735	11098	11569	11982	14320	10964	30716	30677	26636	31244	11216	29515	13431	13865	28178	11370	10201	10761	14643	14654	13285	32053	27849	25374	30695	11618	12295	12044	30804	31311	16009	11304	31520	31287	12157	26589	30809	12155	26116	13663	12071	
1041	3428	2831	9.99999e+008	1902	2644	2728	1168	2443	3756	1170	927	1017	613	4308	3409	2469	3618	2406	2744	5306	4730	4719	4197	4918	4155	5527	5597	2987	5126	5840	6648	6454	4350	3491	3771	4386	3698	7503	3879	16695	11814	16060	16020	33373	33777	12630	29083	16869	30169	11642	11998	13459	16753	13398	33150	33111	29070	33678	12781	31949	15865	14294	30612	12369	10630	11190	17077	17088	15719	34487	30283	27808	33129	13084	13760	13153	33238	33745	18443	13737	33954	33721	13345	29023	33243	14589	28550	16097	12500	
2272	1926	1605	1809	9.99999e+008	1418	2208	2749	1082	2478	1592	2641	909	2126	3381	2968	3283	2129	1180	1529	6121	5544	5533	5501	6222	5459	6341	6901	4291	6301	7144	7952	7563	5459	4600	4880	5495	4513	8581	4988	15183	11012	14547	14507	31860	32264	11711	27570	15357	28656	10839	11195	12657	15241	11885	31637	31598	27557	32165	11979	30436	14352	13491	29099	11567	9827	10387	15564	15575	14206	32974	28770	26295	31616	12282	12958	12351	31725	32232	16930	12225	32441	32208	12543	27510	31730	13076	27037	14584	11697	
2557	1233	911	2413	604	9.99999e+008	2493	3034	1500	3047	1877	2926	1513	2730	2612	3472	3853	1354	332	679	6412	5834	5823	5890	6611	5848	6631	7290	4680	6591	7533	8341	7706	5744	4885	5165	5780	4804	8568	5273	14281	10477	13646	13606	30959	31363	10936	26669	14455	27755	10304	10660	12019	14339	10984	30736	30697	26656	31264	11253	29535	13451	12956	28198	11032	9292	9852	14663	14674	13304	32073	27869	25394	30715	11655	12333	11816	30824	31331	16029	11323	31540	31307	12008	26609	30829	12175	26136	13683	11162	
2194	3121	2799	2736	2977	2958	9.99999e+008	2322	3826	1326	1566	2551	2280	3191	3193	979	1360	3817	3290	3095	4654	4571	4559	6539	6727	6497	5367	7163	5329	5232	7649	8457	5596	3492	2633	2913	3528	3539	6645	3021	16786	13435	16150	16110	33463	33867	13399	29173	16960	30259	13262	13618	14482	16844	13488	33240	33201	29160	33768	13716	32039	15955	15914	30702	13871	12250	12810	17167	17178	15809	34577	30373	27898	33219	14118	14796	14545	33328	33835	18533	13828	34044	33811	14658	29113	33333	14679	28640	16187	14120	
740	4093	3740	1282	2551	3293	2642	9.99999e+008	3399	3690	1527	304	2029	1099	4477	3341	2406	4077	3055	3404	4278	3702	4183	4588	4405	4475	4498	4915	3307	4011	5327	6135	6745	4596	3737	4019	4468	2670	6837	4125	17004	12876	16369	16329	33682	34086	13659	29392	17178	30478	12704	13060	14521	17062	13707	33459	33420	29379	33987	13843	32258	16174	15356	30921	13431	11692	12252	17386	17397	16027	34796	30592	28117	33438	14146	14822	14215	33547	34054	18752	14046	34263	34030	14407	29332	33552	14898	28859	16406	13562	
3163	2361	2213	2240	1458	1933	3037	3408	9.99999e+008	3936	2422	3064	1645	2454	4122	4016	4065	1759	1193	1341	6903	6326	6600	5190	5911	5148	7123	6590	3980	6402	6833	7712	8335	6232	5372	5652	6267	5295	9384	5760	14598	9930	13963	13923	31276	31680	10746	26986	14772	28072	9757	10113	11575	14656	11301	31053	31014	26973	31581	10897	29852	13768	12409	28515	10485	8745	9305	14980	14991	13622	32390	28186	25711	31032	11200	11876	11269	31141	31648	16346	11640	31857	31624	11461	26926	31146	12492	26453	14000	10615	
2889	3024	2702	3431	3140	2861	695	3017	4222	9.99999e+008	2261	3246	2975	3886	3100	674	1411	3721	3193	2998	4705	4999	4987	7234	7422	7192	5795	7858	6024	5660	8344	9152	5647	3544	2684	2964	3579	3969	6103	3072	16689	13338	16053	16013	33366	33770	13303	29076	16863	30162	13165	13521	14386	16747	13391	33143	33104	29063	33671	13620	31942	15858	15817	30605	13775	12153	12713	17070	17081	15712	34480	30276	27801	33122	14022	14700	14449	33231	33738	18436	13731	33947	33714	14562	29016	33236	14582	28543	16090	14023	
798	3001	2649	1176	1411	2355	1568	1157	2260	2675	9.99999e+008	1144	837	1754	3138	2326	1986	2937	1915	2264	4824	4247	4236	5021	5562	4979	5044	6072	3811	5004	6484	7292	5971	3867	3008	3288	3903	3216	7020	3396	16215	12060	15580	15540	32893	33297	12519	28603	16389	29689	11888	12244	13602	16273	12918	32670	32631	28590	33198	12836	31469	15385	14540	30132	12615	10876	11436	16597	16608	15239	34007	29803	27328	32649	13238	13916	13399	32758	33265	17963	13257	33474	33241	13591	28543	32763	14109	28070	15617	12746	
491	3843	3491	1033	2301	3043	2350	953	3150	3676	1278	9.99999e+008	1725	850	4228	3329	2480	3827	2805	3154	4466	3890	3879	4284	4593	4171	4686	5103	3003	4199	5515	6323	6508	4405	3546	3826	4441	2858	7025	3933	16755	12627	16119	16079	33432	33836	13409	29142	16929	30228	12455	12811	14272	16813	13457	33209	33170	29129	33737	13594	32008	15924	15107	30671	13182	11443	12003	17136	17147	15778	34546	30342	27867	33188	13897	14573	13966	33297	33804	18502	13797	34013	33780	14158	29082	33302	14648	28609	16156	13313	
1518	2836	2686	900	1357	2099	2287	1877	1696	3512	837	1827	9.99999e+008	1217	3769	3047	2705	2744	1860	1846	5543	4966	4955	4630	5351	4588	5763	6030	3420	5723	6273	7081	6690	4587	3727	4007	4622	3935	7739	4115	15797	11626	15162	15122	32475	32879	12326	28185	15971	29271	11453	11809	13271	15855	12500	32252	32213	28172	32780	12593	31051	14967	14105	29714	12181	10441	11001	16179	16190	14820	33589	29385	26910	32231	12896	13572	12965	32340	32847	17545	12839	33056	32823	13157	28125	32345	13691	27652	15199	12311	
1316	3845	3344	513	2415	3157	3218	1444	2406	4078	1683	1202	1370	9.99999e+008	4821	3922	2982	3581	2919	2855	5668	5092	5081	3624	4345	3582	5888	5024	2414	4836	5267	6075	6967	4863	4004	4284	4899	4060	8016	4392	16724	11777	16089	16049	33402	33806	12593	29112	16898	30198	11605	11961	13422	16782	13427	33179	33140	29099	33707	12744	31978	15894	14257	30641	12332	10593	11153	17106	17117	15747	34516	30312	27837	33158	13047	13723	13116	33267	33774	18472	13766	33983	33750	13308	29052	33272	14618	28579	16126	12463	
3623	1687	2084	4152	2601	2504	2931	3751	3683	2501	2976	3980	3510	4620	9.99999e+008	3175	3912	3018	2644	2612	6851	6273	6262	7858	8082	7816	7070	8592	6577	6935	9004	9812	7160	5425	5071	5351	5966	5243	8023	5459	15202	12360	14566	14526	31879	32283	11893	27589	15376	28675	12093	12635	12976	15260	11904	31656	31617	27576	32184	12210	30455	14371	14995	29118	12365	11481	12041	15583	15594	14225	32993	28789	26314	31635	12612	13290	13039	31744	32251	16949	11600	32460	32227	13152	27529	31749	13095	27056	14603	13351	
2956	3695	3373	3498	3738	3532	1024	2829	4587	671	2327	3133	3164	3928	3771	9.99999e+008	1041	4392	3864	3669	4335	4629	4617	7012	7234	6970	5425	7744	6091	5290	8156	8964	5277	3174	2314	2594	3209	3599	5961	2702	17360	14009	16724	16684	34037	34441	13974	29747	17534	30833	13836	14192	15057	17418	14062	33814	33775	29734	34342	14291	32613	16529	16488	31276	14446	12824	13384	17741	17752	16383	35151	30947	28472	33793	14693	15371	15120	33902	34409	19107	14402	34618	34385	15233	29687	33907	15253	29214	16761	14694	
2142	4006	3684	2684	2876	3843	1040	2272	3726	1325	1514	2499	2351	3140	4078	975	9.99999e+008	4451	3429	3778	3680	3974	3962	6357	6677	6315	4770	7113	5277	4635	7599	8407	4622	2519	1659	1939	2554	2944	5671	2047	17671	13574	17035	16995	34348	34752	14033	30058	17845	31144	13402	13758	15116	17729	14373	34125	34086	30045	34653	14350	32924	16840	16054	31587	14129	12390	12950	18052	18063	16694	35462	31258	28783	34104	14752	15430	14913	34213	34720	19418	14713	34929	34696	15105	29998	34218	15564	29525	17072	14260	
4102	1503	1426	3487	2148	1592	4085	4578	1247	3774	3421	4311	2890	3701	3352	4448	5185	9.99999e+008	1424	1046	7957	7379	7368	6437	7158	6395	8175	7837	5227	7649	8080	8925	8433	6698	6161	6441	7055	6349	9296	6548	13552	10049	12917	12877	30230	30634	9582	25940	13726	27026	9782	10184	10665	13610	10255	30007	29968	25927	30535	9899	28806	12722	12480	27469	10054	8816	9376	13934	13945	12575	31344	27140	24665	29986	10301	10979	10728	30095	30602	15300	10594	30811	30578	10841	25880	30100	11446	25407	12954	10686	
3067	1339	1189	2507	892	909	3001	3486	1170	3370	2408	3434	1609	2826	3098	3860	4175	1246	9.99999e+008	349	6920	6342	6425	5560	6281	5518	7139	6960	4350	6772	7203	8011	8101	6196	5336	5616	6231	5312	8964	5724	14300	10145	13665	13625	30978	31382	10828	26688	14474	27774	9973	10329	11790	14358	11003	30755	30716	26675	31283	11112	29554	13470	12625	28217	10700	8961	9521	14682	14693	13324	32092	27888	25413	30734	11415	12091	11484	30843	31350	16048	11342	31559	31326	11676	26628	30848	12194	26155	13702	10831	
3056	1020	872	2744	1102	592	3085	3532	1341	3125	2375	3518	1846	3063	2781	3799	4361	898	378	9.99999e+008	6911	6333	6322	5797	6518	5755	7129	7197	4587	7009	7440	8319	7784	6050	5383	5663	6278	5303	8647	5771	13951	10348	13316	13276	30629	31033	10480	26339	14125	27425	10176	10532	11563	14009	10654	30406	30367	26326	30934	10797	29205	13121	12828	27868	10903	9164	9724	14333	14344	12975	31743	27539	25064	30385	11199	11877	11626	30494	31001	15699	10993	31210	30977	11739	26279	30499	11845	25806	13353	11034	
5103	7396	7074	5645	6356	7234	4470	4854	7205	4750	4945	5158	5782	5953	7469	4403	3577	7882	6860	7209	9.99999e+008	1632	2593	5041	5826	4999	1519	5716	5831	3360	6748	7751	3806	2982	2021	1782	1168	1862	2757	2512	21061	17005	20425	20385	37738	38142	17464	33448	21235	34534	16833	17189	18547	21119	17763	37515	37476	33435	38043	17781	36314	20230	19485	34977	17560	15821	16381	21442	21453	20084	38852	34648	32173	37494	18183	18861	18344	37603	38110	22808	18103	38319	38086	18536	33388	37608	18954	32915	20462	17691	
4133	6809	6457	4675	5478	6470	4624	3393	6328	5428	4115	3697	4952	4492	6444	5081	4255	7052	5982	6331	1630	9.99999e+008	1048	3496	4281	3454	797	4637	4286	1815	5203	6206	5397	3827	2866	2628	2798	1238	4348	3357	20282	16127	19647	19607	36960	37364	16634	32670	20456	33756	15955	16311	17717	20340	16985	36737	36698	32657	37265	16951	35536	19452	18607	34199	16682	14943	15503	20664	20675	19306	38074	33870	31395	36716	17353	18031	17466	36825	37332	22030	17324	37541	37308	17658	32610	36830	18176	32137	19684	16813	
4128	6803	6450	4670	5472	6465	4619	3388	6370	5424	4110	3692	4947	4487	6437	5076	4250	7047	5976	6325	2795	1252	9.99999e+008	2448	3233	2406	2049	3589	3238	768	4155	5158	5925	3822	2861	2623	3031	1233	5400	3352	20276	16121	19641	19601	36954	37358	16629	32664	20450	33750	15949	16305	17712	20334	16979	36731	36692	32651	37259	16946	35530	19446	18601	34193	16676	14937	15497	20658	20669	19300	38068	33864	31389	36710	17348	18026	17460	36819	37326	22024	17318	37535	37302	17652	32604	36824	18170	32131	19678	16807	
4390	6777	6627	4166	5539	6347	6249	4408	5338	7575	5020	3899	4620	3653	8127	7228	6379	6513	5605	5787	5069	3526	2633	9.99999e+008	785	493	4323	1934	1296	1746	1707	2710	8280	6177	5218	4936	5345	3547	7714	5707	19657	14709	19021	18981	36334	36738	15525	32044	19831	33130	14537	14893	16354	19715	16359	36111	36072	32031	36639	15676	34910	18826	17189	33573	15264	13525	14085	20038	20049	18680	37448	33244	30769	36090	15979	16655	16048	36199	36706	21404	16699	36915	36682	16240	31984	36204	17550	31511	19058	15395	
5028	7567	7417	4956	6329	7137	6887	5045	6128	8095	5770	4537	5410	4443	8765	7747	6922	7303	6395	6577	5859	4316	3423	790	9.99999e+008	1283	5113	2724	2086	2536	922	2099	9070	6967	6008	5726	6135	4337	8504	6497	20447	15316	19811	19771	37124	37528	16110	32834	20621	33920	14650	15006	16961	20505	17149	36901	36862	32821	37429	16283	35700	19616	17302	34363	15871	13638	14198	20828	20839	19470	38238	34034	31522	36880	16586	17262	16655	36989	37496	22194	17489	37705	37472	16847	32774	36994	18340	32301	19848	15508	
4369	6751	6602	4243	5514	6322	6229	4387	5312	7555	5097	3879	4595	3730	8107	7208	6359	6487	5580	5761	5042	3499	2606	480	1265	9.99999e+008	4296	1629	1268	1719	2187	3190	8277	6174	5213	4975	5318	3520	7687	5704	19631	14684	18995	18955	36308	36712	15500	32018	19805	33104	14511	14867	16329	19689	16333	36085	36046	32005	36613	15651	34884	18800	17163	33547	15239	13499	14059	20012	20023	18654	37422	33218	30743	36064	15954	16630	16023	36173	36680	21378	16673	36889	36656	16215	31958	36178	17524	31485	19032	15369	
4929	7606	7253	5471	6275	7267	5420	4189	7125	6225	4912	4493	5749	5288	7240	5877	5052	7849	6779	7128	1518	797	1844	4205	4990	4165	9.99999e+008	4197	5082	2612	5912	6915	5284	4500	3539	3299	2686	2034	4236	4030	21079	16924	20444	20404	37757	38161	17431	33467	21253	34553	16752	17108	18514	21137	17782	37534	37495	33454	38062	17748	36333	20249	19404	34996	17479	15740	16300	21461	21472	20103	38871	34667	32192	37513	18150	18828	18263	37622	38129	22827	18121	38338	38105	18455	33407	37627	18973	32934	20481	17610	
4712	7744	7595	4767	6280	7022	6526	4730	6305	7852	5454	4221	5586	4577	8404	7505	6701	7480	6677	6754	4952	3996	3154	1473	2258	1181	3434	9.99999e+008	2263	2268	3180	4183	8718	6698	5739	5457	5866	4068	7670	6228	20624	15677	19988	19948	37301	37705	16493	33011	20798	34097	15504	15860	17322	20682	17326	37078	37039	32998	37606	16644	35877	19793	18156	34540	16232	14492	15052	21005	21016	19647	38415	34211	31736	37057	16947	17623	17016	37166	37673	22371	17666	37882	37649	17208	32951	37171	18517	32478	20025	16362	
3778	5586	5436	2975	4348	5156	5397	3207	4147	6504	3829	3511	3430	2462	6967	6155	5444	5322	4414	4596	5882	4339	3380	1281	2002	1239	5136	2680	9.99999e+008	2493	2924	3732	8481	6333	5473	5749	6158	4360	8527	5861	18466	13519	17830	17790	35143	35547	14335	30853	18640	31939	13346	13702	15164	18524	15168	34920	34881	30840	35448	14486	33719	17635	15998	32382	14074	12334	12894	18847	18858	17489	36257	32053	29578	34899	14789	15465	14858	35008	35515	20213	15508	35724	35491	15050	30793	35013	16359	30320	17867	14204	
4389	7435	7083	4443	5956	6698	5251	4020	6555	6056	4743	3898	5263	4254	7070	5708	4883	7680	6460	6809	3389	1846	953	1722	2507	1680	2643	2863	2512	9.99999e+008	3429	4432	6558	4455	3494	3256	3665	1867	6034	3985	20653	15926	20017	19977	37330	37734	16742	33040	20827	34126	15754	16110	17571	20711	17355	37107	37068	33027	37635	16893	35906	19822	18406	34569	16481	14742	15302	21034	21045	19676	38444	34240	31765	37086	17196	17872	17265	37195	37702	22400	17695	37911	37678	17457	32980	37200	18546	32507	20054	16612	
5994	8533	8383	5922	7295	8103	7853	6011	7094	9061	6736	5503	6376	5409	9731	8713	7888	8269	7361	7543	6825	5282	4389	1756	966	2249	5755	2321	3052	3502	9.99999e+008	2380	10036	7933	6974	6692	7101	5303	9470	7463	21413	16282	20777	20737	38090	38494	17076	33800	21587	34886	15616	15972	17927	21471	18115	37867	37828	33787	38395	17249	36666	20582	18268	35329	16837	14604	15164	21794	21805	20436	39204	35000	32488	37846	17552	18228	17621	37955	38462	23160	18455	38671	38438	17813	33740	37960	19306	33267	20814	16474	
6374	8761	8611	6150	7523	8331	8233	6392	7322	9463	7004	5883	6604	5637	10111	9115	8290	8497	7589	7771	7053	5510	4617	1984	1368	2477	6307	3604	3280	3730	1283	9.99999e+008	10264	8161	7202	6920	7329	5531	9698	7691	20831	14299	20196	20156	36959	37362	15093	32248	21005	33502	13633	13989	15944	20889	17534	36483	36696	32198	37011	15266	35282	20001	16285	33946	14854	12621	13181	21213	21224	19855	38072	33618	30505	36462	15569	16245	15638	36571	37647	22579	17873	37539	37307	15830	32356	36575	19534	31883	20233	14491	
6090	8383	8061	6632	7343	8221	5457	6836	8192	5600	5932	6447	6769	7088	8456	4929	4564	8869	7847	8196	3840	5383	5835	8230	8980	8188	5269	9328	8587	6508	9902	10710	9.99999e+008	2664	3064	3344	3959	4799	1049	2620	22048	17992	21412	21372	38725	39129	18451	34435	22222	35521	17820	18176	19534	22106	18750	38502	38463	34422	39030	18768	37301	21217	20472	35964	18547	16808	17368	22429	22440	21071	39839	35635	33160	38481	19170	19848	19331	38590	39097	23795	19090	39306	39073	19523	34375	38595	19941	33902	21449	18678	
3940	6233	5911	4482	5193	6070	3307	4686	6042	3587	3782	4297	4619	4938	6305	3240	2414	6719	5697	6046	2982	3785	3732	6127	6832	6085	4501	7225	6439	4405	7754	8562	2664	9.99999e+008	961	1241	1856	2696	3713	517	19898	15842	19262	19222	36575	36979	16301	32285	20072	33371	15670	16026	17384	19956	16600	36352	36313	32272	36880	16618	35151	19067	18322	33814	16397	14658	15218	20279	20290	18921	37689	33485	31010	36331	17020	17698	17181	36440	36947	21645	16940	37156	36923	17373	32225	36445	17791	31752	19299	16528	
3082	5375	5053	3624	4335	5213	2449	3828	5184	2729	2924	3439	3761	4080	5448	2382	1556	5861	4839	5188	2021	2826	2771	5166	5951	5124	3540	6264	5580	3444	6873	7702	3064	961	9.99999e+008	282	895	1735	4113	491	19040	14984	18404	18364	35717	36121	15443	31427	19214	32513	14812	15168	16526	19098	15742	35494	35455	31414	36022	15760	34293	18209	17464	32956	15539	13800	14360	19421	19432	18063	36831	32627	30152	35473	16162	16840	16323	35582	36089	20787	16082	36298	36065	16515	31367	35587	16933	30894	18441	15670	
3362	5655	5333	3904	4615	5493	2729	4108	5464	3010	3204	3719	4041	4360	5728	2662	1836	6141	5119	5468	1782	2544	2533	4928	5713	4886	3301	6025	5718	3206	6635	7638	3344	1241	282	9.99999e+008	655	1497	4340	771	19320	15264	18684	18644	35997	36401	15723	31707	19494	32793	15092	15448	16806	19378	16022	35774	35735	31694	36302	16040	34573	18489	17744	33236	15819	14080	14640	19701	19712	18343	37111	32907	30432	35753	16442	17120	16603	35862	36369	21067	16362	36578	36345	16795	31647	35867	17213	31174	18721	15950	
3977	6270	5948	4519	5230	6108	3344	4723	6079	3624	3819	4334	4656	4975	6342	3277	2451	6756	5734	6083	1168	2800	3010	5404	6189	5362	2687	6502	6194	3682	7111	8114	3959	1856	895	655	9.99999e+008	1973	3727	1386	19935	15879	19299	19259	36612	37016	16338	32322	20109	33408	15707	16063	17421	19993	16637	36389	36350	32309	36917	16655	35188	19104	18359	33851	16434	14695	15255	20316	20327	18958	37726	33522	31047	36368	17057	17735	17218	36477	36984	21682	16977	37193	36960	17410	32262	36482	17828	31789	19336	16565	
3732	6407	6054	4274	5076	6069	4223	2992	5926	4649	3714	3296	4551	4091	6042	4302	3476	6651	5580	5929	1608	1365	1658	4052	4837	3969	2161	5150	4770	2330	5759	6762	4984	2881	1920	1682	1798	9.99999e+008	4167	2411	19880	15725	19245	19205	36558	36962	16233	32268	20054	33354	15553	15909	17316	19938	16583	36335	36296	32255	36863	16550	35134	19050	18205	33797	16280	14541	15101	20262	20273	18904	37672	33468	30993	36314	16952	17630	17064	36423	36930	21628	16922	37139	36906	17256	32208	36428	17774	31735	19282	16411	
7139	8542	8213	7681	8392	8372	6506	7645	9241	6030	6981	7496	7818	8137	8610	5905	5613	9231	8704	8509	2791	4334	5295	7743	8528	7701	4220	8417	8533	6062	9450	10453	1049	3713	4113	4393	3803	4653	9.99999e+008	3669	22207	18849	21571	21531	38884	39288	18813	34594	22381	35680	18676	19032	19896	22265	18909	38661	38622	34581	39189	19130	37460	21376	21328	36123	19285	17664	18224	22588	22599	21230	39998	35794	33319	38640	19532	20210	19959	38749	39256	23954	19249	39465	39232	20072	34534	38754	20100	34061	21608	19534	
3470	5763	5441	4012	4723	5601	2837	4216	5572	3117	3312	3827	4149	4468	5836	2770	1944	6249	5227	5576	2512	3315	3262	5657	6360	5615	4031	6755	5967	3935	7282	8090	2620	517	491	771	1386	2226	3669	9.99999e+008	19428	15372	18792	18752	36105	36509	15831	31815	19602	32901	15200	15556	16914	19486	16130	35882	35843	31802	36410	16148	34681	18597	17852	33344	15927	14188	14748	19809	19820	18451	37219	33015	30540	35861	16550	17228	16711	35970	36477	21175	16470	36686	36453	16903	31755	35975	17321	31282	18829	16058	
16547	13512	13826	16301	14492	13990	16483	17024	14777	16261	15867	16916	15401	16618	15009	16935	17672	13530	14164	13786	20402	19824	19813	19583	20304	19541	20621	20983	18373	20581	21226	20215	20920	19185	18648	18928	19542	18794	21783	19035	9.99999e+008	8037	1143	813	17090	17494	7718	12582	174	13668	9056	9597	6964	702	3600	16649	16827	12569	17177	7080	15448	1207	10488	14111	7992	9886	9677	576	396	1957	18203	13782	11307	16628	7723	7572	7435	16737	17461	2161	3525	17671	17438	7672	12522	16742	3515	12049	541	10521	
12851	10355	10851	12231	10897	10913	13028	13327	9991	13286	12170	13055	11636	12445	12109	13865	14056	9994	10173	10321	16705	16127	16116	15181	14838	15139	16924	16581	13971	16393	15038	13755	17945	16037	15178	15458	16073	15097	18807	15566	7942	9.99999e+008	8099	7306	22660	23063	816	17949	8116	19203	1579	2121	1645	8000	8353	22184	22397	17899	22712	967	20983	7930	3412	19647	555	1849	2202	8323	8335	8682	23773	19319	16206	22163	1270	1946	1339	22272	23348	9690	8692	23240	23008	1531	18057	22276	10355	17584	7343	3045	
15982	12947	13261	15736	13927	13425	15918	16459	14212	15696	15302	16351	14836	16053	14444	16370	17107	12965	13599	13221	19837	19259	19248	19018	19739	18976	20056	20418	17808	20016	20661	19650	20355	18620	18083	18363	18977	18229	21218	18470	1112	8036	9.99999e+008	797	17626	18030	7717	13535	1125	14621	9054	9595	6964	906	3035	17602	17363	13522	18130	7078	16401	642	10488	15064	7992	9885	9676	1529	1342	898	18739	14735	12260	17384	7724	7572	7436	17690	17997	2697	2960	18207	17974	7672	13475	17695	2577	13002	874	10519	
15964	12930	13243	15719	13910	13407	15900	16441	14194	15678	15284	16333	14819	16036	14426	16352	17089	12947	13581	13203	19819	19241	19230	19000	19721	18958	20038	20400	17790	19998	20643	19632	20337	18602	18065	18345	18959	18211	21200	18452	879	7239	793	9.99999e+008	17556	17960	6920	13421	1053	14507	8257	8798	6167	937	3018	17488	17294	13408	18016	6281	16287	624	9691	14950	7195	9088	8879	1415	1271	1376	18670	14621	12146	17315	6927	6775	6639	17576	17928	2626	2942	18137	17904	6875	13361	17581	3370	12888	280	9722	
32980	29945	30259	32734	30925	30423	32916	33457	31210	32694	32300	33349	31834	33051	31442	33368	34105	29963	30597	30219	36835	36257	36246	36016	36737	35974	37054	37416	34806	37014	37659	36648	37353	35618	35081	35361	35975	35227	38216	35468	16645	23551	17181	17258	9.99999e+008	1482	23314	5047	16494	6252	24570	25112	22415	16990	20033	5357	679	5093	5568	22886	4157	17640	23559	5166	22996	25400	25193	16496	16386	17907	1386	6315	6455	1725	22729	21744	22441	3645	2950	14603	19957	1465	348	22515	5747	4776	19584	5734	17186	24930	
33315	30280	30594	33069	31260	30758	33251	33792	31545	33029	32635	33684	32169	33386	31777	33703	34440	30298	30932	30554	37170	36592	36581	36351	37072	36309	37389	37751	35141	37349	37994	36983	37688	35953	35416	35696	36310	35562	38551	35803	16980	23886	17516	17593	1634	9.99999e+008	23649	5382	16829	7228	24905	25447	22750	17325	20368	6909	2313	5428	7104	23221	5791	17975	23894	5308	23331	25735	25528	16831	16721	18242	1535	7949	6791	3359	23064	22079	22775	5181	4194	14938	20292	2147	1484	22850	6082	6312	19919	6069	17521	25265	
13407	10301	10686	13037	11454	10850	13343	13884	10797	13121	12727	13776	12363	13251	12056	13795	14532	9580	10979	10626	17262	16684	16673	15987	15644	15945	17481	17387	14777	17199	15844	14561	17780	16045	15508	15788	16402	15654	18643	15895	7632	806	7789	6996	22451	22854	9.99999e+008	17740	7806	18994	1825	2366	1423	7689	8299	21975	22188	17690	22503	657	20774	7620	3670	19438	813	2655	2446	8013	8024	8372	23564	19110	15997	21954	1061	1737	1485	22063	23139	9379	8639	23031	22799	1598	17848	22067	10301	17375	7033	3290	
28699	25664	25978	28453	26644	26142	28635	29176	26929	28413	28019	29068	27553	28770	27161	29087	29824	25682	26316	25938	32554	31976	31965	31735	32456	31693	32773	33135	30525	32733	33378	32367	33072	31337	30800	31080	31694	30946	33935	31187	12395	18842	13348	12965	4807	5211	18606	9.99999e+008	12223	1864	19861	20403	17706	12975	15752	4843	4545	52	5371	18178	3644	13359	18517	2306	18287	20691	20484	11819	12286	14109	5921	3023	1679	4566	18020	17035	17927	4931	5496	11468	15677	5388	5155	17970	718	4936	15751	687	12693	19888	
16721	13686	14000	16475	14666	14164	16657	17198	14951	16435	16041	17090	15575	16792	15183	17109	17846	13704	14338	13960	20576	19998	19987	19757	20478	19715	20795	21157	18547	20755	21400	20389	21094	19359	18822	19102	19716	18968	21957	19209	174	8211	1125	987	16938	17342	7892	12410	9.99999e+008	13496	9230	9771	7138	876	3774	16477	16676	12397	17005	7254	15276	1381	10662	13939	8166	10060	9851	404	248	2023	18052	13610	11135	16456	7897	7746	7609	16565	17310	2010	3699	17519	17286	7846	12350	16570	3528	11877	715	10695	
29885	26850	27164	29639	27830	27328	29821	30362	28115	29599	29205	30254	28739	29956	28347	30273	31010	26868	27502	27124	33740	33162	33151	32921	33642	32879	33959	34321	31711	33919	34564	33553	34258	32523	31986	32266	32880	32132	35121	32373	13581	20028	14534	14151	6257	7075	19792	1864	13409	9.99999e+008	21047	21493	18892	14161	16938	3925	5995	1851	4453	19364	2409	14545	19387	3393	19473	21877	21572	13005	13472	15295	7364	1693	2865	4625	19206	18221	18968	5003	5850	12655	16863	6831	6605	19012	1291	5008	16937	1804	13879	20758	
12686	10501	10845	12066	10732	10748	12863	13162	9826	13193	12005	12890	11471	12280	12255	13700	13891	9830	10008	10156	16541	15963	15952	15016	14674	14974	16759	16416	13806	16228	14874	13591	17852	15872	15013	15293	15908	14933	18715	15401	8959	1597	9116	8323	23666	24069	1833	18955	9133	20209	9.99999e+008	542	2651	9017	8499	23190	23403	18905	23718	1984	21989	8947	2902	20653	1561	1012	623	9340	9352	9699	24779	20325	17212	23169	2276	2952	2345	23278	24354	10707	8839	24246	24014	2536	19063	23282	10501	18590	8360	1466	
13042	11043	11201	12422	11088	11104	13219	13518	10182	13549	12361	13246	11827	12636	12797	14056	14247	10186	10364	10512	16897	16319	16308	15372	15030	15330	17115	16772	14162	16584	15230	13947	18208	16228	15369	15649	16264	15289	19071	15757	9501	2139	9658	8865	24208	24611	2375	19497	9675	20751	542	9.99999e+008	3193	9559	9041	23732	23945	19447	24260	2526	22531	9489	2609	21195	2103	1368	979	9882	9894	10241	25321	20867	17754	23711	2818	3494	2887	23820	24896	11249	9381	24788	24556	3078	19605	23824	11043	19132	8902	924	
14428	11322	11706	13814	12475	11871	14364	14905	11574	14141	13748	14638	13219	14028	13076	14815	15552	10601	11756	11647	18283	17705	17694	16764	16421	16722	18502	18164	15554	17976	16621	15338	18800	17065	16528	16808	17422	16675	19663	16915	7128	1583	7284	6491	21324	21727	1345	16613	7302	17867	2602	3144	9.99999e+008	7186	8822	20848	21061	16563	21376	1064	19647	7115	3524	18311	1028	3432	3225	7509	7521	7867	22437	17983	14870	20827	760	610	472	20936	22012	8876	9162	21904	21672	708	16721	20940	9861	16248	6529	4068	
15990	12955	13269	15744	13935	13433	15926	16467	14220	15704	15310	16359	14844	16061	14452	16378	17115	12973	13607	13229	19845	19267	19256	19026	19747	18984	20064	20426	17816	20024	20669	19658	20363	18628	18091	18371	18985	18237	21226	18478	895	7493	819	269	17572	17976	7175	13282	1069	14368	8512	9053	6420	9.99999e+008	3043	17349	17310	13269	17877	6536	16148	650	9944	14811	7448	9342	9133	1276	1288	1400	18686	14482	12007	17328	7179	7028	6891	17437	17944	2643	2968	18153	17920	7128	13222	17442	3396	12749	296	9977	
13393	10358	10672	13147	11338	10836	13329	13870	11622	13107	12713	13762	12247	13464	11854	13781	14518	10375	11009	10631	17248	16670	16659	16428	17149	16386	17467	17828	15218	17427	18071	17082	17766	16031	15494	15774	16388	15640	18629	15881	3298	8847	2662	2622	19975	20379	8382	15685	3472	16771	8581	9123	8789	3356	9.99999e+008	19752	19713	15672	20280	8903	18551	2467	10630	17214	8853	7960	8520	3679	3690	2321	21089	16885	14410	19731	9101	9397	9261	19840	20347	5045	370	20556	20323	9497	15625	19845	2105	15152	2699	9830	
32977	29942	30256	32731	30922	30420	32913	33454	31207	32691	32297	33346	31831	33048	31439	33365	34102	29960	30594	30216	36832	36254	36243	36013	36734	35971	37051	37413	34803	37011	37656	36645	37350	35615	35078	35358	35972	35224	38213	35465	16673	23120	17626	17243	5235	6717	22883	4846	16501	3914	24139	24681	21984	17253	20030	9.99999e+008	5025	4833	528	22455	1516	17637	22785	3582	22565	24969	24762	16097	16564	18387	6336	3977	5956	3655	22298	21313	22009	1761	2973	15746	19954	5803	5583	22246	4817	1354	20029	4786	16971	24156	
32301	29266	29580	32055	30246	29744	32237	32778	30531	32015	31621	32670	31155	32372	30763	32689	33426	29284	29918	29540	36156	35578	35567	35337	36058	35295	36375	36737	34127	36335	36980	35969	36674	34939	34402	34682	35296	34548	37537	34789	15966	22872	16502	16579	1236	2718	22635	4368	15815	5573	23891	24433	21736	16311	19354	4678	9.99999e+008	4414	4889	22207	3478	16961	22880	4487	22317	24721	24514	15817	15707	17228	2350	5636	5776	1046	22050	21065	21762	2966	2271	13924	19278	1817	1584	21836	5068	4097	18905	5055	16507	24251	
28647	25612	25926	28401	26592	26090	28583	29124	26877	28361	27967	29016	27501	28718	27109	29035	29772	25630	26264	25886	32502	31924	31913	31683	32404	31641	32721	33083	30473	32681	33326	32315	33020	31285	30748	31028	31642	30894	33883	31135	12344	18791	13297	12913	4859	5263	18554	52	12172	1851	19810	20352	17655	12924	15700	4830	4597	9.99999e+008	5358	18126	3631	13307	18466	2293	18236	20640	20433	11768	12235	14057	5973	3010	1627	4618	17968	16983	17875	4918	5548	11417	15625	5440	5207	17918	705	4923	15700	674	12641	19837	
33505	30470	30784	33259	31450	30948	33441	33982	31735	33219	32825	33874	32359	33576	31967	33893	34630	30488	31122	30744	37360	36782	36771	36541	37262	36499	37579	37941	35331	37539	38184	37173	37878	36143	35606	35886	36500	35752	38741	35993	17201	23648	18154	17771	5763	7092	23411	5374	17029	4442	24667	25209	22512	17781	20558	528	5553	5361	9.99999e+008	22983	2044	18165	23313	4110	23093	25497	25290	16625	17092	18915	6328	4505	6484	4183	22826	21841	22537	1955	3167	16274	20482	5795	5958	22774	5345	1548	20557	5314	17499	24684	
13719	10614	10998	13189	11766	11162	13655	14196	10949	13433	13039	14013	12594	13403	12368	14107	14844	9893	11131	10939	17574	16996	16985	16139	15796	16097	17793	17539	14929	17351	15996	14713	18092	16357	15820	16100	16714	15966	18955	16207	6975	958	7132	6339	22088	22491	639	17377	7149	18631	1976	2517	766	7033	8612	21612	21825	17327	22140	9.99999e+008	20411	6963	3821	19075	964	2807	2598	7356	7368	7715	23201	18747	15634	21591	1212	1374	1238	21700	22776	8723	8951	22668	22436	1474	17485	21704	9709	17012	6376	3441	
31805	28770	29084	31559	29750	29248	31741	32282	30035	31519	31125	32174	30659	31876	30267	32193	32930	28788	29422	29044	35660	35082	35071	34841	35562	34799	35879	36241	33631	35839	36484	35473	36178	34443	33906	34186	34800	34052	37041	34293	15499	21948	16452	16069	4064	5546	21712	3674	15327	2398	22967	23509	20812	16079	18858	1516	3801	3661	2044	21284	9.99999e+008	16465	21591	2409	21393	23797	23590	14923	15390	17215	5171	2461	4785	2483	21126	20141	20838	2594	3708	14574	18783	4638	4412	21075	3645	2599	18855	3615	15799	22962	
15818	12783	13097	15572	13763	13261	15754	16295	14048	15532	15138	16187	14672	15889	14280	16206	16943	12801	13435	13057	19673	19095	19084	18854	19575	18812	19892	20254	17644	19852	20497	19486	20191	18456	17919	18199	18813	18065	21054	18306	1006	7571	647	332	17684	18087	7252	13393	1180	14479	8589	9130	6499	1064	2871	17460	17421	13380	17988	6613	16259	9.99999e+008	10023	14922	7527	9420	9211	1387	1399	1228	18797	14593	12118	17439	7259	7107	6971	17548	18055	2754	2795	18264	18032	7207	13333	17553	3224	12860	407	10054	
15340	13404	13499	14720	13386	13402	15517	15816	12480	15847	14659	15544	14125	14934	15158	16354	16545	12484	12662	12810	19195	18617	18606	17402	16785	17628	19413	19070	16460	18882	16985	15702	20506	18526	17667	17947	18562	17587	21369	18055	10367	3647	10523	9730	24202	24605	3883	19491	10541	20745	2903	2609	3465	10425	10549	23726	23939	19441	24254	4035	22525	10354	9.99999e+008	21189	3611	3666	3106	10749	10760	11106	25315	20656	17748	23705	3571	3764	3055	23814	24890	12115	10889	24782	24550	2818	19599	23818	12551	19126	9769	1796	
30402	27367	27681	30156	28347	27845	30338	30879	28632	30116	29722	30771	29256	30473	28864	30790	31527	27385	28019	27641	34257	33679	33668	33438	34159	33396	34476	34838	32228	34436	35081	34070	34775	33040	32503	32783	33397	32649	35638	32890	14098	20545	15051	14668	5137	5300	20308	2272	13926	3389	21564	22106	19409	14678	17455	3578	4875	2260	4106	19880	2377	15062	20210	9.99999e+008	19990	22394	22187	13522	13989	15812	6244	4535	3381	3557	19723	18738	19434	3665	4782	13173	17380	5712	5485	19671	2243	3669	17454	2213	14396	21581	
13406	10789	11174	12786	11452	11338	13583	13882	10546	13609	12725	13610	12191	13000	12543	14283	14611	10068	10728	10876	17260	16682	16671	15736	15393	15694	17479	17136	14526	16948	15593	14310	18268	16533	15733	16013	16628	15652	19131	16121	7858	555	8014	7221	22105	22508	814	17394	8032	18648	1574	2116	1090	7916	8787	21629	21842	17344	22157	884	20428	7845	2857	19092	9.99999e+008	2404	2197	8240	8251	8597	23218	18764	15651	21608	715	1391	800	21717	22793	9606	9127	22685	22453	991	17502	21721	10591	17029	7260	3040	
11674	9867	9833	11054	9720	9736	11851	12150	8814	12181	10993	11878	10459	11268	11716	12688	12879	8818	8996	9144	15529	14951	14940	14004	13662	13962	15747	15404	12794	15216	13862	12579	16840	14860	14001	14281	14896	13921	17703	14389	9791	1849	9948	9155	24509	24912	2472	19798	9965	21052	1012	1368	3494	9849	7876	24033	24246	19748	24561	2816	22832	9779	3664	21496	2404	9.99999e+008	560	10172	10184	10197	25622	21168	18055	24012	3119	3795	3188	24121	25197	11539	8216	25089	24857	3380	19906	24125	9878	19433	9192	1870	
12234	10427	10393	11614	10280	10296	12411	12710	9374	12741	11553	12438	11019	11828	12276	13248	13439	9378	9556	9704	16089	15511	15500	14564	14067	14522	16307	15964	13354	15776	14267	12984	17400	15420	14561	14841	15456	14481	18263	14949	9582	2219	9739	8946	24289	24692	2456	19578	9756	20832	623	979	3274	9640	8436	23813	24026	19528	24341	2607	22612	9570	3104	21276	2184	560	9.99999e+008	9963	9975	10322	25402	20948	17835	23792	2899	3575	2968	23901	24977	11330	8776	24869	24637	3159	19686	23905	10438	19213	8983	1310	
17002	13967	14281	16756	14947	14445	16938	17479	15232	16716	16322	17371	15856	17073	15464	17390	18127	13985	14619	14241	20857	20279	20268	20038	20759	19996	21076	21438	18828	21036	21681	20670	21375	19640	19103	19383	19997	19249	22238	19490	576	8492	1529	1268	16813	17217	8174	12006	404	13092	9511	10052	7419	1156	4055	16073	16551	11993	16601	7535	14872	1662	10943	13535	8447	10341	10132	9.99999e+008	467	2412	17927	13206	10731	16052	8179	8027	7890	16161	17214	2037	3980	17394	17161	8127	11946	16166	3932	11473	996	10976	
16943	13908	14222	16697	14888	14386	16879	17420	15173	16657	16263	17312	15797	17014	15405	17331	18068	13926	14560	14182	20798	20220	20209	19979	20700	19937	21017	21379	18769	20977	21622	20611	21316	19581	19044	19324	19938	19190	22179	19431	396	8433	1342	1209	16832	17236	8114	12473	248	13559	9452	9993	7360	1098	3996	16540	16570	12460	17068	7476	15339	1603	10884	14002	8388	10282	10073	467	9.99999e+008	2068	17946	13673	11198	16519	8119	7968	7831	16628	17204	1902	3921	17413	17180	8068	12413	16633	3745	11940	937	10917	
15973	12938	13434	15727	13918	13416	15909	16450	13873	15869	15293	16342	14827	16044	13729	16543	17201	12955	13589	13211	19828	19250	19239	19008	19729	18966	20047	20408	17798	20007	20634	19351	20528	18793	18255	18535	19150	18220	21390	18643	2010	8625	898	1386	18524	18928	8306	14433	2023	15519	9643	10184	7553	1804	3026	18500	18261	14420	19028	7667	17299	1231	11077	15962	8581	10474	10265	2427	2240	9.99999e+008	19637	15633	13158	18282	8313	8161	8025	18588	18895	3595	2950	19105	18872	8261	14373	18593	2306	13900	1461	11108	
33981	30946	31260	33735	31926	31424	33917	34458	32211	33695	33301	34350	32835	34052	32443	34369	35106	30964	31598	31220	37836	37258	37247	37017	37738	36975	38055	38417	35807	38015	38660	37649	38354	36619	36082	36362	36976	36228	39217	36469	17646	24552	18182	18259	1748	1363	24316	6048	17495	7253	25571	26113	23416	17991	21034	6128	2112	6095	6323	23888	5158	18641	24561	6167	23997	26401	26194	17497	17387	18908	9.99999e+008	7316	7458	2726	23730	22745	23442	4400	3412	15604	20958	612	1156	23516	6748	5531	20585	6735	18187	25932	
29629	26594	26908	29383	27574	27072	29565	30106	27859	29343	28949	29998	28483	29700	28091	30017	30754	26612	27246	26868	33484	32906	32895	32665	33386	32623	33703	34065	31455	33663	34308	33297	34002	32267	31730	32010	32624	31876	34865	32117	13325	19772	14278	13895	6312	7794	19536	3143	13153	1382	20791	21237	18636	13905	16682	4030	6050	3130	4558	19108	2514	14289	19130	4672	19217	21621	21316	12749	13216	15039	7471	9.99999e+008	2609	4732	18950	17965	18712	4841	5957	12398	16607	6938	6660	18755	2425	4846	16681	2976	13623	20501	
27600	24565	24879	27354	25545	25043	27536	28077	25830	27314	26920	27969	26454	27671	26062	27988	28725	24583	25217	24839	31455	30877	30866	30636	31357	30594	31674	32036	29426	31634	32279	31268	31973	30238	29701	29981	30595	29847	32836	30088	11296	17743	12249	11866	6454	6857	17506	1743	11124	2997	18762	19304	16607	11876	14653	5978	6191	1693	6506	17078	4777	12260	17767	3441	17188	19592	19385	10720	11187	13010	7567	3113	9.99999e+008	5957	16921	15936	16633	6066	7142	10369	14577	7034	6802	16707	1851	6070	14652	1378	11594	19138	
32784	29749	30063	32538	30729	30227	32720	33261	31014	32498	32104	33153	31638	32855	31246	33172	33909	29767	30401	30023	36639	36061	36050	35820	36541	35778	36858	37220	34610	36818	37463	36452	37157	35422	34885	35165	35779	35031	38020	35272	16449	23355	16985	17062	1632	3114	23118	4851	16298	4600	24374	24916	22219	16794	19837	3705	1370	4897	4033	22690	2504	17444	22847	3515	22800	25204	24997	16299	16190	17711	2739	4662	5890	9.99999e+008	22532	21548	22244	2110	1225	14407	19761	2206	1980	22318	4751	3241	19388	4720	16990	24218	
14115	11010	11394	13501	12162	11558	14051	14592	11261	13829	13435	14325	12906	13715	12764	14503	15240	10289	11443	11335	17970	17392	17381	16451	16108	16409	18189	17851	15241	17663	16308	15025	18488	16753	16216	16496	17110	16362	19351	16603	7976	1270	8132	7339	21863	22266	1033	17152	8150	18406	2289	2831	848	8034	9006	21387	21600	17102	21915	1104	20186	7963	3552	18850	715	3119	2912	8357	8369	8715	22976	18522	15409	21366	9.99999e+008	1149	898	21475	22551	9724	9346	22443	22211	1011	17260	21479	10709	16787	7377	3755	
14872	11766	12151	14259	12919	12315	14808	15349	12019	14586	14192	15083	13664	14473	13520	15260	15997	11045	12201	12091	18727	18149	18138	17209	16866	17167	18946	18609	15999	18421	17066	15783	19245	17510	16973	17253	17867	17119	20108	17360	6888	2028	7044	6251	20714	21117	1791	16003	7062	17257	3047	3589	892	6946	8855	20238	20451	15953	20766	1437	19037	6875	3751	17701	1473	3877	3670	7464	7281	7627	21827	17373	14260	20217	1205	9.99999e+008	892	20326	21402	8877	9193	21294	21062	935	16111	20330	9621	15638	6289	4513	
14190	11476	11861	13570	12236	12025	14367	14666	11330	14296	13509	14394	12975	13784	13230	14970	15395	10755	11512	11660	18044	17466	17455	16520	16177	16478	18263	17920	15310	17732	16377	15094	18955	17220	16517	16797	17412	16436	19818	16905	7313	1339	7469	6676	21519	21922	1502	16808	7487	18062	2358	2900	703	7371	9008	21043	21256	16758	21571	1249	19842	7300	3053	18506	800	3188	2981	7694	7706	8052	22632	18178	15065	21022	916	805	9.99999e+008	21131	22207	9061	9347	22099	21867	237	16916	21135	10046	16443	6714	3824	
32977	29942	30256	32731	30922	30420	32913	33454	31207	32691	32297	33346	31831	33048	31439	33365	34102	29960	30594	30216	36832	36254	36243	36013	36734	35971	37051	37413	34803	37011	37656	36645	37350	35615	35078	35358	35972	35224	38213	35465	16673	23120	17626	17243	4154	5636	22883	4846	16501	4666	24139	24681	21984	17253	20030	1728	3892	4833	1923	22455	2570	17637	22785	3582	22565	24969	24762	16097	16564	18387	5142	4728	5956	2522	22298	21313	22009	9.99999e+008	1477	15746	19954	4609	4502	22246	4817	1131	20029	4786	16971	24156	
33829	30794	31108	33583	31774	31272	33765	34306	32059	33543	33149	34198	32683	33900	32291	34217	34954	30812	31446	31068	37684	37106	37095	36865	37586	36823	37903	38265	35655	37863	38508	37497	38202	36467	35930	36210	36824	36076	39065	36317	17494	24224	18030	18107	2677	4159	23987	5896	17343	5645	25243	25785	23088	17839	20882	2832	2415	5937	3027	23559	3549	18489	23889	4560	23669	26073	25866	17201	17235	18756	3784	5707	6935	1045	23402	22417	23113	1104	9.99999e+008	15452	20806	3251	3025	23350	5796	2235	20433	5765	18035	25260	
18377	15342	15656	18131	16322	15820	18313	18854	16607	18091	17697	18746	17231	18448	16839	18765	19502	15360	15994	15616	22232	21654	21643	21413	22134	21371	22451	22813	20203	22411	23056	22045	22750	21015	20478	20758	21372	20624	23613	20865	2042	9880	2578	2655	15390	15794	9561	12032	1891	13118	10898	11439	8806	2387	5430	16098	15128	12019	16626	8922	14898	3037	12330	13560	9834	11729	11520	1920	1785	3304	16504	13232	10757	15149	9566	9415	9278	16187	15762	9.99999e+008	5354	15971	15738	9514	11972	16192	4981	11499	2583	12363	
13671	10636	10950	13425	11616	11114	13607	14148	11901	13385	12991	14040	12525	13742	12133	14059	14796	10654	11288	10910	17526	16948	16937	16707	17428	16665	17745	18107	15497	17705	18350	17339	18044	16309	15772	16052	16666	15918	18907	16159	3856	9104	3220	3180	20533	20937	8639	16243	4030	17329	8839	9381	9239	3914	558	20310	20271	16230	20838	9296	19109	3025	10887	17772	9111	8217	8777	4237	4248	2879	21647	17443	14968	20289	9358	9849	9711	20398	20905	5603	9.99999e+008	21114	20881	9947	16183	20403	1735	15710	3257	10087	
33672	30637	30951	33426	31617	31115	33608	34149	31902	33386	32992	34041	32526	33743	32134	34060	34797	30655	31289	30911	37527	36949	36938	36708	37429	36666	37746	38108	35498	37706	38351	37340	38045	36310	35773	36053	36667	35919	38908	36160	17337	24243	17873	17950	1136	2036	24007	5737	17186	6944	25262	25804	23107	17682	20725	5817	1801	5784	6012	23579	4849	18332	24250	5858	23688	26092	25885	17188	17078	18599	690	7007	7147	2417	23421	22436	23133	4089	3101	15295	20649	9.99999e+008	679	23207	6437	5220	20276	6424	17878	25621	
33405	30370	30684	33159	31350	30848	33341	33882	31635	33119	32725	33774	32259	33476	31867	33793	34530	30388	31022	30644	37260	36682	36671	36441	37162	36399	37479	37841	35231	37439	38084	37073	37778	36043	35506	35786	36400	35652	38641	35893	17070	23976	17606	17683	814	1595	23739	5472	16919	6849	24995	25537	22840	17415	20458	5954	1276	5518	6165	23311	4754	18065	23984	5763	23421	25825	25618	16921	16811	18332	1038	6912	6882	2322	23154	22169	22866	4242	3375	15028	20382	1117	9.99999e+008	22940	6172	5373	20009	6159	17611	25355	
14382	11668	12052	13762	12428	12217	14559	14858	11522	14487	13701	14586	13167	13976	13422	15161	15587	10947	11704	11852	18236	17658	17647	16712	16369	16670	18455	18112	15502	17924	16569	15286	19146	17411	16709	16989	17604	16628	20009	17097	7549	1531	7705	6912	21754	22157	1693	17043	7723	18297	2549	3091	940	7607	9244	21278	21491	16993	21806	1485	20077	7536	2816	18741	991	3380	3172	7931	7942	8288	22867	18413	15300	21257	1107	1040	237	21366	22442	9297	9584	22334	22102	9.99999e+008	17151	21370	10282	16678	6951	3665	
28594	25559	25873	28348	26539	26037	28530	29071	26824	28308	27914	28963	27448	28665	27056	28982	29719	25577	26211	25833	32449	31871	31860	31630	32351	31588	32668	33030	30420	32628	33273	32262	32967	31232	30695	30975	31589	30841	33830	31082	12290	18737	13243	12860	5525	5929	18501	718	12118	1291	19756	20202	17601	12870	15647	4783	5263	705	5311	18073	3584	13254	18096	2247	18182	20586	20281	11714	12181	14004	6639	2305	1574	4762	17915	16930	17677	4872	5987	11364	15572	6106	5873	17721	9.99999e+008	4876	15646	658	12588	19467	
33076	30041	30355	32830	31021	30519	33012	33553	31306	32790	32396	33445	31930	33147	31538	33464	34201	30059	30693	30315	36931	36353	36342	36112	36833	36070	37150	37512	34902	37110	37755	36744	37449	35714	35177	35457	36071	35323	38312	35564	16771	23219	17724	17341	4690	5939	22983	4946	16599	4765	24238	24780	22083	17351	20129	1392	4428	4933	1587	22555	2670	17736	22885	3681	22664	25068	24861	16195	16662	18486	5174	4828	6056	3058	22397	21412	22109	930	2013	15846	20054	4641	4804	22346	4917	9.99999e+008	20127	4886	17070	24256	
14523	11488	11801	14277	12468	11966	14459	15000	12332	14236	13843	14892	13377	14594	12984	14910	15647	11505	12139	11761	18378	17800	17789	17522	18243	17480	18597	18922	16312	18557	19165	19002	18895	17160	16623	16903	17517	16770	19758	17010	3515	10613	2577	3374	20203	20607	10294	15938	3528	17024	10501	11043	9541	3309	2219	20005	19940	15925	20533	9655	18804	3219	12550	17467	10569	9880	10440	3932	3745	2644	21316	17138	14663	19961	10301	10149	10013	20093	20574	5100	1735	20784	20551	10249	15878	20098	9.99999e+008	15405	3451	11750	
28664	25629	25943	28418	26609	26107	28600	29141	26894	28378	27984	29033	27518	28735	27126	29052	29789	25647	26281	25903	32519	31941	31930	31700	32421	31658	32738	33100	30490	32698	33343	32332	33037	31302	30765	31045	31659	30911	33900	31152	12358	18805	13311	12928	5340	5744	18569	533	12186	1619	19824	20366	17669	12938	15717	4600	5078	520	5128	18141	3399	13324	18472	2063	18250	20654	20447	11782	12249	14074	6454	2778	1643	4579	17983	16998	17695	4688	5804	11433	15641	5921	5688	17932	473	4693	15714	9.99999e+008	12658	19843	
16006	12971	13285	15760	13951	13449	15942	16483	14236	15720	15326	16375	14860	16077	14468	16394	17131	12989	13623	13245	19861	19283	19272	19042	19763	19000	20080	20442	17832	20040	20685	19674	20379	18644	18107	18387	19001	18253	21242	18494	898	7496	835	272	17576	17980	7178	13285	1072	14371	8515	9056	6423	956	3059	17352	17313	13272	17880	6539	16151	666	9947	14814	7451	9345	9136	1279	1291	1416	18689	14485	12010	17331	7183	7031	6894	17440	17947	2646	2984	18157	17924	7131	13225	17445	3412	12752	9.99999e+008	9980	
13544	11737	11703	12924	11590	11606	13721	14020	10684	14051	12863	13748	12329	13138	13586	14558	14749	10688	10866	11014	17399	16821	16810	15606	14989	15832	17617	17274	14664	17086	15189	13906	18710	16730	15871	16151	16766	15791	19573	16259	10425	3063	10582	9789	25132	25535	3299	20421	10599	21675	1466	924	4117	10483	9746	24656	24869	20371	25184	3450	23455	10413	1794	22119	3027	1870	1310	10806	10818	11165	26245	21791	18678	24635	3742	4418	3811	24744	25820	12173	10086	25712	25480	3665	20529	24748	11748	20056	9826	9.99999e+008	
0.2
0.2
