80																																																																																										
9999999	11	11	14	19	15	19	15	19	19	15	11	11	11	11	11	11	15	19	15	11	9	15	11	11	11	15	11	11	15	11	11	15	19	11	19	19	15	15	11	11	15	19	19	11	19	15	15	15	15	15	15	15	15	21	11	15	15	15	11	15	15	15	19	15	11	15	18	15	19	19	15	19	11	13	19	19	19	12	15											
0	5	5	4	7	7	6	4	12	11	8	5	6	6	6	6	6	8	11	8	6	5	8	5	5	6	8	6	6	8	6	7	9	11	6	11	11	8	8	6	6	7	10	10	6	10	8	8	8	8	8	8	8	8	11	6	7	8	8	7	8	8	8	10	8	6	8	9	8	10	10	8	10	5	7	10	10	10	11	8											
91																																																																																										
0.010989011	0.010989011	0.010989011	0.010989011	0.010989011	0.010989011	0.010989011	0.010989011	0.010989011	0.010989011	0.010989011	0.010989011	0.010989011	0.010989011	0.010989011	0.010989011	0.010989011	0.010989011	0.010989011	0.010989011	0.010989011	0.010989011	0.010989011	0.010989011	0.010989011	0.010989011	0.010989011	0.010989011	0.010989011	0.010989011	0.010989011	0.010989011	0.010989011	0.010989011	0.010989011	0.010989011	0.010989011	0.010989011	0.010989011	0.010989011	0.010989011	0.010989011	0.010989011	0.010989011	0.010989011	0.010989011	0.010989011	0.010989011	0.010989011	0.010989011	0.010989011	0.010989011	0.010989011	0.010989011	0.010989011	0.010989011	0.010989011	0.010989011	0.010989011	0.010989011	0.010989011	0.010989011	0.010989011	0.010989011	0.010989011	0.010989011	0.010989011	0.010989011	0.010989011	0.010989011	0.010989011	0.010989011	0.010989011	0.010989011	0.010989011	0.010989011	0.010989011	0.010989011	0.010989011	0.010989011	0.010989011	0.010989011	0.010989011	0.010989011	0.010989011	0.010989011	0.010989011	0.010989011	0.010989011	0.010989011	0.010989011
0	-3	-5	0	3	0	6	5	-10	4	-4	-1	0	0	-2	1	-2	0	-1	-1	0	2	-2	0	2	0	1	0	1	0	0	-3	-3	0	0	-1	0	-1	1	3	-1	4	5	0	-5	4	0	0	0	0	-1	0	1	0	0	1	-2	-2	1	2	3	0	1	0	-1	1	0	2	-2	0	-1	0	0	2	0	0	1	0	-6	0											
0	-2	2	10	-5	1	13	7	-5	7	0	-1	0	0	-2	0	-1	0	0	0	0	0	0	1	0	-1	-2	0	2	-1	1	3	-1	7	-1	-1	0	0	0	2	-2	3	9	1	-6	-1	0	1	0	0	1	2	1	0	1	-2	-4	-3	2	-2	0	0	0	2	0	-2	0	-2	3	-1	-2	0	0	0	1	-5	2	0	-5	0											
0	-5	-5	-3	-7	-3	-1	0	-12	2	-1	-1	-2	0	1	1	0	0	-2	-1	0	0	-1	0	1	0	-1	0	1	0	0	-2	-1	2	0	0	0	1	0	1	-1	1	0	-1	0	-5	0	0	-1	1	2	3	1	-1	0	-3	0	1	1	-1	-4	0	1	1	-1	-3	2	1	2	0	-1	0	0	0	0	-5	-1	-1	-3	0											
0	-4	-4	-2	-6	-4	-1	2	-5	4	-2	0	-1	0	0	1	1	0	-1	0	0	0	-1	0	-1	0	-1	0	3	0	1	-5	0	5	2	-1	0	-1	0	-2	0	2	2	-5	-4	-3	0	0	0	0	-4	0	2	2	0	0	1	-5	-2	-2	-1	0	1	0	1	-2	0	0	-2	-2	-1	1	0	-1	-2	2	-6	2	0	0											
0	0	0	-3	-2	-1	7	2	1	-7	-1	0	0	0	-2	-1	-1	0	-2	0	0	1	2	0	1	-3	1	0	2	0	2	-1	0	-1	-5	0	0	2	0	-1	0	0	1	-1	-3	1	0	0	1	0	-5	0	0	0	0	2	2	-2	-6	2	1	0	0	0	-1	0	0	0	0	0	0	0	0	0	0	0	1	-1	0	0											
0	0	4	6	-4	0	5	1	-2	-8	7	0	0	0	1	0	0	0	0	2	0	0	0	1	1	1	-1	0	0	-2	0	1	0	-6	0	-2	0	0	0	2	0	0	-3	-3	5	2	0	2	0	0	0	0	-1	1	0	0	0	-1	0	-2	-1	0	-2	0	4	0	1	0	2	0	0	0	0	-4	0	-2	-3	0	-2	0											
0	-4	6	6	8	6	11	0	4	1	-6	-1	1	0	-2	1	-1	-1	1	-1	0	0	0	0	1	1	1	-1	0	-1	1	-2	-2	4	-1	1	0	1	-1	-4	0	0	7	1	-2	3	0	0	-2	0	-6	1	-4	0	0	-2	-1	1	3	-6	2	0	1	1	0	-1	5	1	0	-1	0	0	0	1	0	-2	-2	0	-4	0											
0	4	-2	-2	3	6	9	2	-7	-1	2	0	0	0	-3	0	0	0	0	-1	0	0	-1	1	2	1	-3	0	2	-1	-1	-2	-2	4	-4	0	0	-1	0	-1	0	3	2	2	-4	4	0	0	0	0	-1	0	-2	-2	-2	-3	-2	1	5	-4	-2	0	2	1	-1	0	0	2	0	1	-3	0	0	0	0	-2	2	-1	-6	0											
0	-2	1	10	-6	8	-1	2	-7	-10	-2	0	0	0	-1	0	1	0	-1	-1	0	0	-2	0	-2	0	0	0	1	0	0	0	-2	2	0	0	0	-1	2	2	1	0	5	-1	1	1	1	0	1	0	-2	2	-2	2	0	-2	3	-2	-1	-3	1	-1	0	1	0	0	1	0	-1	-3	-2	0	0	0	-4	-2	2	0	0	0											
0	6	-2	10	5	7	2	3	-8	-10	0	-2	2	0	-1	0	0	-2	-1	2	0	0	1	0	-1	0	-2	0	1	0	2	0	-2	4	0	0	0	1	0	-2	-1	1	1	0	5	0	0	0	0	0	0	1	1	0	0	-2	0	-2	0	-4	-1	0	0	0	1	0	-1	2	1	0	-2	0	0	-1	1	-4	1	0	-1	0											
0	-3	-2	0	-3	0	13	3	-1	8	-6	-1	-1	1	0	1	0	-1	1	2	0	0	-1	-1	1	2	1	0	2	0	0	-1	0	-2	0	0	0	-1	0	4	0	0	1	-1	5	-1	0	0	0	0	-2	1	-2	0	1	-1	-3	2	1	-2	-6	0	0	0	0	-3	3	1	1	1	-1	-1	0	0	0	-1	-2	-2	-3	0											
0	-2	-4	-4	4	-1	-6	2	-12	-6	4	0	0	0	0	0	0	-2	-3	0	0	0	2	0	1	2	0	0	2	0	2	1	1	1	0	0	0	-4	-1	-2	0	3	2	1	-2	-3	0	0	-1	-1	1	0	2	0	2	0	-3	-2	0	1	-1	0	0	0	0	0	-2	2	-2	-3	1	0	0	-2	0	1	3	0	-3	0											
0	-2	-5	6	11	0	1	1	-6	-5	2	0	-1	0	0	0	-1	0	0	1	0	1	-1	-1	3	-2	-1	-1	1	1	0	-1	1	-5	0	0	0	-2	0	1	0	-1	4	-2	-1	1	0	0	0	-1	1	1	-4	2	0	-3	-1	3	-2	-1	1	0	0	-1	-2	1	2	0	2	-3	0	0	0	1	0	-1	-3	0	0	0											
0	-2	0	10	0	5	4	-1	-8	0	6	-1	0	0	1	-1	0	0	-1	1	0	1	-1	0	2	-2	1	0	1	0	-1	-2	0	4	1	0	0	-1	1	4	0	2	3	1	1	5	0	0	0	0	1	1	-2	2	0	-4	-5	-2	0	-7	-3	0	0	1	4	0	-4	2	1	1	-3	0	0	-1	0	-5	0	-1	-4	0											
0	1	-5	8	3	3	0	3	-5	2	-5	-1	1	0	3	0	-1	0	0	-1	0	-1	-2	0	1	-2	0	0	1	0	0	0	-2	3	-2	-1	0	-2	0	3	-1	2	1	2	0	1	0	0	1	0	1	1	-3	-2	0	-1	-2	1	2	-2	-1	0	0	2	-1	0	0	-1	0	-1	-2	0	0	0	1	0	2	-2	-7	0											
0	6	0	8	7	-4	5	-1	2	-11	-1	-2	1	0	1	0	0	-1	-2	0	0	0	0	0	2	1	1	0	1	0	0	1	-2	2	-2	0	0	-1	1	0	-1	2	5	1	-6	7	0	0	0	0	0	2	-5	-1	0	-1	-5	-1	0	-4	2	0	0	1	1	-3	1	1	-1	1	-2	0	0	0	0	-3	6	0	-3	0											
0	-3	3	10	1	-2	-3	-4	-4	-11	-7	-1	-1	0	-2	0	1	1	-2	-1	0	1	-1	-2	3	1	-1	2	5	0	1	-3	-2	-3	-1	1	0	1	0	2	0	2	5	5	-2	-3	0	0	0	0	1	3	0	2	0	1	-2	-1	4	1	1	0	1	0	-2	-1	-6	-2	2	-1	-3	0	0	-1	0	-5	0	0	-9	0											
0	-5	-1	3	-7	8	3	2	-3	-6	-5	-2	0	0	1	0	-1	0	0	-1	0	0	0	0	2	-1	-1	0	1	0	-1	-2	0	6	-2	-1	0	-1	0	0	0	6	1	0	-1	3	1	0	-1	0	0	0	1	0	2	-5	0	-1	4	0	-2	0	1	0	3	-1	3	0	4	-1	-4	0	0	-1	1	-5	0	-2	-1	0											
0	3	-5	-4	-5	-7	10	-4	-3	-2	-2	0	1	0	-2	0	0	0	1	1	-1	0	-1	0	0	0	-1	-1	-2	-1	2	-3	-1	-4	-2	0	0	-2	0	-2	0	-1	4	1	1	-1	0	0	1	0	-3	0	2	0	0	-1	0	-3	0	1	1	0	0	0	-1	1	1	0	0	0	-4	0	0	0	0	0	-3	-1	1	0											
0	-5	-2	3	3	-3	-6	-3	-3	-4	-7	-1	0	1	-2	1	0	0	-2	1	-1	0	1	0	2	4	1	0	0	0	-2	1	1	3	1	2	0	1	-2	0	0	1	-1	1	2	3	0	-1	0	0	-1	0	0	0	-1	-2	-3	3	3	-3	-1	0	0	0	0	-2	4	0	0	-3	-1	-1	0	0	-1	0	0	3	-1	0											
0	6	1	10	6	7	6	0	3	-4	-1	-1	0	0	-1	1	1	0	-1	0	0	0	0	0	0	1	0	0	0	0	-1	-3	-1	5	-1	0	0	-2	0	1	-1	0	2	0	-4	1	0	0	0	0	0	0	0	0	0	0	-5	-4	1	-1	3	1	0	3	1	0	0	2	-1	-1	-5	0	0	0	1	-4	1	-1	-6	0											
0	-5	0	10	9	7	1	6	2	6	-5	0	0	0	1	0	-1	0	-2	-1	0	0	1	0	2	4	2	-1	0	0	0	1	0	0	-2	-1	0	-4	-2	4	0	4	0	1	2	-5	0	1	2	0	-1	0	-1	0	-1	0	-2	1	-4	-3	3	1	0	2	0	-1	-1	0	0	-1	-4	0	0	-1	0	-3	0	1	-5	0											
0	-5	5	10	8	4	4	1	-3	-2	5	0	1	0	0	-1	0	0	0	1	0	0	1	0	-2	1	1	0	1	0	0	-2	-2	5	1	-1	0	-2	0	2	-1	2	6	2	0	-1	0	0	1	1	1	1	-1	0	0	0	-2	-1	1	-1	3	0	1	0	1	-1	-4	3	-3	-3	0	0	0	-1	1	-2	-2	-1	-6	0											
0	5	-3	7	-2	-1	5	-1	-9	-5	-4	0	-1	0	-4	0	0	0	1	-1	0	1	-1	1	0	-1	0	0	2	-1	0	3	-3	-2	-1	0	0	-2	0	0	0	1	5	-2	-1	2	-1	0	0	0	1	2	-3	0	0	-2	-5	3	0	-1	2	0	1	1	0	-1	3	0	3	0	-3	0	0	0	0	-5	0	-1	-5	0											
0	-2	-3	-4	1	8	7	4	-6	-5	2	0	-2	0	0	1	0	0	-1	-2	0	-1	1	0	1	0	-1	0	1	0	0	-5	0	5	0	0	0	-1	0	4	0	0	0	-3	-3	-3	0	0	0	0	1	1	-6	0	2	-2	4	-3	1	-3	2	0	0	0	-2	-3	0	0	2	1	-2	0	0	2	-1	-3	-2	-1	-7	0											
0	-2	-5	8	4	-2	5	1	1	2	-8	0	-1	0	-2	0	0	0	0	-3	0	1	1	-1	0	0	0	0	0	2	1	-3	0	2	-2	2	0	1	0	-3	0	0	2	1	-3	0	0	-2	0	0	-5	0	-3	0	0	-1	-2	2	1	4	-2	2	0	0	0	-2	-1	0	2	-2	-4	0	0	0	-1	-2	-1	-2	-7	0											
0	-5	5	-2	2	-7	2	1	7	5	-1	0	0	0	0	0	0	-1	0	1	0	0	1	0	0	0	0	-1	1	0	1	1	0	-8	-2	1	-1	-5	2	0	0	1	2	0	4	-1	0	0	-2	0	-3	0	1	2	0	1	0	-2	3	-1	-1	0	0	-1	-2	0	-2	0	0	-2	-2	1	-1	-1	1	0	-1	0	-3	0											
0	-4	-3	10	11	1	1	0	-2	-5	-1	-1	0	0	2	1	0	0	-1	-1	0	-1	0	0	0	-2	0	1	3	0	2	4	0	6	0	0	0	0	0	0	0	3	4	1	-1	5	0	1	0	0	-3	-1	-2	-1	0	-2	-3	1	-4	2	1	1	1	0	0	1	2	1	1	-2	-1	1	0	0	-1	-2	1	-2	-11	0											
0	-4	-1	4	9	-1	7	-2	-7	4	1	0	-1	0	1	0	-1	-1	0	-1	0	1	-1	-2	1	1	1	-1	1	2	0	-1	-2	-2	2	0	0	1	0	2	0	3	9	0	-1	5	0	0	0	0	-1	1	2	0	0	0	1	-6	-1	-4	-2	0	0	0	-1	-3	-2	0	2	-1	0	0	0	-1	0	-2	-3	-1	-11	0											
0	-5	-5	3	4	5	1	5	4	-2	-5	-1	0	0	1	0	2	0	-1	-1	0	0	-1	1	1	-1	0	1	0	0	2	-1	-1	4	1	1	0	1	-1	-1	0	5	4	3	-2	5	0	0	1	-1	2	0	-3	0	-1	-3	-3	-1	-3	0	0	0	-1	0	2	0	-2	1	1	-2	0	0	0	-3	0	-2	0	2	-3	0											
0	-3	2	10	5	-3	8	3	3	-9	-2	-1	0	0	-1	1	1	-1	-2	1	0	-2	0	0	1	1	0	0	2	0	0	2	-2	0	3	0	0	-1	-3	-4	0	2	5	4	1	-4	0	0	0	0	-1	-1	-1	0	0	-1	2	2	-2	-1	3	0	2	1	1	-4	-1	-1	2	0	-4	0	0	0	1	0	0	-1	-5	0											
0	-5	-2	8	-4	3	12	3	-6	1	-1	-1	-1	0	2	0	1	0	-1	0	0	-1	-1	0	-2	3	1	-2	1	0	0	1	1	5	2	0	0	0	0	1	-1	4	6	-1	-3	-2	0	0	0	0	2	3	0	0	1	-2	0	4	-1	-2	1	0	0	0	1	1	-1	1	0	0	-1	1	0	0	-1	-3	-1	-1	-8	0											
0	0	-1	3	3	-1	13	0	-7	0	0	0	0	0	2	0	-1	-2	-1	2	0	0	-1	0	0	-2	-2	1	1	0	1	-2	-2	-7	1	0	0	0	0	-2	0	5	0	-1	0	-5	0	0	0	0	1	0	-1	0	0	-2	-1	2	3	3	-2	0	0	0	1	1	-1	0	0	0	-3	1	0	0	0	0	-2	0	-8	0											
0	5	-5	10	3	1	1	1	2	-6	-4	0	0	0	0	0	0	0	1	-1	0	0	0	1	0	3	0	0	-2	-1	0	0	0	-3	0	0	0	0	0	0	0	-1	3	1	0	-6	0	0	0	0	0	0	0	-1	0	-1	-2	-4	2	1	1	0	1	-2	-1	1	1	0	4	-3	0	0	0	-1	0	-2	-1	-1	-8	0											
0	-5	6	10	6	-7	-1	-1	-3	-6	7	0	0	0	1	1	0	0	2	2	0	-1	2	2	-1	0	1	-1	1	0	-1	3	-1	3	0	0	0	2	2	-3	0	2	7	1	-2	3	0	0	-2	0	-2	-1	-5	1	0	-1	-1	3	0	-1	0	0	1	1	-1	1	-2	-1	1	-1	-2	0	0	2	0	1	3	-2	-5	0											
0	-5	1	10	8	-6	8	-2	-9	8	0	-2	-1	0	0	0	0	0	-2	0	0	0	0	0	0	-1	1	0	-1	0	0	-2	-3	3	0	0	0	2	0	1	0	2	4	1	0	2	0	0	0	0	-1	1	-2	1	0	-4	1	-1	6	1	0	0	0	1	1	-1	-3	0	0	-5	0	0	0	-1	0	-2	0	0	-11	0											
0	-3	0	10	5	0	0	2	7	8	0	-2	0	0	-1	-1	1	0	1	1	0	0	1	-1	2	-1	1	2	1	1	1	2	-3	-2	-2	1	0	0	0	0	0	3	4	2	-6	1	0	0	-1	0	-1	-1	0	0	1	-4	-1	1	1	-4	3	0	0	0	0	-1	-2	1	0	0	1	0	0	1	0	-1	-2	0	-2	0											
0	2	-2	10	9	-6	6	3	1	-4	5	-1	-1	0	2	1	0	0	-2	2	0	0	-3	0	-3	-1	-5	1	2	0	0	1	-1	-1	-1	1	0	-1	-1	1	0	1	3	-4	-3	-3	0	-1	2	0	-2	2	-4	0	1	-4	-3	0	2	-1	2	0	0	0	0	-2	-1	0	2	-1	0	-1	0	-1	0	-4	0	-1	-9	0											
0	-5	-5	10	6	1	-2	0	0	-11	0	-1	-1	0	-1	1	0	-1	-1	0	0	0	0	0	1	1	0	-1	0	0	0	-2	-1	5	-1	0	0	0	0	3	0	1	5	-1	-4	-3	0	0	0	0	1	2	1	-1	3	-2	0	0	-1	1	1	0	0	-1	0	-2	-1	-1	2	0	-2	0	0	1	-1	-2	-1	-2	-5	0											
0	-5	-2	10	-2	-1	5	3	-5	6	0	0	-1	-1	3	0	1	0	-1	1	0	1	0	0	-3	0	1	1	0	0	0	2	-1	0	-3	0	0	0	0	-3	0	0	1	-1	-6	4	0	0	0	0	1	0	4	0	0	-2	0	3	3	2	-1	0	0	0	0	-2	6	1	0	-3	-3	0	0	0	0	-1	-2	0	-10	0											
0	2	-5	3	-1	-3	5	-4	1	-1	-4	0	-1	0	1	0	0	-1	-1	2	0	0	1	0	1	-1	1	0	1	0	-1	-1	0	-4	-1	-1	0	-1	0	1	-1	3	3	1	-4	-7	0	1	0	0	-1	0	0	0	0	0	-1	-2	-1	2	-1	1	0	0	-2	1	-2	1	0	0	1	0	0	-1	0	-1	1	0	-2	0											
0	0	1	4	4	1	4	6	-2	-8	1	-1	0	0	0	0	0	0	-2	0	0	0	0	0	-1	1	0	0	0	0	1	2	-2	3	-2	0	0	-1	0	2	0	2	4	-3	-3	-1	0	0	0	0	0	0	-1	0	0	-2	0	-2	-3	0	3	0	0	1	2	0	2	1	3	-3	0	0	0	0	0	-5	-3	-1	-2	0											
0	-2	3	10	7	-7	3	1	3	-1	1	-1	0	0	-1	1	0	0	-1	1	0	0	0	1	4	-1	0	0	2	-1	-1	0	-1	1	-1	0	0	0	0	1	0	4	3	-2	-1	0	0	0	0	0	1	-3	0	0	0	2	0	6	0	0	0	1	1	0	-2	1	-2	-1	-2	-1	0	0	0	-1	1	5	-1	-2	-1	0											
0	3	-2	7	-1	-7	0	3	1	1	-5	-2	0	0	-1	0	-1	0	-1	-1	0	2	0	1	1	1	-1	1	0	-1	0	-1	-2	-3	-5	0	0	0	0	2	0	3	1	-2	2	-1	0	0	0	0	-3	1	0	1	0	-3	-2	2	2	-1	4	0	1	0	1	-1	-1	-1	1	-1	-1	0	0	-2	0	-1	-2	0	-6	0											
0	-5	1	10	7	0	9	2	1	5	7	-1	0	0	-2	0	0	0	-2	2	0	3	-1	2	2	1	0	-1	0	-2	0	-4	-1	3	-1	0	0	0	0	-1	0	4	9	2	2	-7	1	0	1	0	0	1	2	2	-1	-4	-4	0	-1	-1	3	0	0	-1	1	-3	2	1	2	0	-1	0	0	-2	-1	-3	-2	0	-6	0											
0	-5	-5	2	-5	4	13	3	-10	1	-2	-1	0	0	0	0	1	0	-5	2	1	1	0	0	3	0	0	0	3	0	0	-1	-3	4	1	0	0	0	-2	1	0	3	2	1	-4	0	0	0	1	0	0	1	-1	2	4	-2	1	-3	-5	-2	0	0	-1	0	-2	-2	2	1	2	-1	-2	0	0	3	1	-3	1	-4	-1	0											
0	3	-5	7	7	8	8	1	-6	-4	3	0	-1	0	0	0	0	0	-2	1	0	-2	0	1	-1	0	0	0	1	1	1	-7	0	-5	1	1	0	1	-1	3	0	0	1	-2	0	-4	0	0	0	0	1	0	-3	0	1	-1	-2	-1	-4	0	0	0	0	0	0	0	1	-1	-1	2	0	0	0	-2	0	1	-1	0	-11	0											
0	-5	2	10	1	-7	6	0	1	-6	-3	0	0	0	-3	1	1	0	-1	1	0	0	0	0	0	1	0	0	0	1	0	-1	-1	3	-2	0	0	0	-2	5	0	1	1	4	2	-4	0	0	0	0	-8	0	-1	2	0	0	-1	-1	2	-3	-1	0	0	0	0	0	0	0	0	1	1	0	0	-1	0	0	-4	2	-4	0											
0	-4	2	3	2	1	-1	-1	-3	8	-1	-2	0	0	2	-1	1	-1	-2	-1	0	2	-1	0	-1	0	1	0	2	-1	0	0	-1	-3	0	1	0	0	0	3	0	2	3	-2	0	5	0	0	-1	0	1	0	-3	0	0	0	-3	-2	-5	-2	0	0	0	2	2	0	0	-2	-1	-2	-1	0	0	2	1	1	0	-1	-3	0											
0	0	-4	2	3	4	10	4	-5	-7	-6	0	0	0	-1	0	0	-1	-2	0	0	0	0	1	2	-2	3	0	1	0	2	-2	-1	4	-3	0	0	1	0	3	0	3	4	-2	-1	6	0	0	0	0	-2	0	-1	1	0	0	-1	1	1	-5	-3	0	1	0	-1	-1	-2	1	3	1	-1	0	0	0	0	-4	1	-1	-9	0											
0	5	-1	10	1	1	2	0	5	2	-6	-1	0	0	-1	0	1	-1	-3	1	0	1	0	-1	3	1	-3	0	2	-1	-1	-4	-3	8	2	0	0	0	0	3	0	-1	5	1	0	3	0	0	0	0	0	0	1	0	0	-2	-2	2	-1	1	-1	0	0	1	2	0	0	-2	1	-2	-1	0	0	0	0	0	0	0	-7	0											
0	-5	1	3	11	-3	6	1	-9	-1	7	-1	0	0	0	-1	0	-2	-3	0	0	-1	1	1	-1	-1	0	0	2	-2	2	-2	-5	4	1	0	0	0	0	-2	0	2	4	0	1	-1	0	0	0	0	-2	-1	0	0	0	-1	2	-5	-1	-1	0	0	0	1	-1	1	0	0	3	-1	1	0	0	1	0	-3	-3	0	-2	0											
0	4	-5	9	-3	8	8	0	-2	4	2	-1	1	0	-1	0	2	-3	-1	-1	0	1	0	0	2	0	-2	0	3	-1	1	1	-3	-1	-1	-1	0	-2	-2	3	1	1	1	0	-6	-5	0	0	3	0	2	1	2	1	2	-3	8	-2	-1	0	0	1	-1	0	1	-1	1	-1	4	-2	1	0	0	0	-1	-4	0	-2	-1	0											
0	-5	0	1	-7	0	-4	4	-10	2	-2	-1	0	0	2	0	-1	-1	-1	-1	0	2	0	-1	-2	-2	1	0	2	1	1	-3	-1	-2	2	0	0	0	0	1	0	1	3	0	0	-5	0	0	0	0	1	0	-2	0	0	-1	0	0	-3	1	0	0	0	0	-1	2	1	2	0	0	2	0	0	-1	0	-2	-1	0	-1	0											
0	-3	3	1	6	-1	13	3	1	4	-4	0	0	0	0	0	0	0	0	0	0	0	-1	0	0	0	0	0	-2	0	0	-2	0	4	0	-5	0	1	0	2	-1	0	1	-1	-3	-4	0	1	0	0	-2	0	-2	1	0	-1	-3	-1	-2	-2	-4	0	1	0	-1	0	-1	1	0	-1	-3	0	0	-1	0	-1	-5	1	0	0											
0	-2	-4	4	10	5	10	4	-1	-5	-2	0	0	0	0	1	0	0	-1	0	0	0	0	0	-1	1	0	-1	1	-2	0	-4	-8	1	-1	0	0	0	0	1	0	3	6	3	-5	-7	0	0	0	0	-3	0	4	0	1	0	0	2	1	-1	1	0	0	1	-1	-1	0	1	-1	1	0	0	0	0	-1	-1	1	0	-5	0											
0	0	-3	3	7	3	-3	0	1	5	-8	-1	1	0	-1	1	0	-1	-1	6	0	0	0	2	-3	2	2	0	-1	-2	0	1	-4	1	-4	0	0	0	1	0	0	3	5	1	-2	3	0	0	0	-1	-1	-1	-1	0	-1	-2	-4	0	0	-2	-2	0	0	1	1	-2	1	1	2	0	4	0	0	0	0	-1	0	-1	-10	0											
0	-5	-3	10	4	4	3	-2	0	-9	2	-1	0	0	0	0	-1	-1	1	0	1	1	-1	2	-1	2	1	0	0	-1	0	1	-5	1	-3	0	0	-2	1	0	-1	8	5	1	-5	3	0	0	1	0	0	0	-3	0	-1	-3	-1	-2	-1	0	-2	0	1	1	-3	-1	1	2	1	2	1	0	0	1	0	-4	3	-1	-4	0											
0	-5	6	5	4	6	-1	-3	-12	-4	4	-1	-1	0	2	-1	-1	0	0	-1	0	0	0	-1	0	0	0	0	0	1	1	1	-1	-4	-1	0	0	-2	-1	2	0	1	4	1	0	-1	0	0	1	0	0	2	-2	0	0	-1	-2	-1	-1	-5	-2	0	0	1	-1	-1	-1	0	-4	-1	-1	0	0	2	0	1	2	0	-5	0											
0	0	-5	1	-1	8	-1	2	-10	-7	-5	0	0	-1	-1	0	0	-1	0	-3	0	2	0	2	0	2	1	0	5	-2	0	-1	-2	-1	-5	0	0	0	2	1	0	2	3	0	-6	4	0	0	0	0	-1	1	-4	-1	0	-1	-2	0	2	-4	-1	0	0	0	1	2	-2	2	-2	0	1	0	0	1	0	0	-2	-3	-8	0											
0	-5	-4	7	5	-5	5	-1	-7	6	3	-1	0	0	1	0	1	0	1	-1	0	-1	0	0	2	0	1	0	1	0	0	0	3	1	0	0	0	0	1	-1	0	0	0	1	-1	-8	0	0	0	0	1	0	-1	0	0	-2	-1	2	-3	-1	3	0	0	0	-1	-2	-2	0	1	0	-5	0	0	0	0	-1	-1	0	-1	0											
0	-1	-3	6	6	1	0	-1	-3	3	7	-1	0	0	-1	0	1	0	-1	0	0	0	0	0	0	0	-1	2	0	0	0	0	0	-4	-4	0	0	2	0	-5	0	-1	3	-3	-3	-5	0	0	0	0	1	0	-1	0	0	0	-2	0	0	2	-1	0	1	0	0	-1	2	1	-1	1	-4	0	0	2	-2	0	-8	-1	0	0											
0	1	-5	8	9	-4	4	0	-2	-11	-1	0	-1	0	1	0	0	0	-1	-1	0	-2	1	0	0	0	0	2	0	1	1	-1	-1	-2	-1	0	0	2	1	-6	0	0	0	-4	-2	-8	0	0	0	0	-2	0	-3	0	-1	-1	-1	-2	1	-1	-1	0	0	0	-3	0	2	0	0	0	0	0	0	-4	0	0	0	0	-3	0											
0	-5	-5	10	7	4	0	2	-7	-4	2	0	0	0	0	0	1	0	-1	0	0	0	0	3	1	1	-1	1	2	-2	-1	1	1	-1	1	0	1	0	0	3	-1	5	2	-1	2	2	0	0	0	0	0	0	-2	1	0	-1	-3	-1	-3	-1	1	0	1	0	-2	0	-1	0	1	-1	-1	1	0	1	2	-2	-1	-3	-7	0											
0	-4	-5	5	2	6	12	2	-7	-1	-2	-2	0	0	-2	1	-1	0	-2	1	0	0	0	-1	2	0	-1	1	4	0	1	-2	0	3	-3	0	0	2	1	0	0	5	6	-1	3	3	0	0	0	0	-4	1	-1	2	0	-4	-3	4	-1	1	-3	0	0	0	2	-1	1	0	3	-1	0	0	0	-1	0	-4	1	-1	-6	0											
0	-4	4	-1	0	7	11	0	0	6	2	-1	0	0	-3	0	0	0	2	1	0	1	0	1	5	1	-1	-1	2	-1	-2	1	0	3	-3	0	0	1	1	2	2	3	6	-1	1	0	0	0	-1	0	-1	0	-2	1	0	1	-4	3	0	1	-2	0	0	1	-3	0	0	0	2	1	-3	0	0	0	-2	-3	1	0	-9	0											
0	-5	-5	-4	0	-3	11	-1	-5	3	0	-2	0	0	1	0	-1	0	2	-1	0	0	0	0	1	0	0	0	0	0	0	-3	0	0	-3	0	0	-2	1	4	0	1	3	0	-1	-2	0	0	-1	0	-2	2	-2	1	0	1	2	-7	1	-1	1	0	0	-1	1	1	-1	2	0	0	-2	0	0	-1	1	-4	3	0	-11	1											
0	-3	2	2	5	8	-2	-1	-6	7	0	-2	0	0	-3	0	0	0	0	2	0	0	1	0	-3	2	3	0	2	0	0	-1	-1	6	-2	0	0	1	-1	-1	0	1	3	-1	-1	0	0	0	0	0	1	0	-4	0	0	-1	0	0	0	2	-3	0	0	0	-2	1	0	-1	0	-1	-1	0	0	0	0	1	-2	1	-5	1											
0	-4	-2	1	0	-4	3	2	0	1	-4	0	-1	0	1	0	0	0	-1	-4	0	0	-2	0	3	0	0	0	0	0	0	-7	1	-1	1	-1	0	0	0	1	0	0	2	-1	2	2	0	1	0	0	-1	0	-5	0	0	-2	-2	-3	2	-4	-1	0	0	0	-1	2	4	1	0	0	1	0	0	-2	-2	-1	0	2	-10	2											
0	-3	-1	9	6	-2	9	-3	-4	-6	1	-1	0	0	0	-1	0	0	1	1	0	1	1	1	-1	0	1	1	1	-1	2	-1	1	0	1	0	1	-1	-3	1	0	4	5	-1	-1	2	0	0	2	0	2	0	-3	1	0	-1	-6	3	-1	4	-1	0	0	0	0	0	1	1	-1	-2	-1	0	0	-2	0	-1	0	1	-8	0											
0	-2	2	9	2	0	13	2	3	8	0	0	0	0	3	2	-1	0	-2	-1	0	0	1	1	1	-1	1	0	2	-1	-2	-3	-1	8	1	-1	-1	1	-1	2	-1	0	2	3	-3	-4	0	0	1	0	-2	2	-2	1	1	0	-1	-3	-1	-2	-1	0	0	0	-3	-1	2	-2	0	-1	1	0	0	0	1	0	1	1	-4	2											
0	6	5	10	3	3	11	-2	-4	3	5	-3	0	0	-1	-1	0	0	2	0	0	1	0	0	1	2	1	0	0	0	-1	2	-3	4	-2	0	0	-2	0	4	-1	3	1	-1	0	2	-1	0	0	0	1	0	-2	-1	0	-4	-1	3	-2	-2	-2	0	0	0	-2	1	1	1	3	0	3	0	0	1	1	-3	-1	0	-5	2											
0	1	6	9	11	4	9	2	6	-2	-8	-2	-1	0	-2	0	1	0	1	3	0	1	0	2	0	1	0	2	3	-1	1	-2	-1	5	1	0	-1	0	-1	1	0	4	6	0	1	-1	0	0	0	0	0	0	-3	-1	1	-1	0	-3	-4	-2	0	1	0	0	-2	-3	-2	0	-1	-2	0	0	0	2	0	1	3	0	-11	0											
0	-3	-3	6	4	-3	12	2	1	-3	-2	-1	0	0	2	1	2	0	-2	1	0	-1	-1	1	6	-5	1	0	-2	0	-1	-3	-1	-2	-1	0	-1	1	1	2	-1	5	4	-1	-4	-2	0	0	2	0	0	0	1	0	-1	-3	0	-1	-1	1	-1	0	0	1	1	-2	-2	0	2	-2	-3	0	0	0	0	-3	1	0	-8	-2											
0	0	-5	-1	4	-3	2	9	-10	8	-3	0	-1	0	1	0	0	0	1	-1	0	0	1	-1	2	-1	0	-1	-1	0	0	0	-1	2	0	0	0	-3	-1	0	0	1	2	-3	-1	0	0	0	0	0	1	0	0	-1	0	-2	0	0	0	-1	4	0	0	1	1	1	3	0	0	-1	0	0	0	0	2	-1	-3	-1	0	2											
0	-5	-5	1	12	-1	4	0	-11	-3	-3	-1	-1	0	0	-2	0	0	0	-1	0	1	-1	0	0	0	3	0	-1	0	-1	2	-1	4	0	1	0	-1	0	-3	0	2	5	-4	-1	-3	0	0	0	0	-1	0	0	0	0	-1	-2	0	0	3	-4	0	1	0	0	-3	1	-1	0	0	5	0	0	0	0	0	2	0	-8	-1											
0	6	2	7	2	-4	1	-3	-5	-5	-4	1	0	0	-1	2	0	0	0	4	0	-1	0	-2	1	-1	1	0	1	-1	2	-5	-4	1	-4	0	-1	1	0	4	0	6	4	1	-2	4	0	0	0	-1	-2	2	3	1	1	0	-2	0	2	1	-1	0	0	1	-1	-1	1	0	-1	-2	-3	1	0	0	0	-2	2	0	-7	0											
0	-4	-4	10	1	2	3	3	-1	-8	-1	-4	0	0	2	-1	0	0	-1	0	0	0	-1	0	3	2	1	1	4	-2	1	3	1	3	-6	0	0	3	-1	5	0	-2	5	-1	-2	0	1	0	-1	0	0	0	-6	1	-1	1	0	-2	-2	-3	1	0	2	0	-5	0	-1	0	-2	0	2	0	0	0	0	1	1	1	-11	0											
0	-5	-1	1	7	4	7	5	-2	1	-3	-2	0	0	2	0	-1	0	1	2	0	0	0	0	1	0	1	3	1	0	-4	-2	-5	-2	-3	0	0	0	0	5	0	2	5	-1	-1	0	0	0	0	0	-2	-1	-2	1	1	-3	0	1	0	0	0	0	0	0	1	0	1	2	1	-1	1	0	0	0	0	-2	2	-1	-8	1											
0	2	2	3	10	-3	8	-3	-12	1	7	-1	0	0	0	-1	-1	0	0	2	0	0	0	0	0	1	1	1	-1	0	-1	-2	0	4	0	0	0	2	0	0	-1	5	4	1	0	4	0	0	0	1	-1	1	-4	2	0	-3	-2	-2	-1	-2	1	-1	0	-1	-3	-1	-3	2	-1	-2	-2	0	0	2	2	-4	-1	2	-9	4											
0	-5	-3	4	-5	2	6	4	-6	1	-5	-2	0	0	2	1	-1	0	0	0	0	0	0	0	3	1	-1	0	0	-1	-1	3	0	-1	-2	0	0	1	-2	-1	0	3	2	-2	-2	0	0	0	0	0	-4	0	-2	2	0	0	-2	1	0	-4	1	0	0	1	-1	-1	1	1	0	0	-1	0	0	-1	0	-2	-3	2	-4	2											
0	0	-3	2	7	-5	13	3	-4	3	5	0	0	0	-1	-2	0	0	-1	1	0	1	-1	1	-4	3	-1	0	4	0	2	-2	0	-2	-1	0	0	-3	0	-5	0	1	2	-1	-1	4	0	0	0	0	-2	0	2	0	0	0	-4	-2	0	-4	-2	0	0	0	-2	0	4	0	-2	-1	-1	0	0	0	0	2	-1	0	1	-2											
0	4	-5	-4	5	1	-6	4	7	-1	2	-2	0	0	-1	-1	0	0	0	4	0	0	0	0	-1	0	2	0	-1	0	0	0	-1	-3	0	-1	0	-2	0	1	1	1	0	0	3	-3	0	1	0	0	2	0	-5	0	0	-1	-3	2	1	-1	1	0	1	0	0	-1	-1	0	2	-1	-2	0	0	-1	-1	-2	-1	-1	-3	0											
0	-5	-5	2	-1	8	0	0	-4	-4	-3	0	0	0	2	-1	-2	0	-2	2	0	-1	1	0	0	1	0	0	3	0	0	-1	-4	4	-2	0	0	4	-1	0	-1	2	3	0	-2	-5	0	0	1	0	1	-1	-2	4	0	-2	1	7	1	2	2	0	0	1	-1	0	-3	1	1	-2	0	0	-1	0	2	-1	0	-1	-8	1											
0	-3	6	7	6	8	1	9	0	-6	-5	-1	0	0	-2	2	0	0	-2	0	0	1	-2	-2	2	2	1	1	3	1	-2	-1	-1	-1	-1	0	0	1	0	-1	0	5	1	0	2	3	0	0	0	0	-5	1	-5	-1	-1	-2	0	2	0	-1	2	0	3	0	1	2	-2	-1	-2	-1	1	0	0	0	0	1	1	-1	-8	1											
0	-4	-5	1	3	6	13	3	-3	-4	-6	-2	0	0	-1	0	-1	0	-1	-2	1	0	0	-1	1	0	0	0	1	1	0	0	-4	2	-2	0	0	2	-1	3	0	4	3	2	-1	-1	0	0	0	0	-3	1	-1	1	1	0	-5	5	-3	1	0	0	0	1	-1	1	-2	-1	3	-1	-1	0	0	-1	0	-4	0	0	-1	0											
0	4	6	9	11	-2	-6	-1	-3	-8	-4	-1	-1	0	1	0	-1	0	1	1	0	0	0	0	0	2	1	0	1	0	0	-1	-2	0	0	0	0	0	0	3	0	3	1	-1	-2	-1	0	0	0	0	3	0	1	2	0	1	1	7	2	1	0	0	1	0	-1	0	1	-2	-2	-3	1	0	0	1	0	4	-4	-1	-1	2											
0	-5	0	-4	5	3	0	2	-4	3	2	-2	0	0	-1	-1	1	0	-2	-1	0	1	0	-1	0	2	1	1	2	1	-2	2	-9	-5	-3	0	0	2	0	3	0	3	3	1	-5	0	0	0	1	0	-5	1	-2	1	0	2	-4	-1	4	-1	-1	0	0	0	-1	0	-1	1	-1	-1	-3	0	0	-1	-1	-1	0	0	-8	1											
0	-5	-5	-4	4	-5	2	2	-11	5	7	0	-1	0	2	-1	-1	0	0	0	0	0	0	0	-2	1	-1	0	2	1	1	-2	4	-6	-5	-1	0	-3	-1	3	0	2	1	0	-1	0	0	0	0	0	-1	-1	-1	-1	0	-1	-1	-2	-1	1	-2	0	1	0	0	-4	-2	0	0	-2	-3	0	0	-2	1	-4	-1	0	-4	0											
0	2	-5	6	-4	-6	3	5	5	-2	-5	0	-1	0	-1	1	2	0	0	1	0	0	1	0	0	-2	1	1	0	-1	-1	0	0	-2	0	0	0	0	2	3	0	0	5	-6	-5	2	0	0	-1	-1	2	0	-4	0	0	-1	-2	3	0	0	2	0	1	0	1	-1	2	0	0	-3	-3	1	-2	0	-2	1	-7	0	-6	2											
0	-5	-3	3	3	5	10	4	-1	-8	-3	-2	1	0	-2	0	0	0	1	-1	1	1	0	-1	0	0	2	1	0	0	-3	-2	-3	4	-3	0	0	2	-2	0	0	7	6	0	1	-2	1	0	2	0	-1	-2	-2	0	0	-1	-3	-2	1	0	1	0	0	1	-3	-1	2	1	0	0	3	0	0	0	0	-3	1	2	-11	1											
80
20
0	1144	837	1754	3138	2326	1986	2937	1915	2264	4824	4247	4236	5021	5623	4979	5044	6133	3811	5004	6545	7353	5971	3867	3008	3288	3903	3216	7020	3396	16215	12060	15580	15540	32893	33297	12519	28603	16389	29689	11888	12244	13602	16273	12918	32670	32631	28590	33198	12836	31469	15385	14540	30132	12615	10876	11436	16597	16608	15239	34007	29803	27328	32649	13238	13916	13399	32758	33265	17963	13257	33474	33241	13591	28543	32763	14109	28070	15617	12746	
1278	9.99999e+008	1725	850	4228	3420	2480	3827	2805	3154	4466	3890	3879	4284	4593	4171	4686	5103	3003	4199	5515	6323	6933	4785	3925	4207	4656	2858	7025	4313	16755	12627	16119	16079	33432	33836	13409	29142	16929	30228	12455	12811	14272	16813	13457	33209	33170	29129	33737	13594	32008	15924	15107	30671	13182	11443	12003	17136	17147	15778	34546	30342	27867	33188	13897	14573	13966	33297	33804	18502	13797	34013	33780	14158	29082	33302	14648	28609	16156	13313	
837	1865	9.99999e+008	1217	3769	3047	2705	2744	1860	1846	5543	4966	4955	4630	5351	4588	5763	6030	3420	5723	6273	7081	6690	4587	3727	4007	4622	3935	7739	4115	15797	11644	15162	15122	32475	32879	12326	28185	15971	29271	11471	11827	13289	15855	12500	32252	32213	28172	32780	12611	31051	14967	14123	29714	12199	10459	11019	16179	16190	14820	33589	29385	26910	32231	12914	13590	12983	32340	32847	17545	12839	33056	32823	13175	28125	32345	13691	27652	15199	12329	
2049	1202	1370	9.99999e+008	4981	4062	3087	3581	3072	2855	5668	5092	5081	3624	4345	3582	5888	5024	2414	4836	5267	6075	7709	5606	4746	5026	5641	4060	8227	5134	16724	11777	16089	16049	33402	33806	12593	29112	16898	30198	11605	11961	13422	16782	13427	33179	33140	29099	33707	12744	31978	15894	14257	30641	12332	10593	11153	17106	17117	15747	34516	30312	27837	33158	13047	13723	13116	33267	33774	18472	13766	33983	33750	13308	29052	33272	14618	28579	16126	12463	
2976	3980	3603	4620	9.99999e+008	3191	3928	3018	2644	2612	6851	6273	6262	7858	8082	7816	7070	8592	6577	6935	9004	9812	7160	5425	5071	5351	5966	5243	8023	5459	15202	12360	14566	14526	31879	32283	11893	27589	15376	28675	12093	12635	12976	15260	11904	31656	31617	27576	32184	12210	30455	14371	14995	29118	12365	11481	12041	15583	15594	14225	32993	28789	26314	31635	12612	13290	13039	31744	32251	16949	11600	32460	32227	13152	27529	31749	13095	27056	14603	13351	
2327	3314	3164	3954	3779	9.99999e+008	1041	4400	4055	3677	4335	4629	4617	7012	7607	6970	5425	7926	6138	5290	8529	9337	5277	3174	2314	2594	3209	3599	5961	2702	17628	14025	16993	16953	34306	34710	13982	30016	17802	31102	13853	14209	15065	17686	14331	34083	34044	30003	34611	14299	32882	16798	16505	31545	14454	12841	13401	18010	18021	16652	35420	31216	28741	34062	14701	15379	15128	34171	34678	19376	14502	34887	34654	15241	29956	34176	15522	29483	17030	14711	
1514	2499	2351	3140	4078	975	9.99999e+008	4451	3429	3778	3680	3974	3962	6357	6952	6315	4770	7113	5325	4635	7874	8682	4622	2519	1659	1939	2554	2944	5671	2047	17729	13574	17094	17054	34407	34811	14033	30117	17903	31203	13402	13758	15116	17787	14432	34184	34145	30104	34712	14350	32983	16899	16054	31646	14129	12390	12950	18111	18122	16753	35521	31317	28842	34163	14752	15430	14913	34272	34779	19477	14771	34988	34755	15105	30057	34277	15623	29584	17131	14260	
3421	4387	2890	3777	3611	4463	5200	9.99999e+008	1424	1046	7957	7379	7368	6513	7298	6471	8175	7913	5303	7725	8220	8925	8433	6698	6161	6441	7055	6349	9296	6548	13552	10049	12917	12877	30230	30634	9582	25940	13726	27026	9782	10184	10665	13610	10255	30007	29968	25927	30535	9899	28806	12722	12480	27469	10054	8816	9376	13934	13945	12575	31344	27140	24665	29986	10301	10979	10728	30095	30602	15300	10594	30811	30578	10841	25880	30100	11446	25407	12954	10686	
2408	3434	1609	2826	3098	4131	4314	1246	9.99999e+008	349	6920	6342	6564	5560	6281	5518	7139	6960	4350	6772	7203	8011	8101	6196	5336	5616	6231	5312	8964	5724	14300	10145	13665	13625	30978	31382	10828	26688	14474	27774	9973	10329	11790	14358	11003	30755	30716	26675	31283	11112	29554	13470	12625	28217	10700	8961	9521	14682	14693	13324	32092	27888	25413	30734	11415	12091	11484	30843	31350	16048	11342	31559	31326	11676	26628	30848	12194	26155	13702	10831	
2375	3519	1846	3063	2781	3814	4361	898	378	9.99999e+008	6911	6333	6322	5797	6518	5755	7129	7197	4587	7009	7440	8319	7784	6050	5383	5663	6278	5303	8647	5771	13951	10348	13316	13276	30629	31033	10480	26339	14125	27425	10176	10532	11563	14009	10654	30406	30367	26326	30934	10797	29205	13121	12828	27868	10903	9164	9724	14333	14344	12975	31743	27539	25064	30385	11199	11877	11626	30494	31001	15699	10993	31210	30977	11739	26279	30499	11845	25806	13353	11034	
4945	5460	5782	6101	7469	4403	3577	7882	6860	7209	9.99999e+008	1632	2593	5041	5826	4999	1519	5716	5831	3360	6748	7751	3806	2982	2021	1782	1168	1862	2757	2512	21160	17005	20525	20485	37838	38242	17464	33548	21334	34634	16833	17189	18547	21218	17863	37615	37576	33535	38143	17781	36414	20330	19485	35077	17560	15821	16381	21542	21553	20184	38952	34748	32273	37594	18183	18861	18344	37703	38210	22908	18192	38419	38186	18536	33488	37708	19054	33015	20562	17691	
4115	4622	4952	5263	6444	5081	4255	7052	5982	6331	1630	9.99999e+008	1048	3496	4281	3454	797	4637	4286	1815	5203	6206	5397	3827	2866	2628	2798	1238	4348	3357	20282	16127	19647	19607	36960	37364	16634	32670	20456	33756	15955	16311	17717	20340	16985	36737	36698	32657	37265	16951	35536	19452	18607	34199	16682	14943	15503	20664	20675	19306	38074	33870	31395	36716	17353	18031	17466	36825	37332	22030	17324	37541	37308	17658	32610	36830	18176	32137	19684	16813	
4110	4624	4947	4979	6437	5076	4250	7047	5976	6325	2795	1252	9.99999e+008	2448	3233	2406	2049	3589	3238	768	4155	5158	5925	3822	2861	2623	3031	1233	5400	3352	20276	16121	19641	19601	36954	37358	16629	32664	20450	33750	15949	16305	17712	20334	16979	36731	36692	32651	37259	16946	35530	19446	18601	34193	16676	14937	15497	20658	20669	19300	38068	33864	31389	36710	17348	18026	17460	36819	37326	22024	17318	37535	37302	17652	32604	36824	18170	32131	19678	16807	
5020	3899	4620	3653	8127	7319	6379	6513	5605	5787	5069	3526	2633	9.99999e+008	785	493	4323	1934	1296	1746	1707	2710	8280	6177	5218	4936	5345	3547	7714	5707	19657	14709	19021	18981	36334	36738	15525	32044	19831	33130	14537	14893	16354	19715	16359	36111	36072	32031	36639	15676	34910	18826	17189	33573	15264	13525	14085	20038	20049	18680	37448	33244	30769	36090	15979	16655	16048	36199	36706	21404	16699	36915	36682	16240	31984	36204	17550	31511	19058	15395	
5770	4537	5410	4443	8765	7747	6922	7303	6395	6577	5859	4316	3423	790	9.99999e+008	1283	5113	2724	2086	2536	922	2099	9070	6967	6008	5726	6135	4337	8504	6497	20447	15316	19811	19771	37124	37528	16110	32834	20621	33920	14650	15006	16961	20505	17149	36901	36862	32821	37429	16283	35700	19616	17302	34363	15871	13638	14198	20828	20839	19470	38238	34034	31522	36880	16586	17262	16655	36989	37496	22194	17489	37705	37472	16847	32774	36994	18340	32301	19848	15508	
5097	3879	4595	3730	8107	7299	6359	6487	5580	5761	5042	3499	2606	480	1265	9.99999e+008	4296	1629	1268	1719	2187	3190	8277	6174	5213	4975	5318	3520	7687	5704	19631	14684	18995	18955	36308	36712	15500	32018	19805	33104	14511	14867	16329	19689	16333	36085	36046	32005	36613	15651	34884	18800	17163	33547	15239	13499	14059	20012	20023	18654	37422	33218	30743	36064	15954	16630	16023	36173	36680	21378	16673	36889	36656	16215	31958	36178	17524	31485	19032	15369	
4912	5419	5749	6060	7240	5877	5052	7849	6779	7128	1518	797	1844	4205	4990	4165	9.99999e+008	4197	5082	2612	5912	6915	5284	4500	3539	3299	2686	2034	4236	4030	21079	16924	20444	20404	37757	38161	17431	33467	21253	34553	16752	17108	18514	21137	17782	37534	37495	33454	38062	17748	36333	20249	19404	34996	17479	15740	16300	21461	21472	20103	38871	34667	32192	37513	18150	18828	18263	37622	38129	22827	18121	38338	38105	18455	33407	37627	18973	32934	20481	17610	
5454	4221	5586	4577	8404	7641	6701	7480	6677	6754	4952	3996	3154	1473	2258	1181	3434	9.99999e+008	2263	2268	3180	4183	8718	6698	5739	5457	5866	4068	7670	6228	20624	15677	19988	19948	37301	37705	16493	33011	20798	34097	15504	15860	17322	20682	17326	37078	37039	32998	37606	16644	35877	19793	18156	34540	16232	14492	15052	21005	21016	19647	38415	34211	31736	37057	16947	17623	17016	37166	37673	22371	17666	37882	37649	17208	32951	37171	18517	32478	20025	16362	
3829	3664	3430	2462	6967	6155	5549	5322	4414	4596	5882	4339	3380	1281	2002	1239	5136	2680	9.99999e+008	2493	2924	3732	8481	6333	5473	5749	6158	4360	8527	5861	18466	13519	17830	17790	35143	35547	14335	30853	18640	31939	13346	13702	15164	18524	15168	34920	34881	30840	35448	14486	33719	17635	15998	32382	14074	12334	12894	18847	18858	17489	36257	32053	29578	34899	14789	15465	14858	35008	35515	20213	15508	35724	35491	15050	30793	35013	16359	30320	17867	14204	
4743	3898	5263	4254	7070	5708	4883	7680	6460	6809	3389	1846	953	1722	2507	1680	2643	2863	2512	9.99999e+008	3429	4432	6558	4455	3494	3256	3665	1867	6034	3985	20653	15926	20017	19977	37330	37734	16742	33040	20827	34126	15754	16110	17571	20711	17355	37107	37068	33027	37635	16893	35906	19822	18406	34569	16481	14742	15302	21034	21045	19676	38444	34240	31765	37086	17196	17872	17265	37195	37702	22400	17695	37911	37678	17457	32980	37200	18546	32507	20054	16612	
6736	5503	6376	5409	9731	8713	7888	8269	7361	7543	6825	5282	4389	1756	966	2249	5755	2321	3052	3502	9.99999e+008	2380	10036	7933	6974	6692	7101	5303	9470	7463	21413	16282	20777	20737	38090	38494	17076	33800	21587	34886	15616	15972	17927	21471	18115	37867	37828	33787	38395	17249	36666	20582	18268	35329	16837	14604	15164	21794	21805	20436	39204	35000	32488	37846	17552	18228	17621	37955	38462	23160	18455	38671	38438	17813	33740	37960	19306	33267	20814	16474	
7004	5883	6604	5637	10111	9115	8290	8497	7589	7771	7053	5510	4617	1984	1368	2477	6307	3604	3280	3730	1283	9.99999e+008	10264	8161	7202	6920	7329	5531	9698	7691	20831	14299	20196	20156	36959	37362	15093	32248	21005	33502	13633	13989	15944	20889	17534	36483	36696	32198	37011	15266	35282	20001	16285	33946	14854	12621	13181	21213	21224	19855	38072	33618	30505	36462	15569	16245	15638	36571	37647	22579	17873	37539	37307	15830	32356	36575	19534	31883	20233	14491	
5932	6447	6769	7088	8456	4929	4564	8869	7847	8196	3840	5383	5835	8230	8980	8188	5269	9328	8587	6508	9902	10710	9.99999e+008	2664	3064	3344	3959	4799	1049	2620	22147	17992	21512	21472	38825	39229	18451	34535	22321	35621	17820	18176	19534	22205	18850	38602	38563	34522	39130	18768	37401	21317	20472	36064	18547	16808	17368	22529	22540	21171	39939	35735	33260	38581	19170	19848	19331	38690	39197	23895	19179	39406	39173	19523	34475	38695	20041	34002	21549	18678	
3782	4297	4619	4938	6305	3240	2414	6719	5697	6046	2982	3785	3732	6127	6832	6085	4501	7225	6439	4405	7754	8562	2664	9.99999e+008	961	1241	1856	2696	3713	517	19997	15842	19362	19322	36675	37079	16301	32385	20171	33471	15670	16026	17384	20055	16700	36452	36413	32372	36980	16618	35251	19167	18322	33914	16397	14658	15218	20379	20390	19021	37789	33585	31110	36431	17020	17698	17181	36540	37047	21745	17029	37256	37023	17373	32325	36545	17891	31852	19399	16528	
2924	3439	3761	4080	5448	2382	1556	5861	4839	5188	2021	2826	2771	5166	5951	5124	3540	6264	5580	3444	6873	7702	3064	961	9.99999e+008	282	895	1735	4113	491	19139	14984	18504	18464	35817	36221	15443	31527	19313	32613	14812	15168	16526	19197	15842	35594	35555	31514	36122	15760	34393	18309	17464	33056	15539	13800	14360	19521	19532	18163	36931	32727	30252	35573	16162	16840	16323	35682	36189	20887	16171	36398	36165	16515	31467	35687	17033	30994	18541	15670	
3204	3719	4041	4360	5728	2662	1836	6141	5119	5468	1782	2544	2533	4928	5713	4886	3301	6025	5718	3206	6635	7638	3344	1241	282	9.99999e+008	655	1497	4340	771	19419	15264	18784	18744	36097	36501	15723	31807	19593	32893	15092	15448	16806	19477	16122	35874	35835	31794	36402	16040	34673	18589	17744	33336	15819	14080	14640	19801	19812	18443	37211	33007	30532	35853	16442	17120	16603	35962	36469	21167	16451	36678	36445	16795	31747	35967	17313	31274	18821	15950	
3819	4334	4656	4975	6342	3277	2451	6756	5734	6083	1168	2800	3010	5404	6189	5362	2687	6502	6194	3682	7111	8114	3959	1856	895	655	9.99999e+008	1973	3727	1386	20034	15879	19399	19359	36712	37116	16338	32422	20208	33508	15707	16063	17421	20092	16737	36489	36450	32409	37017	16655	35288	19204	18359	33951	16434	14695	15255	20416	20427	19058	37826	33622	31147	36468	17057	17735	17218	36577	37084	21782	17066	37293	37060	17410	32362	36582	17928	31889	19436	16565	
3714	4220	4551	4860	6042	4302	3476	6651	5580	5929	1608	1365	1658	4052	4837	3969	2161	5150	4770	2330	5759	6762	4984	2881	1920	1682	1798	9.99999e+008	4167	2411	19880	15725	19245	19205	36558	36962	16233	32268	20054	33354	15553	15909	17316	19938	16583	36335	36296	32255	36863	16550	35134	19050	18205	33797	16280	14541	15101	20262	20273	18904	37672	33468	30993	36314	16952	17630	17064	36423	36930	21628	16922	37139	36906	17256	32208	36428	17774	31735	19282	16411	
6981	7496	7818	8137	8610	5905	5613	9231	8887	8509	2791	4334	5295	7743	8528	7701	4220	8417	8533	6062	9450	10453	1049	3713	4113	4393	3803	4653	9.99999e+008	3669	22460	18857	21825	21785	39138	39542	18813	34848	22634	35934	18685	19041	19896	22518	19163	38915	38876	34835	39443	19130	37714	21630	21337	36377	19285	17673	18233	22842	22853	21484	40252	36048	33573	38894	19532	20210	19959	39003	39510	24208	19333	39719	39486	20072	34788	39008	20354	34315	21862	19543	
3312	3827	4149	4468	5836	2770	1944	6249	5227	5576	2512	3315	3262	5657	6360	5615	4031	6755	5967	3935	7282	8090	2620	517	491	771	1386	2226	3669	9.99999e+008	19527	15372	18892	18852	36205	36609	15831	31915	19701	33001	15200	15556	16914	19585	16230	35982	35943	31902	36510	16148	34781	18697	17852	33444	15927	14188	14748	19909	19920	18551	37319	33115	30640	35961	16550	17228	16711	36070	36577	21275	16559	36786	36553	16903	31855	36075	17421	31382	18929	16058	
16161	17305	15632	16849	15009	17600	18147	13530	14164	13786	20697	20119	20108	19583	20304	19541	20915	20983	18373	20795	21226	20215	21570	19836	19169	19449	20064	19089	22433	19557	9.99999e+008	8037	1143	813	17090	17494	7718	12582	174	13668	9056	9597	6964	702	3600	16649	16827	12569	17177	7080	15448	1207	10488	14111	7992	9886	9677	576	396	1957	18203	13782	11307	16628	7723	7572	7435	16737	17461	2161	3525	17671	17438	7672	12522	16742	3515	12049	541	10521	
12170	13314	11639	12706	12109	14046	14156	9994	10173	10321	16705	16127	16116	15455	14838	15400	16924	16842	14231	16654	15038	13755	18017	16037	15178	15458	16073	15097	18879	15566	7942	9.99999e+008	8099	7306	22660	23063	816	17949	8116	19203	1579	2121	1645	8000	8353	22184	22397	17899	22712	967	20983	7930	3412	19647	555	1849	2202	8323	8335	8682	23773	19319	16206	22163	1270	1946	1339	22272	23348	9690	8692	23240	23008	1531	18057	22276	10355	17584	7343	3045	
15596	16740	15067	16284	14444	17035	17582	12965	13599	13221	20132	19554	19543	19018	19739	18976	20350	20418	17808	20230	20661	19650	21005	19271	18604	18884	19499	18524	21868	18992	1112	8036	9.99999e+008	797	17626	18030	7717	13535	1125	14621	9054	9595	6964	906	3035	17602	17363	13522	18130	7078	16401	642	10488	15064	7992	9885	9676	1529	1342	898	18739	14735	12260	17384	7724	7572	7436	17690	17997	2697	2960	18207	17974	7672	13475	17695	2577	13002	874	10519	
15578	16722	15049	16266	14426	17017	17564	12947	13581	13203	20114	19536	19525	19000	19721	18958	20332	20400	17790	20212	20643	19632	20987	19253	18586	18866	19481	18506	21850	18974	879	7239	793	9.99999e+008	17556	17960	6920	13421	1053	14507	8257	8798	6167	937	3018	17488	17294	13408	18016	6281	16287	624	9691	14950	7195	9088	8879	1415	1271	1376	18670	14621	12146	17315	6927	6775	6639	17576	17928	2626	2942	18137	17904	6875	13361	17581	3370	12888	280	9722	
32594	33738	32064	33281	31442	34033	34580	29963	30597	30219	37130	36552	36541	36016	36737	35974	37348	37416	34806	37228	37659	36648	38003	36269	35602	35882	36497	35522	38866	35990	16645	23551	17181	17258	9.99999e+008	1482	23314	5047	16494	6252	24570	25112	22415	16990	20033	5357	679	5093	5568	22886	4157	17640	23559	5166	22996	25400	25193	16496	16386	17907	1386	6315	6455	1725	22729	21744	22441	3645	2950	14603	19957	1465	348	22515	5747	4776	19584	5734	17186	24930	
32929	34073	32399	33616	31777	34368	34915	30298	30932	30554	37465	36887	36876	36351	37072	36309	37683	37751	35141	37563	37994	36983	38338	36604	35937	36217	36832	35857	39201	36325	16980	23886	17516	17593	1634	9.99999e+008	23649	5382	16829	7228	24905	25447	22750	17325	20368	6909	2313	5428	7104	23221	5791	17975	23894	5308	23331	25735	25528	16831	16721	18242	1535	7949	6791	3359	23064	22079	22775	5181	4194	14938	20292	2147	1484	22850	6082	6312	19919	6069	17521	25265	
12976	13967	12445	13357	12056	14008	14745	9580	10979	10626	17511	16933	16922	16093	15644	16051	17730	17493	14883	17305	15844	14561	17978	16243	15706	15986	16600	15903	18841	16093	7632	806	7789	6996	22451	22854	9.99999e+008	17740	7806	18994	1825	2366	1423	7689	8299	21975	22188	17690	22503	657	20774	7620	3670	19438	813	2655	2446	8013	8024	8372	23564	19110	15997	21954	1061	1737	1485	22063	23139	9379	8639	23031	22799	1598	17848	22067	10301	17375	7033	3290	
28313	29457	27784	29001	27161	29752	30299	25682	26316	25938	32849	32271	32260	31735	32456	31693	33067	33135	30525	32947	33378	32367	33722	31988	31321	31601	32216	31241	34585	31709	12395	18842	13348	12965	4807	5211	18606	9.99999e+008	12223	1864	19861	20403	17706	12975	15752	4843	4545	52	5371	18178	3644	13359	18517	2306	18287	20691	20484	11819	12286	14109	5921	3023	1679	4566	18020	17035	17927	4931	5496	11468	15677	5388	5155	17970	718	4936	15751	687	12693	19888	
16335	17479	15806	17023	15183	17774	18321	13704	14338	13960	20871	20293	20282	19757	20478	19715	21089	21157	18547	20969	21400	20389	21744	20010	19343	19623	20238	19263	22607	19731	174	8211	1125	987	16938	17342	7892	12410	9.99999e+008	13496	9230	9771	7138	876	3774	16477	16676	12397	17005	7254	15276	1381	10662	13939	8166	10060	9851	404	248	2023	18052	13610	11135	16456	7897	7746	7609	16565	17310	2010	3699	17519	17286	7846	12350	16570	3528	11877	715	10695	
29499	30643	28970	30187	28347	30938	31485	26868	27502	27124	34035	33457	33446	32921	33642	32879	34253	34321	31711	34133	34564	33553	34908	33174	32507	32787	33402	32427	35771	32895	13581	20028	14534	14151	6257	7075	19792	1864	13409	9.99999e+008	21047	21493	18892	14161	16938	3925	5995	1851	4453	19364	2409	14545	19387	3393	19473	21877	21572	13005	13472	15295	7364	1693	2865	4625	19206	18221	18968	5003	5850	12655	16863	6831	6605	19012	1291	5008	16937	1804	13879	20758	
12005	13149	11474	12541	12255	13882	13991	9830	10008	10156	16541	15963	15952	15290	14674	15235	16759	16677	14067	16489	14874	13591	17852	15872	15013	15293	15908	14933	18715	15401	8959	1597	9116	8323	23666	24069	1833	18955	9133	20209	9.99999e+008	542	2651	9017	8499	23190	23403	18905	23718	1984	21989	8947	2902	20653	1561	1012	623	9340	9352	9699	24779	20325	17212	23169	2276	2952	2345	23278	24354	10707	8839	24246	24014	2536	19063	23282	10501	18590	8360	1466	
12361	13505	11830	12897	12797	14238	14347	10186	10364	10512	16897	16319	16308	15646	15030	15591	17115	17033	14423	16845	15230	13947	18208	16228	15369	15649	16264	15289	19071	15757	9501	2139	9658	8865	24208	24611	2375	19497	9675	20751	542	9.99999e+008	3193	9559	9041	23732	23945	19447	24260	2526	22531	9489	2609	21195	2103	1368	979	9882	9894	10241	25321	20867	17754	23711	2818	3494	2887	23820	24896	11249	9381	24788	24556	3078	19605	23824	11043	19132	8902	924	
13753	14897	13222	14289	13076	15028	15739	10601	11756	11647	18288	17710	17699	17038	16421	16983	18507	18425	15814	18237	16621	15338	18998	17263	16726	17006	17621	16680	19861	17114	7128	1583	7284	6491	21324	21727	1345	16613	7302	17867	2602	3144	9.99999e+008	7186	8822	20848	21061	16563	21376	1064	19647	7115	3524	18311	1028	3432	3225	7509	7521	7867	22437	17983	14870	20827	760	610	472	20936	22012	8876	9162	21904	21672	708	16721	20940	9861	16248	6529	4068	
15604	16748	15075	16292	14452	17043	17590	12973	13607	13229	20140	19562	19551	19026	19747	18984	20358	20426	17816	20238	20669	19658	21013	19279	18612	18892	19507	18532	21876	19000	895	7493	819	269	17572	17976	7175	13282	1069	14368	8512	9053	6420	9.99999e+008	3043	17349	17310	13269	17877	6536	16148	650	9944	14811	7448	9342	9133	1276	1288	1400	18686	14482	12007	17328	7179	7028	6891	17437	17944	2643	2968	18153	17920	7128	13222	17442	3396	12749	296	9977	
13006	14150	12477	13694	11854	14445	14992	10375	11009	10631	17542	16964	16953	16428	17149	16386	17760	17828	15218	17640	18071	17082	18415	16681	16014	16294	16909	15934	19278	16402	3298	8847	2662	2622	19975	20379	8382	15685	3472	16771	8581	9123	8789	3356	9.99999e+008	19752	19713	15672	20280	8903	18551	2467	10630	17214	8853	7960	8520	3679	3690	2321	21089	16885	14410	19731	9101	9397	9261	19840	20347	5045	370	20556	20323	9497	15625	19845	2105	15152	2699	9830	
32591	33735	32062	33279	31439	34030	34577	29960	30594	30216	37127	36549	36538	36013	36734	35971	37345	37413	34803	37225	37656	36645	38000	36266	35599	35879	36494	35519	38863	35987	16673	23120	17626	17243	5235	6717	22883	4846	16501	3914	24139	24681	21984	17253	20030	9.99999e+008	5025	4833	528	22455	1516	17637	22785	3582	22565	24969	24762	16097	16564	18387	6336	3977	5956	3655	22298	21313	22009	1761	2973	15746	19954	5803	5583	22246	4817	1354	20029	4786	16971	24156	
31915	33059	31385	32602	30763	33354	33901	29284	29918	29540	36451	35873	35862	35337	36058	35295	36669	36737	34127	36549	36980	35969	37324	35590	34923	35203	35818	34843	38187	35311	15966	22872	16502	16579	1236	2718	22635	4368	15815	5573	23891	24433	21736	16311	19354	4678	9.99999e+008	4414	4889	22207	3478	16961	22880	4487	22317	24721	24514	15817	15707	17228	2350	5636	5776	1046	22050	21065	21762	2966	2271	13924	19278	1817	1584	21836	5068	4097	18905	5055	16507	24251	
28261	29405	27732	28949	27109	29700	30247	25630	26264	25886	32797	32219	32208	31683	32404	31641	33015	33083	30473	32895	33326	32315	33670	31936	31269	31549	32164	31189	34533	31657	12344	18791	13297	12913	4859	5263	18554	52	12172	1851	19810	20352	17655	12924	15700	4830	4597	9.99999e+008	5358	18126	3631	13307	18466	2293	18236	20640	20433	11768	12235	14057	5973	3010	1627	4618	17968	16983	17875	4918	5548	11417	15625	5440	5207	17918	705	4923	15700	674	12641	19837	
33119	34263	32590	33807	31967	34558	35105	30488	31122	30744	37655	37077	37066	36541	37262	36499	37873	37941	35331	37753	38184	37173	38528	36794	36127	36407	37022	36047	39391	36515	17201	23648	18154	17771	5763	7092	23411	5374	17029	4442	24667	25209	22512	17781	20558	528	5553	5361	9.99999e+008	22983	2044	18165	23313	4110	23093	25497	25290	16625	17092	18915	6328	4505	6484	4183	22826	21841	22537	1955	3167	16274	20482	5795	5958	22774	5345	1548	20557	5314	17499	24684	
13128	14272	12597	13664	12368	14320	15057	9893	11131	10939	17663	17085	17074	16406	15796	16358	17882	17800	15189	17612	15996	14713	18290	16555	16018	16298	16913	16055	19153	16406	6975	958	7132	6339	22088	22491	639	17377	7149	18631	1976	2517	766	7033	8612	21612	21825	17327	22140	9.99999e+008	20411	6963	3821	19075	964	2807	2598	7356	7368	7715	23201	18747	15634	21591	1212	1374	1238	21700	22776	8723	8951	22668	22436	1474	17485	21704	9709	17012	6376	3441	
31419	32563	30890	32107	30267	32858	33405	28788	29422	29044	35955	35377	35366	34841	35562	34799	36173	36241	33631	36053	36484	35473	36828	35094	34427	34707	35322	34347	37691	34815	15499	21948	16452	16069	4064	5546	21712	3674	15327	2398	22967	23509	20812	16079	18858	1516	3801	3661	2044	21284	9.99999e+008	16465	21591	2409	21393	23797	23590	14923	15390	17215	5171	2461	4785	2483	21126	20141	20838	2594	3708	14574	18783	4638	4412	21075	3645	2599	18855	3615	15799	22962	
15432	16576	14903	16120	14280	16871	17418	12801	13435	13057	19968	19390	19379	18854	19575	18812	20186	20254	17644	20066	20497	19486	20841	19107	18440	18720	19335	18360	21704	18828	1006	7571	647	332	17684	18087	7252	13393	1180	14479	8589	9130	6499	1064	2871	17460	17421	13380	17988	6613	16259	9.99999e+008	10023	14922	7527	9420	9211	1387	1399	1228	18797	14593	12118	17439	7259	7107	6971	17548	18055	2754	2795	18264	18032	7207	13333	17553	3224	12860	407	10054	
14659	15803	14128	15195	15158	16536	16645	12484	12662	12810	19195	18617	18606	17402	16785	17889	19413	19306	16721	19143	16985	15702	20506	18526	17667	17947	18562	17587	21369	18055	10367	3647	10523	9730	24202	24605	3883	19491	10541	20745	2903	2609	3465	10425	10549	23726	23939	19441	24254	4035	22525	10354	9.99999e+008	21189	3611	3666	3106	10749	10760	11106	25315	20656	17748	23705	3571	3764	3055	23814	24890	12115	10889	24782	24550	2818	19599	23818	12551	19126	9769	1796	
30016	31160	29487	30704	28864	31455	32002	27385	28019	27641	34552	33974	33963	33438	34159	33396	34770	34838	32228	34650	35081	34070	35425	33691	33024	33304	33919	32944	36288	33412	14098	20545	15051	14668	5137	5300	20308	2272	13926	3389	21564	22106	19409	14678	17455	3578	4875	2260	4106	19880	2377	15062	20210	9.99999e+008	19990	22394	22187	13522	13989	15812	6244	4535	3381	3557	19723	18738	19434	3665	4782	13173	17380	5712	5485	19671	2243	3669	17454	2213	14396	21581	
12725	13869	12194	13261	12543	14495	14711	10068	10728	10876	17260	16682	16671	16010	15393	15955	17479	17397	14786	17209	15593	14310	18466	16592	15733	16013	16628	15652	19328	16121	7858	555	8014	7221	22105	22508	814	17394	8032	18648	1574	2116	1090	7916	8787	21629	21842	17344	22157	884	20428	7845	2857	19092	9.99999e+008	2404	2197	8240	8251	8597	23218	18764	15651	21608	715	1391	800	21717	22793	9606	9127	22685	22453	991	17502	21721	10591	17029	7260	3040	
10993	12137	10462	11529	11925	12870	12979	8818	8996	9144	15529	14951	14940	14278	13662	14223	15747	15665	13055	15477	13862	12579	16840	14860	14001	14281	14896	13921	17703	14389	9791	1849	9948	9155	24509	24912	2472	19798	9965	21052	1012	1368	3494	9849	7876	24033	24246	19748	24561	2816	22832	9779	3664	21496	2404	9.99999e+008	560	10172	10184	10197	25622	21168	18055	24012	3119	3795	3188	24121	25197	11539	8216	25089	24857	3380	19906	24125	9878	19433	9192	1870	
11553	12697	11022	12089	12485	13430	13539	9378	9556	9704	16089	15511	15500	14684	14067	14783	16307	16225	13615	16037	14267	12984	17400	15420	14561	14841	15456	14481	18263	14949	9582	2219	9739	8946	24289	24692	2456	19578	9756	20832	623	979	3274	9640	8436	23813	24026	19528	24341	2607	22612	9570	3104	21276	2184	560	9.99999e+008	9963	9975	10322	25402	20948	17835	23792	2899	3575	2968	23901	24977	11330	8776	24869	24637	3159	19686	23905	10438	19213	8983	1310	
16616	17760	16087	17304	15464	18055	18602	13985	14619	14241	21152	20574	20563	20038	20759	19996	21370	21438	18828	21250	21681	20670	22025	20291	19624	19904	20519	19544	22888	20012	576	8492	1529	1268	16813	17217	8174	12006	404	13092	9511	10052	7419	1156	4055	16073	16551	11993	16601	7535	14872	1662	10943	13535	8447	10341	10132	9.99999e+008	467	2412	17927	13206	10731	16052	8179	8027	7890	16161	17214	2037	3980	17394	17161	8127	11946	16166	3932	11473	996	10976	
16557	17701	16028	17245	15405	17996	18543	13926	14560	14182	21093	20515	20504	19979	20700	19937	21311	21379	18769	21191	21622	20611	21966	20232	19565	19845	20460	19485	22829	19953	396	8433	1342	1209	16832	17236	8114	12473	248	13559	9452	9993	7360	1098	3996	16540	16570	12460	17068	7476	15339	1603	10884	14002	8388	10282	10073	467	9.99999e+008	2068	17946	13673	11198	16519	8119	7968	7831	16628	17204	1902	3921	17413	17180	8068	12413	16633	3745	11940	937	10917	
15586	16730	15057	16274	13729	16920	17572	12955	13589	13211	20122	19544	19533	19008	19729	18966	20340	20408	17798	20220	20634	19351	20889	19154	18594	18874	19489	18514	21752	18982	2010	8625	898	1386	18524	18928	8306	14433	2023	15519	9643	10184	7553	1804	3026	18500	18261	14420	19028	7667	17299	1231	11077	15962	8581	10474	10265	2427	2240	9.99999e+008	19637	15633	13158	18282	8313	8161	8025	18588	18895	3595	2950	19105	18872	8261	14373	18593	2306	13900	1461	11108	
33595	34739	33065	34282	32443	35034	35581	30964	31598	31220	38131	37553	37542	37017	37738	36975	38349	38417	35807	38229	38660	37649	39004	37270	36603	36883	37498	36523	39867	36991	17646	24552	18182	18259	1748	1363	24316	6048	17495	7253	25571	26113	23416	17991	21034	6128	2112	6095	6323	23888	5158	18641	24561	6167	23997	26401	26194	17497	17387	18908	9.99999e+008	7316	7458	2726	23730	22745	23442	4400	3412	15604	20958	612	1156	23516	6748	5531	20585	6735	18187	25932	
29243	30387	28714	29931	28091	30682	31229	26612	27246	26868	33779	33201	33190	32665	33386	32623	33997	34065	31455	33877	34308	33297	34652	32918	32251	32531	33146	32171	35515	32639	13325	19772	14278	13895	6312	7794	19536	3143	13153	1382	20791	21237	18636	13905	16682	4030	6050	3130	4558	19108	2514	14289	19130	4672	19217	21621	21316	12749	13216	15039	7471	9.99999e+008	2609	4732	18950	17965	18712	4841	5957	12398	16607	6938	6660	18755	2425	4846	16681	2976	13623	20501	
27214	28358	26685	27902	26062	28653	29200	24583	25217	24839	31750	31172	31161	30636	31357	30594	31968	32036	29426	31848	32279	31268	32623	30889	30222	30502	31117	30142	33486	30610	11296	17743	12249	11866	6454	6857	17506	1743	11124	2997	18762	19304	16607	11876	14653	5978	6191	1693	6506	17078	4777	12260	17767	3441	17188	19592	19385	10720	11187	13010	7567	3113	9.99999e+008	5957	16921	15936	16633	6066	7142	10369	14577	7034	6802	16707	1851	6070	14652	1378	11594	19138	
32398	33542	31868	33085	31246	33837	34384	29767	30401	30023	36934	36356	36345	35820	36541	35778	37152	37220	34610	37032	37463	36452	37807	36073	35406	35686	36301	35326	38670	35794	16449	23355	16985	17062	1632	3114	23118	4851	16298	4600	24374	24916	22219	16794	19837	3705	1370	4897	4033	22690	2504	17444	22847	3515	22800	25204	24997	16299	16190	17711	2739	4662	5890	9.99999e+008	22532	21548	22244	2110	1225	14407	19761	2206	1980	22318	4751	3241	19388	4720	16990	24218	
13440	14584	12909	13976	12764	14716	15426	10289	11443	11335	17975	17397	17386	16725	16108	16670	18194	18112	15501	17924	16308	15025	18686	16951	16414	16694	17309	16367	19549	16802	7976	1270	8132	7339	21863	22266	1033	17152	8150	18406	2289	2831	848	8034	9006	21387	21600	17102	21915	1104	20186	7963	3552	18850	715	3119	2912	8357	8369	8715	22976	18522	15409	21366	9.99999e+008	1149	898	21475	22551	9724	9346	22443	22211	1011	17260	21479	10709	16787	7377	3755	
14198	15342	13667	14734	13520	15472	16184	11045	12201	12091	18733	18155	18144	17483	16866	17428	18952	18870	16259	18682	17066	15783	19443	17708	17170	17450	18065	17125	20305	17558	6888	2028	7044	6251	20714	21117	1791	16003	7062	17257	3047	3589	892	6946	8855	20238	20451	15953	20766	1437	19037	6875	3751	17701	1473	3877	3670	7464	7281	7627	21827	17373	14260	20217	1205	9.99999e+008	892	20326	21402	8877	9193	21294	21062	935	16111	20330	9621	15638	6289	4513	
13509	14653	12978	14045	13230	15183	15495	10755	11512	11660	18044	17466	17455	16794	16177	16739	18263	18181	15570	17993	16377	15094	19153	17376	16517	16797	17412	16436	20015	16905	7313	1339	7469	6676	21519	21922	1502	16808	7487	18062	2358	2900	703	7371	9008	21043	21256	16758	21571	1249	19842	7300	3053	18506	800	3188	2981	7694	7706	8052	22632	18178	15065	21022	916	805	9.99999e+008	21131	22207	9061	9347	22099	21867	237	16916	21135	10046	16443	6714	3824	
32591	33735	32062	33279	31439	34030	34577	29960	30594	30216	37127	36549	36538	36013	36734	35971	37345	37413	34803	37225	37656	36645	38000	36266	35599	35879	36494	35519	38863	35987	16673	23120	17626	17243	4154	5636	22883	4846	16501	4666	24139	24681	21984	17253	20030	1728	3892	4833	1923	22455	2570	17637	22785	3582	22565	24969	24762	16097	16564	18387	5142	4728	5956	2522	22298	21313	22009	9.99999e+008	1477	15746	19954	4609	4502	22246	4817	1131	20029	4786	16971	24156	
33443	34587	32913	34130	32291	34882	35429	30812	31446	31068	37979	37401	37390	36865	37586	36823	38197	38265	35655	38077	38508	37497	38852	37118	36451	36731	37346	36371	39715	36839	17494	24224	18030	18107	2677	4159	23987	5896	17343	5645	25243	25785	23088	17839	20882	2832	2415	5937	3027	23559	3549	18489	23889	4560	23669	26073	25866	17201	17235	18756	3784	5707	6935	1045	23402	22417	23113	1104	9.99999e+008	15452	20806	3251	3025	23350	5796	2235	20433	5765	18035	25260	
17991	19135	17461	18678	16839	19430	19977	15360	15994	15616	22527	21949	21938	21413	22134	21371	22745	22813	20203	22625	23056	22045	23400	21666	20999	21279	21894	20919	24263	21387	2042	9880	2578	2655	15390	15794	9561	12032	1891	13118	10898	11439	8806	2387	5430	16098	15128	12019	16626	8922	14898	3037	12330	13560	9834	11729	11520	1920	1785	3304	16504	13232	10757	15149	9566	9415	9278	16187	15762	9.99999e+008	5354	15971	15738	9514	11972	16192	4981	11499	2583	12363	
13285	14429	12756	13973	12133	14724	15271	10654	11288	10910	17821	17243	17232	16707	17428	16665	18039	18107	15497	17919	18350	17339	18694	16960	16293	16573	17188	16213	19557	16681	3856	9104	3220	3180	20533	20937	8639	16243	4030	17329	8839	9381	9239	3914	558	20310	20271	16230	20838	9296	19109	3025	10887	17772	9111	8217	8777	4237	4248	2879	21647	17443	14968	20289	9358	9849	9711	20398	20905	5603	9.99999e+008	21114	20881	9947	16183	20403	1735	15710	3257	10087	
33286	34430	32756	33973	32134	34725	35272	30655	31289	30911	37822	37244	37233	36708	37429	36666	38040	38108	35498	37920	38351	37340	38695	36961	36294	36574	37189	36214	39558	36682	17337	24243	17873	17950	1136	2036	24007	5737	17186	6944	25262	25804	23107	17682	20725	5817	1801	5784	6012	23579	4849	18332	24250	5858	23688	26092	25885	17188	17078	18599	690	7007	7147	2417	23421	22436	23133	4089	3101	15295	20649	9.99999e+008	679	23207	6437	5220	20276	6424	17878	25621	
33019	34163	32489	33706	31867	34458	35005	30388	31022	30644	37555	36977	36966	36441	37162	36399	37773	37841	35231	37653	38084	37073	38428	36694	36027	36307	36922	35947	39291	36415	17070	23976	17606	17683	814	1595	23739	5472	16919	6849	24995	25537	22840	17415	20458	5954	1276	5518	6165	23311	4754	18065	23984	5763	23421	25825	25618	16921	16811	18332	1038	6912	6882	2322	23154	22169	22866	4242	3375	15028	20382	1117	9.99999e+008	22940	6172	5373	20009	6159	17611	25355	
13701	14845	13170	14237	13422	15374	15687	10947	11704	11852	18236	17658	17647	16986	16369	16931	18455	18373	15762	18185	16569	15286	19344	17568	16709	16989	17604	16628	20207	17097	7549	1531	7705	6912	21754	22157	1693	17043	7723	18297	2549	3091	940	7607	9244	21278	21491	16993	21806	1485	20077	7536	2816	18741	991	3380	3172	7931	7942	8288	22867	18413	15300	21257	1107	1040	237	21366	22442	9297	9584	22334	22102	9.99999e+008	17151	21370	10282	16678	6951	3665	
28208	29352	27679	28896	27056	29647	30194	25577	26211	25833	32744	32166	32155	31630	32351	31588	32962	33030	30420	32842	33273	32262	33617	31883	31216	31496	32111	31136	34480	31604	12290	18737	13243	12860	5525	5929	18501	718	12118	1291	19756	20202	17601	12870	15647	4783	5263	705	5311	18073	3584	13254	18096	2247	18182	20586	20281	11714	12181	14004	6639	2305	1574	4762	17915	16930	17677	4872	5987	11364	15572	6106	5873	17721	9.99999e+008	4876	15646	658	12588	19467	
32690	33834	32161	33378	31538	34129	34676	30059	30693	30315	37226	36648	36637	36112	36833	36070	37444	37512	34902	37324	37755	36744	38099	36365	35698	35978	36593	35618	38962	36086	16771	23219	17724	17341	4690	5939	22983	4946	16599	4765	24238	24780	22083	17351	20129	1392	4428	4933	1587	22555	2670	17736	22885	3681	22664	25068	24861	16195	16662	18486	5174	4828	6056	3058	22397	21412	22109	930	2013	15846	20054	4641	4804	22346	4917	9.99999e+008	20127	4886	17070	24256	
14136	15280	13607	14824	12984	15575	16122	11505	12139	11761	18672	18094	18083	17558	18279	17516	18890	18958	16348	18770	19201	19002	19545	17811	17144	17424	18039	17064	20408	17532	3515	10613	2577	3374	20203	20607	10294	15938	3528	17024	10501	11043	9541	3309	2219	20005	19940	15925	20533	9655	18804	3219	12550	17467	10569	9880	10440	3932	3745	2644	21316	17138	14663	19961	10301	10149	10013	20093	20574	5100	1735	20784	20551	10249	15878	20098	9.99999e+008	15405	3451	11750	
28278	29422	27749	28966	27126	29717	30264	25647	26281	25903	32814	32236	32225	31700	32421	31658	33032	33100	30490	32912	33343	32332	33687	31953	31286	31566	32181	31206	34550	31674	12358	18805	13311	12928	5340	5744	18569	533	12186	1619	19824	20366	17669	12938	15717	4600	5078	520	5128	18141	3399	13324	18472	2063	18250	20654	20447	11782	12249	14074	6454	2778	1643	4579	17983	16998	17695	4688	5804	11433	15641	5921	5688	17932	473	4693	15714	9.99999e+008	12658	19843	
15620	16764	15091	16308	14468	17059	17606	12989	13623	13245	20156	19578	19567	19042	19763	19000	20374	20442	17832	20254	20685	19674	21029	19295	18628	18908	19523	18548	21892	19016	898	7496	835	272	17576	17980	7178	13285	1072	14371	8515	9056	6423	956	3059	17352	17313	13272	17880	6539	16151	666	9947	14814	7451	9345	9136	1279	1291	1416	18689	14485	12010	17331	7183	7031	6894	17440	17947	2646	2984	18157	17924	7131	13225	17445	3412	12752	9.99999e+008	9980	
12863	14007	12332	13399	13721	14740	14849	10688	10866	11014	17399	16821	16810	15606	14989	16093	17617	17510	14925	17347	15189	13906	18710	16730	15871	16151	16766	15791	19573	16259	10425	3063	10582	9789	25132	25535	3299	20421	10599	21675	1466	924	4117	10483	9746	24656	24869	20371	25184	3450	23455	10413	1794	22119	3027	1870	1310	10806	10818	11165	26245	21791	18678	24635	3742	4418	3811	24744	25820	12173	10086	25712	25480	3665	20529	24748	11748	20056	9826	9.99999e+008	
0.2
0.2