30																																																																																										
9999999	13	15	11	11	15	10	15	15	11	14	19	11	15	15	15	15	11	19	10	15	15	15	21	15	15	26	26	32	14																																																													
0	7	8	6	6	5	5	8	8	5	7	4	7	8	8	8	8	5	11	4	8	8	8	19	8	9	0	26	32	14																																																													
91																																																																																										
0.010989011	0.010989011	0.010989011	0.010989011	0.010989011	0.010989011	0.010989011	0.010989011	0.010989011	0.010989011	0.010989011	0.010989011	0.010989011	0.010989011	0.010989011	0.010989011	0.010989011	0.010989011	0.010989011	0.010989011	0.010989011	0.010989011	0.010989011	0.010989011	0.010989011	0.010989011	0.010989011	0.010989011	0.010989011	0.010989011	0.010989011	0.010989011	0.010989011	0.010989011	0.010989011	0.010989011	0.010989011	0.010989011	0.010989011	0.010989011	0.010989011	0.010989011	0.010989011	0.010989011	0.010989011	0.010989011	0.010989011	0.010989011	0.010989011	0.010989011	0.010989011	0.010989011	0.010989011	0.010989011	0.010989011	0.010989011	0.010989011	0.010989011	0.010989011	0.010989011	0.010989011	0.010989011	0.010989011	0.010989011	0.010989011	0.010989011	0.010989011	0.010989011	0.010989011	0.010989011	0.010989011	0.010989011	0.010989011	0.010989011	0.010989011	0.010989011	0.010989011	0.010989011	0.010989011	0.010989011	0.010989011	0.010989011	0.010989011	0.010989011	0.010989011	0.010989011	0.010989011	0.010989011	0.010989011	0.010989011	0.010989011
0	-1	0	-1	1	3	-2	0	2	1	2	-1	0	0	0	0	0	0	0	0	0	0	0	0	0	-9	0	-21	-32	-14																																																													
0	-2	1	0	1	0	1	1	0	0	0	7	0	0	0	0	0	0	0	0	0	0	0	0	0	-1	4	-17	-32	-13																																																													
0	-3	0	2	-2	1	-5	0	1	0	1	-1	0	0	0	0	0	0	0	0	0	0	0	0	0	-6	19	-26	-32	-14																																																													
0	-3	-2	-6	1	-2	-1	1	-2	2	5	-1	0	0	0	0	0	0	0	0	0	0	0	0	0	-9	7	-17	-32	-14																																																													
0	4	2	0	0	1	-2	-1	0	0	4	11	0	0	0	0	0	0	0	0	0	0	0	0	0	6	22	-26	-32	-9																																																													
0	-7	0	1	2	0	-3	2	1	-3	1	15	0	0	0	0	0	0	0	0	0	0	0	0	0	-2	0	-26	-32	0																																																													
0	-2	1	-2	2	2	-2	-1	1	-1	3	8	0	0	0	0	0	0	0	0	0	0	0	0	0	-4	0	0	-29	-13																																																													
0	-4	1	-3	0	1	-3	2	1	-3	2	1	0	0	0	0	0	0	0	0	0	0	0	0	0	3	18	-6	-32	-14																																																													
0	0	0	-2	3	5	-1	-1	0	1	-1	3	0	0	0	0	0	0	0	0	0	0	0	0	0	-7	0	-15	-32	-14																																																													
0	-5	0	-4	2	2	-2	5	2	0	1	-2	0	0	0	0	0	0	0	0	0	0	0	0	0	5	14	-25	-32	-14																																																													
0	0	0	-3	-2	0	-2	4	1	0	1	9	0	0	0	0	0	0	0	0	0	0	0	0	0	-9	26	-25	-32	-14																																																													
0	2	1	0	1	-1	0	0	1	1	1	0	0	0	0	0	0	0	0	0	0	0	0	0	0	-3	0	-18	-32	-14																																																													
0	-3	1	0	2	0	0	1	1	0	0	-4	0	0	0	0	0	0	0	0	0	0	0	0	0	-4	4	-14	-32	-14																																																													
0	4	-1	1	2	2	1	0	1	-3	2	-2	0	0	0	0	0	0	0	0	0	0	0	0	0	-1	9	-18	-32	-14																																																													
0	-1	0	-4	1	1	-1	1	1	-1	0	-4	0	0	0	0	0	0	0	0	0	0	0	0	0	4	10	-15	-19	-14																																																													
0	2	-1	-3	0	4	-3	6	2	-2	1	15	0	0	0	0	0	0	0	0	0	0	0	0	0	-9	16	-18	-32	-8																																																													
0	0	1	2	1	0	-4	-2	-1	2	5	2	0	0	0	0	0	0	0	0	0	0	0	0	0	-2	6	-8	-32	-7																																																													
0	-1	0	-1	0	-1	-2	2	2	-1	1	4	0	0	0	0	0	0	0	0	0	0	0	0	0	-4	26	-26	-32	-13																																																													
0	-4	1	4	-1	4	1	-2	-1	-2	-4	6	0	0	0	0	0	0	0	0	0	0	0	0	0	2	16	-26	-32	-9																																																													
0	1	2	0	-1	1	0	1	1	-2	-2	11	0	0	0	0	0	0	0	0	0	0	0	0	0	-9	0	-14	-32	-13																																																													
0	2	0	-4	0	0	0	-1	1	-1	0	5	0	0	0	0	0	0	0	0	0	0	0	0	0	-2	7	0	-32	-14																																																													
0	1	1	1	2	1	0	0	2	1	0	7	0	0	0	0	0	0	0	0	0	0	0	0	0	-9	2	-5	-32	-9																																																													
0	0	1	2	-2	6	1	1	1	1	-1	-4	-3	0	0	0	0	0	0	0	0	0	0	0	0	0	10	-1	-32	-14																																																													
0	3	1	0	3	1	0	-2	1	1	0	1	-1	-2	0	0	0	0	0	0	0	0	0	0	0	-1	19	-17	-32	-14																																																													
0	0	1	-1	-1	-2	-1	3	-3	-3	0	3	-6	-1	0	0	0	0	0	0	0	0	0	0	0	6	26	-26	-32	-14																																																													
0	2	-1	5	1	-1	-1	-1	-2	0	-1	15	1	-1	0	0	0	0	0	0	0	0	0	0	0	-5	26	-26	-32	-11																																																													
0	3	2	-3	1	0	2	0	-2	-1	-2	6	0	-2	0	0	0	0	0	0	0	0	0	0	0	-9	0	-26	-32	-14																																																													
0	-2	2	4	1	3	0	-1	0	-1	0	-3	-2	1	0	0	0	0	0	0	0	0	0	0	0	-9	19	-11	-29	-14																																																													
0	2	2	0	1	2	-2	-1	2	-2	4	-4	-1	-4	0	0	0	0	0	0	0	0	0	0	0	2	20	-9	-32	-14																																																													
0	-1	1	-2	2	1	0	-1	3	-1	1	7	-3	-3	0	0	0	0	0	0	0	0	0	0	0	6	0	-10	-26	-14																																																													
0	1	2	-2	-1	2	0	-2	-2	1	0	9	2	1	0	0	0	0	0	0	0	0	0	0	0	-9	26	-20	-32	-12																																																													
0	0	2	-3	2	-1	-1	3	0	-1	4	-1	-3	0	0	0	0	0	0	0	0	0	0	0	0	-4	19	-20	-32	-14																																																													
0	2	-2	-3	1	1	0	0	3	1	-4	15	-1	-3	0	0	0	0	0	0	0	0	0	0	0	-4	21	-26	-30	-10																																																													
0	-2	-1	0	0	2	-3	0	-2	1	-1	-4	1	-1	0	0	0	0	0	0	0	0	0	0	0	6	26	-23	-32	-14																																																													
0	-1	1	1	2	-1	-1	1	1	1	1	8	-2	1	0	0	0	0	0	0	0	0	0	0	0	-9	12	-14	-32	-13																																																													
0	0	3	0	4	1	0	0	-1	-1	0	0	-1	-2	0	0	0	0	0	0	0	0	0	0	0	2	17	-22	-32	-14																																																													
0	-2	-3	-1	4	-3	-1	0	5	0	0	7	-1	3	-1	0	0	0	0	0	0	0	0	0	0	2	13	-10	-28	-14																																																													
0	4	1	0	3	-2	0	-2	-3	1	2	3	-1	-3	0	0	0	0	0	0	0	0	0	0	0	2	18	-3	-32	-14																																																													
0	3	2	-2	0	0	-1	1	2	-2	2	14	0	-3	-4	0	0	0	0	0	0	0	0	0	0	-6	26	-26	-32	-5																																																													
0	5	-1	-6	-2	-1	-2	-1	-5	-2	-2	4	-1	-1	3	0	0	0	0	0	0	0	0	0	0	3	10	-26	-32	-3																																																													
0	0	1	1	2	1	0	0	-1	0	-3	-4	1	4	4	0	0	0	0	0	0	0	0	0	0	0	0	-10	-32	-14																																																													
0	0	1	-2	2	2	0	0	1	0	1	-4	-2	0	-2	0	0	0	0	0	0	0	0	0	0	5	14	-26	-29	-14																																																													
0	3	-1	1	1	0	0	0	1	0	0	0	2	2	1	0	0	0	0	0	0	0	0	0	0	-5	26	-1	-10	-12																																																													
0	1	0	1	2	2	-2	4	0	0	2	13	-1	2	-3	0	0	0	0	0	0	0	0	0	0	5	24	-26	-32	-5																																																													
0	0	1	-3	-1	3	-1	-3	2	0	2	6	-1	4	2	0	0	0	0	0	0	0	0	0	0	-9	25	-17	-32	-14																																																													
0	0	0	-2	-3	0	0	1	-1	1	1	-3	-1	-6	-3	0	0	0	0	0	0	0	0	0	0	-2	0	-26	-32	-14																																																													
0	1	5	1	0	1	-1	-1	1	-2	0	12	1	-2	5	0	0	0	0	0	0	0	0	0	0	-8	0	-26	-32	-14																																																													
0	-2	-1	-1	0	4	-2	-3	0	-1	2	-1	0	0	-1	0	0	0	0	0	0	0	0	0	0	-5	16	-26	-32	-8																																																													
0	-3	0	1	2	0	-1	0	0	0	0	15	-1	0	0	-1	1	0	-3	0	0	0	0	0	0	-7	12	-7	-32	-14																																																													
0	2	-1	4	5	4	-1	1	3	0	4	4	1	-3	0	-3	0	0	-1	-1	1	0	5	0	0	-8	11	-1	-32	-14																																																													
0	-3	0	2	1	2	0	-1	0	-2	-1	-1	4	3	-4	-4	-1	4	1	1	-2	-1	-1	0	0	-1	3	-20	-32	-14																																																													
0	1	-1	0	-1	4	-1	-4	1	2	-2	2	-2	-3	-7	-2	1	0	-3	-2	1	0	1	0	0	-6	14	-14	-32	-14																																																													
0	3	-1	-3	2	0	0	0	2	0	0	-3	-4	-4	-8	1	2	-1	-4	-2	0	1	-1	0	0	2	16	-24	-32	-14																																																													
0	1	2	-1	-3	1	-4	1	-1	0	-4	6	0	3	1	0	0	1	1	2	1	0	0	0	0	0	13	-22	-30	-2																																																													
0	-2	4	-1	-1	4	-2	-2	0	0	-2	8	-1	1	-2	-3	-1	-2	0	1	2	-2	-6	0	0	1	10	-20	-32	-14																																																													
0	2	-1	-1	2	-1	0	5	1	-1	1	-3	1	-4	-3	-1	0	-2	-3	1	2	0	3	0	0	-1	7	0	-19	-11																																																													
0	-3	0	1	2	0	-1	1	2	1	1	1	2	-6	-3	0	-1	-3	0	1	1	0	-2	0	0	-9	18	-13	-30	-13																																																													
0	0	2	1	2	-1	-1	1	0	-2	2	5	-1	-6	0	0	3	1	1	2	1	-4	1	0	0	-9	1	-13	-32	-14																																																													
0	3	1	-1	0	0	-1	3	1	-2	4	-3	0	-5	-5	0	2	2	0	0	1	-3	-1	-6	0	6	16	-12	-32	-14																																																													
0	-1	1	-4	1	0	-1	2	0	1	1	-4	1	-5	0	-3	-1	0	-2	0	0	5	1	-8	0	6	2	-26	-32	-14																																																													
0	2	-2	-1	-1	0	-2	-3	0	0	0	10	0	-1	-2	0	0	0	0	-1	6	-2	-3	-4	0	-2	24	-20	-32	-14																																																													
0	-1	0	-2	2	-2	-1	0	0	1	-2	14	0	0	-2	1	3	1	0	-2	2	2	-2	-6	0	-6	9	-10	-32	-13																																																													
0	3	0	-1	1	1	0	0	-3	-1	-2	3	0	-1	0	1	-3	0	1	0	0	-1	-2	-7	0	-2	16	-14	-32	-10																																																													
0	2	-1	-1	1	-1	0	-2	1	-1	0	2	-5	2	2	1	-3	0	2	-1	2	0	0	-5	0	-4	13	-19	-32	-13																																																													
0	0	-2	-5	0	1	-2	1	0	1	4	1	-2	2	-5	0	-1	-1	-2	1	5	0	4	-8	0	-2	0	-8	-32	-5																																																													
0	3	1	-2	0	1	-4	-5	0	0	4	9	-2	4	-6	-1	-1	2	-4	-1	4	5	-1	-4	0	-9	25	-9	-32	-13																																																													
0	0	1	-1	-2	0	-2	2	2	0	-1	7	0	-2	-1	-3	-1	-2	2	4	1	0	0	-8	0	-3	5	-26	-32	-3																																																													
0	1	0	-2	-1	2	-2	-2	0	-2	0	11	-1	-1	0	-3	-4	-3	1	2	2	-1	-4	-5	0	-2	26	-11	-32	-14																																																													
0	2	2	0	0	1	1	1	0	-1	-5	11	0	-2	-4	0	2	2	1	-1	3	-5	0	-5	0	4	0	-12	-32	-14																																																													
0	-2	1	2	3	0	-1	-3	1	-1	1	-1	-3	-2	-4	-1	0	1	-1	-2	4	5	1	-13	0	-7	26	0	-13	-14																																																													
0	0	-1	1	1	0	0	2	2	-1	3	3	-2	0	-1	0	-1	2	-6	2	-1	-1	4	-13	0	1	26	-17	-22	-3																																																													
0	-2	0	5	1	3	-2	2	3	1	2	5	-3	6	-3	0	2	-3	-4	6	1	2	3	-1	0	5	7	-7	-26	-10																																																													
0	2	2	-4	2	1	-3	-1	0	2	1	-3	1	-1	-6	-3	1	2	0	1	2	1	1	-7	0	-6	12	-13	-32	0																																																													
0	2	0	-4	0	0	-2	2	1	-2	0	-4	-4	2	-8	1	1	0	-2	3	0	0	-3	-10	0	-6	26	-14	-32	-14																																																													
0	0	2	-1	-1	0	0	-3	-1	1	3	7	-1	2	-5	1	0	5	2	-2	-2	2	-4	-6	0	6	23	-26	-32	-14																																																													
0	3	0	-2	-2	-1	1	1	3	1	-1	4	-1	-3	7	-2	2	-4	2	2	-2	1	-1	-8	0	-3	0	-19	-32	-2																																																													
0	1	1	1	3	-1	0	0	-1	-3	2	-3	-3	-3	-5	2	0	3	-7	0	6	4	5	-12	0	-6	21	-6	-20	-9																																																													
0	-3	-1	-6	1	1	-1	1	3	2	2	3	-3	-2	4	0	3	-1	-4	1	2	3	0	-11	0	-9	4	-9	-32	-14																																																													
0	-2	0	3	3	2	0	5	3	1	3	3	-2	-2	-5	0	1	-2	1	1	2	0	0	-10	-1	-9	0	-5	-30	-9																																																													
0	1	2	2	5	1	-3	-3	2	-1	3	-1	-2	-1	-5	2	1	0	3	1	3	-3	4	-1	0	-3	26	-11	-32	-14																																																													
0	1	3	-2	0	1	-4	5	3	1	3	12	-1	-3	-3	0	0	4	2	0	5	-3	1	-9	2	6	24	-14	-26	-14																																																													
0	0	2	0	0	-2	-2	0	-2	2	-2	6	-1	0	0	-1	4	-2	-6	-4	-4	4	0	-1	0	-7	17	-16	-32	-14																																																													
0	2	0	-2	-1	0	0	-1	1	-2	1	5	-1	-3	1	-6	-1	4	3	-4	4	2	0	-11	2	-9	0	-20	-32	-14																																																													
0	2	2	-3	3	4	-3	1	0	0	-2	5	1	-6	-1	1	-1	-1	-8	1	2	4	1	-10	2	-6	12	-11	-16	-10																																																													
0	3	1	1	5	1	-1	-3	3	0	1	1	-7	-1	-2	0	0	0	-6	1	5	-2	1	-5	0	-9	12	-19	-26	-5																																																													
0	0	-3	2	0	0	0	-1	0	0	3	2	-7	2	1	-1	3	4	3	2	4	-2	3	-4	1	6	0	-23	-32	-14																																																													
0	5	1	1	2	0	0	1	6	1	-1	8	-3	-1	4	-3	4	-2	-5	-1	4	1	2	-7	-1	-5	20	-6	-22	-14																																																													
0	0	-1	-4	-1	0	-2	2	0	0	3	8	-3	0	-2	-2	2	-1	0	1	-2	0	6	-4	0	0	22	-20	-28	-14																																																													
0	-1	-2	3	-6	-3	0	4	0	-1	1	6	0	0	3	-3	-1	0	2	-1	4	1	-8	-5	-1	2	5	-26	-32	-8																																																													
0	1	-1	0	0	2	0	1	-2	1	-1	12	0	-6	3	0	0	0	-3	-1	3	-1	-1	-9	1	-9	0	-22	-27	-14																																																													
0	0	0	5	2	5	-1	1	1	3	3	3	-5	-1	-6	0	1	-4	-2	3	3	0	1	-19	1	-4	21	0	-31	-14																																																													
30
35
0	34680	35699	32712	33413	35422	38805	33745	34165	34802	38034	30631	33322	31387	30410	42432	43351	40570	42728	39781	39286	39329	39236	31575	35741	30906	29169	29399	28286	27568	
35468	9.99999e+008	2712	2721	1321	4698	4360	1513	1645	1112	3589	4979	2816	4923	5103	9046	9965	7565	9342	6395	5737	6735	4936	3795	5016	7382	9653	11435	10810	10403	
36093	2712	9.99999e+008	2998	4033	7408	3816	4225	3386	3824	3671	7691	2850	7132	7787	8929	9796	9284	8990	8114	7456	8454	6655	6479	7727	10094	12363	14145	13522	13115	
33095	2723	2987	9.99999e+008	2029	7308	6093	2651	1453	3835	5322	5407	610	4134	4789	10778	11697	9297	11074	8127	7469	8467	6668	3481	7627	8785	11387	13169	12095	11690	
34147	1321	4033	1954	9.99999e+008	5415	5681	724	1028	2053	4910	3658	1931	3602	3782	10367	11286	8886	10663	7716	7058	8056	6257	2474	5734	6859	9579	11361	10287	9880	
35674	4088	6800	6809	5028	9.99999e+008	6840	4297	5593	3207	6069	4987	6856	7176	6568	8129	9046	6764	8423	5906	5412	5454	5361	6048	319	5451	6482	8264	7805	7897	
39243	4994	4448	6148	6301	7115	9.99999e+008	6474	5670	5710	771	9410	4807	9353	9533	5477	6344	7057	5538	5887	5229	6226	4427	8225	6796	11451	12482	14264	13805	13897	
34334	2052	4764	2581	731	4691	5663	9.99999e+008	1296	1329	4892	3845	2559	3790	3970	11098	11901	9617	11201	8447	7789	8787	6988	2662	5010	7046	9646	11428	10474	10067	
33886	1798	3516	1453	1600	6496	5166	2219	9.99999e+008	2910	4395	5155	1465	5098	5278	9853	10772	8372	10149	7202	6544	7541	5742	3970	6814	8356	11076	12858	11784	11377	
35460	1112	3824	3833	2433	3816	4789	2036	2757	9.99999e+008	4019	4971	3928	4915	5095	10158	11028	8677	10327	7507	6849	7847	6048	3787	4134	6500	8771	10553	9928	9521	
38756	4223	3677	5976	5544	6344	771	5704	4899	4939	9.99999e+008	8639	5578	8583	8763	6248	7009	6286	6309	5116	4458	5455	3656	7455	6025	10680	11711	13493	13034	13126	
31054	4705	7417	5284	3384	4791	8190	3716	4358	4775	7419	9.99999e+008	5261	2924	1949	12024	12943	9939	12320	9373	8877	8921	8827	2044	5110	3853	6573	8355	7281	6874	
34436	2264	3983	1341	1494	6772	5633	2115	995	3376	4862	5049	9.99999e+008	4994	5174	10318	11237	8837	10614	7667	7009	8006	6207	3866	7091	8250	10970	12752	11678	11271	
32720	5342	7937	4950	4021	7743	8953	3290	4586	4619	8182	2952	5560	9.99999e+008	1429	14388	15191	12751	14491	11737	11079	11674	10278	1392	8062	5779	8027	9809	8735	8330	
31291	5668	7779	4792	4402	6408	9807	4336	5375	5665	9036	1617	5402	1046	9.99999e+008	13342	14259	11322	13636	10990	10494	10538	10444	1234	6674	4350	6598	8380	7306	6901	
42294	8919	9872	10672	10240	8692	6156	10432	9597	9867	6927	11608	10767	13511	13187	9.99999e+008	1263	3084	641	2532	3190	2984	3992	12383	8373	13660	14692	16474	16015	16106	
43584	9822	10916	11574	11143	9983	7221	11335	10499	10770	7239	12899	11669	14413	14478	1640	9.99999e+008	4374	1189	3822	4480	4274	4894	13285	9664	14951	15982	17764	17305	17397	
39859	7549	9291	9302	8870	6259	7203	9062	8227	8497	6484	9173	9397	11727	10752	3104	4022	9.99999e+008	3399	1691	1820	1239	2622	10820	5940	10702	11734	13516	13057	13148	
42744	8633	9749	10385	9954	9143	6032	10146	9310	9581	6782	12059	10480	13224	13404	451	806	3534	9.99999e+008	2982	3640	3434	3705	12096	8824	14111	15142	16924	16465	16557	
40264	6387	8129	8140	7708	6664	5512	7900	7065	7335	5322	9579	8235	10979	11157	2651	3570	1762	2947	9.99999e+008	658	452	1460	9851	6345	11243	12274	14056	13597	13689	
39606	5729	7471	7482	7050	6006	5435	7242	6407	6677	4664	8921	7577	10321	10499	3309	4228	1828	3605	658	9.99999e+008	998	802	9193	5687	10585	11616	13398	12939	13031	
39826	6727	8468	8479	8048	6225	5964	8240	7404	7675	5661	9141	8574	11318	10720	3103	4022	1310	3399	452	998	9.99999e+008	1799	10190	5906	10805	11837	13619	13160	13251	
39491	4928	6669	6680	6249	5947	4633	6441	5605	5876	3862	8861	6775	9519	9699	4111	5030	2630	4407	1460	802	1799	9.99999e+008	8391	5628	10527	11558	13340	12881	12973	
32177	5060	6545	3558	3739	6510	9162	3499	4712	4554	8391	1926	4168	1128	1308	13749	14668	11658	14045	11098	10602	10646	9996	9.99999e+008	6828	5572	7906	9688	8614	8209	
35993	4030	6742	6751	4970	319	6521	4239	5535	3150	5750	5306	6798	7118	6886	8071	8988	6706	8365	5848	5354	5396	5303	5990	9.99999e+008	5770	6801	8583	8124	8216	
31568	8159	10871	8792	6893	5882	11177	7224	7867	8282	10406	4110	8769	6058	5082	13810	14729	11257	14106	11159	10664	10707	10614	5552	6201	9.99999e+008	2720	4502	3428	3021	
30148	9690	12402	10527	9181	6893	12188	9513	10155	8810	11417	6024	11058	6780	5803	14821	15740	12268	15117	12170	11674	11718	11624	6969	7212	2977	9.99999e+008	1782	1471	1601	
30285	11452	14164	11750	10631	8655	13950	10963	11605	10572	13179	7247	12360	8003	7026	16583	17502	14030	16879	13932	13436	13480	13387	8192	8974	4603	1764	9.99999e+008	1075	1738	
29305	10998	13710	10813	9694	8213	13507	10026	10668	10274	12736	6310	11423	7067	6090	16140	17059	13588	16436	13489	12994	13037	12944	7255	8531	3528	1471	1154	9.99999e+008	758	
28547	10257	12969	10055	8936	8343	13638	9268	9910	9516	12867	5552	10665	6309	5332	16271	17190	13718	16567	13620	13124	13168	13074	6497	8662	3338	1601	1831	718	9.99999e+008	
0.2
0.2