40																																																																																										
9999999	18	23	19	23	14	15	14	15	19	23	18	19	15	15	14	19	18	43	19	15	23	15	34	11	11	17	39	9	11	19	23	19	19	23	39	15	29	15	19																																																			
0	18	23	19	0	7	8	7	7	19	16	18	1	15	7	13	8	14	2	0	2	7	4	9	7	8	1	14	4	4	0	2	10	0	8	15	8	5	5	7																																																			
91																																																																																										
0.010989011	0.010989011	0.010989011	0.010989011	0.010989011	0.010989011	0.010989011	0.010989011	0.010989011	0.010989011	0.010989011	0.010989011	0.010989011	0.010989011	0.010989011	0.010989011	0.010989011	0.010989011	0.010989011	0.010989011	0.010989011	0.010989011	0.010989011	0.010989011	0.010989011	0.010989011	0.010989011	0.010989011	0.010989011	0.010989011	0.010989011	0.010989011	0.010989011	0.010989011	0.010989011	0.010989011	0.010989011	0.010989011	0.010989011	0.010989011	0.010989011	0.010989011	0.010989011	0.010989011	0.010989011	0.010989011	0.010989011	0.010989011	0.010989011	0.010989011	0.010989011	0.010989011	0.010989011	0.010989011	0.010989011	0.010989011	0.010989011	0.010989011	0.010989011	0.010989011	0.010989011	0.010989011	0.010989011	0.010989011	0.010989011	0.010989011	0.010989011	0.010989011	0.010989011	0.010989011	0.010989011	0.010989011	0.010989011	0.010989011	0.010989011	0.010989011	0.010989011	0.010989011	0.010989011	0.010989011	0.010989011	0.010989011	0.010989011	0.010989011	0.010989011	0.010989011	0.010989011	0.010989011	0.010989011	0.010989011	0.010989011
0	-15	-10	-12	22	7	-6	1	3	-19	-8	-13	4	-15	6	-6	-1	-7	40	19	13	9	0	0	0	-3	12	-2	0	0	2	8	9	19	-2	12	-8	12	5	12																																																			
0	-18	-1	-19	14	-6	3	-4	-3	-14	-9	-9	-1	-15	8	-10	3	3	30	1	3	2	6	7	4	-7	6	-14	0	-1	12	12	6	19	11	7	-3	8	7	3																																																			
0	-18	-11	-17	1	0	-7	4	1	-15	-4	-12	2	-15	0	-13	1	-6	40	10	-2	13	6	23	1	-7	7	-3	3	2	13	21	-7	19	6	17	7	24	9	12																																																			
0	-18	-17	-6	11	7	7	3	-6	-19	-16	-11	16	-15	3	1	0	-10	40	19	13	-7	9	5	-6	-8	16	14	0	1	10	4	5	19	-8	-1	-8	24	10	-2																																																			
0	-18	-21	-19	14	4	2	7	-1	-12	-6	-15	0	-15	-7	-4	-3	4	33	9	5	7	-4	15	-4	-8	9	11	1	-2	19	16	9	19	13	-4	-8	4	-5	6																																																			
0	-18	-12	-13	8	0	-2	-3	7	-19	-16	-3	-1	-11	-3	-7	2	-13	16	19	13	-2	1	-9	2	-1	9	-14	1	-1	5	4	9	19	6	24	-7	19	-4	-6																																																			
0	-18	-7	-10	13	7	2	6	-5	-19	5	0	18	-15	8	1	5	-4	20	19	13	16	-4	1	2	-3	7	-8	-4	6	0	-2	9	19	1	-1	1	11	-4	-7																																																			
0	-18	-12	-4	21	-7	3	3	3	-17	-10	-8	-1	-11	8	-3	-6	-14	6	9	13	8	-1	3	3	-6	16	17	1	1	12	21	9	19	-6	11	-5	8	5	-5																																																			
0	-18	-11	-11	21	-1	4	-7	1	-16	-11	-6	2	-14	8	-12	5	1	26	6	5	-7	11	-2	-5	-2	5	-3	4	1	19	7	-3	19	-2	8	-8	15	10	1																																																			
0	-18	-13	-18	0	-2	-6	1	7	-16	-2	-16	5	-15	-2	-13	-8	-3	1	14	-2	8	3	16	2	-4	4	0	0	2	11	-1	1	13	15	6	-5	13	7	-3																																																			
0	-18	-6	-19	16	-7	6	1	-1	-19	7	-18	5	-15	1	-13	8	-9	40	19	13	11	7	1	-7	-2	8	4	0	-1	19	-2	9	19	6	-3	-8	18	10	-3																																																			
0	-6	-8	-18	15	-2	7	7	3	-18	-16	-7	13	-15	-6	1	-4	4	40	16	13	8	0	-3	-4	-5	7	0	-1	1	19	16	-8	19	4	-11	-3	9	-5	12																																																			
0	-17	-18	-17	8	-4	6	-5	6	-19	-16	-12	-1	-10	3	-13	-8	-4	40	19	-2	12	11	-2	-7	-8	-1	0	1	6	12	8	1	19	-2	-11	1	24	8	12																																																			
0	-18	-14	-6	23	4	-7	7	0	-14	-16	0	7	-15	6	-9	7	2	9	10	-2	-7	11	25	-2	-3	8	-2	0	7	8	5	9	19	-2	13	-8	-3	3	-5																																																			
0	-18	-12	-13	14	-7	-7	-4	-2	-19	-8	-13	-1	-13	-2	1	-6	-9	40	6	7	7	5	10	4	-6	15	1	1	7	18	4	9	19	5	5	7	17	5	-2																																																			
0	-12	-8	-8	18	2	-4	7	-1	-19	4	-13	11	-15	8	-11	9	-5	29	19	13	-7	10	9	2	-6	5	2	-4	-1	14	3	5	19	-7	-8	-5	1	7	1																																																			
0	-18	-13	-11	22	3	0	-2	-3	-17	-2	-12	18	-2	8	-13	-1	-6	-2	12	5	-7	11	-9	1	-3	6	2	-3	-4	18	21	3	19	2	-5	-8	3	10	1																																																			
0	-18	-14	-19	11	1	-2	7	-2	-19	-8	-18	-1	-12	-4	-11	-4	-8	12	19	13	16	9	13	-2	-6	7	10	0	-4	14	13	-1	19	6	-5	7	2	5	2																																																			
0	-18	-12	-19	20	5	-1	7	1	-19	7	-12	18	-12	-7	-10	1	-5	22	5	7	-3	-4	4	-7	2	4	1	0	0	5	8	9	19	-8	-12	1	19	-3	0																																																			
0	-18	-11	-3	20	-7	7	-2	6	-19	-16	-12	-1	-15	8	-13	-8	-6	40	19	13	5	11	9	-7	-4	3	-1	0	1	12	21	2	19	12	-7	-5	24	-5	1																																																			
0	-12	-15	-7	23	7	1	1	1	-10	5	-7	9	-14	-2	1	9	-9	2	14	9	4	1	8	4	3	12	-1	0	1	1	18	4	19	-8	-1	-8	-5	-5	2																																																			
0	-18	-17	0	23	2	-7	-3	-1	-6	-5	-7	12	-15	5	1	-8	-10	2	2	13	-7	1	-5	-7	-3	6	-5	0	3	6	14	9	8	2	13	-8	12	2	0																																																			
0	-18	-5	-3	23	-6	-7	0	2	-17	-3	-3	17	-15	8	1	8	-5	9	17	13	2	7	-6	-6	-1	3	-3	0	2	2	-2	-3	12	6	24	7	2	10	-5																																																			
0	-18	-11	-8	17	3	3	7	3	-13	7	-16	18	-15	3	-13	-6	-3	25	17	13	7	7	-5	4	-7	6	3	0	-2	15	20	-1	14	-6	3	-1	-3	10	2																																																			
0	-18	-4	-15	23	5	-7	4	2	-19	-12	-17	5	-7	-1	-11	-1	-14	8	19	0	-5	-4	-3	2	0	6	10	0	4	2	13	0	19	7	2	-8	24	-5	4																																																			
0	-18	-22	-15	23	6	4	7	4	-17	-10	-18	-1	-8	-7	-4	-3	-7	40	19	0	-3	7	9	-7	1	-1	10	1	4	19	21	-10	19	-2	-8	7	-5	-5	3																																																			
0	-18	-12	-6	6	-2	-5	-7	1	-16	-14	-5	9	-6	-4	1	1	3	10	19	4	-7	5	4	2	-2	-1	-2	-1	2	17	6	9	19	9	-6	-6	10	-5	-5																																																			
0	-18	-9	-8	23	-6	-3	1	2	-12	-7	-7	6	-15	1	1	9	2	-2	1	13	-7	5	4	3	-8	0	0	0	0	0	20	-10	5	15	9	-8	-5	2	-2																																																			
0	-10	-13	-2	19	7	3	-4	-2	-19	-11	-17	4	-11	7	-8	-3	-4	17	19	13	3	4	9	4	-5	15	13	0	4	0	21	4	19	13	2	-3	-5	10	5																																																			
0	-11	-16	-14	10	3	-7	6	4	-19	-10	-14	2	-15	0	-6	3	-10	4	6	-2	0	1	0	-7	-1	16	2	0	7	13	17	-10	19	12	1	-6	10	7	10																																																			
0	-18	-14	-7	21	-6	-3	4	-7	-19	-4	-18	18	-13	8	-10	1	-12	9	17	7	2	5	13	-1	-6	3	13	2	-2	14	6	9	15	-3	-5	-6	3	5	-3																																																			
0	-18	-16	-19	8	7	7	1	-2	-19	-3	-14	0	-15	-4	-9	-6	3	14	19	-2	-5	11	0	-7	-4	12	21	4	7	0	15	0	19	5	-5	-8	21	2	2																																																			
0	-18	-6	-19	3	7	7	7	-3	-19	-9	-18	1	-15	-4	1	2	-14	40	4	-1	16	-4	9	-5	-5	8	4	-1	1	14	18	-10	18	12	-7	-1	-1	-5	12																																																			
0	-16	-11	-3	22	-7	-6	-7	-7	-19	-13	-7	6	-13	4	-11	-8	-8	40	1	-2	0	4	0	-5	-8	10	-3	1	-1	7	2	-5	19	4	3	-2	21	-4	7																																																			
0	-18	-16	-9	17	-2	3	7	4	-12	-15	-8	10	-15	8	1	9	-9	16	11	-1	1	7	9	-3	0	13	-12	-4	-3	14	16	-2	18	5	-3	-4	-5	4	6																																																			
0	-15	-13	-10	23	1	-7	7	-5	-19	-2	-11	15	-15	6	-9	0	4	6	6	0	10	11	2	2	-4	10	9	-2	2	12	15	-10	13	-6	-1	-6	2	10	1																																																			
0	-18	-12	-14	14	7	5	-3	0	-19	-2	-17	0	-13	8	-11	-1	-2	21	16	7	-7	1	6	-5	-5	-1	4	1	-3	8	21	-7	19	-2	0	7	4	-4	2																																																			
0	-18	-12	0	23	7	6	-7	6	-18	-10	-14	5	-10	1	1	-2	-14	28	6	13	15	10	11	-1	-8	15	4	3	6	5	4	-6	19	-3	-3	-8	6	4	-5																																																			
0	-18	-15	-19	0	7	1	7	-4	-19	-12	-18	-1	-15	8	-6	4	-4	25	19	10	3	-4	6	-7	-5	6	24	-4	7	17	17	-4	19	-7	-3	-8	9	7	10																																																			
0	-18	-9	-14	15	0	-5	-2	1	-11	-14	-8	2	-15	-4	-10	0	-4	31	19	10	11	5	9	-7	2	7	14	0	-4	10	2	-1	17	12	-1	-4	11	-5	1																																																			
0	-18	-5	-19	16	-3	7	-7	0	-19	-16	-12	-1	-5	4	-7	-8	-9	40	12	5	-1	2	0	-4	-4	-1	0	0	-4	6	12	-10	19	10	15	-6	7	-5	7																																																			
0	-16	-8	-15	8	0	-7	4	-4	-19	-9	-16	15	-13	-1	-4	6	-3	28	13	5	8	2	13	1	-8	0	0	0	-1	10	20	-10	19	8	-9	-3	14	9	12																																																			
0	-9	0	-6	14	3	-7	-7	0	-6	2	-9	17	-15	7	-13	6	-4	2	1	8	-1	6	-8	3	2	0	-1	0	0	7	17	-3	6	-8	-11	-8	-5	0	-7																																																			
0	-18	-23	-13	18	-3	-5	-7	-3	-14	1	-17	18	-11	1	1	-5	-10	-2	19	3	-1	3	2	-4	-7	8	3	0	6	9	8	1	19	-1	5	-8	18	-5	5																																																			
0	-18	-8	-6	21	6	-3	-6	5	-19	7	-11	18	-15	6	-3	9	-3	-2	19	4	12	10	11	-3	-2	6	1	0	6	12	8	-4	16	-5	7	-8	10	10	-2																																																			
0	-18	-1	-17	21	-1	7	7	-7	-13	-9	-8	6	-15	-7	-13	-8	-13	-2	19	6	5	8	5	3	-7	16	7	0	3	19	21	-8	19	13	23	-5	24	0	12																																																			
0	-11	-16	-19	22	7	7	-4	-7	-19	-16	-8	1	-2	-7	-13	-3	-7	40	19	12	-7	5	2	-7	-6	13	9	1	4	9	2	-2	19	-8	-1	6	11	-5	7																																																			
0	-18	-12	-12	18	-7	2	-7	-5	-15	-14	-11	-1	-15	-7	-4	3	-7	40	1	-2	2	1	-7	-4	0	14	5	0	-4	15	2	3	19	6	-9	-6	3	-5	5																																																			
0	-18	-8	0	21	0	1	-7	1	-19	-7	-8	3	-11	8	1	9	4	18	19	13	0	1	8	-5	-4	12	8	-1	0	9	8	9	19	1	-9	-6	-2	6	-4																																																			
0	-7	-9	-6	22	7	-4	3	2	-12	-10	-11	11	-15	8	-4	2	-9	2	8	12	14	-2	13	-7	-7	8	3	0	-3	2	7	5	19	-1	-9	-8	-5	3	-7																																																			
0	-18	-16	-19	8	5	-3	-7	-7	-19	-6	-14	-1	-4	1	1	-4	4	18	19	9	16	9	-2	4	-3	13	0	1	5	19	21	-5	19	5	19	3	24	4	6																																																			
0	-18	-13	-18	20	-7	3	0	-1	-7	-6	-13	10	-15	-5	1	-3	1	12	11	6	-7	5	7	0	-8	12	24	1	1	19	14	8	13	-3	4	1	12	2	-7																																																			
0	-18	-10	-16	2	7	5	7	5	-19	-10	-17	8	-15	-2	-13	7	-1	18	19	13	16	-4	2	-6	-8	9	3	-2	6	19	10	-4	19	-4	-8	4	0	10	-2																																																			
0	-18	-7	-17	2	4	-5	-2	5	-19	-4	-15	5	-15	-7	-7	0	-3	40	1	6	-1	9	13	1	-4	4	-14	1	1	14	13	0	6	-8	1	-5	-2	-2	3																																																			
0	-18	-8	-13	6	-5	7	2	8	-19	-9	-11	2	-14	3	-11	-5	-3	40	19	3	12	1	12	-6	-6	16	-14	3	-4	0	12	0	19	7	-3	7	10	-4	11																																																			
0	-17	-3	-8	23	6	-7	-2	0	-9	-4	-10	1	0	7	1	6	-8	-2	19	4	-7	-4	0	-6	-5	16	1	-2	4	0	21	-10	18	2	-8	-5	7	-4	2																																																			
0	-5	-12	-5	23	6	1	0	6	-7	1	-5	17	-15	8	-12	0	-3	9	11	0	15	7	3	-7	-6	0	0	-1	0	2	8	-1	19	-2	6	-3	6	9	-3																																																			
0	-16	-12	-15	16	-5	5	7	-1	-6	-1	-7	9	-13	-1	-6	0	-6	24	19	0	7	4	3	2	-4	11	1	1	-2	13	19	-1	15	12	5	2	7	10	2																																																			
0	-17	-6	-5	8	3	-5	-7	8	-19	-10	-15	17	-15	-1	-2	0	4	28	19	9	16	7	-2	0	2	10	6	3	0	9	6	9	19	14	8	-6	7	0	-1																																																			
0	-18	-9	-7	3	-1	1	7	0	-19	-4	-12	18	-15	8	-13	0	-11	40	13	-2	5	4	1	4	-1	10	4	-2	1	2	21	-10	19	-3	-15	7	16	9	8																																																			
0	-18	-13	-12	11	-3	7	0	-2	-19	-16	-17	2	-15	-1	-13	-7	-4	34	1	7	8	-2	1	1	-3	4	1	0	-3	7	1	-4	19	15	-4	7	6	-5	12																																																			
0	-18	-16	-11	11	-1	7	0	-1	-17	-16	-10	-1	-15	-7	-5	-7	4	24	1	1	2	3	11	4	-5	-1	1	1	0	5	-2	-4	19	-6	-1	-4	24	-3	2																																																			
0	-18	-8	-13	10	-7	1	1	8	-19	-16	-7	7	-8	-2	-13	2	-8	12	18	6	16	-3	2	-1	-8	-1	-2	0	0	0	9	-1	19	-7	11	7	-1	-3	0																																																			
0	-13	-8	-15	10	4	1	-2	4	-17	-5	-15	-1	-9	8	-11	9	-6	25	16	1	16	-2	7	4	-4	11	2	-2	5	8	12	5	12	-5	1	-6	9	-2	6																																																			
0	-18	-10	-16	20	0	4	-3	5	-18	6	-12	2	-11	8	1	-2	-1	-2	5	8	4	4	-4	2	-4	16	-3	-1	0	5	15	5	15	2	0	-8	16	2	6																																																			
0	-17	-6	-10	21	3	1	-5	4	-7	3	-12	14	-14	6	1	3	-3	16	11	10	13	0	5	4	-3	16	7	0	4	14	8	9	8	9	-5	2	2	10	0																																																			
0	-10	-11	-5	12	7	0	5	-5	-19	-6	-16	-1	-15	-1	-13	0	2	13	19	13	-1	-1	-6	4	-4	16	-2	0	6	15	19	-6	19	6	-3	-4	6	9	-1																																																			
0	-18	-17	-11	9	-2	7	4	-4	-11	-5	-17	8	-13	-7	-1	-8	-6	40	4	6	0	-2	18	-4	-2	-1	13	0	1	10	21	5	19	11	1	-8	-1	4	6																																																			
0	-18	-14	-9	11	1	7	1	7	-19	0	-14	2	-13	8	-5	1	-5	40	12	2	8	4	17	-1	-4	10	-14	1	4	0	13	0	19	1	-3	-3	16	-2	3																																																			
0	-15	-8	-9	17	2	-2	-3	-3	-13	-7	-15	6	-1	-1	-7	9	-5	5	13	10	16	7	-1	0	-6	8	5	-1	0	3	13	7	14	-5	-8	7	-4	10	1																																																			
0	-14	-13	-12	20	-4	1	-7	4	-19	2	-5	15	-13	3	-3	-2	1	-2	3	-2	-2	11	12	1	0	3	8	2	4	9	14	9	9	2	12	0	13	2	-1																																																			
0	-18	-2	-10	23	7	7	-7	2	-3	1	-13	10	-14	3	1	2	-9	-2	19	1	4	4	2	4	-7	16	9	-3	3	0	20	5	19	-5	-3	-8	-1	8	2																																																			
0	-14	-14	0	12	-5	-7	-6	2	-19	-8	-18	7	-10	4	1	1	1	-2	19	1	6	3	1	-2	3	-1	11	0	7	18	5	6	19	-2	-4	-2	16	10	6																																																			
0	-18	-12	-19	5	0	1	7	0	-19	6	-15	15	-12	5	-1	-3	-9	-2	14	13	-6	6	0	2	-8	0	16	1	4	10	7	-10	19	11	1	0	1	9	3																																																			
0	-18	-12	-19	7	7	5	7	7	-19	-16	-11	-1	-15	-7	-13	-2	1	40	5	13	12	1	20	0	-6	4	5	-1	0	10	9	4	14	-4	5	1	-5	-5	12																																																			
0	-18	-18	-16	0	-7	7	-7	7	-8	-10	-13	-1	-12	5	1	-8	-14	40	19	4	-4	5	14	-2	-5	1	7	1	1	7	14	8	19	6	8	-5	24	4	12																																																			
0	-9	-2	-4	20	2	-1	-7	2	-18	-8	-15	-1	-10	-1	1	9	-6	24	19	3	-7	2	-4	2	-2	4	3	1	0	2	-1	1	17	3	7	-5	2	7	-2																																																			
0	-13	-15	-15	20	-4	-6	5	-1	-12	0	-18	-1	-15	0	-2	1	-7	13	19	13	9	-4	6	4	-7	13	4	0	4	14	17	6	16	0	2	-7	8	10	4																																																			
0	-17	-14	-6	5	6	7	-3	3	-11	7	-13	-1	-13	8	-6	0	-10	1	19	6	3	6	5	-1	-4	12	0	-1	4	0	21	3	15	3	6	7	16	2	1																																																			
0	-18	-12	0	23	0	-7	-7	7	-19	-4	-8	7	-15	8	-3	0	-11	23	16	2	-7	1	0	2	-5	16	-1	-1	6	4	10	-3	15	-1	-2	-2	6	5	0																																																			
0	-18	-17	-9	6	-1	0	-7	8	-19	-14	-18	10	-15	0	-7	1	-11	35	1	10	7	4	3	3	-1	7	-1	0	0	0	21	1	19	-1	-9	4	12	4	-4																																																			
0	-18	-13	-19	22	7	5	1	4	-19	-5	-16	12	-14	-7	-13	-2	-8	7	6	13	2	-4	6	-7	-8	0	2	1	0	17	11	3	19	0	-10	2	4	-2	6																																																			
0	-18	-16	-18	5	-7	7	-7	-3	-19	-11	-1	-1	-15	3	-13	-8	-1	40	19	-2	16	11	-4	-1	-3	14	5	-1	-3	3	11	9	19	14	12	-1	13	-4	4																																																			
0	-18	-20	0	23	-1	7	-7	-3	-19	-2	-11	6	-3	8	-11	9	-14	21	19	8	16	2	5	0	-4	15	-1	4	0	2	21	2	19	-4	1	7	0	10	-3																																																			
0	-18	-19	-4	18	5	3	7	3	-19	7	-11	18	-10	7	-1	1	-8	29	17	4	-5	4	7	4	-8	14	19	-2	1	19	11	9	16	4	5	6	-5	-5	-7																																																			
0	-18	-5	-4	15	-7	-7	1	-7	-19	-16	-10	-1	-15	8	-5	-6	-11	40	2	-2	15	9	8	4	-2	11	14	1	2	0	21	-10	19	7	3	7	21	10	-6																																																			
0	-18	-3	-14	4	7	4	-5	7	-14	7	-3	13	-13	6	-4	6	-8	10	4	13	-5	-4	0	-7	-6	-1	13	-2	1	0	8	9	13	-8	-13	2	-5	2	-1																																																			
0	-18	-8	-19	20	-2	-1	7	4	-19	-13	-18	4	-15	0	-13	1	-3	40	19	4	12	7	12	4	-1	16	-7	-1	1	6	21	-10	19	7	-7	-8	15	10	-7																																																			
0	-18	-11	-13	20	3	2	-5	8	-15	-16	-18	14	-15	-3	-6	-3	-11	24	19	13	-2	10	0	0	-8	8	24	0	-1	5	16	9	19	5	-1	7	11	0	11																																																			
0	-18	-11	-17	9	-7	7	-7	-1	-19	-16	-1	18	-15	3	-7	-8	-9	40	19	10	0	-2	-5	-5	0	1	6	0	-4	10	14	4	0	8	8	7	3	-5	-7																																																			
0	-11	-8	-9	15	7	-4	7	7	-19	6	-8	6	-10	2	1	9	-1	-2	19	13	16	2	0	4	-5	12	3	0	-3	4	13	5	19	5	6	-2	4	5	-7																																																			
40
40
0	28312	27126	27179	34017	30106	28128	29641	26979	27872	28028	29179	28228	28249	30663	28822	29496	26915	28764	29706	29971	29952	30631	30121	30552	29567	35263	35313	30325	31004	29575	29743	29055	30005	30811	32322	32939	31867	30735	29863	
29578	9.99999e+008	2086	1482	6649	1984	2586	1598	1625	1902	2060	932	2145	1399	2351	1279	1386	2297	3195	2519	1965	2400	4702	4298	4652	1255	7709	7759	4211	5867	3752	3419	2618	4887	3603	5163	5419	4575	4912	3968	
28104	1521	9.99999e+008	2039	7302	2982	1430	2517	1003	748	904	2453	1104	1123	3827	1696	2370	211	2039	2597	2847	2925	3906	3396	3827	2776	8377	8427	3621	4784	2850	3001	1932	3733	4074	5584	5873	4802	4010	3138	
28152	1133	1881	9.99999e+008	7649	3117	2382	2713	1305	1700	1856	2065	1943	1196	3484	1720	2396	2092	2991	2799	3043	3120	4828	4348	4778	2388	8719	8769	4337	5736	3802	3578	2509	4685	4316	5826	6173	5251	4962	4090	
34670	6579	6988	7622	9.99999e+008	5176	5662	5053	7268	6251	6188	6014	6143	6420	5018	5940	5264	6777	5097	4904	5235	4839	3882	4418	3803	6011	1246	1296	3365	4719	4941	4146	5533	5797	3706	2163	1473	2683	4121	4495	
31033	2022	2967	3065	4675	9.99999e+008	2136	496	3080	2407	2063	1457	1877	1931	979	1383	707	3178	2604	1592	1199	1426	3728	3324	3678	1453	5736	5786	3237	4893	2778	2445	1852	4209	2355	4069	3665	2953	3938	2994	
29309	2021	1430	2539	5996	2150	9.99999e+008	1685	1744	870	526	2953	481	1503	2995	1416	1862	1416	742	1593	2015	1923	2609	2099	2530	3071	7242	7292	2303	3420	1553	1722	927	2369	2789	4300	4868	3797	2713	1841	
30583	1632	2517	2675	5052	510	1685	9.99999e+008	2630	1957	1613	1749	1426	1481	1355	993	404	2728	2401	1603	1003	1484	3786	3382	3736	1613	6112	6162	3295	4951	2836	2503	1542	4054	2572	4201	3822	3111	3996	3052	
27953	1563	1003	1053	7616	3296	1744	2831	9.99999e+008	1062	1218	2200	1418	1625	3914	2150	2799	1213	2353	2911	3161	3239	4220	3710	4141	2818	8691	8741	3941	5098	3164	3315	2246	4047	4388	5898	6187	5116	4324	3452	
28852	1339	748	1857	6617	2422	870	1957	1062	9.99999e+008	344	2271	544	942	3267	1479	1925	959	1363	2037	2287	2365	3230	2720	3151	2594	7817	7867	2924	4036	2174	2343	1372	2985	3410	4921	5313	4242	3334	2462	
29007	1495	904	2013	6398	2078	526	1613	1218	344	9.99999e+008	2427	200	1222	2923	1135	1581	1115	1135	1693	1943	2021	3002	2492	2923	2750	7473	7523	2829	3946	1946	2097	1028	2895	3170	4680	4969	3898	3106	2234	
29812	924	2318	2034	6449	1785	2818	1476	1859	2136	2292	9.99999e+008	2379	1632	2152	1513	1186	2528	3427	2998	2398	2879	5181	4777	5131	1056	7509	7559	4690	6127	4231	3898	2945	5121	3846	5560	5097	4386	5391	4447	
29207	1566	1104	2086	6300	1946	481	1481	1418	544	200	2498	9.99999e+008	1022	2791	935	1381	1315	1223	1596	1811	1889	3090	2580	3011	2590	7375	7425	2784	3901	2034	1999	930	2850	3072	4582	4871	3800	3194	2322	
29102	628	1671	1325	6510	1968	1720	1566	1149	1489	1479	1560	1279	9.99999e+008	2813	573	1247	1881	2462	2094	1896	1973	4165	3795	4115	1883	7570	7620	3674	5140	3249	2915	1846	4089	3179	4690	5176	4104	4402	3431	
31563	2675	3827	3429	5002	1466	2995	1355	3610	3267	2923	1751	2736	2791	9.99999e+008	2242	1566	4038	3217	2205	1831	2039	4341	3937	4291	1313	6062	6112	3850	5506	3391	3058	2484	4822	2968	4678	3988	3629	4551	3607	
29664	639	2233	1682	5939	1397	1601	993	1711	1873	1529	1571	1341	562	2242	9.99999e+008	676	2443	2316	1521	1323	1400	3702	3298	3652	1885	6999	7049	3211	4867	2752	2419	1457	3970	2606	4118	4603	3531	3912	2968	
30340	1315	2527	2358	5263	721	1904	404	2387	1967	1623	1350	1423	1238	1566	676	9.99999e+008	2738	2646	1968	1407	1849	4151	3747	4101	1209	6323	6373	3660	5316	3201	2868	1891	4273	2783	4497	4033	3322	4361	3417	
27893	1732	211	2250	7102	3193	1468	2728	1213	959	1115	2664	1315	1334	4038	1907	2581	9.99999e+008	1849	2791	3058	3037	3716	3206	3637	2987	8348	8398	3410	4775	2660	2828	2143	3759	3896	5407	6024	4952	3820	2948	
30033	2952	2351	3470	5436	2784	983	2636	2675	1613	1509	3884	1464	2486	3409	2399	2845	2140	9.99999e+008	1078	1815	1344	1867	1357	1788	4054	6679	6729	1743	2926	811	1162	1244	2068	2229	3740	4175	3103	1971	1099	
30614	2115	2552	2841	5290	1706	1720	1558	2665	1992	1648	3047	1460	1516	2685	1476	1846	2721	1040	9.99999e+008	911	658	2535	2210	2485	3055	6365	6415	2044	3779	1664	1302	711	3095	1864	3376	3861	2866	2771	1801	
30557	1606	2492	2649	5111	1199	1661	1053	2606	1932	1588	2538	1400	1457	2178	967	1416	2664	1476	600	9.99999e+008	481	2783	2379	2733	2625	6186	6236	2292	3948	1833	1500	653	3264	1685	3198	3682	2610	2993	2049	
31028	2039	2925	3082	4798	1448	2068	1485	3090	2365	2021	2905	1833	1941	2065	1400	1849	3136	1178	425	895	9.99999e+008	2302	1898	2252	2901	5958	6008	1811	3467	1352	1019	1136	2783	1431	2792	3322	2559	2512	1568	
31554	4332	3872	4960	4388	3741	2544	3778	4149	3133	3070	5198	3024	3828	4358	3693	4138	3661	1999	2403	3188	2293	9.99999e+008	758	483	5194	5634	5684	695	1939	1225	1273	2773	1963	1885	2694	3365	2807	798	1218	
31240	3952	3361	4470	4660	3675	1931	3616	3675	2801	2457	4884	2412	3434	4292	3347	3793	3347	1738	2244	3122	2227	956	9.99999e+008	876	5002	5906	5956	967	1569	1106	1207	2614	1654	1576	2966	3637	2607	671	1059	
32044	4813	4361	5441	4305	4222	3034	4259	4639	3623	3560	5679	3513	4311	4839	4174	4619	4151	2489	2885	3669	2774	568	1326	9.99999e+008	5675	5369	5419	972	1814	1793	1754	3256	2181	2305	2213	2884	2326	587	1708	
30250	1362	2755	2116	5647	1495	2751	1251	2297	2573	2470	438	2270	2070	1951	1523	847	2966	3493	2815	2242	2684	4986	4582	4936	9.99999e+008	6708	6758	4495	6151	4036	3703	2738	5120	3613	5323	4633	4169	5196	4252	
35941	7844	8259	8887	1271	6441	6933	6318	8539	7522	7459	7279	7414	7686	6285	7205	6529	8048	6368	6170	6436	5996	5153	5689	5074	7276	9.99999e+008	475	4636	5990	6212	5417	6800	7068	4863	3291	2620	3954	5198	5766	
35962	7865	8280	8908	1292	6462	6954	6339	8560	7543	7480	7300	7435	7707	6305	7226	6550	8069	6389	6191	6457	6017	5174	5710	5095	7297	427	9.99999e+008	4657	6011	6233	5438	6820	7089	4884	3312	2641	3975	5219	5787	
31306	3841	3624	4469	3693	3250	2298	3287	3903	2887	2824	4707	2778	3339	3867	3202	3647	3413	1733	1913	2697	1802	520	1053	441	4703	4939	4989	9.99999e+008	1897	1577	782	2284	2432	1333	1999	2670	2112	756	1131	
31881	4841	4627	5556	4695	4511	3259	4363	4951	3889	3785	5773	3740	4231	5134	4281	4540	4416	2276	2805	3716	3069	1476	1370	1529	5749	5941	5991	2171	9.99999e+008	1643	2577	3127	1617	2837	3330	3949	3721	1149	2359	
31052	3830	3370	4458	5092	3284	2042	3321	3647	2631	2568	4741	2522	3326	3901	3191	3637	3159	1284	1901	2731	1836	1387	546	1307	4737	6338	6388	1399	2115	9.99999e+008	991	2271	1431	2007	3397	4068	3153	1160	716	
30724	3059	3042	3687	4485	2468	1716	2505	3367	2305	2242	3925	2195	2557	3085	2420	2865	2831	1180	1131	1915	1020	1283	964	1233	3921	5731	5781	792	2533	1059	9.99999e+008	1502	1849	1073	2583	3368	2169	1519	549	
30460	2374	2549	2894	5370	2044	1450	1897	2718	1989	1645	3306	1457	1764	2908	1814	2073	2567	859	666	1249	996	2352	1949	2302	3282	6445	6495	1861	3518	1403	1069	9.99999e+008	2834	2142	3652	3941	2870	2563	1618	
30479	4908	4114	5479	5539	4317	3122	4354	4426	3711	3648	5774	3602	4406	4934	4269	4714	3903	2577	2980	3764	2869	2226	1352	2211	5770	6785	6835	2319	1431	1803	1849	3351	9.99999e+008	2908	3961	4632	3959	1502	1796	
31640	3098	3957	4141	3806	2577	2631	2544	4080	3220	3063	4030	2874	2931	3191	2459	2908	3747	2066	1415	1918	1133	1930	1614	1880	4030	4875	4925	1439	3183	1910	967	2126	2765	9.99999e+008	1714	2334	1152	2195	1465	
33476	4934	5793	5977	2136	3681	4467	4177	5916	5056	4899	5138	4710	4767	4514	4295	4388	5583	3902	3251	3426	2969	2580	3333	2662	5134	3227	3277	2280	3570	3746	2803	3962	4543	1836	9.99999e+008	785	1294	2599	3301	
33920	5422	6238	6465	1476	4162	4912	4039	6404	5501	5387	5000	5198	5255	4004	4783	4250	6027	4347	3739	4116	3457	2915	3668	2997	4997	2636	2686	2615	3904	4140	3241	4400	4878	2324	690	9.99999e+008	1363	2934	3739	
33040	4490	5162	5451	2680	3298	4031	3794	5275	4602	4258	4755	4070	4126	3912	3851	4005	5147	3467	2610	3043	2525	2034	2787	2116	4751	3887	3937	1735	3333	3259	2361	3321	3997	1453	1474	1251	9.99999e+008	2054	2858	
32278	5056	4596	5684	4551	4465	3268	4502	4873	3857	3794	5922	3748	4552	5082	4417	4862	4385	2723	3127	3912	3017	724	1482	777	5918	5613	5663	1418	1769	1949	1997	3497	2385	2572	2459	3130	2572	9.99999e+008	1942	
30336	3207	2654	3742	5049	2845	1326	2743	2931	1915	1852	4139	1806	2610	3462	2660	3031	2443	781	1185	2096	1397	1495	1108	1416	4240	6295	6345	1357	2677	562	774	1555	1993	1843	3354	4025	2903	1722	9.99999e+008	
0.2
0.2