50																																																																																										
9999999	15	15	19	19	19	19	19	29	15	14	27	24	16	22	19	15	14	15	15	15	11	19	15	15	15	23	19	15	19	15	10	11	15	15	19	18	19	19	15	11	11	15	11	11	15	15	19	15	15																																									
0	12	8	11	3	9	11	10	10	14	1	5	2	6	11	8	12	14	15	15	14	9	19	15	15	8	15	8	11	0	15	10	6	8	12	11	14	13	15	7	7	7	5	8	6	4	9	8	5	4																																									
91																																																																																										
0.010989011	0.010989011	0.010989011	0.010989011	0.010989011	0.010989011	0.010989011	0.010989011	0.010989011	0.010989011	0.010989011	0.010989011	0.010989011	0.010989011	0.010989011	0.010989011	0.010989011	0.010989011	0.010989011	0.010989011	0.010989011	0.010989011	0.010989011	0.010989011	0.010989011	0.010989011	0.010989011	0.010989011	0.010989011	0.010989011	0.010989011	0.010989011	0.010989011	0.010989011	0.010989011	0.010989011	0.010989011	0.010989011	0.010989011	0.010989011	0.010989011	0.010989011	0.010989011	0.010989011	0.010989011	0.010989011	0.010989011	0.010989011	0.010989011	0.010989011	0.010989011	0.010989011	0.010989011	0.010989011	0.010989011	0.010989011	0.010989011	0.010989011	0.010989011	0.010989011	0.010989011	0.010989011	0.010989011	0.010989011	0.010989011	0.010989011	0.010989011	0.010989011	0.010989011	0.010989011	0.010989011	0.010989011	0.010989011	0.010989011	0.010989011	0.010989011	0.010989011	0.010989011	0.010989011	0.010989011	0.010989011	0.010989011	0.010989011	0.010989011	0.010989011	0.010989011	0.010989011	0.010989011	0.010989011	0.010989011	0.010989011
0	-10	7	-10	0	1	4	-5	11	-13	-1	4	22	4	0	0	-5	-3	-3	-15	-2	-3	-19	-12	-5	-4	-5	1	-4	0	-12	-3	0	0	-3	-8	-5	-4	-3	1	0	-7	10	-5	2	9	-5	3	1	-1																																									
0	-12	-4	2	0	0	8	-10	3	-11	1	2	21	1	0	0	-3	-8	-6	-12	-14	-7	-17	-10	-5	-4	-3	0	0	0	-15	-5	-2	-4	-2	-1	-3	-6	-6	4	-2	1	10	-2	-1	-4	-2	-7	3	0																																									
0	-10	7	8	5	-5	-11	-2	4	-11	11	3	21	2	0	0	0	-7	0	-6	-5	-3	-19	-15	-6	0	-9	3	-11	0	-15	-8	-5	-2	-4	-2	-3	-8	-2	-1	-2	-4	0	-1	-6	-3	-2	0	2	1																																									
0	0	6	8	6	-1	-7	-4	10	-12	11	4	17	1	0	0	-8	-4	-15	-9	-10	-2	-19	-12	-5	-1	-11	0	-4	0	-14	0	-4	0	-1	-1	-2	-1	0	-1	-4	-4	2	-3	4	-2	0	0	9	0																																									
0	-5	-6	2	0	-9	0	-5	-10	-4	13	4	6	0	0	0	-12	-10	-7	-8	-6	-6	-19	-9	-5	-3	-2	11	-6	0	-13	-9	0	-4	-4	1	-9	-2	-1	0	0	-3	0	-2	0	-4	3	-6	-5	1																																									
0	-7	-8	-7	9	6	-2	-2	3	-6	5	19	15	0	0	0	-3	-7	-1	-7	0	-9	-17	-15	-1	1	-6	8	-7	0	-13	0	1	2	1	1	-9	-2	-3	7	-2	-1	-5	-4	-6	-4	1	1	6	0																																									
0	3	-5	-11	4	6	8	-10	6	-14	9	-2	22	1	0	0	-4	-11	-9	-9	1	-3	-8	-2	-12	-2	-6	4	-5	0	-7	0	-4	0	-7	-5	-10	-7	-9	-2	3	-5	6	-6	-1	11	-2	0	9	-1																																									
0	3	0	6	10	0	7	-1	5	-5	13	15	0	4	0	0	2	-1	-8	-15	-7	-9	-19	-8	0	-5	-5	7	-9	0	-3	-10	-5	0	-12	-8	-5	-9	-3	-2	0	2	-5	-6	-1	6	-2	-3	6	0																																									
0	3	-3	-2	10	6	-11	-4	2	-13	12	1	0	-5	0	0	-5	-8	-6	-15	-9	1	-9	-5	-7	0	2	1	-4	0	-4	-8	0	0	-3	-4	-5	-5	-4	7	0	-3	-3	-8	-4	11	-7	6	10	-1																																									
0	-3	-8	6	0	-1	-1	4	6	-6	9	-1	11	0	0	0	-3	-9	-5	-9	-6	0	-17	-15	-7	0	-8	-1	-3	8	-9	-9	-6	3	-7	-4	-8	-6	-4	7	-2	-3	-3	0	0	-4	2	-7	-1	-1																																									
0	-4	-4	-4	16	-9	-11	9	15	-6	13	-5	-2	6	0	0	3	-3	-15	-14	-3	-6	-19	-12	-12	-2	-15	-6	-10	0	-12	-10	-2	3	-12	-2	-4	-4	-2	1	-2	-4	9	0	-1	-1	-8	-8	9	1																																									
0	-2	-8	6	-1	10	0	-10	8	-7	13	9	6	3	0	0	-3	-4	-3	-7	-9	-8	-19	-12	-8	-2	-5	8	-5	11	-15	-10	4	-1	-7	-1	-11	-4	-7	5	-5	-1	1	0	-6	-4	-3	10	3	0																																									
0	-12	-5	0	15	10	-2	-1	-9	1	9	10	1	4	0	0	-5	-3	-9	-14	1	-7	-19	-10	-2	0	-5	-8	-1	4	-9	-9	0	6	-3	-2	1	0	-11	6	-1	2	0	1	-1	-3	0	11	9	3																																									
0	-12	3	-11	12	5	4	0	-10	-3	-1	16	11	-3	0	0	-4	-6	-4	-10	-5	1	-9	0	-4	1	-7	4	-2	7	-4	0	1	1	-3	-3	-2	-5	-1	-3	2	-4	10	-2	-2	-1	-2	-6	-5	-3																																									
0	3	2	0	-3	-5	-7	5	7	-2	11	22	-1	3	0	0	1	0	-5	-13	-12	2	-13	-9	-8	-1	-12	3	-1	3	-14	-4	-3	-2	-8	-4	-9	-6	1	0	-1	-3	0	-3	1	0	-2	-7	2	-3																																									
0	-8	-8	-11	7	6	2	-9	18	-13	1	9	12	2	0	0	-5	-11	-14	-15	-9	-6	-19	-11	-9	0	-8	-8	-3	2	-3	0	-4	0	-4	-2	-3	-6	-2	2	0	-2	7	-4	5	2	-6	0	4	0																																									
0	-7	-4	-6	-2	0	-8	-3	19	-14	-1	6	11	-3	0	0	-4	-12	-12	-10	-2	-6	-18	-5	-6	-1	-2	0	-1	9	-2	-9	-1	0	-8	0	-6	-7	-7	1	-2	-1	3	-8	3	11	1	-4	8	0																																									
0	-4	-4	8	16	5	-10	1	5	1	13	8	14	-2	0	0	-8	-6	-9	-15	-14	-8	-19	-14	-2	3	-3	9	-7	16	-15	-7	5	2	-11	-2	-5	-5	-8	-2	1	-6	10	-4	-1	11	0	-1	-1	1																																									
0	-1	4	-4	5	4	5	1	1	-9	-1	11	4	-2	0	0	-5	-6	-15	-11	-11	-8	-19	0	-4	-1	-12	11	-2	14	-5	-7	0	-3	-3	-5	0	-5	-2	-6	0	-6	-5	-1	2	-3	-4	1	-4	1																																									
0	2	-8	8	15	9	-8	1	-1	-5	2	19	-2	-3	0	0	-4	-9	-3	-15	-6	-9	-17	-6	-7	0	0	-8	-5	7	-14	-10	2	2	-3	-2	4	-4	-2	3	-1	1	-5	0	-3	1	2	9	-1	0																																									
0	-4	3	-10	-3	-9	3	-9	-8	-9	-1	10	12	0	0	0	-6	-11	-13	-15	-6	-1	-13	-13	-10	3	-4	-8	-2	0	-5	-2	-3	0	-1	-3	-6	-3	1	1	-5	-6	9	-7	-2	2	4	3	1	0																																									
0	-2	1	-4	14	10	-4	-5	13	1	2	-3	17	-3	0	0	3	-8	-13	-15	-10	-4	-8	0	-8	-2	-4	11	-8	17	-8	-3	0	-2	-3	-7	-5	-3	-5	0	0	-3	10	-4	3	8	-6	-4	5	0																																									
0	-12	2	-8	0	2	-1	7	8	-14	-1	-2	-1	0	0	0	-7	-5	0	-15	-12	-6	-13	-12	-7	2	-8	11	-6	2	-7	-3	-1	2	-11	0	-1	-5	-8	2	3	1	7	-3	-5	7	-7	4	0	0																																									
0	-2	-6	-11	8	1	4	-5	9	-12	13	14	3	5	0	0	-9	-9	-4	-15	-7	-9	-19	-7	-12	-2	-3	11	3	8	-8	-3	-1	4	-9	-4	-6	-12	-6	-1	-2	-7	10	-6	-5	11	-5	5	9	2																																									
0	3	3	4	15	10	-10	-2	19	-13	13	-5	0	2	0	0	0	-6	-7	-14	-10	2	-17	-12	-4	1	-12	11	-6	7	-15	-7	-4	-3	-11	-2	-5	-8	4	-4	2	-2	5	1	4	-1	-3	6	-1	1																																									
0	3	-6	-10	7	10	-11	0	-7	0	-1	17	4	-4	0	0	-3	0	-8	-13	-2	-7	-19	-14	0	-2	-8	-1	-10	19	-15	-5	2	0	-11	-5	-4	-5	-2	4	3	-1	-5	1	0	-3	1	4	-2	1																																									
0	-12	-5	5	14	4	8	0	8	1	8	10	-1	-3	0	0	-10	-12	-12	-4	-2	-3	-19	-4	-2	-3	-1	11	-7	16	-7	-4	-4	2	-3	0	-7	-3	0	7	0	2	5	-6	0	3	-1	-1	0	-1																																									
0	2	-1	-7	12	-9	-11	-5	7	-12	-1	12	-1	-2	0	0	1	-8	-9	-14	-7	-6	-12	-5	-9	-1	-9	-2	0	0	-15	0	-1	1	-1	-4	4	-5	-11	-3	3	-2	6	-6	0	5	1	-4	10	0																																									
0	-2	-8	1	10	10	-11	7	3	1	4	-3	-2	-1	0	0	-3	-11	-10	-8	-1	-9	-19	-15	-10	1	-9	6	0	8	-10	-5	-1	-2	-6	-2	-8	-4	-7	-2	0	-1	2	-7	2	-2	-4	3	5	0																																									
0	-10	-5	-4	9	-1	1	-10	17	-6	8	10	-2	3	0	0	-6	-5	-9	-15	-9	-4	-19	-14	-7	-4	-8	-3	-10	10	-9	-10	-2	3	-8	-2	0	-3	-8	1	-5	-4	10	1	1	1	-4	-5	-2	0																																									
0	0	-3	2	0	7	-11	-6	8	-14	10	8	15	-2	0	0	-1	-8	-13	-15	-11	-5	-17	-6	-12	1	-1	3	-6	11	-8	-7	1	-1	-10	-1	-9	-8	-14	-4	3	0	8	-2	5	11	-1	-8	5	-4																																									
0	-10	7	4	2	1	-10	9	11	-9	9	-3	18	2	-2	0	1	-12	-10	-10	1	-4	-15	-15	-4	-1	-4	11	-5	2	-15	0	1	-1	1	-5	-1	-5	-15	-2	0	-1	3	3	-5	-1	-2	-7	0	0																																									
0	-3	6	8	-3	1	8	3	0	1	8	-5	1	1	-2	0	-6	-2	-3	-6	-8	1	-13	-4	-8	-1	2	-8	0	4	-15	-9	-1	1	-12	-3	-9	-4	-7	-6	-3	-4	-1	3	-6	-4	-3	-4	-4	0																																									
0	3	-8	3	-1	10	0	-7	3	0	5	-5	2	-2	-11	0	-8	-3	-10	-13	0	-7	-17	0	-1	-2	-12	-4	-9	15	-15	-10	-3	-2	2	-2	-3	0	-5	3	1	-2	2	1	3	4	0	-8	1	2																																									
0	-8	-6	4	12	0	-10	2	15	-9	9	2	22	1	-11	0	-2	-9	-7	-15	-6	-3	-16	-8	-13	0	-2	2	-4	6	-4	-10	0	-2	-8	-4	-6	-2	-15	6	-2	-1	8	0	-4	8	-2	4	10	0																																									
0	-8	-6	1	10	4	-6	0	19	-5	4	9	17	1	-1	0	-5	-7	-1	-15	-6	-9	-11	-7	-7	-1	-3	1	2	5	-13	0	1	1	-6	-8	-5	-9	-7	3	1	-2	3	-8	-2	11	-2	5	4	1																																									
0	-1	-3	-8	9	-3	3	-4	6	-4	1	17	12	3	-9	0	-6	-6	-5	-15	-12	-2	-14	-11	0	-6	-5	5	1	12	-6	-5	-1	2	-10	-2	-11	-6	-9	-1	-1	4	8	-2	-1	11	-2	-8	10	-2																																									
0	-5	-2	-3	5	6	-5	5	3	-13	13	2	3	-6	-3	-1	-11	-5	-13	-15	-7	0	-19	-4	0	1	1	-3	0	10	-2	-8	-6	1	-3	-5	-4	-5	1	-5	3	0	8	-7	-6	-1	-4	-8	6	0																																									
0	3	6	7	10	3	-4	9	5	0	13	18	-2	3	0	9	-2	-7	-10	-15	-14	-8	-19	-13	-3	-3	-7	0	-2	15	-9	-10	-5	1	-11	-5	-4	-7	-7	-1	-2	0	10	0	5	11	-5	-1	6	-2																																									
0	-1	-3	-1	-3	10	-11	4	-7	-5	13	21	17	6	-3	-1	-5	-7	-4	-4	-4	-6	-17	-8	-4	-1	-6	10	-8	0	-5	-2	-5	2	-8	-2	-2	-7	-4	0	-2	-2	0	1	-6	-4	1	0	-4	8																																									
0	-10	-6	-11	3	9	8	8	-10	1	13	4	13	-6	-1	11	-9	-1	0	-6	-14	-9	-12	-13	-3	-2	-8	8	-2	11	-11	-8	1	2	-8	-2	-3	-1	-7	6	-4	1	0	-1	1	5	1	-4	3	2																																									
0	1	0	-6	11	8	1	-5	7	0	1	22	22	-1	7	-5	0	-5	-9	-13	1	-5	-14	-6	-3	-1	-8	4	-3	3	-6	-10	-2	1	0	-9	-6	-6	-5	0	-4	-3	8	1	3	3	0	-2	2	2																																									
0	-9	-3	-8	-3	-9	-9	-4	19	-14	2	-1	0	-1	-4	-4	3	-4	0	-15	-1	-1	-5	-4	-4	-1	0	0	-1	0	-6	0	-1	2	-2	5	-1	-5	-11	4	0	0	10	-2	0	11	1	2	10	0																																									
0	-12	7	-5	4	10	0	-1	4	-12	9	22	7	3	-4	5	0	-3	-11	-14	-5	-4	-19	-11	0	2	-3	5	-10	8	-14	-10	-2	2	-3	-3	-3	-5	-2	3	2	-2	6	-1	5	7	1	3	6	-1																																									
0	-10	4	-1	6	10	-2	4	18	-4	11	-4	5	0	-11	-3	-3	-3	-13	-13	-11	2	-19	-10	-6	-3	-12	5	-6	9	-15	-10	-4	-2	-3	-3	-1	-4	-10	-1	3	-4	3	2	4	11	-2	-8	7	-2																																									
0	2	7	8	12	-9	8	-7	19	-4	6	-5	9	2	6	-2	-2	-5	-5	-11	-14	-9	-19	-14	-3	-1	-8	8	-3	5	-15	-10	-3	-3	-5	-2	-5	-3	-10	-2	0	-1	-3	-6	-6	-4	2	-1	-4	-2																																									
0	2	-8	-1	-1	10	-1	-5	-10	-11	13	0	5	9	-2	-2	-6	-8	0	-11	-4	2	-19	-3	-11	1	0	-8	-9	19	-13	-10	-2	-3	-9	-3	-4	-6	0	1	-4	0	-5	1	-6	-4	-4	-7	-5	1																																									
0	-4	-2	-6	5	6	-11	6	4	1	-1	-2	16	1	-4	3	-7	-2	0	-9	-4	-5	-18	-2	0	-1	-3	3	-4	11	0	-6	-3	-2	-9	-5	-4	0	-5	-4	-2	2	-5	-4	1	9	2	3	-2	0																																									
0	-7	-1	-6	-3	0	-9	-8	14	1	11	8	3	2	3	-3	-5	-9	-6	-15	-9	2	-16	-9	-3	-1	-1	1	-7	11	-12	-5	1	2	-3	1	-4	-4	-8	4	-1	-5	7	1	-2	11	-8	-4	10	1																																									
0	-5	3	-3	16	8	1	-2	14	-11	5	6	13	2	1	0	-11	-6	-7	-15	-10	-2	-11	-8	-9	0	4	3	-1	7	-5	-1	4	-3	-4	-3	-9	-7	-9	4	1	-5	8	0	-4	8	-8	-2	4	2																																									
0	-3	-2	8	3	4	-3	-8	-4	-10	2	11	9	3	-9	2	-2	0	-6	-12	-10	-4	-19	-15	-6	-1	-10	-8	-5	7	-12	-4	-1	1	-10	-5	-4	-2	-5	-2	-1	-3	4	-2	-3	9	-3	-4	10	2																																									
0	-6	2	-11	2	7	-11	-5	19	-14	6	3	7	0	5	1	-1	-2	-10	-7	-7	-6	-10	-15	-6	0	-6	3	1	13	-15	-3	1	0	-12	-2	-13	-6	3	-4	2	0	-1	-2	-6	6	-3	2	-2	-3																																									
0	3	0	8	5	8	-11	9	13	-12	13	1	4	5	3	-2	0	-13	-8	-15	-3	-2	-16	-11	0	2	-8	3	4	8	-15	0	-5	2	-10	-3	-3	-2	-6	-1	-2	-4	5	-1	-4	-4	-5	-8	4	-2																																									
0	-12	7	8	13	-6	-3	-10	5	1	1	0	15	4	-3	-4	-2	-2	-7	-4	-1	-4	-18	-5	0	0	1	5	-3	9	-11	-2	-1	1	1	-3	-1	-3	-2	1	-1	0	-5	3	-5	4	1	2	-3	-2																																									
0	1	2	-5	0	6	-2	-3	-10	-7	13	11	1	-1	-4	6	-10	-3	-5	-14	-8	-6	-19	-13	-7	1	7	-5	-9	19	-15	-9	-4	4	-3	-2	4	0	-2	2	4	-2	1	-3	5	-4	-4	11	-2	-1																																									
0	2	-4	0	-1	4	-11	-3	3	1	-1	22	17	2	2	0	-4	-9	-9	-14	-6	-5	-16	-3	-15	-1	-4	-8	-2	15	0	-10	0	2	-9	-3	-9	-6	-8	4	-1	-3	2	3	0	-3	3	0	8	4																																									
0	-3	0	-2	1	-7	8	-4	6	-13	-1	6	9	-2	2	10	-4	-14	-8	-15	-5	-2	-15	-13	-8	0	-6	9	-9	10	-6	-2	-6	1	-3	-2	-14	-4	-3	2	-2	-3	10	1	-3	11	-6	-4	10	2																																									
0	3	-2	-5	7	10	-4	-10	0	-14	11	9	8	0	7	10	1	-9	-13	-15	1	-2	-19	-10	-8	-2	-5	5	1	9	-12	-2	-5	2	-12	-5	-4	-2	-5	1	-7	-5	4	-1	-6	11	-4	3	9	0																																									
0	-7	4	-11	-3	-7	5	4	14	-14	7	6	19	-5	9	-8	-8	-13	-8	-15	-7	-9	-10	-7	-10	-1	-2	0	-6	10	-15	-10	-3	3	-5	-2	-9	-2	-3	0	-4	-6	2	1	5	0	-2	3	-5	-1																																									
0	3	5	7	8	1	-11	-3	8	-4	12	12	-2	4	11	-8	-5	-9	-14	-15	-12	-2	-19	-15	-9	0	-6	5	-1	15	-15	-10	-4	3	-2	-2	0	-5	-4	-6	1	-3	-4	-5	-4	0	-3	-5	-5	0																																									
0	-9	5	0	9	-2	7	-4	1	-13	11	22	10	2	3	8	-4	0	-11	-8	-14	-9	-17	0	-8	4	-6	2	-8	19	-15	-4	-1	3	-4	0	-1	-8	-6	2	-2	4	7	-4	2	-1	-2	-1	-5	0																																									
0	-12	1	1	2	10	-11	-10	-10	1	5	7	18	5	1	5	-4	-5	-9	-4	-2	-1	-14	-12	0	3	-2	11	-4	19	-14	-5	-4	-1	-5	1	2	-1	-4	1	-1	-4	-3	3	-6	9	-1	1	6	1																																									
0	-12	-1	-8	0	-9	-4	0	-10	-3	7	4	21	3	6	-3	3	0	0	-5	-7	-5	-16	-9	-3	-1	-10	-2	-6	19	-15	-4	-1	-2	-8	0	1	3	4	3	2	-1	-1	-3	-1	11	-3	-5	0	2																																									
0	3	-3	-11	3	9	-6	1	-6	-12	6	0	13	1	2	8	-11	-5	-9	-15	-2	1	-19	-3	-3	3	-6	-7	-6	4	-15	-10	-1	2	-11	-3	-5	-3	-5	6	2	0	10	-5	-2	3	-1	-5	2	-1																																									
0	-12	-6	6	-2	-9	-5	4	18	-5	4	-2	-2	1	-7	-6	2	-14	-13	-15	-8	-2	-5	-15	-6	2	-9	3	0	11	-13	-6	-3	0	-5	-2	-1	-2	-13	7	3	-2	-1	-8	-4	11	-1	6	10	0																																									
0	0	7	-9	5	-6	8	4	3	-14	6	2	7	1	-8	0	1	-14	-10	-15	-12	-9	-16	-12	-12	1	-7	9	-3	3	-13	-3	-6	1	-7	-8	-10	-1	-11	-5	-3	-2	2	-4	-4	6	-2	2	-3	-1																																									
0	-5	-7	-4	11	-2	-3	-2	19	-14	12	16	12	-1	11	6	-12	-6	-9	-14	-14	-2	-11	-11	-10	1	-6	0	-10	3	-11	-2	-4	0	-7	-3	-8	-5	0	4	1	-2	8	0	0	1	-6	3	-4	-1																																									
0	-10	6	-2	7	0	-10	9	-10	-5	2	7	4	-2	10	10	0	-7	-4	-4	-11	-9	-19	-3	-3	0	-2	6	-11	8	-8	-6	-2	2	-11	-1	-4	0	-3	5	-3	-1	-5	-3	-6	-1	1	-6	-5	1																																									
0	1	-2	-3	2	-6	-11	0	12	1	-1	0	1	-3	0	0	-8	0	-5	-15	-3	-3	-19	-15	-4	1	-14	11	-5	19	-15	0	0	-2	1	-3	0	-5	-7	5	-5	-2	-5	2	1	0	0	-6	10	-2																																									
0	-2	6	-6	0	9	2	2	7	-8	13	17	13	-1	5	-3	-1	-14	-8	-15	1	-6	-8	-11	-10	0	-2	-6	-4	8	-5	-4	0	-3	-2	-3	-14	-2	-6	2	1	-2	0	-7	3	1	3	2	2	2																																									
0	-1	7	2	6	-4	8	-3	11	-14	0	3	3	-1	-4	5	-5	-11	-4	-15	-12	-3	-16	-2	-5	2	-3	0	-5	4	-15	-1	-2	2	1	-5	-2	-3	-6	1	-1	-3	2	1	4	4	-7	-1	8	0																																									
0	-8	-2	-10	1	1	-4	0	17	-14	2	8	0	0	-4	4	-4	-8	-14	-15	-9	-2	-15	-12	-10	-4	-11	-7	-1	6	-11	-9	-4	-3	-1	-11	-3	-11	-6	3	4	-1	5	-1	5	6	-9	3	10	3																																									
0	-5	-3	-9	6	0	8	0	3	-14	12	-5	3	4	1	3	-1	-11	-9	-15	-5	-3	-13	-9	-9	1	-7	-4	-9	11	-2	0	-5	-1	-4	0	-8	-3	-8	-1	3	-1	8	-7	-1	4	-5	3	6	2																																									
0	-1	5	-1	16	-4	-11	-2	19	-9	9	2	16	6	-3	7	3	-14	-15	-15	-14	2	-18	-15	-5	1	-11	4	1	7	-10	-10	-6	-2	-8	-8	-11	-5	-9	5	-7	-5	6	-1	-4	3	-1	0	3	0																																									
0	-11	-4	4	10	-2	0	-10	19	-3	5	9	-2	0	8	-2	-12	-1	-3	-8	-9	-6	-16	-4	-2	2	2	3	-1	5	-15	-3	5	-3	-5	-3	-2	1	-4	-6	1	-6	-5	-1	-5	-3	2	-3	4	2																																									
0	-12	4	5	16	10	-6	-3	-9	-6	12	15	-1	5	-1	11	-6	-8	-10	-8	-3	-1	-19	-9	-6	1	1	7	-5	18	-15	-2	-5	2	-4	-3	-7	-7	-8	7	-5	0	1	0	0	11	3	11	-5	-2																																									
0	-9	7	0	0	-9	8	7	19	-13	-1	14	8	-1	10	-8	-12	-14	-4	-12	-3	-8	-19	-4	-7	1	-6	-4	-2	13	-6	-3	1	-2	1	-7	-12	-8	-10	2	-3	-4	7	-5	5	6	-2	-4	5	2																																									
0	-8	3	-9	14	10	8	-9	19	-11	8	3	0	-1	3	-2	3	-14	-6	-15	-5	2	-9	-10	-6	-3	-7	-3	-7	19	-4	-8	1	2	-7	-4	-1	-7	-4	4	-3	-3	4	-6	-3	11	-5	4	4	7																																									
0	-11	7	-1	0	0	5	4	8	-10	2	17	9	0	10	5	3	-12	-15	-15	-11	-2	-18	-5	-11	1	-9	1	1	16	-1	-1	-3	2	1	-3	-14	-7	-6	6	-2	4	9	-8	-3	11	-2	4	0	-3																																									
0	2	2	-6	9	-4	-1	-4	10	-8	12	12	-1	1	11	4	-7	-14	-7	-3	-5	1	-11	-12	-13	0	-9	7	-4	8	-15	-10	5	3	-6	-2	-5	-6	-12	-4	-6	-7	5	-8	2	0	3	-3	10	-1																																									
0	3	3	3	6	-9	2	4	19	-11	7	8	-1	-1	8	1	-6	-3	-13	-15	-14	-1	-19	-11	-15	1	-12	11	-4	19	-15	0	0	0	-8	-10	-13	-5	-12	0	-3	-2	9	-1	2	11	-2	-1	4	4																																									
0	-2	-2	-6	16	3	5	3	8	1	11	22	6	4	-7	9	-9	-4	-10	-11	-12	-7	-19	-11	-5	2	-14	7	-7	19	-15	-6	-3	-1	-12	-9	-7	-5	-2	5	0	-2	-5	-1	5	6	0	-3	-3	0																																									
0	-9	-8	-7	13	4	-6	0	-10	-3	4	16	1	2	-4	-3	-12	-7	0	-15	-9	0	-14	-14	-1	3	-5	11	-4	19	-15	-5	0	-2	-9	-4	0	-6	-3	0	-2	2	10	-7	-6	1	-1	7	5	0																																									
0	3	3	-3	-3	5	2	-7	13	-13	7	17	-2	-1	11	3	-9	-5	-11	-15	-6	-4	-19	-6	-9	-3	-13	2	1	16	-7	-10	-6	2	-6	-4	-6	-13	-15	4	-3	-3	1	-4	-6	11	1	3	4	1																																									
0	-3	-8	-11	-3	-9	-4	9	18	-2	0	-5	9	1	11	2	-1	-13	-10	-15	-7	-6	-19	-4	-9	-4	-4	4	-2	15	-12	-9	1	4	-4	-1	-4	-5	-14	5	0	-7	4	-4	1	11	-4	6	-2	2																																									
0	3	7	-9	16	6	-3	3	10	-11	13	12	15	2	11	3	-3	-2	-9	-15	-14	2	-19	-8	-9	-2	-7	11	3	8	-13	-1	-6	0	-8	-4	-12	-5	-11	-4	-1	2	5	-6	-4	3	-3	-8	-5	0																																									
0	-6	-8	-8	9	3	8	-6	14	-12	-1	-1	-2	1	-6	-4	3	-6	-3	-14	-9	2	0	0	-3	0	0	2	0	8	-6	0	2	-1	3	3	3	0	-15	5	1	-4	10	2	5	11	1	5	7	1																																									
0	-4	7	-3	2	-6	-6	9	17	-5	13	22	8	-3	11	-4	-3	-4	-12	-11	-7	-7	-19	-15	-10	0	-7	4	-4	19	0	-9	-4	2	-10	-6	-9	-11	-4	1	-3	0	3	-5	-6	3	-3	-8	3	2																																									
0	-3	5	-11	16	4	8	-6	14	-13	13	22	-1	-3	11	4	-11	-5	-11	-11	-14	-9	-19	-14	-7	0	-7	10	-3	7	-15	-9	-4	2	-10	-7	-12	-2	-6	-4	-7	2	-5	-3	5	0	0	-5	5	6																																									
0	-12	5	8	15	10	7	-1	-5	-9	5	19	15	4	8	10	2	-2	-10	-13	-6	2	-19	-14	-10	3	-6	6	-3	19	-14	-10	2	-1	-3	-4	-1	-5	-7	-3	-5	2	-5	-8	-6	-2	-2	2	1	0																																									
0	-2	1	-11	-3	8	8	-6	14	-4	-1	19	-2	0	5	-1	-5	-12	-4	-15	-9	2	-19	-15	-11	2	-3	-1	-1	9	-5	-9	-2	-3	-3	-1	0	-7	-10	2	2	0	10	-4	-1	11	-2	-1	4	2																																									
50
25
0	30210	30693	30371	31589	30993	30074	29069	29633	33772	31277	33962	32783	32896	30841	29108	24209	24105	24319	22727	25865	25463	26021	25954	23335	21902	22933	27433	24679	28983	29357	28545	28299	27967	28733	28294	28075	27393	25957	32273	31726	31377	31026	31437	31858	31134	29929	32993	30989	33264	
32195	9.99999e+008	2383	2921	2643	3429	3253	3104	4437	4427	2601	5110	3940	3014	2673	1701	7007	7163	6666	7855	5161	5753	5317	5263	7397	8716	8283	3199	6595	5591	7224	6352	7212	9001	7302	7646	6643	8211	11137	6368	8460	8183	5121	8244	5354	5228	7217	6101	4824	8428	
31960	2382	9.99999e+008	546	978	1046	877	2165	2245	3079	666	3269	2275	3001	290	2863	6772	7392	6582	7944	5372	5518	5972	5028	7487	8805	8048	4307	6360	6709	4841	4667	5810	7582	5472	6244	5169	6809	9735	3985	6077	5800	2738	5861	2971	2845	4834	3718	2441	6045	
31464	2787	546	9.99999e+008	1476	882	383	1980	1751	3625	1173	3815	2672	3516	679	2971	6276	6898	6088	7450	4878	5023	5478	4532	6993	8311	7552	3813	5864	6214	4347	4310	5453	7088	4978	5836	4812	6452	9378	3491	5583	5306	2243	5367	2578	2351	4340	3327	1947	5551	
32951	2641	991	1537	9.99999e+008	808	1860	3156	3093	2282	312	2472	1297	3286	1039	3769	7763	8383	7573	8935	6363	6509	6963	6019	8478	9796	9039	5298	7351	7700	4806	5649	6669	7547	5436	6294	6029	7488	9848	3949	6040	5765	2701	5826	2734	2808	4744	3481	2404	6008	
32731	3605	1223	1281	972	9.99999e+008	1299	3048	2530	2934	1236	3124	1790	4224	1016	3330	7557	7831	7022	8383	5811	6304	6411	5813	7926	9244	8833	5094	7145	7495	4242	5085	6106	6983	4873	5731	5465	6925	9284	3388	5478	5201	2139	5263	2171	2247	4181	2918	1843	5446	
31671	3121	877	383	1855	1265	9.99999e+008	1749	1387	3956	1543	4146	3055	3878	1062	3304	6610	6771	5961	7323	4751	5356	5351	4865	6866	8184	7886	4144	6198	6547	3983	3927	5070	6724	4614	5472	4429	6069	8995	3127	5219	4942	1880	5003	2599	1988	3977	3346	1584	5187	
30404	2393	1801	1564	2697	2100	1181	9.99999e+008	1946	4880	2385	5070	3890	4220	1949	1852	5216	5638	4828	6190	3618	3962	4218	3471	5733	7051	6492	2422	4804	5819	4633	4039	4897	6687	4987	5332	4329	5896	8822	3777	5869	5591	2530	5652	3515	2638	4627	4263	2234	5837	
30560	4303	2197	1703	3093	2499	1339	1910	9.99999e+008	5276	2863	5466	4289	5198	2382	3442	5372	6674	5864	6939	4654	4118	5254	3628	6482	7707	6648	3642	4960	7051	2865	2646	3789	5578	3496	4223	3148	4788	7714	2689	4781	4560	1442	4621	2274	1550	3307	3409	1405	4749	
35056	4439	3096	3642	2292	3100	3973	5261	4975	9.99999e+008	2604	2358	2824	4632	3331	5567	9868	10488	9678	11040	8468	8614	9068	8124	10583	11901	11144	7403	9456	9805	6687	7530	8551	9312	7318	8176	7910	9370	10617	4534	6745	6399	3499	6460	3301	4521	5378	2517	3861	5802	
32667	2375	773	1316	312	1072	1650	2938	3018	2594	9.99999e+008	2784	1609	3021	727	3504	7479	8165	7355	8717	6145	6225	6745	5734	8260	9578	8755	5076	7067	7482	5068	5440	6583	7809	5699	6557	5942	7582	10110	4213	6304	6029	2964	6090	2998	3072	5008	3745	2668	6272	
34076	4648	2266	2626	2020	1345	2644	4139	3702	3082	2284	9.99999e+008	2355	5267	1976	4675	8902	9176	8367	9728	7156	7649	7756	7158	9271	10589	10178	6439	8490	8840	5414	6257	7278	8155	6045	6903	6637	8097	10052	4020	6185	5834	2932	5895	2802	3419	4814	3550	2424	6079	
35010	4144	3484	4030	2765	3573	4348	5649	5729	2852	2723	2712	9.99999e+008	3087	3450	5272	9822	10876	10066	11389	8856	8568	9239	8077	10932	12157	11098	7121	9410	9727	7570	8151	9294	10311	8201	9059	8653	10253	12612	6714	8805	8530	5465	8591	5499	5573	7509	5369	5136	8654	
33565	2699	3061	3607	3320	4107	3925	4471	5306	4149	3278	3558	4617	9.99999e+008	3351	3827	8377	9642	9048	9944	7638	7123	7794	6632	9487	10712	9653	5676	7965	8282	7902	7728	8871	10643	8533	9305	8230	9870	12796	7046	9138	8861	5799	8922	6032	5906	7895	6666	5502	9106	
32147	2672	290	732	806	756	1064	2351	2432	3088	494	3278	2063	3291	9.99999e+008	3153	6959	7578	6769	8130	5559	5705	6159	5214	7673	8991	8235	4493	6547	6896	4998	4854	5997	7739	5629	6431	5356	6996	9922	3914	6063	5712	2895	5773	2681	3003	4691	3428	2599	6108	
30586	1323	2385	2612	3363	3011	2937	1756	3331	5464	3051	5654	4625	4205	2572	9.99999e+008	5398	5815	5316	6505	3811	4144	3967	3653	6046	7366	6674	1849	4986	4455	5855	5248	6108	7897	6198	6542	5539	7107	10033	5533	7625	7347	4286	7408	4938	4394	6296	5684	3990	7593	
25188	6811	6777	6281	7673	7076	6157	4976	5424	9856	7361	10046	8866	8687	6925	5488	9.99999e+008	3211	2404	2089	3298	1254	3898	1745	1481	2335	1276	5311	470	8271	5148	4336	4434	6296	4524	4941	3866	5079	7833	8064	7517	7168	6817	7228	7649	6925	5720	8784	6780	9055	
25494	6931	7414	7092	8310	7714	6795	5790	6697	10493	7998	10683	9504	9745	7562	5829	4043	9.99999e+008	1645	1545	2736	3748	2742	3613	1785	2406	2767	4154	3375	5247	7643	6830	6929	7813	7019	7435	6360	7060	9128	9386	10012	9663	8139	9722	8971	8247	8214	9877	7847	11446	
26118	6133	6616	6294	7512	6915	5996	4992	5647	9695	7200	9885	8705	8911	6764	5031	2762	1431	9.99999e+008	1772	1788	2103	1944	1968	1313	2633	2993	3357	2350	6420	5998	5185	5284	7145	5374	5790	4715	6283	9281	8288	8367	8018	7041	8077	7873	7149	6569	9007	7004	9904	
24348	7483	7966	7644	8862	8266	7347	6342	6991	11045	8550	11235	10056	10255	8114	6381	2868	1378	1592	9.99999e+008	3138	2821	3294	3312	608	861	1592	4706	2198	6437	6897	6054	6225	6639	6274	6659	5584	5885	7953	9632	9085	8887	8385	8795	9217	8492	7287	10351	8348	10622	
27484	4789	5393	5071	6289	5692	4773	3769	4675	8472	5977	8662	7482	7604	5541	3687	3476	2734	1949	3138	9.99999e+008	2818	600	3309	2680	3999	4360	2013	3064	5076	6283	6495	6594	8455	6684	7028	6025	7516	10591	7364	8522	8172	6117	8232	6949	6225	6724	7855	5826	9424	
26442	5557	5523	5028	6419	5822	4903	3722	4170	8602	6107	8792	7612	7434	5671	4234	1254	3356	1925	2821	2797	9.99999e+008	3397	491	2364	3589	2530	4434	842	7843	4520	3677	3776	5637	3866	4210	3207	4698	7773	6811	7286	6936	5564	6996	6396	5671	5488	7530	5527	8823	
27641	4946	5993	5671	6889	6292	5373	4369	5275	9072	6577	9262	8082	7760	6141	3843	4076	2773	2105	3294	600	3418	9.99999e+008	3909	2836	4155	4516	2169	3664	5232	6883	7095	7194	9055	7284	7628	6625	8116	10878	7964	9122	8772	6717	8832	7549	6825	7324	8455	6426	10024	
26933	5066	5032	4537	5929	5332	4413	3232	3679	8111	5617	8301	7122	6943	5181	3743	1745	3847	2416	3312	2306	491	2906	9.99999e+008	2855	4080	3021	3943	1333	7352	4556	3880	4266	6128	4357	4701	3698	5189	8264	6320	6795	6445	5073	6505	5905	5181	4997	7039	5036	8332	
24956	7025	7509	7187	8405	7809	6890	5885	6534	10588	8093	10778	9599	9798	7657	5922	2755	1730	1135	608	2680	2364	2836	2855	9.99999e+008	1469	1831	4249	1590	6790	6289	5446	5617	6878	5666	6051	4976	6125	8193	9175	8628	8279	7928	8338	8760	8035	6830	9894	7891	10165	
23748	8344	8827	8505	9723	9127	8208	7203	7759	11906	9411	12096	10917	11022	8975	7242	2335	2239	2453	861	3999	3589	4155	4080	1469	9.99999e+008	1197	5567	2805	7298	7483	6671	6397	6244	6859	6571	6201	5491	7559	10399	9852	9503	9152	9563	9984	9260	8055	11119	9115	11390	
23912	8087	8053	7557	8949	8352	7433	6252	6700	11132	8637	11322	10142	9963	8201	6764	1276	2660	2878	1542	4423	2530	4579	3021	1894	1157	9.99999e+008	5992	1746	7720	6424	5612	5395	5242	5800	5568	5142	4489	6557	9340	8793	8444	8093	8504	8925	8201	6996	10060	8056	10331	
29054	2828	3888	3813	4866	4514	3592	2589	3755	6967	4554	7157	6138	5642	4075	1725	5489	4186	3516	4706	2013	4603	2169	4112	4249	5567	5929	9.99999e+008	5077	3409	6620	6082	7225	9014	7242	7659	6584	8085	11150	6099	8192	7913	4852	7974	5926	4960	6949	6674	4556	8159	
26350	6698	6664	6169	7560	6963	6044	4863	5311	9743	7248	9933	8753	8575	6812	5375	1165	3122	1934	2002	2828	1141	3428	1632	1556	2863	2441	4841	9.99999e+008	7904	5036	4223	4321	6183	4411	4756	3753	4609	7701	7952	7405	7055	6705	7115	7537	6812	5607	8671	6668	8942	
31318	2826	4075	3579	5053	4461	3912	3518	5095	7154	4741	7344	6251	5414	4258	1976	7374	6450	5781	6970	4278	6120	4434	5629	6513	7831	8245	2316	6962	9.99999e+008	7619	7010	7870	9659	7960	8304	7302	8869	11795	7020	9112	8835	5773	8897	6108	5881	7870	6856	5477	9080	
29981	6510	4513	4019	4847	4254	3655	4117	2593	7129	5159	7319	6044	7514	4698	5378	4793	6895	5464	6383	6527	4416	7127	4221	5903	7128	6069	5578	4381	8987	9.99999e+008	843	1986	2741	948	1804	1345	2985	5042	4443	4221	3872	3196	3932	4028	3304	2424	5163	3159	5759	
29419	6199	4843	4349	5660	5145	3985	3806	2646	7922	5348	8112	6935	7464	4912	5068	4231	6333	4902	5799	6217	3573	6603	3911	5341	6566	5507	5267	3819	8676	916	9.99999e+008	1143	2932	1160	1577	502	2142	5068	5335	4889	4540	4088	4600	4920	4196	3092	6055	4051	6427	
29250	7079	5986	5492	6669	6075	5128	4686	3789	8951	6491	9141	7865	8344	6055	5948	4329	6431	5000	5919	6468	3671	6701	4162	5440	6664	5605	6148	3917	9557	1954	1143	9.99999e+008	2149	1331	745	641	999	4091	6265	5823	5473	5018	5533	5850	5126	4025	6985	4981	7360	
28585	8863	6958	6464	7160	6566	6100	6470	5038	9442	7472	9632	8356	9959	7143	7731	6185	7667	6856	6548	8249	5453	8557	5943	6901	6244	5242	7931	5773	11340	2445	2926	2149	9.99999e+008	2383	1466	2424	1210	2301	6476	5501	5797	5641	5654	6473	5749	4603	7608	5604	6590	
29607	7170	5234	4740	5436	4843	4376	4777	3314	7718	5748	7908	6633	8235	5393	6070	4419	6521	5090	6009	6558	3761	6791	4252	5530	6754	5695	6270	4007	9679	721	1160	1331	2383	9.99999e+008	954	690	2149	4519	5032	4590	4241	3785	4300	4617	3893	2792	5752	3748	6127	
28910	7514	6090	5596	6294	5700	5232	5121	4170	8576	6606	8766	7490	8851	6251	6383	4764	6866	5435	6354	6902	4105	7136	4596	5908	6571	5568	6582	4352	9991	1577	1577	745	1466	954	9.99999e+008	1075	1231	3600	5890	5448	5098	4643	5158	5475	4751	3650	6610	4606	6985	
28949	6511	5345	4851	6029	5435	4487	4118	3148	8311	5850	8501	7225	7776	5414	5380	3761	5863	4432	5329	5900	3103	6133	3594	4872	6096	5037	5580	3349	8989	1313	502	641	2430	690	1075	9.99999e+008	1640	4566	5625	5182	4833	4377	4892	5209	4485	3384	6344	4340	6719	
28402	8350	7257	6763	7586	6993	6399	5957	5060	9868	7762	10058	8783	9615	7326	7219	5600	7187	6271	6069	7739	4942	7972	5433	6421	5765	4762	7419	5188	10828	2871	2414	1271	1777	2247	1329	1912	9.99999e+008	3092	7183	6742	6392	5935	6452	6767	6043	4944	7902	5898	7978	
26575	10998	9259	8765	9461	8867	8401	8605	7339	10923	9773	11933	10618	12260	9444	9867	7833	8982	8991	7863	10459	7662	10692	8153	8216	7559	6557	10139	7908	13548	4746	5061	4345	2301	4519	3600	4559	3346	9.99999e+008	7799	6824	7120	7653	6977	7945	7223	5926	9421	7884	7913	
33214	6198	4011	3516	3946	3354	3153	3805	2702	4920	4258	5963	4542	7012	3906	5424	8026	9339	8530	9593	7319	6772	7919	6281	9136	10361	9302	5987	7614	9396	4414	5257	6278	6042	5045	5903	5638	7097	7347	9.99999e+008	2227	2031	1648	2266	1233	1218	2512	2709	1880	2194	
32538	8261	6074	5580	6038	5444	5216	5868	4765	6655	6350	8100	6679	9075	5995	7487	7350	9452	8021	8940	9070	7255	9670	6764	8460	9685	8626	8050	6938	11459	3788	4631	5652	4941	4419	5275	5012	6151	6246	2224	9.99999e+008	930	3712	290	3373	3282	2332	4009	3943	1788	
31891	8050	5863	5369	5827	5234	5005	5657	4554	6769	6139	7887	6466	8864	5831	7276	7057	9159	7728	8647	8777	6962	9377	6471	8167	9392	8333	7839	6645	11248	3496	4339	5359	4011	4126	4983	4719	5221	5316	2097	1197	9.99999e+008	3501	964	3330	3071	2039	4806	3732	2791	
31988	4892	2724	2230	2562	1970	1847	2499	1476	4189	2874	5034	3760	5725	2520	4118	6800	8034	7224	8367	6014	5546	6614	5055	7910	9135	8076	4682	6388	8091	3188	4031	5052	5929	3819	4677	4411	5871	8196	2163	4254	3977	9.99999e+008	4038	1267	1022	2956	2401	362	4221	
32248	8299	6112	5618	6077	5483	5255	5906	4804	6772	6270	7891	6470	9113	5834	7525	7060	9162	7731	8650	8780	6965	9380	6474	8171	9395	8336	8089	6648	11498	3499	4342	5362	4798	4130	4986	4722	6008	6103	2263	290	787	3750	9.99999e+008	3496	3320	2042	4199	3982	1827	
32924	5211	2963	2424	2713	2121	2440	3500	2412	3924	3025	4730	3309	5940	2673	5119	7736	9035	8225	9303	7015	6482	7615	5992	8846	10071	9012	5683	7324	8637	4125	4968	5988	6817	4756	5613	5348	6808	8122	1233	3460	3264	1003	3499	9.99999e+008	1241	2884	1476	1363	3427	
32074	5058	2873	2379	2837	2243	2015	2665	1563	4125	3149	5309	3821	5874	2794	4284	6886	8200	7390	8454	6180	5633	6780	5142	7997	9221	8162	4847	6474	8256	3275	4118	5139	5924	3906	4764	4498	5958	7229	1194	3286	3010	430	3071	1148	9.99999e+008	1989	2624	742	3254	
31506	6938	4751	4257	4715	4122	3893	4545	3216	5657	5027	6775	5354	7752	4719	5985	6573	7693	6262	7158	7134	5319	7734	4828	6701	8019	7849	6185	6161	9594	2029	2872	3893	4770	2660	3516	3253	4712	6302	2535	2335	1986	2389	2046	2681	1959	9.99999e+008	4157	2620	3873	
33848	6052	3805	3265	3555	2963	3281	4424	3336	2646	3867	5004	4151	6781	3515	6043	8660	9814	9004	10227	7794	7406	8394	6915	9770	10995	9936	6607	8248	9479	5049	5892	6912	7739	5679	6537	6272	7731	9045	2553	4228	4584	1926	4518	1320	2165	3806	9.99999e+008	2287	3788	
31790	4530	2362	1868	2200	1608	1485	2137	1278	4482	2512	4672	3398	5363	2158	3756	6602	7672	6862	8169	5652	5348	6252	4857	7712	8937	7878	4320	6190	7729	2990	3833	4854	5731	3621	4479	4213	5673	8032	2136	4226	3949	887	4011	1717	995	2984	2852	9.99999e+008	4194	
34075	8251	6064	5570	6029	5435	5206	5858	4756	5950	6341	8090	6669	9065	5985	7477	8887	10989	9558	10477	9373	8792	9973	8301	9998	11222	10163	8040	8475	11449	5326	6169	7189	6582	5957	6813	6549	7792	7887	2215	1788	2614	3703	1827	3448	3273	3869	3808	3933	9.99999e+008	
0.2
0.2