50																																																																																										
9999999	13	15	19	15	19	19	19	13	18	15	14	12	15	15	11	19	15	27	23	19	19	23	18	15	11	25	30	15	31	37	23	19	15	23	15	11	11	14	19	15	19	15	19	19	15	11	11	11	11																																									
0	7	9	19	8	9	9	5	6	18	5	6	7	7	7	5	4	9	6	14	12	3	5	3	5	6	15	10	8	15	20	11	10	8	9	2	7	7	1	6	6	4	4	10	10	7	5	6	6	6																																									
91																																																																																										
0.010989011	0.010989011	0.010989011	0.010989011	0.010989011	0.010989011	0.010989011	0.010989011	0.010989011	0.010989011	0.010989011	0.010989011	0.010989011	0.010989011	0.010989011	0.010989011	0.010989011	0.010989011	0.010989011	0.010989011	0.010989011	0.010989011	0.010989011	0.010989011	0.010989011	0.010989011	0.010989011	0.010989011	0.010989011	0.010989011	0.010989011	0.010989011	0.010989011	0.010989011	0.010989011	0.010989011	0.010989011	0.010989011	0.010989011	0.010989011	0.010989011	0.010989011	0.010989011	0.010989011	0.010989011	0.010989011	0.010989011	0.010989011	0.010989011	0.010989011	0.010989011	0.010989011	0.010989011	0.010989011	0.010989011	0.010989011	0.010989011	0.010989011	0.010989011	0.010989011	0.010989011	0.010989011	0.010989011	0.010989011	0.010989011	0.010989011	0.010989011	0.010989011	0.010989011	0.010989011	0.010989011	0.010989011	0.010989011	0.010989011	0.010989011	0.010989011	0.010989011	0.010989011	0.010989011	0.010989011	0.010989011	0.010989011	0.010989011	0.010989011	0.010989011	0.010989011	0.010989011	0.010989011	0.010989011	0.010989011	0.010989011
0	0	0	-3	-3	-2	0	-2	2	-5	3	3	-7	1	0	5	10	-5	17	-3	-1	-1	5	4	5	-6	-9	0	-8	-6	-2	12	1	-6	4	7	-3	-6	0	3	0	6	5	-10	4	-4	-1	0	0	-2																																									
0	0	-7	-4	2	3	-5	8	5	-18	-4	0	-3	-7	-6	2	12	-9	6	6	-12	10	8	-1	9	-6	-2	-5	3	8	-8	9	-3	-4	1	9	-2	2	13	-5	1	15	7	-5	7	0	-1	0	0	-2																																									
0	0	-2	-17	-4	1	1	12	3	-18	8	-1	-7	-5	-6	-5	7	-5	4	-9	0	14	-5	-3	-5	-5	3	6	-3	0	10	12	-4	1	0	9	4	-5	-1	-6	-3	-1	0	-10	2	-1	-1	-2	0	1																																									
0	1	-6	-9	1	-4	2	8	-6	-18	10	-4	-1	-7	6	6	4	-1	20	-5	4	12	-4	1	-1	5	-15	7	-3	-2	3	2	-6	1	-2	13	-4	-4	-1	-6	-4	-1	2	-5	4	-2	0	-1	0	0																																									
0	1	-7	-9	-1	-1	1	-3	-2	-12	1	-4	-6	8	8	-2	-2	-9	-1	-4	-12	4	-5	4	8	-6	-6	2	-8	-7	12	8	-2	1	-9	13	0	0	-1	-2	-1	7	2	1	-7	-1	0	0	0	-2																																									
0	-1	2	-12	-3	0	-4	14	-4	-10	-5	-6	5	-1	-6	5	14	1	-1	0	4	3	-4	-3	2	5	1	-9	-2	-3	-1	1	4	3	-3	13	0	4	6	-4	0	5	1	-2	-8	7	0	0	0	1																																									
0	-3	1	-13	2	-2	2	7	-6	-2	10	7	0	8	2	0	15	-5	13	-4	-12	2	17	11	8	4	2	-6	-4	12	-18	7	-3	7	-2	1	-4	4	6	8	6	11	0	4	1	-6	-1	1	0	-2																																									
0	3	-3	-11	-5	3	2	-4	3	-18	1	6	-5	8	-4	-3	-1	-9	5	9	-12	-1	-5	2	-3	3	-4	20	-3	1	-15	8	0	-5	0	11	4	-2	-1	3	6	9	2	-7	-1	2	0	0	0	-3																																									
0	-5	0	-11	-1	1	0	14	-5	-18	-1	-2	0	3	-3	-5	6	-9	6	0	-9	4	6	15	-1	1	10	7	2	-4	-2	-1	-5	2	-9	5	-2	1	13	-6	8	-1	2	-7	-10	-2	0	0	0	-1																																									
0	1	-3	-13	1	1	-4	0	-1	-17	4	6	-7	0	-1	1	4	-3	-1	5	-12	12	3	8	-2	0	4	6	-1	4	0	-1	3	7	-3	-2	4	-2	13	5	7	2	3	-8	-10	0	-2	2	0	-1																																									
0	-2	1	-15	1	-1	4	3	2	-18	-5	-2	2	0	4	-5	12	-9	12	2	0	9	17	15	-5	4	-6	-6	-5	3	7	12	-5	-4	9	8	-3	-2	0	-3	0	15	3	-1	8	-6	-1	-1	1	0																																									
0	2	2	-9	1	2	-1	-4	5	-10	3	2	-4	8	8	6	12	-7	19	0	1	16	-5	-3	4	5	-15	-10	-4	3	8	12	-8	-1	0	0	-2	-4	-1	4	-1	-4	2	-10	-6	4	0	0	0	0																																									
0	3	2	-9	-2	-2	-3	14	5	-18	7	-3	5	-2	-7	5	11	4	-5	-1	6	2	8	1	6	-4	-15	10	-3	-6	-20	8	9	5	3	-2	-2	-5	6	12	0	1	1	-6	-5	2	0	-1	0	0																																									
0	-4	-2	-6	-2	2	3	12	-3	-18	-1	1	-4	0	4	-2	-2	-9	17	9	-12	16	-5	1	-4	3	3	9	7	1	-20	-11	0	-5	9	7	-2	0	13	0	5	4	-1	-8	0	6	-1	0	0	1																																									
0	-1	-9	-5	1	0	-1	7	4	-18	-5	1	-7	1	-7	0	8	5	6	-2	-11	9	-3	9	1	5	4	5	2	-6	-20	12	-9	-1	-1	-1	1	-7	8	3	3	0	3	-5	2	-5	-1	1	0	3																																									
0	2	4	-9	-1	-3	-2	7	-2	-18	10	-6	0	4	4	-4	-2	-6	2	1	-8	13	11	6	10	5	9	4	-7	16	-10	3	-9	2	-3	12	4	0	8	7	-4	5	-1	2	-10	-1	-2	1	0	1																																									
0	-2	-1	-8	0	4	1	3	7	-17	8	5	-3	7	6	6	4	-2	5	9	-12	16	17	15	1	-4	-2	15	-2	5	-16	-11	4	4	3	13	-3	3	13	1	-2	-3	-4	-4	-10	-7	-1	-1	0	-2																																									
0	-3	-4	-14	-3	-4	6	7	5	-18	2	-6	4	0	-3	0	-1	0	4	-5	-12	1	15	-3	0	-2	-7	4	0	-12	17	12	2	0	4	3	-5	-1	3	-6	8	3	2	-3	-6	-5	-2	0	0	1																																									
0	2	-4	-7	-3	2	-2	0	1	-18	0	-4	3	-6	-4	3	10	0	9	-4	7	6	-1	-3	0	-2	0	5	0	-11	17	-4	-2	-2	-2	13	3	-5	-1	-5	-6	10	-4	-3	-2	-2	0	1	0	-2																																									
0	-3	0	-6	-2	1	-3	14	7	-18	5	4	-6	-1	0	-3	-2	4	-5	3	7	10	15	3	2	-1	9	16	-4	-1	-12	-2	-2	2	-1	-2	-7	-2	3	3	-3	-4	-3	-3	-4	-7	-1	0	1	-2																																									
0	4	-1	-2	0	0	-4	-2	-3	-12	7	3	5	3	5	0	14	6	14	9	-12	7	17	15	8	-2	10	-6	-3	16	-20	-1	1	0	-2	1	4	1	13	6	7	6	0	3	-4	-1	-1	0	0	-1																																									
0	-1	-2	-15	-3	1	2	-4	1	-18	4	2	0	4	-2	1	0	-9	12	-1	-4	16	3	8	5	-6	-1	0	-4	4	-20	-6	-2	-8	2	0	-6	0	13	9	7	1	6	2	6	-5	0	0	0	1																																									
0	-2	-3	-8	-2	0	1	14	4	-18	9	4	-7	-5	2	4	4	-9	1	7	-12	15	10	12	-3	-3	10	-4	0	0	-20	5	-8	7	-2	2	-5	4	13	8	4	4	1	-3	-2	5	0	1	0	0																																									
0	-1	-7	-10	2	1	-1	2	7	-13	10	-1	-2	2	0	-4	4	-9	11	9	3	15	14	15	3	4	10	-5	-7	3	-20	3	8	6	-9	3	4	-3	7	-2	-1	5	-1	-9	-5	-4	0	-1	0	-4																																									
0	-4	-1	-19	-5	-1	-1	-4	7	-18	-5	-3	5	-4	-3	-2	15	-9	0	-3	7	7	6	7	-1	3	-3	-3	-3	-15	17	12	0	-6	-6	4	-2	-3	-1	1	8	7	4	-6	-5	2	0	-2	0	0																																									
0	2	-7	-3	1	0	-1	1	-6	-18	2	2	1	1	7	6	0	-9	5	5	-3	16	-5	9	8	-6	-15	4	1	-15	16	12	-3	-8	-1	-2	-2	-7	8	4	-2	5	1	1	2	-7	0	-1	0	-2																																									
0	0	1	-10	0	0	5	14	-6	-14	-5	-6	4	2	8	2	12	6	2	-13	0	-3	2	3	8	4	-13	2	-3	0	17	-11	5	0	2	10	-7	4	-1	2	-6	2	1	7	5	-1	0	0	0	0																																									
0	-2	-3	-1	3	-1	0	-2	7	-11	10	-4	-2	-4	3	1	10	-9	4	4	4	16	5	15	5	-3	10	-5	7	9	-20	9	5	5	-7	8	-4	-3	11	13	1	1	0	-2	-5	-1	-1	0	0	2																																									
0	-2	-1	-3	-3	-1	-1	4	7	-5	-3	7	-6	-7	3	1	15	-9	2	1	7	10	7	13	3	-3	-6	8	-4	-3	-19	4	5	-8	3	3	-4	-1	4	9	-1	7	-2	-7	4	1	0	-1	0	1																																									
0	1	-6	-18	-3	-3	1	2	-6	-18	0	0	-5	-1	4	-5	15	-1	11	-2	7	12	6	12	0	-6	3	7	-8	8	-8	-11	-4	2	1	13	-7	-7	3	4	5	1	5	4	-2	-5	-1	0	0	1																																									
0	-3	4	-5	1	-2	-2	-3	-3	-18	7	2	5	-1	-5	3	15	-9	-1	-7	1	8	6	5	2	-1	-4	-6	-2	13	-20	-11	-1	0	14	-2	-3	2	13	5	-3	8	3	3	-9	-2	-1	0	0	-1																																									
0	-2	-6	-8	-1	1	-4	3	0	-18	6	-5	-5	-5	-1	0	5	3	2	-14	7	14	-5	2	-2	5	-7	-1	1	-11	1	11	-9	-2	2	13	-7	-2	8	-4	3	12	3	-6	1	-1	-1	-1	0	2																																									
0	-2	-2	-5	-3	-3	0	4	2	-15	10	-6	1	-4	3	6	-4	-1	17	-12	-1	6	3	-2	0	-2	-1	-1	2	-15	17	9	0	-8	-9	2	0	-1	3	3	-1	14	0	-7	0	0	0	0	0	2																																									
0	-4	-1	-9	3	-1	3	14	2	-12	-1	-1	0	-1	-6	-2	11	-3	20	-14	5	-3	-1	7	7	-2	-11	-2	-1	10	-17	-7	6	0	6	12	4	-5	11	3	1	1	1	2	-6	-4	0	0	0	0																																									
0	2	-3	-7	-1	-3	1	8	0	-18	-2	-1	-5	2	8	3	5	-4	3	-4	-7	7	7	14	10	0	10	-2	-3	4	-20	-10	-5	7	-1	12	-6	4	13	6	-6	-1	-1	-3	-6	8	0	0	0	1																																									
0	0	-9	-13	-2	3	-3	13	-2	-15	10	8	-1	-3	2	-1	-2	-3	-2	9	-12	11	10	15	6	-1	5	1	-8	5	-20	4	-7	3	1	12	-7	1	12	8	-6	8	-2	-9	9	0	-2	-1	0	0																																									
0	-1	-3	-14	0	-1	0	10	7	-18	7	-3	-7	2	2	3	9	-9	14	-4	2	8	8	8	3	-6	6	-8	-8	5	-20	11	-1	0	1	2	-3	0	13	5	0	0	2	8	9	0	-2	0	0	-1																																									
0	2	-7	-10	0	2	-1	-4	2	-13	-5	1	-3	2	5	1	7	-9	4	3	-12	14	4	9	0	-6	-3	-5	-7	1	-4	3	-5	-2	7	7	2	-2	13	9	-6	6	3	1	-4	5	-1	-1	0	2																																									
0	3	-3	-10	-2	1	1	1	-3	-18	6	-1	0	-1	-6	-5	5	-9	8	-9	-4	12	-5	-3	8	-3	2	18	-4	1	5	2	4	-3	1	13	-7	-7	13	6	1	-2	0	0	-10	0	-1	-1	0	-1																																									
0	-1	2	-13	-3	0	3	2	1	-16	-5	-3	1	-2	2	-1	-4	1	10	-12	-3	3	9	3	-3	5	-15	20	-8	-15	-7	-4	-1	-8	-6	3	-6	-2	13	-2	-1	5	3	-5	6	0	0	-1	-1	3																																									
0	1	-2	-13	0	-2	-3	14	7	-18	6	-6	5	-2	3	1	5	6	-5	-11	-1	-2	-5	4	6	-4	3	20	-8	-11	-14	-2	5	1	1	7	2	-7	3	-1	-3	5	-4	1	-1	-4	0	-1	0	1																																									
0	-5	-5	-10	-3	0	-1	9	6	-13	1	5	-1	-6	0	2	2	-9	14	-6	-12	14	12	10	2	-2	-2	7	-3	3	-20	6	-1	2	-1	11	0	1	4	4	1	4	6	-2	-8	1	-1	0	0	0																																									
0	0	0	-1	0	1	0	8	-1	-6	9	-6	0	8	5	4	10	-2	4	9	-10	12	17	10	3	-1	2	-3	-1	10	-11	-2	2	7	11	7	-2	3	13	7	-6	3	1	3	-1	1	-1	0	0	-1																																									
0	2	-3	-11	-2	0	1	2	0	-18	10	5	-2	-1	-4	0	-4	-6	5	-6	-12	8	0	11	8	-1	10	17	-6	7	-20	-3	2	0	-6	9	3	-2	7	-1	-6	0	3	1	1	-5	-2	0	0	-1																																									
0	-1	-6	-15	-1	3	-2	10	-5	-18	5	-6	-5	-7	0	-4	13	-9	0	9	-2	15	-3	9	0	0	-2	2	-1	9	-20	-8	-9	5	2	1	-7	1	13	7	0	9	2	1	5	7	-1	0	0	-2																																									
0	0	-5	-14	-1	1	2	-4	0	-18	4	3	3	-3	-5	4	2	-6	6	-14	-1	6	-4	15	1	5	-13	14	7	-9	17	12	-3	-4	14	-2	-7	-6	2	-5	4	15	3	-10	1	-2	-1	0	0	0																																									
0	-2	3	-10	-2	-3	3	14	-4	-18	2	-5	-3	-6	-6	-5	2	2	11	-13	-3	6	2	7	6	-2	-11	20	-3	-11	3	12	-6	-6	-9	-2	3	-7	7	7	8	8	1	-6	-4	3	0	-1	0	0																																									
0	2	-6	-3	0	-1	-2	9	7	-16	6	2	0	0	1	6	3	-2	2	9	7	4	6	-3	4	0	0	7	-2	-4	-4	-3	-1	-4	-1	-1	-6	2	12	1	-6	6	0	1	-6	-3	0	0	0	-3																																									
0	-1	-1	-10	2	-1	0	12	7	-18	5	-1	-1	-5	8	-2	7	-9	10	-10	-2	14	11	15	10	-3	0	-5	-5	6	-17	-3	-9	1	8	-1	-4	2	3	2	1	-1	-1	-3	9	-1	-2	0	0	2																																									
0	-4	-2	-15	-2	-1	0	6	2	-4	7	-5	-1	7	2	5	9	2	8	9	-12	11	12	8	5	-2	0	10	0	7	-13	3	5	5	1	8	0	-4	2	3	4	10	4	-5	-7	-6	0	0	0	-1																																									
0	-1	-8	-8	-3	-3	-2	14	-6	-18	3	-1	5	-7	0	-4	-2	-6	-5	2	-3	-1	-4	-2	-5	-3	2	16	7	-15	-15	-3	-9	-1	1	-2	4	-1	13	1	1	2	0	5	2	-6	-1	0	0	-1																																									
0	-5	-2	-12	-4	-1	0	8	0	-18	3	-5	5	-1	1	4	6	-9	-5	-4	-9	3	3	15	0	-5	-1	2	-7	5	-2	12	-1	-1	6	10	-7	1	3	13	-3	6	1	-9	-1	8	-1	0	0	0																																									
0	0	-5	-15	-3	-3	2	8	-1	-16	-5	-2	-7	5	-1	5	6	-4	13	-7	-12	5	6	6	0	0	-2	3	-2	-6	6	7	8	1	-6	13	4	-5	9	-3	8	8	0	-2	4	2	-1	1	0	-1																																									
0	-2	-4	-8	-1	0	4	14	-2	-13	7	2	5	8	-5	2	7	-5	13	-14	5	9	3	-3	-2	-4	4	13	-3	-5	17	-4	-3	-8	6	1	-5	0	1	-6	0	-4	4	-10	2	-2	-1	0	0	2																																									
0	3	4	-7	-1	-8	6	3	6	-18	2	-3	5	-2	8	-3	-3	6	-5	-4	7	3	14	6	5	-6	-15	9	-4	-9	-6	-6	8	-7	-2	5	-3	3	1	6	-1	15	3	1	4	-4	0	0	0	0																																									
0	-4	-8	-5	0	-1	-9	-4	6	-3	1	1	1	7	-2	-3	14	5	18	9	7	-3	17	10	4	2	10	0	-4	16	-20	7	-2	3	14	5	-2	-4	4	10	5	10	4	-1	-5	-2	0	0	0	0																																									
0	-1	-1	-15	-2	-4	2	5	-1	0	3	2	-1	6	5	-5	12	-7	7	-7	-7	6	17	15	3	0	2	0	1	9	-20	1	-1	2	-9	13	0	-3	3	7	3	-3	0	1	5	-7	-1	1	0	-1																																									
0	-1	1	-13	-1	-2	1	11	7	-18	9	-6	-6	3	5	-2	4	-6	8	6	-1	-1	8	11	-1	4	-2	-5	-5	7	-4	8	-1	4	0	13	-5	-3	13	4	4	3	-2	0	-9	2	-1	0	0	0																																									
0	3	1	-11	-4	-1	-3	13	0	-17	4	0	-2	6	8	6	11	-4	-1	5	-12	8	6	8	7	1	-8	8	4	1	-6	-11	-4	7	7	-2	-6	4	5	4	6	-1	-3	-10	-4	4	-1	-1	0	2																																									
0	2	-6	-12	-2	-2	1	4	7	-18	-1	-3	1	-7	2	4	10	6	0	-8	-2	14	16	15	-4	-6	-15	14	7	-10	17	1	-2	-7	5	5	0	-6	1	-1	8	-1	2	-10	-7	-5	0	0	-1	-1																																									
0	1	-8	-14	5	-2	-2	-4	2	-18	10	2	-6	-7	4	0	4	-9	5	-5	5	6	1	5	-2	-6	-15	15	-2	-14	17	-2	6	2	-2	1	-5	-4	7	5	-5	5	-1	-7	6	3	-1	0	0	1																																									
0	-1	3	-4	0	-2	0	11	-6	-17	2	5	5	1	4	4	3	-1	-5	-9	7	-1	0	-2	0	-6	-9	20	-4	-4	17	8	-2	-7	0	13	-1	-3	6	6	1	0	-1	-3	3	7	-1	0	0	-1																																									
0	0	1	-5	-5	0	6	14	1	-18	4	-6	-5	-5	3	1	13	-2	5	-14	7	-3	3	8	6	0	0	20	-8	-9	3	-2	-4	-1	-8	5	1	-7	8	9	-4	4	0	-2	-10	-1	0	-1	0	1																																									
0	0	-2	-2	-4	0	-5	4	5	0	8	8	-2	-6	-3	-1	1	-6	10	-4	7	15	13	5	1	-2	0	4	3	2	-20	-5	5	4	5	13	-6	-7	13	7	4	0	2	-7	-4	2	0	0	0	0																																									
0	5	-2	-8	0	0	0	2	1	-12	10	-6	-5	8	3	-2	10	-5	1	9	2	4	6	15	2	4	1	-2	-3	5	-19	-1	-4	4	14	13	-4	-5	5	2	6	12	2	-7	-1	-2	-2	0	0	-2																																									
0	3	-3	-8	1	1	-2	14	0	-8	4	7	0	-1	-3	1	5	-9	12	1	-12	5	3	7	-2	0	1	2	-2	-2	-3	-11	-1	-1	14	6	-4	4	-1	0	7	11	0	0	6	2	-1	0	0	-3																																									
0	-4	-9	-12	-3	0	0	-4	6	-6	6	2	-3	-6	-2	-1	15	2	10	-14	-2	6	16	7	1	-5	-1	20	-3	-5	17	12	-5	-8	8	5	-6	-7	-1	0	-3	11	-1	-5	3	0	-2	0	0	1																																									
0	2	-3	-12	0	0	1	12	1	-18	7	0	-2	8	0	-2	4	3	-5	-14	-7	4	5	6	-1	1	-4	15	6	-14	9	11	3	-8	11	5	-3	2	2	5	8	-2	-1	-6	7	0	-2	0	0	-3																																									
0	5	-5	-12	-1	1	1	7	2	-9	10	7	4	-2	-4	1	6	-1	11	-4	7	1	8	1	5	-5	-3	-8	0	-7	-10	-4	6	-5	5	13	-4	-2	1	0	-4	3	2	0	1	-4	0	-1	0	1																																									
0	3	-9	-2	0	2	-3	7	-6	-9	9	-6	-4	-1	3	-3	-2	0	9	0	1	4	-1	15	0	2	3	-3	-3	16	-20	-7	8	6	14	6	-3	-1	9	6	-2	9	-3	-4	-6	1	-1	0	0	0																																									
0	-1	-2	-14	-3	-1	-1	-4	0	-17	10	-1	0	-4	2	1	7	-9	2	0	-4	11	1	7	0	3	4	-1	-2	-1	-15	6	-1	4	14	6	-2	2	9	2	0	13	2	3	9	0	0	0	0	3																																									
0	0	-4	-9	-5	2	5	14	1	-9	2	5	-3	-1	8	-2	15	-9	8	9	-7	3	7	0	7	-1	10	2	-5	10	5	-11	-3	5	12	2	4	4	11	3	3	11	-2	-4	3	5	-3	0	0	-1																																									
0	-2	-2	-8	2	2	-5	9	2	-7	10	0	0	0	1	2	8	-9	10	9	-9	12	7	13	-2	0	3	9	-2	1	-20	2	-4	3	8	8	1	4	9	11	4	9	2	6	-2	-7	-2	-1	0	-2																																									
0	0	-8	-19	-2	-1	3	9	-6	-18	-5	2	-1	2	0	-1	13	-9	3	2	-12	10	-1	8	4	5	0	-1	-7	-5	11	2	5	-3	9	13	-3	-3	6	4	-3	12	2	1	-3	-2	-1	0	0	2																																									
0	-1	-2	-6	1	-4	0	-4	0	-18	10	-6	-7	-1	-3	6	5	6	12	-13	1	6	10	7	2	5	-12	14	3	-11	17	5	0	-5	2	-2	0	-7	-1	4	-3	2	9	-10	9	-3	0	-1	0	1																																									
0	-4	3	-10	1	1	0	14	2	-12	-3	1	-1	8	-1	3	5	6	-5	-14	7	12	13	8	9	-6	-14	3	5	11	-20	-11	-2	3	6	1	-7	-5	1	12	-1	4	0	-10	-3	-3	-1	-1	0	0																																									
0	2	-2	0	-1	-1	3	5	-6	-2	3	-3	-2	-7	7	2	4	4	11	4	-4	3	3	15	6	-1	6	1	-8	4	-20	-8	4	0	6	12	4	2	7	2	-4	1	-3	-5	-5	-4	1	0	0	-1																																									
0	-6	-2	-9	-3	-4	-6	4	4	-1	1	-3	-7	2	6	-5	11	-5	12	0	-11	12	10	10	3	5	-6	0	3	1	-20	-11	-3	4	1	4	-4	-4	13	1	2	3	3	-1	-8	-1	-4	0	0	2																																									
0	2	4	-17	0	-3	-1	-2	0	0	8	-3	-7	-1	5	2	13	6	-2	4	5	4	2	11	4	-6	2	0	-4	-5	-11	-11	4	5	1	-2	-7	-1	1	7	4	7	5	-2	1	-3	-2	0	0	2																																									
0	3	0	-10	-3	0	0	13	2	-15	7	-6	-7	4	1	-4	11	-9	-4	6	-11	6	9	7	3	1	4	-1	-5	15	9	-3	0	0	3	9	2	2	3	10	-3	8	-3	-10	1	7	-1	0	0	0																																									
0	0	-9	-19	-3	-2	2	-4	-6	-18	2	8	5	-2	-6	-5	7	-9	1	-1	7	12	7	11	-5	-4	-8	-1	-5	-3	17	-2	-4	2	14	9	-7	-3	4	-5	2	6	4	-6	1	-5	-2	0	0	2																																									
0	1	-3	-6	-8	-3	2	3	1	-18	4	7	-7	2	-7	6	-4	6	-5	3	7	-3	-5	-3	-5	2	-12	7	7	-6	17	12	9	-8	14	12	0	-3	2	7	-5	15	3	-4	3	5	0	0	0	-1																																									
0	2	-5	-5	0	0	2	-4	-5	-12	-2	-4	-4	-3	7	-3	12	3	-5	-1	7	3	9	1	8	0	1	14	0	5	-13	-11	9	6	5	3	4	-7	-1	5	1	-4	4	9	-1	2	-2	0	0	-1																																									
0	-1	3	0	-2	-2	-1	13	6	-10	2	-3	-5	8	2	-3	0	-3	6	0	-3	6	10	6	7	-2	6	-1	-6	9	-19	-8	-3	-3	7	1	-6	-5	2	-1	8	0	0	-4	-4	-3	0	0	0	2																																									
0	1	1	-10	-3	-1	-4	10	-2	-8	8	-3	2	2	-1	-5	10	-2	3	2	-11	10	5	14	-3	2	-5	-5	-5	1	17	-7	4	5	14	11	-3	4	7	6	8	1	9	0	-6	-5	-1	0	0	-2																																									
0	1	-3	-12	-5	-1	1	9	5	-7	1	8	-1	-7	-5	6	-4	-7	-5	0	-12	4	6	4	5	-4	-2	10	3	-9	-1	10	-9	-6	-9	7	-4	-5	1	3	6	15	3	-3	-4	-6	-2	0	0	-1																																									
0	1	1	-3	5	1	-1	1	5	-6	7	-6	-4	8	8	0	-2	-2	3	1	-8	8	17	11	10	-6	1	-10	-2	16	15	2	-5	4	14	11	4	4	9	13	-2	-4	-1	-3	-8	-4	-1	-1	0	1																																									
0	2	-5	-16	-5	-2	-5	-4	2	-18	6	3	-1	4	-2	-2	4	2	3	6	-12	8	-1	4	-1	1	-13	-10	-7	1	17	6	-7	4	14	13	-5	0	-1	5	3	0	2	-4	3	2	-2	0	0	-1																																									
0	3	-1	-14	-2	3	0	10	-6	-18	5	2	2	-1	4	6	9	-1	8	-13	7	13	5	-3	-5	-6	-15	18	0	-15	17	-1	3	-6	-2	5	-7	-7	-1	4	-5	2	2	-10	5	8	0	-1	0	2																																									
0	3	-2	-11	-2	-2	0	4	3	-16	5	1	0	-7	-2	4	-1	-1	-3	-5	1	10	1	4	3	4	-8	-2	-3	-4	-15	0	7	3	14	13	2	-7	6	-4	-6	3	5	5	-2	-5	0	-1	0	-1																																									
0	-3	0	-8	-1	0	-3	10	2	-14	6	3	-4	-2	-6	2	5	-5	9	7	-4	9	15	8	1	1	7	8	-8	10	-12	1	-9	-3	14	3	-5	-3	3	3	5	10	4	-1	-8	-3	-2	1	0	-2																																									
50
20
0	33666	36423	34844	33293	29636	34900	33536	37989	30545	34649	33925	36409	37723	37725	37157	34926	36695	36264	35768	36801	35950	35889	35169	36766	35955	37060	33779	34275	36814	35005	34503	36874	37537	34870	36278	36380	37429	35914	37131	34211	36851	37433	34042	34676	34298	40696	40303	40292	39967	
33872	9.99999e+008	4347	2062	1157	4097	1234	4680	5761	4329	3962	4854	6118	6713	6391	6394	7851	5600	4360	5137	5993	4231	4600	4853	4284	5660	5844	5234	5201	5033	5089	5103	6583	6154	4183	7351	5172	5784	4374	5058	6988	7421	7031	4186	4365	4511	10384	9292	9314	7260	
37078	4463	9.99999e+008	3615	5118	8137	4462	2960	2482	6030	2026	2899	3050	2934	2419	3326	5805	2532	769	2030	2925	810	1646	1672	633	2513	2036	3488	3428	1442	2624	3148	3515	2163	1804	4277	2104	1922	1385	1407	5036	4314	3610	2979	2408	2556	6941	5398	5387	3994	
35392	2017	3693	9.99999e+008	1503	5594	1252	2689	5818	4147	1973	2865	4405	5750	5718	5422	5860	4723	3760	3916	4828	3821	3811	2864	4183	3948	5053	3243	3212	4433	3100	3114	4870	5530	2194	5560	4373	5258	3839	4648	4997	5788	6069	2197	2375	2522	9412	8330	8319	7384	
33920	1157	4767	1551	9.99999e+008	4492	1662	4170	6133	4041	3452	4344	5884	7229	6877	6901	7340	6202	4780	5395	6307	5094	5290	4343	4656	5427	6494	4723	4691	5453	4579	4593	6349	6621	3673	7039	5852	6156	5318	5430	6478	7267	7548	3676	3854	4001	10891	9809	9730	7632	
30265	4097	8148	5930	4492	9.99999e+008	5331	7289	9299	4381	6753	7646	9185	10334	9819	10202	10643	9503	8306	8695	9608	8328	8590	7643	7821	8728	9436	8026	7992	8784	7879	7895	9650	9692	6973	10340	9216	9321	8471	8596	9811	10568	10849	6977	7155	7303	14192	12798	12787	10816	
35126	1254	3644	1379	1378	5351	9.99999e+008	3999	5742	5419	3282	4173	5415	6010	5688	5691	7170	4897	3656	4434	5290	3528	3896	4172	4181	4957	5141	4553	4521	4329	4408	4422	5880	5497	3502	6648	4469	5256	3671	4794	6307	6718	6328	3505	3684	3830	9681	8589	8611	7240	
34139	4727	3067	3003	4213	7298	3962	9.99999e+008	4662	4268	1294	613	3085	4430	4398	4102	3385	3403	2908	2441	3508	2712	2563	1754	3331	2628	3733	768	1094	3488	1679	1176	3550	4210	1514	3413	3053	4102	2588	3796	2522	4087	4749	687	1262	884	7821	7010	6999	6532	
38832	6628	2989	6189	7056	10178	6224	4840	9.99999e+008	8604	4494	4320	3044	2269	1996	3103	5799	2525	2709	2842	2918	2952	3304	3665	2395	2699	1613	4909	4613	2155	3423	4165	3472	1630	4272	4277	2400	1122	2847	1972	5350	4207	3272	4949	3927	4276	6424	4881	4392	4516	
31245	4466	6054	4429	4094	4521	5387	4194	8479	9.99999e+008	4635	4733	7205	8451	8379	8123	7269	7385	6421	6561	7529	6482	6472	5525	6687	6610	7715	4748	5132	7094	5761	5296	7670	8191	4855	7533	7034	7919	6500	7309	5607	8207	8770	4027	5037	5073	11941	11031	11020	10045	
35332	3943	1775	2253	3756	6775	3212	1560	3846	4670	9.99999e+008	1499	2623	3965	3885	3637	4705	2942	1788	1944	3043	1849	1839	892	2211	2166	3327	2088	2028	2461	1677	1748	3088	3629	222	3856	2591	3286	1867	2676	3937	4006	4284	1233	911	1156	7627	6545	6534	5412	
34992	5599	3751	3875	5095	8267	4834	969	4445	5121	2238	9.99999e+008	2565	4060	4141	3668	3206	3032	3146	2224	3138	2862	2262	1970	3648	2351	3516	589	536	3187	1378	959	3030	3954	2439	2800	2836	3885	2287	3504	2438	3474	4211	1656	1291	1098	7208	6640	6629	6849	
37117	5828	3046	4643	6146	9165	5602	3289	2517	7058	2623	2686	9.99999e+008	1601	1682	1273	2755	573	2441	1413	679	2235	1875	2149	2763	908	1600	2718	2366	2122	1555	2593	465	1728	2404	1233	946	1957	1780	2598	2355	1444	1825	3304	2058	2407	5119	4181	4170	5945	
38508	6769	3130	6237	7197	10319	6365	4565	1621	8652	4167	4045	1817	9.99999e+008	753	834	3566	1825	2676	2567	1334	2919	3029	3390	2536	2065	1580	4489	4167	2122	3098	3932	1522	1014	3948	2287	1737	1318	2573	2113	4172	1938	1003	4674	3652	4001	4155	2612	2601	5049	
38090	6323	2528	5502	6751	9873	5919	4097	1432	7918	3708	3534	1650	515	9.99999e+008	1334	4068	1658	1923	2057	1167	2166	2519	2879	2090	1897	827	4123	3911	1369	2638	3423	2023	568	3486	2789	1614	872	2062	1667	3898	2441	1503	4207	3141	3490	4522	2979	2968	5172	
37675	6476	3695	5757	7260	10279	6716	4105	3261	8172	3737	3586	1114	2139	2219	9.99999e+008	3141	1223	3090	2062	1217	2884	2523	2884	3412	1558	2343	3655	3333	2885	2643	3425	689	2472	3518	1606	1714	2701	2429	3341	3469	1259	695	4278	3172	3521	3990	4669	4657	6688	
35731	7863	5817	6139	7349	10663	7098	3449	5288	6854	4659	3419	2771	4286	4060	2784	9.99999e+008	3344	5212	4184	3450	5006	4646	4385	5534	3428	4371	2626	3122	4893	3764	3486	2428	4499	4846	1733	3717	4728	4551	5369	1405	1925	2662	4054	3818	3623	5955	6248	6236	8684	
37614	5760	2750	5015	6518	9537	5974	3475	2218	7430	2997	2823	676	1315	1396	987	3431	9.99999e+008	2145	1345	393	1939	1807	2168	2467	842	1300	3356	3003	1823	1926	2709	1102	1429	2775	1909	647	1658	1484	2298	3031	1862	1634	3452	2430	2779	4977	3895	3884	5645	
37001	4427	605	3579	5082	8101	4354	2924	2160	5995	1991	2404	2443	2612	2097	2718	5198	1925	9.99999e+008	1423	2318	314	1152	1225	525	1906	1714	2993	2934	673	2017	2654	2908	1841	1769	3670	1497	1600	889	1138	4429	3706	3005	2944	1912	2094	6619	5076	5065	3726	
36395	4806	1712	4075	5578	8597	5034	2403	2398	6490	2054	1883	1489	2359	2037	2033	4242	1239	1107	9.99999e+008	1632	903	853	1214	1431	876	1490	2472	1915	1289	987	1728	1917	1849	1835	2496	811	1838	447	1664	3399	2676	2678	2512	1490	1839	6023	4939	4928	4630	
37662	5940	2798	5145	6648	9667	6104	3523	2253	7561	3125	3003	776	922	1003	594	3327	784	2193	1525	9.99999e+008	1987	1987	2348	2515	1141	1493	3388	3035	1871	2057	2728	938	1389	2907	2009	695	1693	1532	2449	3022	1698	1241	3632	2561	2910	4584	3502	3491	5716	
36735	4299	919	3893	5396	8396	4645	2712	2451	5868	1851	2139	2240	2482	2160	2516	4995	1722	314	1220	2115	9.99999e+008	887	959	816	1703	1613	2728	2668	964	1814	2388	2705	1971	1629	3467	1294	1891	575	1429	4226	3504	2800	2726	1646	1828	6481	5061	5083	4017	
36137	3953	1519	3400	4903	7922	4359	2114	3051	5817	1253	1540	2000	3013	2691	2684	4746	1891	914	1114	2268	650	9.99999e+008	361	1418	1387	2184	2129	2070	1564	1357	1790	2429	2503	1031	3151	1465	2491	666	1883	3978	3188	3331	2128	1048	1230	6674	5593	5614	4619	
35777	4391	1830	3039	4542	7561	3998	1754	3362	5456	892	1228	1941	3130	3042	2802	4434	2103	1225	1054	2208	959	993	9.99999e+008	1727	1328	2435	1817	1757	1875	996	1477	2369	2854	670	3092	1775	2802	977	2194	3666	3168	3449	1769	736	917	6792	5710	5699	4928	
37860	4402	806	4397	4830	7952	3829	3742	2087	6812	2808	3346	3212	3119	2845	3487	5967	2694	964	2192	3087	1255	2116	2166	9.99999e+008	2675	2462	3935	3875	1442	2786	3595	3677	2480	2586	4295	2266	1971	1587	1336	5198	4476	3772	3761	2853	3035	7274	5731	5683	3584	
36954	5250	2469	4283	5786	8805	5242	2929	2150	6698	2263	2091	652	1841	1791	1513	3407	814	1864	835	919	1658	1297	1658	2186	9.99999e+008	1244	2514	2161	1664	1194	1867	1080	1603	2044	1764	488	1590	1202	2242	2651	1840	2160	2720	1698	2047	5503	4421	4410	5387	
37263	5523	1701	4675	6082	9197	5248	3270	1250	7091	2924	2750	1474	1714	1392	1864	4229	956	1096	1273	1349	1339	1735	2095	1419	1130	9.99999e+008	3339	3151	542	1854	2596	1902	932	2702	2707	830	690	1362	998	3780	2818	2033	3380	2358	2707	5714	4294	4283	4345	
34620	5237	3689	3513	4723	8037	4472	919	4576	4749	2033	793	2673	4168	4249	3798	2617	3140	3084	2355	3246	2818	2392	1907	3586	2461	3647	9.99999e+008	496	3317	1508	1090	3138	4064	2253	2931	2949	4016	2417	3634	1849	3605	4342	1428	1400	1022	7339	6748	6737	6787	
35217	5549	3701	3825	5320	8347	4784	1516	4115	5346	2188	1003	2179	3674	3755	3302	3080	2646	3096	2174	2752	2812	2212	1920	3558	1965	3209	597	9.99999e+008	3137	1328	909	2644	3568	2389	2435	2453	3555	2237	3454	2052	3109	3846	1946	1241	1048	6843	6254	6243	6759	
37651	5100	1278	4252	5697	8774	4825	3597	1487	6668	2664	3055	1910	1939	1424	2300	4665	1392	673	1323	1785	964	1632	1875	996	1658	1041	3428	2831	9.99999e+008	1902	2644	2375	1168	2442	3143	1170	927	1017	613	4265	3254	2469	3617	2406	2744	5946	4403	4392	4197	
36138	4803	2390	3451	4954	7973	4410	2115	3201	5868	1300	1572	1622	2964	2937	2636	4224	1943	1798	987	2042	1484	884	621	2300	1167	2272	1926	1605	1809	9.99999e+008	1418	2087	2749	1082	2478	1592	2641	909	2126	3381	2968	3283	2129	1180	1529	6626	5544	5533	5501	
35237	4640	2792	2916	4419	7438	3875	1244	3486	5332	1279	724	1909	3254	3222	2926	3692	2227	2187	1265	2332	1922	1488	1011	2689	1452	2557	1233	911	2413	604	9.99999e+008	2374	3034	1500	3047	1877	2926	1513	2730	2612	3292	3573	1354	332	679	6916	5834	5823	5890	
37140	6293	3511	5108	6611	9630	6067	3571	2982	7523	3088	3051	465	1991	2071	843	2607	1038	2906	1878	1069	2700	2340	2614	3228	1373	2065	3121	2799	2587	2020	2958	9.99999e+008	2193	2869	1326	1411	2422	2245	3063	2820	979	1360	3769	2523	2872	4654	4571	4559	6410	
38003	5755	2116	5316	6183	9305	5351	3967	864	7731	3621	3447	2214	1403	1130	2237	4969	1653	1836	1970	2046	2079	2432	2792	1522	1827	740	4036	3740	1282	2551	3293	2642	9.99999e+008	3399	3447	1527	304	2029	1099	4477	3341	2406	4077	3055	3404	5245	3702	4004	4723	
35554	3721	1553	2369	3872	6891	3328	1745	3624	4786	222	1684	2404	3746	3663	3418	4890	2771	1566	1722	2824	1627	1617	670	1989	1996	3105	2273	2213	2239	1458	1933	2869	3407	9.99999e+008	3637	2422	3064	1645	2454	4122	3836	4065	1455	1133	1341	7408	6326	6315	5190	
37047	6988	4206	5777	7247	10299	6736	3475	3677	7743	3783	2955	1160	2686	2766	1534	1746	1733	3601	2573	1764	3395	3035	3309	3923	1864	2760	3024	2702	3282	2715	2861	695	2888	3564	9.99999e+008	2106	3117	2940	3758	3100	674	1411	3721	3193	2998	4706	4999	4987	7105	
36967	5245	2103	4500	6003	9022	5459	2828	1704	6915	2482	2308	946	1667	1345	1222	3701	428	1498	830	821	1292	1292	1653	1820	488	798	2897	2649	1176	1411	2355	1411	1157	2260	2179	9.99999e+008	1144	837	1754	3138	2290	1917	2937	1915	2264	5212	4247	4236	5021	
37710	5506	1867	5067	5934	9056	5102	3718	560	7482	3372	3198	1922	1389	874	2208	4677	1403	1587	1720	1796	1830	2182	2543	1273	1577	491	3787	3491	1033	2301	3043	2350	953	3150	3155	1278	9.99999e+008	1725	850	4228	3265	2377	3827	2805	3154	5396	3853	3842	4474	
36752	4442	1481	4015	5518	8537	4974	2729	2387	6432	1868	2155	1783	2387	2065	2058	4538	1265	889	763	1658	575	615	976	1391	1325	1518	2744	2678	900	1357	2099	2248	1877	1646	3016	837	1827	9.99999e+008	1217	3769	3047	2705	2743	1663	1845	6048	4966	4955	4592	
37680	4656	1017	4217	5084	8206	4252	3562	1762	6632	2628	3166	2423	2215	1700	2813	5178	1905	784	1836	2298	1075	1936	1986	423	2171	1316	3755	3344	513	2415	3157	2888	1444	2406	3656	1683	1202	1370	9.99999e+008	4778	3767	2982	3581	2696	2855	6222	4679	4668	3624	
34762	6827	4950	5103	6314	9627	6062	2509	4540	5449	3594	2383	2198	3693	3774	3365	1675	2665	4345	3238	2771	4085	3485	3222	4587	2488	3623	1687	2084	4152	2601	2504	2663	3751	3683	2501	2976	3980	3510	4620	9.99999e+008	3175	3912	3018	2644	2612	7092	6273	6262	7868	
37682	7317	4430	6132	7635	10654	7091	4146	3693	8414	4112	3626	1489	2361	2441	1164	1951	2062	3825	2902	1925	3619	3364	3638	4147	2342	2956	3695	3373	3498	3044	3532	1024	2829	3893	671	2327	3133	3164	3928	3356	9.99999e+008	1041	4392	3547	3669	4336	4629	4617	7065	
38026	6759	3617	6014	7517	10536	6973	4342	3059	8429	3948	3822	1465	1741	1822	351	2604	1574	3012	2344	1112	2806	2806	3167	3334	1909	2142	4006	3684	2684	2876	3776	1040	2272	3726	1325	1514	2499	2351	3140	3820	975	9.99999e+008	4451	3429	3778	3681	3974	3962	6410	
34508	4040	2800	2316	3526	6962	3275	721	4871	4030	1027	1028	3454	4799	4766	4471	4106	3772	2813	2857	3877	2762	2864	1915	3236	2997	4102	1489	1426	3486	2148	1592	3919	4578	1247	3774	3421	4311	2890	3701	3243	4448	5118	9.99999e+008	1424	1046	8182	7379	7368	6437	
35256	4308	2462	2585	4088	7107	3544	1231	3994	5000	950	660	2514	3763	3674	3435	3866	2736	1857	1687	2841	1592	1625	681	2359	1960	3067	1249	1189	2507	892	909	2979	3486	1170	3370	2408	3434	1609	2826	3098	3800	4082	1246	9.99999e+008	349	7425	6342	6332	5560	
34907	4511	2699	2787	4290	7310	3747	884	4078	4928	1151	343	2408	3753	3720	3425	3549	2726	2094	1857	2831	1828	1862	917	2596	1951	3056	932	872	2744	1102	592	2873	3532	1341	3125	2375	3518	1846	3063	2781	3791	4072	898	378	9.99999e+008	7415	6333	6322	5797	
41417	10191	7049	9446	10949	13968	10289	7774	5544	11861	7428	7254	4894	4178	4849	3780	6182	5003	6444	5776	4690	6238	6238	6599	6460	5338	5676	7397	7075	6122	6357	7205	4469	4938	7206	4751	4946	5242	5782	6037	7249	4403	3578	7883	6861	7210	9.99999e+008	1632	2593	5041	
41082	9148	5509	8567	9576	12698	8744	6943	3999	10982	6547	6423	4196	2633	3304	3467	6199	4204	5227	4945	3713	5407	5407	5768	4915	4443	4131	6809	6457	4673	5478	6310	4155	3393	6328	4920	4115	3697	4952	4492	6444	4571	3636	7052	5982	6331	1630	9.99999e+008	1048	3496	
41077	9143	5504	8561	9571	12693	8588	6938	3994	10976	6592	6418	4191	2628	3299	3462	6194	4199	5222	4940	3708	5402	5402	5763	4910	4439	4126	6803	6450	4668	5472	6306	4150	3388	6370	4915	4110	3692	4947	4487	6437	4566	3631	7047	5976	6325	2795	1252	9.99999e+008	2448	
40612	7218	3951	7149	8023	10768	6645	6494	4326	9564	5560	6098	5821	4941	4773	5775	8507	5302	3716	4946	5695	4007	4846	4918	3357	5428	4390	6687	6627	4166	5539	6347	6249	4408	5338	7054	5020	3899	4582	3653	8079	6879	5944	6513	5605	5787	5069	3526	2633	9.99999e+008	
0.2
0.2