40																																																																																										
9999999	19	19	15	33	11	22	33	21	29	25	26	34	19	35	22	15	22	23	23	33	26	39	19	15	19	22	22	23	19	18	19	22	27	15	14	15	25	15	29																																																			
0	7	12	7	0	11	7	5	11	8	5	5	13	6	14	11	4	5	3	13	29	8	5	0	6	0	2	6	12	10	9	9	13	8	1	4	7	20	8	9																																																			
91																																																																																										
0.010989011	0.010989011	0.010989011	0.010989011	0.010989011	0.010989011	0.010989011	0.010989011	0.010989011	0.010989011	0.010989011	0.010989011	0.010989011	0.010989011	0.010989011	0.010989011	0.010989011	0.010989011	0.010989011	0.010989011	0.010989011	0.010989011	0.010989011	0.010989011	0.010989011	0.010989011	0.010989011	0.010989011	0.010989011	0.010989011	0.010989011	0.010989011	0.010989011	0.010989011	0.010989011	0.010989011	0.010989011	0.010989011	0.010989011	0.010989011	0.010989011	0.010989011	0.010989011	0.010989011	0.010989011	0.010989011	0.010989011	0.010989011	0.010989011	0.010989011	0.010989011	0.010989011	0.010989011	0.010989011	0.010989011	0.010989011	0.010989011	0.010989011	0.010989011	0.010989011	0.010989011	0.010989011	0.010989011	0.010989011	0.010989011	0.010989011	0.010989011	0.010989011	0.010989011	0.010989011	0.010989011	0.010989011	0.010989011	0.010989011	0.010989011	0.010989011	0.010989011	0.010989011	0.010989011	0.010989011	0.010989011	0.010989011	0.010989011	0.010989011	0.010989011	0.010989011	0.010989011	0.010989011	0.010989011	0.010989011	0.010989011
0	0	5	-2	15	-11	-1	28	-1	7	3	12	2	2	14	-3	4	7	12	-12	-6	-8	27	17	3	10	-1	11	-5	0	0	-9	1	-4	8	7	2	5	7	2																																																			
0	-2	7	5	13	-10	-4	7	10	9	3	7	3	5	-8	-11	11	13	19	-6	-10	0	20	19	-6	19	18	6	-4	9	-9	0	-8	6	13	10	3	2	2	-6																																																			
0	-7	-12	8	17	-8	15	7	-11	12	9	1	17	6	-2	-9	11	17	-2	3	-29	-8	15	15	-3	7	5	15	-4	-4	1	9	1	6	1	10	-7	5	2	9																																																			
0	-7	2	-4	33	-1	-5	6	4	2	15	18	-4	6	-2	-3	3	8	-3	5	-2	7	4	1	9	19	8	2	11	-10	-1	-1	1	-6	3	10	5	-9	-8	6																																																			
0	8	5	-1	27	-11	-7	7	-11	3	-5	5	21	13	3	4	9	0	3	3	4	0	17	3	9	17	20	10	10	4	-2	-2	-10	19	13	-2	0	5	5	4																																																			
0	-7	-6	-2	33	-10	5	25	-11	10	0	19	-9	4	3	5	11	2	3	3	1	7	18	3	-4	5	20	-1	0	-6	4	-5	-9	-2	7	4	1	5	-8	6																																																			
0	-7	-1	-4	24	-3	-7	-2	10	-8	-5	-5	-13	5	2	-3	-4	1	7	10	-23	5	3	12	-4	19	0	-6	-2	-10	1	1	-2	-8	-1	7	-5	-2	-8	-1																																																			
0	1	6	6	16	-7	-2	11	10	2	8	14	2	-1	0	0	8	4	7	4	-29	9	15	14	3	17	6	11	0	9	-8	5	5	0	11	8	-3	-9	4	-3																																																			
0	-4	1	-4	23	-7	3	25	-2	13	6	17	8	-2	7	-2	11	5	-3	-1	-15	-8	6	19	8	19	0	-1	-1	5	-2	-5	1	-2	-1	0	-5	0	7	-4																																																			
0	-3	7	-6	5	-9	15	22	0	7	2	20	-6	13	20	3	1	13	20	7	-12	1	24	19	-1	16	10	6	-7	4	3	10	-4	7	4	9	3	5	-1	9																																																			
0	-4	1	0	31	-8	15	24	4	9	4	7	9	13	2	0	4	13	12	-2	-29	-1	-5	9	8	19	7	4	-1	9	-9	3	-4	8	3	5	5	3	-2	-7																																																			
0	2	7	-3	26	-8	-2	3	-11	14	-2	11	8	-3	4	-6	4	-2	2	0	4	18	13	13	4	19	14	16	3	-8	2	7	-4	-8	6	-4	-7	5	7	-8																																																			
0	5	4	-2	16	0	-6	4	-1	19	-5	21	2	12	-6	5	6	-5	7	1	-1	16	22	11	-5	19	20	8	-5	-10	-4	5	-6	-4	4	6	6	-4	4	-4																																																			
0	-2	6	1	14	-2	2	23	7	2	7	12	-2	11	10	6	3	-5	5	-2	-6	15	8	14	-2	16	-2	3	-1	-1	-1	2	-6	-8	-1	7	-7	-11	7	4																																																			
0	1	-12	8	15	-10	9	28	-4	14	20	18	7	1	13	-8	11	2	19	2	-10	4	6	17	-6	16	10	1	-12	9	-2	6	3	12	8	3	-3	-10	1	-1																																																			
0	4	3	-7	14	-7	-1	-5	4	0	10	20	-5	7	5	1	0	-5	8	2	-3	-8	10	19	1	15	-2	14	-3	6	4	1	-4	-6	12	-3	-4	1	3	5																																																			
0	-7	7	8	10	-11	2	3	-1	-1	16	-5	15	-5	8	7	10	-5	4	-2	3	4	2	19	9	13	6	4	8	-3	2	2	9	7	-1	10	1	-9	-3	-1																																																			
0	3	6	8	0	-11	1	3	-11	10	10	1	21	0	8	-5	-1	17	12	-4	-24	0	8	11	2	19	12	6	-8	-7	-1	7	9	9	10	10	-7	5	7	0																																																			
0	11	0	-1	29	0	3	14	1	6	17	16	16	13	2	0	8	-4	-3	-2	4	17	3	0	9	19	13	10	-3	-10	2	4	-1	4	12	-2	8	-15	-7	-1																																																			
0	0	4	-4	16	-7	4	8	-9	-8	7	3	-5	13	-7	-6	0	1	-3	-9	-20	18	7	10	8	18	12	16	-2	-10	8	-9	-6	-3	10	4	8	-4	6	9																																																			
0	-7	-1	-2	0	-11	2	-1	10	2	7	-2	-1	-6	-8	4	-3	8	11	-1	-29	4	12	12	9	17	9	6	1	-10	-3	10	-13	7	5	10	1	-7	-1	-1																																																			
0	-7	2	-4	13	-1	2	10	10	6	-1	20	3	-1	1	-11	11	4	3	0	-25	-8	29	18	0	14	3	10	5	-2	-5	4	0	-4	7	-4	3	-16	7	-2																																																			
0	-3	-5	2	19	-8	1	9	-7	-8	20	12	6	-5	9	-2	6	17	8	-7	-29	18	19	15	1	19	17	16	3	8	5	-5	0	8	8	0	-6	-19	0	-7																																																			
0	-7	0	-7	12	-10	4	14	3	6	20	4	5	6	-3	-7	6	-4	13	1	-3	7	22	1	-6	19	-2	1	1	4	-1	3	-1	7	-1	6	0	-8	2	8																																																			
0	10	7	-6	31	-4	-2	-5	-11	-8	-3	15	18	3	-12	5	6	16	19	-3	3	9	4	5	9	19	13	7	7	0	-4	1	6	19	3	5	5	3	7	-2																																																			
0	-7	-2	-3	33	-2	-4	15	0	16	17	21	11	13	2	11	5	17	2	-8	4	-5	11	1	9	11	0	11	-1	-1	-1	2	-4	7	4	-3	-7	-12	6	20																																																			
0	6	-3	-2	20	0	-7	13	-11	19	13	18	11	5	8	-1	7	-2	9	-9	-29	14	-1	19	1	19	19	12	6	-9	9	-9	-11	-2	9	6	4	-13	2	-9																																																			
0	12	7	-1	11	-5	9	-2	-4	-5	10	7	3	-6	15	-7	-4	13	17	-11	-14	13	2	19	2	7	-2	12	-5	9	-9	6	-4	5	14	6	-4	-20	7	1																																																			
0	8	-3	-5	9	-11	1	11	-11	4	0	7	6	-2	11	-6	10	4	20	-5	-29	-3	14	18	-6	19	5	11	-5	-3	3	4	4	2	3	6	7	2	-2	-2																																																			
0	12	-3	2	27	-6	5	15	-4	10	14	-1	21	12	-2	11	2	1	18	-4	-29	7	0	16	9	19	11	5	11	8	-4	4	2	19	12	5	-7	-5	1	10																																																			
0	3	-9	-1	22	-6	-2	-2	-5	-7	20	-3	5	2	3	4	-4	4	-3	3	4	4	5	15	8	19	5	16	-3	3	-6	1	9	15	5	3	8	-4	-5	18																																																			
0	3	-7	1	6	-11	10	28	3	21	19	10	13	13	-5	3	5	11	20	-7	-14	16	19	0	9	1	7	4	-2	6	4	5	0	1	1	10	2	-10	7	-8																																																			
0	0	-1	7	23	-3	-6	0	-11	21	13	6	10	10	-7	9	5	-5	15	6	4	18	-5	15	2	19	20	16	5	-1	-9	2	-3	3	6	0	5	-20	7	-3																																																			
0	7	-2	-2	30	-11	1	24	-11	21	-3	11	-9	13	6	9	0	12	-3	-13	4	9	17	0	-6	19	-2	13	11	1	5	3	-1	-6	6	-4	5	-12	7	10																																																			
0	5	1	8	16	-7	0	3	-11	-5	0	3	0	5	20	6	6	8	18	7	-9	11	-2	19	-3	13	20	6	-11	2	-5	1	9	18	1	-1	-7	-19	-3	-7																																																			
0	12	-12	2	12	-11	15	-2	0	13	12	-5	7	1	-7	-10	9	16	0	-3	-6	3	9	5	-1	19	10	5	-1	2	-7	6	4	19	1	9	-3	4	-6	-6																																																			
0	-7	7	5	11	-9	-1	11	-11	15	9	2	17	-2	-9	-3	-4	3	13	-4	-19	-2	8	14	8	19	8	-1	1	9	8	1	-5	6	5	5	8	-16	-7	1																																																			
0	-7	-11	-2	23	-7	4	7	5	21	12	11	9	2	1	-3	-1	1	4	-5	-14	5	27	19	7	19	2	7	1	2	-6	3	9	-8	8	10	3	0	6	0																																																			
0	-7	-10	3	12	-7	3	22	-11	20	20	4	11	-2	-7	-3	11	6	19	-9	-22	3	5	5	2	13	9	16	9	5	-7	9	-5	11	6	10	-7	-12	7	0																																																			
0	8	-3	3	33	0	-3	11	-9	11	20	3	13	7	-11	-1	-1	10	20	10	4	13	27	5	3	19	16	8	-11	-2	-2	1	-1	1	14	-4	8	-19	3	6																																																			
0	7	6	-6	3	-7	15	-5	-11	-1	-1	2	15	12	-4	11	-4	7	14	-7	-2	18	29	5	6	19	6	5	5	5	3	7	-9	-6	10	8	8	-20	7	-4																																																			
0	-7	-2	8	17	-8	15	10	-11	-2	6	12	14	-2	3	2	11	0	3	-7	-21	5	3	7	-6	13	15	5	2	6	-9	10	3	14	7	10	-6	-9	3	-1																																																			
0	-5	2	-7	0	-5	-4	-3	-7	0	7	1	-3	5	-3	-10	5	-4	5	-3	-2	-4	-5	15	0	0	-2	-6	-6	-4	2	2	-3	8	11	3	1	3	-8	2																																																			
0	12	-2	3	13	-10	-4	19	-11	11	0	10	4	-3	3	-8	-4	1	20	-3	-29	11	14	13	4	19	0	13	2	5	9	6	3	-3	14	7	3	-8	7	-2																																																			
0	9	-10	-1	12	-6	0	17	-1	0	6	9	9	1	6	4	-4	4	11	-10	-20	15	2	12	9	8	14	1	-2	-3	-5	10	2	2	10	2	5	-2	1	-3																																																			
0	8	-12	-4	33	-10	7	-5	-11	18	19	9	10	9	0	-1	-4	0	20	4	4	10	-1	4	0	17	9	16	-12	9	1	6	3	3	14	1	0	-18	1	7																																																			
0	12	7	-6	33	-8	-5	15	-11	14	13	21	2	13	0	-6	8	17	3	4	4	12	10	10	9	19	20	16	3	-1	-1	-5	-7	-4	14	6	8	2	-7	-7																																																			
0	5	-8	-3	20	-3	-2	22	-10	21	4	-5	-3	2	-6	1	11	13	1	-9	-11	18	29	8	-6	19	14	13	9	3	5	-7	-2	10	-1	8	-6	-20	5	1																																																			
0	12	-1	4	23	-11	-3	-5	10	3	6	0	0	6	-3	7	0	-5	0	-1	-20	-1	18	1	-3	17	-2	8	-10	6	-3	3	-2	13	1	4	4	-1	-8	0																																																			
0	-3	2	6	14	-6	0	-1	-3	7	13	9	5	7	5	-3	-3	-2	10	-3	-28	3	13	19	7	5	2	-6	4	-10	7	-3	-9	-7	11	1	8	-7	4	-3																																																			
0	-7	2	3	20	-3	4	11	-11	3	14	4	19	8	9	-5	1	7	12	-11	-5	7	29	7	0	19	12	13	-6	1	-8	-8	6	-5	4	-4	-4	-6	4	0																																																			
0	5	5	2	14	-11	0	4	2	8	13	9	4	-6	20	-2	-1	9	12	-1	4	15	19	9	1	11	8	13	-1	7	0	1	5	-7	6	10	2	0	5	-3																																																			
0	8	-3	4	5	-3	-7	8	-10	11	1	8	0	6	-4	-6	2	17	4	-2	-29	1	6	12	9	19	3	0	-4	7	-9	-1	3	13	12	-1	4	-1	-8	13																																																			
0	12	4	-6	14	0	6	19	-11	-1	-5	12	3	6	-6	7	-4	12	3	-13	-27	18	-5	14	-6	19	20	0	5	-4	0	-2	0	4	-1	-2	8	5	0	-1																																																			
0	12	-7	-5	33	-2	-7	-5	0	5	3	11	8	-6	-5	-5	6	-5	13	-5	-24	15	18	17	-6	19	10	13	11	2	4	-6	-2	8	13	2	7	-3	3	3																																																			
0	-1	-5	5	20	-4	-3	8	10	4	3	0	8	-4	-3	5	0	-1	2	-5	-29	1	0	0	4	16	-1	-4	-5	9	4	-8	-1	6	8	-3	2	2	-6	0																																																			
0	12	-3	3	22	-8	0	-5	-5	-2	14	6	-12	5	4	-5	1	-2	20	-5	-5	4	10	19	8	19	8	-2	-8	-1	4	2	-11	3	3	4	7	-20	3	-7																																																			
0	12	-1	2	9	-5	0	11	-2	-4	15	1	2	3	4	1	-3	-5	4	-3	-29	15	2	14	-1	19	0	13	-8	4	-2	-7	-5	14	7	1	-6	1	1	6																																																			
0	3	-4	0	11	-8	4	11	7	8	15	2	-3	6	-2	-2	-2	2	9	-10	-17	8	23	11	-4	19	12	8	0	-3	-3	3	-8	9	14	9	4	-16	-1	1																																																			
0	-7	-9	2	14	-7	1	10	-11	7	8	16	8	7	5	3	11	7	10	-4	2	5	16	19	8	15	9	6	10	9	3	8	-4	14	7	9	2	-8	-8	-3																																																			
0	12	-10	7	30	-1	15	7	-11	21	8	0	10	8	-3	4	6	17	19	-13	4	-5	-5	3	1	16	18	16	8	-10	6	7	8	14	9	1	6	-1	-8	-2																																																			
0	5	-12	0	4	0	-1	12	-11	15	-5	3	-9	7	0	-5	6	10	0	10	-4	-1	29	1	3	19	20	5	10	-5	0	1	-6	1	0	-4	4	-19	-2	-4																																																			
0	-7	-3	5	22	-5	12	10	5	21	11	-4	15	-3	3	-4	-4	-1	0	3	4	12	-3	6	3	19	19	14	-4	-5	-2	-3	-13	10	1	10	8	3	-1	6																																																			
0	-7	-2	5	12	-7	3	19	10	6	0	9	7	11	-9	-9	6	1	-3	-1	-29	0	2	5	-1	19	-2	4	1	5	1	-4	4	-3	9	7	-1	-12	3	-6																																																			
0	1	5	5	5	-11	8	-1	-4	8	8	8	11	4	8	-8	3	3	1	-4	-2	3	13	19	3	7	-1	4	1	-1	0	-3	-5	14	14	5	-2	-2	-1	2																																																			
0	-3	7	7	12	-3	2	2	6	3	-3	2	14	7	3	2	4	4	7	1	-29	-7	7	19	6	12	-1	1	-1	1	-3	-7	-1	-2	2	5	-2	0	3	-6																																																			
0	-1	7	0	10	-8	11	19	-11	4	7	1	8	13	9	0	7	-3	17	6	-3	-7	6	5	8	19	-1	-3	-7	1	-4	5	-1	12	8	9	6	-1	7	6																																																			
0	2	-12	4	33	-1	12	22	-3	20	19	-1	21	-2	-13	4	11	11	2	-10	-19	6	6	2	-6	17	-1	-6	-6	3	3	-1	2	12	9	-1	-4	-18	-3	-9																																																			
0	-2	-7	-7	23	-10	3	0	-11	21	0	-3	11	13	12	10	11	7	15	-9	-15	-5	24	5	-6	19	2	11	2	2	2	-5	-9	-1	5	-1	-7	-13	-8	7																																																			
0	2	-6	3	14	-11	5	4	5	-8	19	0	1	-6	-4	-4	5	-1	16	5	-11	-8	0	17	2	16	2	1	-5	-8	-3	1	-8	0	3	5	5	-5	-4	3																																																			
0	0	-3	4	2	-7	3	4	-5	3	12	6	6	1	6	0	6	5	12	-12	-29	-7	-5	16	5	10	2	-3	1	-7	-2	1	-6	1	0	9	4	-3	2	-5																																																			
0	-4	7	-2	19	-6	-7	4	10	-1	12	8	-8	-1	4	-11	4	5	-1	-2	-29	-8	4	9	4	19	-2	1	-4	-5	-5	-3	-10	13	7	3	0	-6	7	-1																																																			
0	-7	2	7	11	-11	0	-3	-5	-2	2	-1	5	4	8	0	4	1	7	1	-11	0	19	14	5	19	2	10	-12	5	0	1	4	-6	4	7	3	0	-4	-4																																																			
0	5	0	-7	33	0	7	28	10	9	6	-1	19	-2	-1	3	6	-5	20	-2	-10	8	-5	17	9	19	5	-5	1	0	-4	6	6	1	14	10	-4	-20	5	-1																																																			
0	1	-8	1	16	0	12	28	-7	4	17	21	4	5	-3	-10	-1	4	7	-3	-5	4	-5	0	-1	19	11	9	3	-3	-4	10	-4	10	7	-4	-1	2	-2	-1																																																			
0	9	-12	-1	20	-9	14	5	-11	-4	12	7	-4	-6	0	2	4	6	-3	-3	-19	-5	0	19	-1	19	13	16	-9	-1	1	-5	0	-3	5	4	8	5	-8	3																																																			
0	6	3	-7	24	-10	-3	0	5	-2	20	2	-6	11	-1	-4	0	8	-3	-5	-29	5	15	19	8	14	4	8	-2	-8	9	1	1	15	3	10	-1	-4	2	-7																																																			
0	-3	4	0	16	-2	-4	12	10	-1	1	1	14	4	8	1	5	7	-1	-3	-20	0	15	8	-6	19	-2	4	-7	4	-8	-9	-8	0	14	3	4	-4	-1	7																																																			
0	-7	2	-1	23	-11	2	-5	-2	-5	0	2	6	2	-1	10	10	-1	10	-3	-18	-1	20	17	-6	19	8	0	-3	-2	2	-9	-4	-5	-1	4	0	2	-2	-4																																																			
0	4	2	8	21	-4	3	8	-11	4	19	7	5	4	12	0	-1	-3	3	-4	3	17	-3	5	3	15	-1	1	-2	4	-9	0	-2	8	6	10	-3	1	1	4																																																			
0	-5	2	8	29	0	5	8	-3	7	16	19	13	13	3	-5	-4	0	8	-10	4	18	5	8	0	19	-2	-3	7	5	-3	-6	4	19	1	6	-3	-5	2	-5																																																			
0	-6	3	-7	33	-4	-6	28	2	3	11	-4	6	-3	-8	2	8	17	11	0	-11	6	9	8	5	19	20	10	-11	8	9	-8	-2	13	1	-4	1	3	-6	-3																																																			
0	11	-5	-2	29	-3	-2	18	-11	7	20	6	15	5	-1	-1	-3	17	-3	-3	-10	-4	8	10	-6	19	13	15	-1	0	0	-1	1	-1	-1	9	-5	1	-4	-2																																																			
0	11	7	8	16	-5	-3	3	10	-8	16	-1	-2	3	2	-2	-1	-2	9	-2	-17	1	-5	9	-4	19	-2	0	-2	4	-1	-6	-3	-8	2	8	-3	-14	5	1																																																			
0	-1	-4	-1	16	-8	3	9	7	3	3	-1	-2	-6	10	-9	2	4	5	-3	-1	-8	3	18	-2	14	-2	-3	-3	-6	-6	-8	-13	-3	12	3	-1	2	-5	5																																																			
0	12	-9	-1	8	-2	7	8	-11	0	13	2	10	2	9	0	9	17	17	3	-18	15	23	11	-6	17	-2	7	0	6	1	-1	9	14	1	10	-7	-4	6	2																																																			
0	-1	-12	-3	3	-9	-7	-3	10	-8	-5	5	-3	-6	-13	-4	9	-5	8	-2	4	-6	-5	0	7	9	-2	-4	1	-6	-6	-3	-7	3	2	-4	0	2	-5	-3																																																			
0	3	-5	-2	17	-1	-3	28	-11	12	16	2	10	-2	-4	-11	4	1	13	-4	-17	18	-3	4	6	19	-2	14	-7	9	-8	8	-1	19	0	10	-1	0	-4	-5																																																			
0	12	-7	-1	33	-1	-3	7	-6	11	-4	18	11	3	-4	0	2	-3	12	-3	-22	12	3	13	2	19	0	-2	-1	-5	9	5	-9	18	7	-3	-4	-10	-2	-7																																																			
0	5	3	-1	25	0	-2	11	1	10	20	-1	5	9	7	-10	11	10	-1	1	4	2	6	2	-5	19	0	16	-8	-1	5	2	-7	-8	6	2	1	5	-8	4																																																			
0	-7	3	1	14	-4	-4	2	7	-3	3	8	-6	-6	0	0	-3	-2	4	-8	-2	13	9	8	0	19	2	-6	1	-7	-3	-9	-3	-8	-1	-1	-7	-6	-2	1																																																			
40
35
0	30589	30986	29537	27943	26440	30787	31247	28484	31149	31262	31572	30076	29083	30494	27740	28624	30850	29553	31007	29987	29791	33066	33296	30243	28313	31683	32015	32893	29739	30491	29397	29596	30665	29086	31461	29268	32150	29998	29752	
32314	9.99999e+008	1676	1656	3037	4255	449	1080	2602	589	673	1180	753	1952	1819	4093	2068	338	1276	3272	1109	1252	2622	2852	2347	2420	1215	1547	2438	1476	932	1620	1268	324	2313	1017	1658	4474	1881	2186	
33013	1498	9.99999e+008	2448	4046	4954	1094	900	2852	1299	1887	1225	1867	2515	3249	4875	3343	1451	1774	4765	1151	2527	2760	2754	824	3399	2645	2795	3869	2485	1107	2630	2279	1474	3047	1421	2932	5904	3312	3460	
31244	1291	2283	9.99999e+008	1901	3185	1564	2123	2544	1851	1964	2443	578	907	1236	3023	998	1552	1056	3337	1511	533	3858	4117	2780	1350	2425	2757	3702	315	1539	486	134	1367	1215	2282	787	4101	1299	1379	
29562	2940	3922	1912	9.99999e+008	1503	3251	3772	3317	3500	3595	4092	2284	2089	2613	1341	999	3201	2637	3064	3217	2140	5354	5744	4282	689	3922	4254	4950	1796	3178	1638	1840	3016	1504	3931	1643	4207	2055	1809	
28059	4149	4765	3097	1503	9.99999e+008	4460	4981	3562	4709	4822	5301	3675	2643	4054	1300	2184	4410	3364	4567	3766	3351	6676	6975	4820	1873	5243	5575	6453	3299	4270	2957	3156	4225	2646	5140	2828	5710	3558	3312	
32628	404	1423	1968	3349	4569	9.99999e+008	727	2773	455	793	1047	1069	2266	2155	4407	2382	357	1592	3671	970	1566	2492	2722	2094	2734	1551	1701	2775	1788	679	1933	1582	726	2626	887	1971	4810	2218	2499	
33173	1011	782	2514	3895	5114	660	9.99999e+008	3152	568	1385	420	1716	2713	2798	4952	2927	949	1971	4263	1349	2112	1955	2174	1606	3279	2195	2293	3387	2334	1133	2478	2128	1183	3172	710	2517	5454	2861	3159	
31584	2232	2502	1643	3008	3525	2303	2763	9.99999e+008	2723	2905	3088	1592	1046	2879	3446	2287	2491	1069	4671	1503	2176	4582	4812	1759	2343	3446	3778	4669	1958	2007	1917	1777	2308	1992	2977	2219	5607	2799	2810	
32900	589	1302	2242	3623	4841	457	568	2909	9.99999e+008	817	592	1339	2471	2230	4679	2654	381	1729	3695	1106	1838	2038	2268	1971	3006	1627	1725	2819	2062	861	2206	1854	911	2898	433	2243	4886	2293	2737	
32987	673	2118	2329	3710	4928	834	1385	3275	817	9.99999e+008	1194	1426	2625	1477	4766	2741	436	1949	2942	1666	1925	2017	2430	2788	3093	874	972	2066	2149	1374	2293	1941	995	2986	1032	2331	4133	1540	1984	
33492	1180	998	2834	4215	5433	982	394	3470	592	1194	9.99999e+008	1931	3032	2593	5271	3246	919	2290	4057	1667	2430	1535	1836	1822	3598	1989	2087	3212	2654	1453	2798	2446	1503	3490	481	2835	5248	2655	3099	
31722	713	1808	903	2284	3663	1090	1545	2301	1273	1386	1865	9.99999e+008	1199	1514	3501	1476	974	523	3079	1036	660	3309	3539	2247	1828	1926	2258	3151	723	1064	867	515	789	1560	1704	1065	4379	1577	1593	
30702	1891	2287	856	1962	2643	2088	2548	1637	2451	2564	2873	1178	9.99999e+008	2078	2564	1259	2152	885	4193	1288	1373	4367	4597	2342	1315	3104	3436	4329	1171	1792	871	990	1967	964	2762	1173	4561	1753	1764	
32340	1654	3330	1814	2778	4281	2036	2634	3468	2066	1477	2445	1656	2226	9.99999e+008	4119	2213	1685	2134	2260	2591	1019	2744	3134	3858	2565	1312	1644	2588	1634	2586	1877	1522	1976	2507	2012	1695	2865	758	1312	
29794	3871	4752	2818	1172	1735	4182	4703	3549	4431	4544	5023	3396	2630	3776	9.99999e+008	1906	4131	3351	4236	3753	3072	6398	6697	4807	1595	4965	5297	6122	2968	4085	2679	2878	3946	2411	4862	2549	5378	3227	2981	
30246	1965	2923	913	1003	2187	2276	2797	2398	2525	2638	3117	1491	1090	1870	2025	9.99999e+008	2226	1638	3287	2219	1167	4492	4791	3283	352	3059	3391	4336	1173	2179	773	972	2041	505	2956	644	3806	1458	1212	
32573	264	1682	1915	3296	4514	398	949	2861	381	436	919	1014	2213	1849	4352	2327	9.99999e+008	1537	3314	1230	1511	2361	2591	2352	2679	1246	1344	2438	1735	938	1880	1529	586	2573	756	1917	4505	1912	2356	
31516	1236	1580	674	2272	3457	1381	1841	2010	1796	1909	2166	523	913	1910	3294	1569	1497	9.99999e+008	3602	581	1183	3660	3890	1724	1625	2449	2781	3674	989	1085	1160	808	1312	1273	2055	1461	4775	1973	2053	
32845	3196	4870	3502	3312	4786	3586	4137	5184	3569	2942	3946	3476	3875	2744	4624	3164	3188	3954	9.99999e+008	4303	3029	3267	3681	5540	2926	2095	2427	2781	3322	4126	3346	3336	3518	3669	3514	2923	3248	2329	2245	
31862	1204	999	1297	2895	3803	800	1260	1803	1220	1593	1585	1036	1365	2533	3724	2192	1157	623	4115	9.99999e+008	1696	3079	3309	1569	2248	2351	2501	3574	1612	504	1783	1431	1086	1896	1474	2084	5398	2596	2629	
31548	882	2312	891	2272	3489	1193	1714	2449	1442	1555	2034	644	1303	1341	3327	1302	1143	1122	3045	1579	9.99999e+008	3478	3708	2846	1654	2095	2427	3320	711	1568	858	505	958	1664	1873	892	4206	1403	1490	
34730	2633	2451	4136	5168	6671	2435	1847	4923	2045	2017	1453	3384	4485	2900	6509	4489	2372	3743	3352	3120	3405	9.99999e+008	518	3275	4841	1551	1619	2520	3956	2868	4101	3899	2956	4733	1669	3990	5597	2963	3407	
35152	3018	2755	4557	5590	7093	2820	2176	5308	2430	2430	1838	3769	4870	3322	6931	4910	2757	4128	3776	3505	3827	612	9.99999e+008	3579	5262	1973	2041	3132	4377	3042	4522	4284	3341	5155	2041	4411	6187	3384	3829	
32832	2269	1080	2406	4004	4773	1865	1683	2087	1992	2658	2009	2255	2295	3642	4695	3301	2222	1732	5334	1722	2915	3544	3834	9.99999e+008	3357	3416	3566	4640	2721	1679	2892	2540	2229	3005	2205	3193	6507	3705	3785	
29919	2317	3275	1265	676	1860	2628	3149	2750	2877	2990	3469	1843	1442	2222	1698	352	2578	1990	2935	2571	1519	4844	5143	3635	9.99999e+008	3411	3743	4688	1525	2531	1125	1324	2393	857	3308	996	4158	1810	1564	
33443	1352	2775	2848	3881	5384	1491	2042	3954	1474	874	1851	2103	3260	1613	5222	3201	1093	2626	2301	2323	2118	1476	1822	3445	3553	9.99999e+008	332	1426	2668	2031	2813	2618	1674	3446	1419	2702	4478	1675	2120	
33959	1645	2574	3301	4442	5900	1806	1901	4247	1392	972	1576	2398	3597	2174	5738	3713	1408	2921	2628	2462	2680	1144	1490	3363	4065	826	9.99999e+008	1794	3121	2253	3265	2913	1967	3958	1334	3264	4872	2237	2681	
33831	2739	4184	4395	4299	5772	2900	3451	5341	2883	2066	3260	3492	4691	3543	5610	4151	2502	4015	987	3732	3991	3335	3380	4854	3912	2940	3038	9.99999e+008	4215	3440	4333	4007	3061	4656	3098	3909	4234	3315	3232	
31196	1471	2191	180	1952	3137	1744	2300	2229	2031	2144	2623	758	592	1416	2974	1178	1732	906	3517	1421	713	4038	4297	2630	1305	2605	2937	3882	9.99999e+008	1447	666	314	1547	954	2462	967	4281	1479	1559	
32372	1070	744	1807	3405	4313	666	853	2313	792	1374	1178	1300	1875	2814	4234	2702	1023	1133	4316	510	1960	2685	2915	1415	2758	2217	2346	3440	1918	9.99999e+008	2063	1712	1030	2406	1080	2365	5476	2877	2893	
30959	1302	2701	690	1716	2900	1613	2134	2406	1862	1975	2454	1020	1102	1207	2738	713	1563	1416	3344	1931	502	3829	4128	3140	1065	2396	2728	3673	510	1957	9.99999e+008	525	1378	958	2293	303	3690	882	893	
31461	1197	2627	653	2034	3402	1508	2029	2702	1757	1870	2349	916	1065	1102	3240	1215	1458	1379	3203	1889	399	3724	4024	3103	1567	2292	2624	3568	473	1883	618	9.99999e+008	1273	1427	2189	653	3967	1165	1252	
32258	747	1354	1334	2715	4199	673	1299	2280	1027	995	1619	536	1632	2050	4037	2012	700	1059	3615	785	1196	3012	3291	2025	2345	1869	1967	3061	1154	610	1299	948	9.99999e+008	1992	1456	1601	4915	2113	2129	
30541	2168	3057	1045	1297	2482	2478	3000	1902	2728	2841	3320	1622	985	2073	2319	602	2429	1772	3557	2108	1370	4695	4994	3162	652	3262	3594	4538	1135	2313	977	1179	2243	9.99999e+008	3159	847	4009	1661	1415	
33537	1228	1868	2879	4260	5478	1033	1172	3589	711	1032	942	1978	3151	2112	5316	3291	964	2409	3576	1786	2475	1605	1835	2538	3643	1508	1606	2731	2699	1506	2844	2493	1550	3537	9.99999e+008	2881	4767	2174	2618	
30864	1617	2831	819	1621	2805	1928	2449	2313	2177	2290	2769	1336	1004	1522	2643	618	1878	1547	3660	2062	819	4144	4444	3271	970	2712	3044	3988	641	2087	454	653	1693	864	2609	9.99999e+008	3925	1336	1347	
32455	2886	4560	3112	2923	4396	3276	3827	4795	3259	2659	3636	3283	3486	2355	4234	2775	2878	3761	615	3992	2639	2958	3372	5230	2536	1785	2117	2470	2932	3816	2957	2946	3207	3280	3204	2533	9.99999e+008	1939	1856	
31898	1722	3152	1173	2336	3839	2033	2554	3222	2282	1540	2734	1477	1585	558	3677	1677	1976	1899	2525	2412	843	3299	3689	3623	2029	1867	2199	3143	993	2408	1138	1007	1798	1775	2570	1157	3370	9.99999e+008	575	
31323	2293	3465	1453	1761	3264	2604	3125	2939	2801	1984	3178	2012	1630	967	3102	1196	2420	2225	2458	2740	1495	3711	4101	3949	1548	2279	2611	3555	1319	2721	1101	1300	2369	1490	2979	678	2797	671	9.99999e+008	
0.2
0.2