100																																																																																																			
9999999	11	11	15	10	11	19	11	19	11	19	9	17	11	15	15	11	15	11	15	11	15	17	11	19	11	15	11	11	15	23	11	11	11	10	11	15	19	11	11	11	19	15	15	15	15	17	19	18	11	11	11	23	15	11	15	11	11	11	11	13	11	11	11	15	11	11	13	15	11	11	15	10	15	15	11	14	19	11	15	15	15	15	11	19	10	15	15	15	21	15	15	14	18	23	19	23	14	15	14
0	7	6	4	5	6	9	6	19	6	5	3	3	4	9	0	7	14	7	8	10	11	9	7	14	6	9	7	10	10	14	7	5	8	6	7	7	11	6	7	6	2	4	5	6	5	7	14	14	6	6	6	12	8	5	7	5	5	5	5	8	5	5	5	8	7	6	7	8	6	6	8	5	8	8	5	7	4	7	8	8	8	8	5	11	4	8	8	8	19	8	9	14	18	20	19	0	7	8	7
91																																																																																																			
0.010989011	0.010989011	0.010989011	0.010989011	0.010989011	0.010989011	0.010989011	0.010989011	0.010989011	0.010989011	0.010989011	0.010989011	0.010989011	0.010989011	0.010989011	0.010989011	0.010989011	0.010989011	0.010989011	0.010989011	0.010989011	0.010989011	0.010989011	0.010989011	0.010989011	0.010989011	0.010989011	0.010989011	0.010989011	0.010989011	0.010989011	0.010989011	0.010989011	0.010989011	0.010989011	0.010989011	0.010989011	0.010989011	0.010989011	0.010989011	0.010989011	0.010989011	0.010989011	0.010989011	0.010989011	0.010989011	0.010989011	0.010989011	0.010989011	0.010989011	0.010989011	0.010989011	0.010989011	0.010989011	0.010989011	0.010989011	0.010989011	0.010989011	0.010989011	0.010989011	0.010989011	0.010989011	0.010989011	0.010989011	0.010989011	0.010989011	0.010989011	0.010989011	0.010989011	0.010989011	0.010989011	0.010989011	0.010989011	0.010989011	0.010989011	0.010989011	0.010989011	0.010989011	0.010989011	0.010989011	0.010989011	0.010989011	0.010989011	0.010989011	0.010989011	0.010989011	0.010989011	0.010989011	0.010989011	0.010989011	0.010989011									
0	0	5	5	-4	0	-1	2	-19	-3	3	6	10	4	-2	5	1	-1	-1	-1	0	-7	0	2	-6	1	-4	-5	-2	-4	-7	-5	-5	3	-2	1	-4	-6	-4	-5	-4	-2	4	6	3	3	1	-10	-3	-1	-3	0	1	-1	0	2	1	0	2	0	1	-1	0	1	0	1	0	-1	0	-1	1	3	-2	0	2	1	2	-1	0	0	0	0	0	0	0	0	0	0	0	0	0	-9	-14	-15	-10	-12	20	7	-6	1
0	-4	-2	6	-2	-3	-1	-6	-14	4	9	2	6	-1	0	11	-3	-14	-1	-3	-2	-3	-9	1	-4	-6	-7	-5	-3	0	-10	-1	1	0	-1	-1	1	-2	-1	4	-2	5	5	-5	1	-2	1	-2	-4	1	-3	-1	3	1	0	8	-1	1	1	0	-2	0	0	3	0	4	2	-2	1	0	1	0	1	1	0	0	0	7	0	0	0	0	0	0	0	0	0	0	0	0	0	-1	-13	-18	-1	-19	14	-6	3	-4
0	-1	0	4	5	-1	8	2	-10	0	-2	5	5	-2	2	5	-3	-5	-5	-2	-2	4	0	0	-4	-2	-6	-2	1	-1	-10	-2	0	-3	-3	0	0	-9	-5	-2	-3	-2	8	0	9	0	-1	-2	-14	-2	0	2	1	1	0	0	1	0	2	-1	-1	-1	0	0	0	3	-2	-3	0	2	-2	1	-5	0	1	0	1	-1	0	0	0	0	0	0	0	0	0	0	0	0	0	-6	-14	-18	-11	-17	1	0	-7	4
0	3	-4	6	4	0	-3	0	-14	-3	4	0	6	3	5	3	-7	-12	-3	2	0	-8	2	-2	-12	-2	6	4	-10	-2	-8	4	1	-3	-4	-1	-1	1	-1	-5	-4	9	5	4	-6	-5	-2	1	0	0	0	-1	-4	-5	-5	-3	-1	-2	2	-2	4	-1	2	2	-4	-1	2	-3	-2	-6	1	-2	-1	1	-2	2	5	-1	0	0	0	0	0	0	0	0	0	0	0	0	0	-9	-14	-18	-17	-6	11	7	7	3
0	-3	0	5	-5	1	-1	-2	-10	-2	-5	6	11	-1	5	2	-5	0	-2	4	-7	-1	5	-4	-11	-2	-6	-4	0	0	-6	-5	-1	-8	-1	2	4	-11	0	-2	-4	17	7	-1	5	-3	0	-4	-9	-3	-5	0	0	1	-1	-1	0	-4	1	-1	-8	-1	1	3	0	-5	-5	4	2	0	0	1	-2	-1	0	0	4	11	0	0	0	0	0	0	0	0	0	0	0	0	0	6	-9	-18	-20	-19	14	4	2	7
0	0	-5	3	1	-3	4	3	0	-1	-5	1	5	-4	0	3	-7	-11	-4	2	-2	-3	-3	-3	-10	-2	-2	-6	-7	5	0	3	-2	-1	4	-2	-1	2	3	-7	2	8	8	2	5	0	-3	-3	-4	1	-3	-1	-1	-1	0	0	-2	-1	-1	0	5	1	1	0	0	-1	1	-7	0	1	2	0	-3	2	1	-3	1	15	0	0	0	0	0	0	0	0	0	0	0	0	0	-2	0	-18	-12	-13	8	0	-2	-3
0	0	-1	9	-1	1	-9	0	-12	0	5	3	12	2	-9	15	-7	-12	-4	4	-6	-5	0	-3	-5	1	-4	-5	-7	1	-4	0	-1	-2	-2	-1	-1	-3	-2	0	-6	4	0	-2	4	2	0	-1	-9	1	3	1	0	0	1	7	-1	1	1	0	-2	0	0	0	0	3	2	-2	1	-2	2	2	-2	-1	1	-1	3	8	0	0	0	0	0	0	0	0	0	0	0	0	0	-4	-13	-18	-7	-10	13	7	2	6
0	4	-6	3	-4	0	1	4	-11	0	7	1	3	-4	1	13	-5	-14	-1	-6	-2	-6	-2	0	-1	-3	-1	-5	-6	-2	-8	-5	0	-1	-1	-1	-2	1	-4	0	-3	13	-2	0	0	4	5	-6	-7	1	0	-2	-1	2	0	7	0	0	0	0	1	0	0	-1	0	-4	1	-4	1	-3	0	1	-3	2	1	-3	2	1	0	0	0	0	0	0	0	0	0	0	0	0	0	3	-14	-18	-12	-4	20	-7	3	3
0	-4	-1	0	-1	-2	0	-2	-18	5	2	6	7	5	-1	15	-2	-12	-2	6	1	-7	-4	-1	-8	-2	-8	0	-4	-3	-6	-2	1	-2	2	-1	-1	-6	3	1	0	-2	7	3	3	-3	1	-4	-1	-1	0	-1	6	-2	-1	0	3	2	0	0	0	-1	0	0	0	1	2	0	0	-2	3	5	-1	-1	0	1	-1	3	0	0	0	0	0	0	0	0	0	0	0	0	0	-7	-14	-18	-11	-11	20	-1	4	-7
0	-2	1	7	2	-3	-1	5	-9	1	4	2	6	1	-1	15	4	-14	-3	1	-1	-4	0	3	0	-6	-8	2	-3	-8	-8	-6	-2	-3	3	-4	-5	4	-1	0	-1	4	6	-3	-3	-2	-1	0	-3	-3	-1	0	-2	1	-1	4	1	3	1	0	3	0	0	0	0	-1	-1	-5	0	-4	2	2	-2	5	2	0	1	-2	0	0	0	0	0	0	0	0	0	0	0	0	0	5	-14	-18	-13	-18	0	-2	-6	1
0	2	3	4	3	2	-6	-1	-7	-2	3	3	13	-3	2	9	-5	-12	-1	-8	-3	1	3	-3	-7	4	-3	3	-8	-9	-2	3	1	-4	-5	-4	1	-1	-5	-1	0	2	3	1	-4	6	-2	-5	3	-1	-1	-3	2	0	0	1	0	-2	0	0	5	0	1	-1	0	-3	-4	0	0	-3	-2	0	-2	4	1	0	1	9	0	0	0	0	0	0	0	0	0	0	0	0	0	-9	-14	-18	-6	-19	16	-7	6	1
0	2	0	9	3	1	10	-1	-9	0	-2	3	6	-2	-2	3	-7	-14	-3	-3	-9	0	5	-2	-5	5	0	-1	-8	-6	0	-7	-2	-6	4	-1	-1	-6	-1	0	-1	11	7	4	1	-3	1	2	-4	-2	-1	3	0	-4	0	-2	-2	0	-1	0	2	0	0	-5	0	-5	-1	2	1	0	1	-1	0	0	1	1	1	0	0	0	0	0	0	0	0	0	0	0	0	0	0	-3	-14	-6	-8	-18	15	-2	7	7
0	-1	0	1	-5	4	2	-6	-5	0	0	3	4	-2	4	2	-3	-11	-4	-1	1	-5	7	1	-7	5	0	2	-2	-1	-2	-6	0	-2	-3	0	1	-6	-2	1	1	11	-4	-1	0	-1	-1	1	-1	-2	-1	2	1	-3	0	-1	0	0	-2	0	0	0	0	-1	0	-6	2	-3	1	0	2	0	0	1	1	0	0	-4	0	0	0	0	0	0	0	0	0	0	0	0	0	-4	-14	-17	-18	-17	8	-4	6	-5
0	1	-3	0	0	-1	4	-6	-19	3	10	2	10	-1	-2	7	-2	-13	3	2	-4	-5	-4	-3	-2	2	-2	0	-8	-4	-4	0	-4	1	-1	-3	-1	-4	-2	3	1	6	7	0	4	1	-1	-2	-9	-5	-1	-2	8	4	-2	2	0	-3	2	-1	-2	0	0	0	0	-2	-2	4	-1	1	2	2	1	0	1	-3	2	-2	0	0	0	0	0	0	0	0	0	0	0	0	0	-1	-14	-18	-14	-6	20	4	-7	7
0	-1	-1	5	-3	-4	4	-2	-9	0	3	1	2	2	2	11	-5	-9	-6	1	-2	-3	-8	1	0	-3	-2	-3	-8	-3	1	0	0	-1	-2	-3	-3	-3	1	-5	-3	8	2	2	1	2	2	-4	-7	-2	-4	-1	1	1	0	1	1	1	0	0	0	0	0	-1	0	-4	0	-1	0	-4	1	1	-1	1	1	-1	0	-4	0	0	0	0	0	0	0	0	0	0	0	0	0	4	-14	-18	-12	-13	14	-7	-7	-4
0	-4	2	11	4	-6	-4	0	-17	-1	1	-1	4	2	5	9	-4	-13	0	-6	1	-7	-3	-6	0	-2	-4	-2	-4	-1	-2	-1	2	-1	-1	-2	2	-3	0	1	-6	1	0	4	4	2	-1	-2	-8	-1	3	1	7	-3	0	3	0	1	0	-1	3	0	0	1	0	-2	-3	2	-1	-3	0	4	-3	6	2	-2	1	15	0	0	0	0	0	0	0	0	0	0	0	0	0	-9	-8	-12	-8	-8	18	2	-4	7
0	0	-1	4	-5	3	3	5	-11	-6	5	0	13	3	-3	7	-5	-8	-1	0	-6	-4	-7	1	-8	0	-7	-3	-3	0	0	-7	-1	-3	-3	2	-4	-6	-5	4	-1	8	7	-1	0	1	2	-4	-1	-4	0	0	1	3	0	3	-2	2	1	0	2	1	1	1	-1	-7	-2	0	1	2	1	0	-4	-2	-1	2	5	2	0	0	0	0	0	0	0	0	0	0	0	0	0	-2	-7	-18	-13	-11	20	3	0	-2
0	1	1	3	5	-1	-2	4	-3	3	-2	2	8	1	-4	10	-7	-10	-4	0	-6	-4	-1	4	-5	0	-5	-3	-3	-6	-7	1	2	-4	-1	-3	-1	-4	1	-7	-2	6	4	3	-2	-1	-1	0	-8	2	-5	-3	2	3	1	2	-1	1	0	0	4	-1	0	2	-1	-4	-1	-1	0	-1	0	-1	-2	2	2	-1	1	4	0	0	0	0	0	0	0	0	0	0	0	0	0	-4	-13	-18	-14	-19	11	1	-2	7
0	1	-1	0	1	-1	8	1	0	3	-3	1	2	-1	-2	13	-7	-5	-7	-8	-8	-1	2	-1	-13	4	3	4	-3	-1	-9	-1	-5	-8	-3	-3	-1	2	-4	-1	-2	9	0	5	-1	-3	4	5	3	0	-5	-2	4	-1	0	-2	1	0	-2	0	2	0	0	-2	0	-7	2	-4	1	4	-1	4	1	-2	-1	-2	-4	6	0	0	0	0	0	0	0	0	0	0	0	0	0	2	-9	-18	-12	-19	20	5	-1	7
0	3	-6	8	-3	3	-5	0	-11	1	4	6	1	-4	-2	6	-3	-6	0	0	-7	-3	-1	3	-5	1	-4	4	1	-3	-1	2	1	0	-1	-2	-2	-2	-1	-7	-2	17	9	-2	-2	2	3	-3	0	-2	-3	-1	1	-5	0	3	0	-1	-1	0	0	0	0	1	0	2	-1	1	2	0	-1	1	0	1	1	-2	-2	11	0	0	0	0	0	0	0	0	0	0	0	0	0	-9	-13	-18	-11	-3	20	-7	7	-2
0	4	-3	7	-4	-1	9	5	-11	-1	2	6	9	0	-3	8	-6	-14	3	0	1	0	-9	0	1	0	-5	-4	-5	-3	0	-7	0	3	1	-6	-1	-7	-2	1	0	3	4	-1	2	3	-1	1	-8	0	0	-2	-4	3	-3	3	0	0	2	0	2	1	0	0	0	0	0	2	0	-4	0	0	0	-1	1	-1	0	5	0	0	0	0	0	0	0	0	0	0	0	0	0	-2	-14	-12	-15	-7	20	7	1	1
0	1	0	-4	2	0	8	1	-19	-3	9	2	14	1	3	5	-5	-13	-3	4	-3	-6	-6	-7	-1	-3	-3	-2	-6	2	-2	-2	-1	2	4	-2	-1	-8	1	-4	0	7	4	7	1	0	2	-8	-5	-4	0	0	0	-2	0	1	3	1	1	0	0	0	-1	2	0	0	0	1	1	1	2	1	0	0	2	1	0	7	0	0	0	0	0	0	0	0	0	0	0	0	0	-9	-9	-18	-17	0	20	2	-7	-3
0	1	3	3	-5	-1	10	-4	-19	-3	7	-2	6	-2	-1	7	-6	-12	1	1	-1	-5	-2	-7	-4	2	-7	-3	-2	0	1	2	1	3	-5	-2	0	-4	-3	3	-4	5	5	-2	4	5	-2	-7	-3	0	-5	-1	1	1	-1	3	-1	3	2	0	2	0	0	-3	2	-2	2	0	1	2	-2	6	1	1	1	1	-1	-4	-3	0	0	0	0	0	0	0	0	0	0	0	0	0	-14	-18	-5	-3	20	-6	-7	0
0	-7	-2	11	-1	-1	-3	2	-10	2	2	0	9	6	-3	8	-7	-14	-1	-7	-5	3	-2	1	-3	-3	-4	-4	-6	-2	-1	-1	-2	-1	-6	1	-2	-8	1	-3	0	2	-3	2	1	1	-1	1	-3	-3	1	-1	-1	4	-1	4	2	1	0	0	5	0	0	-1	-1	2	2	3	1	0	3	1	0	-2	1	1	0	1	-1	-2	0	0	0	0	0	0	0	0	0	0	0	-1	-14	-18	-11	-8	17	3	3	7
0	-1	1	-4	-2	-4	1	4	-12	5	8	-1	8	4	0	2	1	-3	4	-7	-5	-5	6	2	2	-2	-6	-4	-3	-10	-3	4	-4	-3	-6	-3	-2	-2	-6	3	-3	1	3	2	3	-2	-2	-1	-5	-2	-3	3	2	-2	-1	0	-2	2	-1	0	-2	1	0	-1	0	-1	-1	0	1	-1	-1	-2	-1	3	-3	-3	0	3	-6	-1	0	0	0	0	0	0	0	0	0	0	0	6	-14	-18	-4	-15	20	5	-7	4
0	-2	-2	4	-1	-1	-7	2	-13	0	-3	4	7	1	4	15	3	1	1	-7	-5	-10	-6	-5	-14	-1	5	-3	-6	0	-3	3	-2	0	-5	-2	-1	-8	5	-7	-4	11	10	-1	4	3	-3	-4	2	-2	-3	-3	-1	-3	-1	-1	-2	-2	0	0	-2	0	0	-2	0	-4	3	2	-1	5	1	-1	-1	-1	-2	0	-1	15	1	-1	0	0	0	0	0	0	0	0	0	0	0	-5	-11	-18	-20	-15	20	6	4	7
0	-2	3	10	0	1	-9	-6	-6	5	3	-3	-2	0	-2	4	-7	-14	-3	-1	-2	-8	2	1	-2	-3	1	-6	-3	0	3	2	-2	-3	3	-1	1	-1	-1	-6	0	6	7	0	3	3	-4	3	1	-1	2	-1	1	-5	0	-3	3	6	0	0	-2	0	0	1	0	0	0	3	2	-3	1	0	2	0	-2	-1	-2	6	0	-2	0	0	0	0	0	0	0	0	0	0	0	-9	-14	-18	-12	-6	6	-2	-5	-7
0	-4	0	9	5	1	3	0	-12	-2	0	-1	8	4	4	15	-4	-10	-5	2	0	4	-8	-4	-6	-2	-1	-4	-3	-4	-3	-5	-1	2	-1	-1	1	-8	3	1	-1	2	0	2	3	4	0	-6	-4	-2	2	-6	4	4	3	2	0	-1	2	0	0	0	0	2	-1	-3	1	-2	2	4	1	3	0	-1	0	-1	0	-3	-2	1	0	0	0	0	0	0	0	0	0	0	0	-9	-14	-18	-9	-8	20	-6	-3	1
0	-1	-5	3	5	1	0	-1	-19	1	9	3	11	6	-3	14	-7	-10	-6	1	-2	-4	-2	0	-9	-2	-3	2	-7	-4	-5	-2	1	-4	-6	1	-1	8	-4	-3	-5	-2	-3	-3	4	3	-1	3	-8	-6	2	-1	9	5	0	1	4	1	1	1	4	3	0	0	1	-5	-1	2	2	0	1	2	-2	-1	2	-2	4	-4	-1	-4	0	0	0	0	0	0	0	0	0	0	0	2	-14	-10	-13	-2	19	7	3	-4
0	-4	0	4	5	-2	9	0	-19	-3	11	-3	11	4	1	8	-2	-7	-4	-5	-3	-2	-6	-7	-2	2	-2	-3	-9	-6	-2	-4	-1	-6	3	0	-4	5	-1	-7	-2	8	6	-1	1	2	-3	-5	-3	-1	-5	0	1	1	1	1	-2	-1	1	0	4	1	0	-2	-1	2	2	-1	1	-2	2	1	0	-1	3	-1	1	7	-3	-3	0	0	0	0	0	0	0	0	0	0	0	6	-14	-11	-16	-14	10	3	-7	6
0	3	-4	-1	1	-3	2	5	-19	5	3	3	14	0	-5	13	-7	-14	-7	0	0	-9	4	-2	-13	-3	-3	-4	-5	-2	-3	-2	3	-2	-2	0	1	-3	-1	4	-6	1	6	-1	6	1	0	-8	1	-1	3	5	1	3	-1	0	-1	0	2	0	5	0	2	-2	0	-2	2	1	2	-2	-1	2	0	-2	-2	1	0	9	2	1	0	0	0	0	0	0	0	0	0	0	0	-9	-12	-18	-14	-7	20	-6	-3	4
0	-3	2	6	-1	-1	4	2	-5	-6	0	-1	4	4	1	12	-3	0	-4	-1	-2	-6	4	4	-13	2	0	0	1	-6	-4	-4	-2	-3	0	0	0	3	-4	1	-4	5	-2	0	7	3	-5	4	-9	-5	2	-4	1	-2	0	1	1	1	0	0	-1	0	0	2	-1	-4	2	0	2	-3	2	-1	-1	3	0	-1	4	-1	-3	0	0	0	0	0	0	0	0	0	0	0	0	-4	-14	-18	-16	-19	8	7	7	1
0	-3	-5	-1	3	0	10	-2	-13	-2	5	-3	-2	3	2	7	-7	1	-6	0	1	-11	7	-3	5	4	-4	-2	-2	-2	-14	-2	-1	-5	-3	0	-2	-2	0	-1	0	7	7	0	7	0	0	4	-1	-3	-3	2	2	1	0	3	-2	-1	1	0	-3	0	0	1	-1	-3	-6	2	-2	-3	1	1	0	0	3	1	-4	15	-1	-3	0	0	0	0	0	0	0	0	0	0	0	-4	-10	-18	-6	-19	3	7	7	7
0	0	1	-2	-1	-6	0	2	-4	-2	0	1	7	-1	-3	0	-1	-11	1	1	-5	0	-3	-2	0	1	-8	-1	-5	5	-1	-4	0	-1	-1	-1	1	-6	-1	-3	-1	9	2	4	8	1	-1	1	4	2	1	2	0	-1	0	-1	3	0	0	0	2	0	0	1	0	0	5	-2	-1	0	0	2	-3	0	-2	1	-1	-4	1	-1	0	0	0	0	0	0	0	0	0	0	0	6	-14	-16	-11	-3	20	-7	-6	-7
0	-3	2	8	0	2	1	-1	-16	0	0	4	8	3	2	15	-7	-12	-7	-2	-2	-7	-5	-6	-7	-4	-5	-7	-7	-4	-6	-4	0	2	-1	1	0	0	2	1	0	4	7	5	-1	-1	0	5	-4	1	1	2	5	0	-1	4	0	1	1	1	-3	1	0	2	-1	1	-3	-1	1	1	2	-1	-1	1	1	1	1	8	-2	1	0	0	0	0	0	0	0	0	0	0	0	-9	-13	-18	-16	-9	17	-2	3	7
0	-1	2	3	1	1	0	0	-18	-4	6	3	1	2	-1	14	4	-2	4	-5	-3	-8	-6	-6	-1	0	-6	1	-3	-6	-5	-3	-1	3	3	0	3	-5	-3	0	-4	4	1	2	4	-1	2	-8	-1	-6	-2	-5	3	1	0	5	-2	3	2	0	-2	3	0	-2	0	-3	0	0	3	0	4	1	0	0	-1	-1	0	0	-1	-2	0	0	0	0	0	0	0	0	0	0	0	2	-14	-15	-13	-10	20	1	-7	7
0	-6	3	0	1	-4	-2	5	-16	5	-3	4	6	6	1	3	1	-14	-2	-8	-5	-1	-3	-4	-7	-2	-6	-1	-6	1	0	-2	-1	0	2	0	1	-3	-2	-1	-2	0	6	3	-3	1	3	-2	3	1	-1	1	4	0	1	0	3	1	0	0	2	-3	-1	1	0	0	-1	-2	-3	-1	4	-3	-1	0	5	0	0	7	-1	3	-1	0	0	0	0	0	0	0	0	0	0	2	-14	-18	-12	-14	14	7	5	-3
0	-5	-1	6	-4	-2	-3	3	-17	5	10	5	8	0	1	13	-4	-8	-3	-7	-3	-5	7	3	-8	0	-9	-1	0	-7	-8	-5	0	0	-5	-1	-1	-1	-1	-1	-5	-2	6	6	5	4	0	-8	-10	-2	-3	-2	-3	0	-2	3	3	1	0	0	2	0	0	-1	0	-3	1	4	1	0	3	-2	0	-2	-3	1	2	3	-1	-3	0	0	0	0	0	0	0	0	0	0	0	2	-14	-18	-12	0	20	7	6	-7
0	3	1	2	-3	1	4	-6	-13	-6	2	1	8	3	3	11	1	-14	-1	-2	-5	-6	-5	3	-4	-3	0	-2	-9	-1	0	-6	-3	-2	-6	-1	-1	-6	4	4	-6	7	5	2	5	-3	-2	5	-11	0	4	-2	1	-3	0	1	0	0	-1	-1	5	1	1	-3	0	-2	1	3	2	-2	0	0	-1	1	2	-2	2	14	0	-3	-4	0	0	0	0	0	0	0	0	0	0	-6	-5	-18	-15	-19	0	7	1	7
0	-1	0	7	-2	0	-9	5	-9	5	-3	-1	0	4	-2	4	-5	-11	-3	3	-2	4	6	2	-6	-2	1	2	0	-1	-1	-3	-5	-7	-3	-1	-5	3	-3	1	0	10	0	-2	-2	1	-1	2	-10	2	-2	-1	3	-3	-2	1	1	0	0	2	3	0	0	0	0	-3	-3	5	-1	-6	-2	-1	-2	-1	-5	-2	-2	4	-1	-1	3	0	0	0	0	0	0	0	0	0	0	3	-3	-18	-9	-14	15	0	-5	-2
0	-4	-3	3	-2	-2	2	4	-14	0	10	2	-2	-1	3	2	-6	-10	-2	1	-6	-5	-1	-7	-7	-2	-8	3	-1	-5	1	2	1	-4	1	4	-2	-6	-3	-4	4	6	8	-2	-1	0	1	-1	4	-2	0	1	0	-5	-3	2	2	3	1	0	0	0	-1	-3	0	-1	0	0	1	1	2	1	0	0	-1	0	-3	-4	1	4	4	0	0	0	0	0	0	0	0	0	0	0	-14	-18	-5	-19	16	-3	7	-7
0	-3	1	-1	-4	1	-2	-2	-12	-1	-1	3	9	2	-2	4	1	-6	-1	-7	-4	4	-6	-5	-7	0	-1	-3	-2	-2	-3	-6	-1	2	2	-1	1	1	0	1	0	0	3	0	0	5	0	-4	-9	0	-1	-1	1	1	-1	1	0	1	0	0	2	1	1	-2	-1	-3	0	0	1	-2	2	2	0	0	1	0	1	-4	-2	0	-2	0	0	0	0	0	0	0	0	0	0	5	-14	-16	-8	-15	8	0	-7	4
0	-2	4	5	0	2	4	-4	-16	-2	8	1	-2	-1	1	13	4	-7	-2	-6	0	1	-9	2	-8	-4	-1	1	-3	2	-5	0	0	0	2	4	4	-7	-3	-4	3	1	0	2	1	-1	0	-2	2	5	-2	0	2	-1	1	2	-1	0	2	-1	0	0	-1	2	0	-1	1	3	-1	1	1	0	0	0	1	0	0	0	2	2	1	0	0	0	0	0	0	0	0	0	0	-5	-12	-9	0	-6	14	3	-7	-7
0	-2	2	5	-5	5	-9	2	-5	2	3	5	-1	7	-2	0	-3	-12	-4	1	-2	-5	4	-1	-6	1	-4	-1	-3	-6	-2	-4	-3	0	-3	2	-4	-3	-2	-5	-4	2	4	4	0	3	1	-3	-2	-2	-1	-5	-2	0	0	1	0	-1	1	0	5	0	-1	2	1	-4	0	1	0	1	2	2	-2	4	0	0	2	13	-1	2	-3	0	0	0	0	0	0	0	0	0	0	5	-5	-18	-20	-13	18	-3	-5	-7
0	2	2	6	2	-2	-2	2	-19	-3	12	-3	6	7	2	15	-3	-10	-3	-3	-2	-6	2	-4	-1	0	-2	0	-8	-3	-6	-7	-1	1	-1	-5	1	-9	0	4	-1	4	7	2	3	3	-1	-4	-7	-3	-1	-4	0	4	0	-1	2	-1	3	1	3	0	0	0	-1	-2	-1	0	1	-3	-1	3	-1	-3	2	0	2	6	-1	4	2	0	0	0	0	0	0	0	0	0	0	-9	-14	-18	-8	-6	20	6	-3	-6
0	0	1	6	0	1	-1	5	-11	1	0	0	10	0	-1	15	-6	-9	-5	-3	-2	-3	-8	1	-7	1	-8	-3	-7	-3	-11	-4	-1	-1	-4	-4	-2	2	0	-1	0	11	1	2	-5	0	0	-6	4	2	-4	2	1	-1	4	1	-3	1	0	0	1	1	1	2	0	-3	-2	0	0	-2	-3	0	0	1	-1	1	1	-3	-1	-6	-3	0	0	0	0	0	0	0	0	0	0	-2	-14	-18	-1	-17	20	-1	7	7
0	4	-1	11	5	3	8	0	-14	-1	-4	3	6	0	-3	8	-2	-10	-5	6	1	-11	1	-2	-4	0	-2	2	-7	-3	-5	2	-3	-5	1	-2	0	-9	0	-7	-4	8	6	0	8	2	-2	0	-13	-3	-6	-3	-5	-7	1	-4	3	0	-1	1	1	0	0	-2	1	1	-1	1	5	1	0	1	-1	-1	1	-2	0	12	1	-2	5	0	0	0	0	0	0	0	0	0	0	-8	-14	-11	-16	-19	20	7	7	-4
0	-7	-3	-1	-5	-1	10	-2	-5	2	-1	0	-3	2	5	14	-2	-14	-5	-5	-3	-1	-6	-3	-1	-6	0	-1	-3	5	-4	-1	0	-1	-6	-6	2	1	0	-4	3	14	6	5	-1	0	1	-2	-3	-4	-1	0	2	0	0	0	1	0	0	0	-6	0	0	4	0	1	-2	-2	-1	-1	0	4	-2	-3	0	-1	2	-1	0	0	-1	0	0	0	0	0	0	0	0	0	0	-5	-8	-18	-12	-12	18	-7	2	-7
0	-1	1	-2	0	-2	-1	5	-17	5	5	2	9	3	-2	10	-5	-13	-7	-1	-5	1	-8	-5	-7	2	0	-3	-10	3	0	-1	0	0	-4	-1	-3	-6	0	-1	0	2	3	3	1	2	1	-4	0	-4	2	1	2	-1	2	-1	2	1	2	0	1	2	0	2	-1	1	2	-3	0	1	2	0	-1	0	0	0	0	15	-1	0	0	-1	1	0	-3	0	0	0	0	0	0	-7	-14	-18	-8	0	20	0	1	-7
0	-7	3	3	0	3	0	-1	-3	-1	-1	2	2	2	-2	0	3	-10	-4	-3	-9	1	-1	-1	-3	-3	-4	4	-3	-6	-8	-5	0	-2	-5	3	-2	-2	-2	-7	-2	2	6	2	2	-2	0	-5	0	-2	-1	0	7	-3	-3	0	0	1	1	0	2	0	0	2	0	-4	1	2	-1	4	5	4	-1	1	3	0	4	4	1	-3	0	-3	0	0	-1	-1	1	0	5	0	0	-8	-14	-7	-9	-6	20	7	-4	3
0	-2	0	4	1	1	0	2	-19	5	7	2	3	3	0	15	-3	-7	-2	-7	-7	0	0	-1	-3	0	-3	0	-1	-6	-2	0	-2	0	-6	-2	-1	-2	0	-1	0	-2	4	6	4	1	-2	-5	-1	-2	0	0	4	1	1	-1	0	3	0	0	3	-1	0	0	0	0	4	-3	0	2	1	2	0	-1	0	-2	-1	-1	4	3	-4	-4	-1	4	1	1	-2	-1	-1	0	0	-1	-14	-18	-16	-19	8	5	-3	-7
0	-2	0	0	-2	0	-2	-1	-16	3	5	1	4	3	-1	15	0	-9	0	2	-5	-6	-3	-1	-8	5	-4	1	-1	-2	-5	-6	-3	1	2	-1	1	0	-3	2	4	4	5	2	5	0	2	-6	-1	-1	0	-3	5	0	0	0	4	2	0	0	0	-1	0	0	0	-1	-2	1	-1	0	-1	4	-1	-4	1	2	-2	2	-2	-3	-7	-2	1	0	-3	-2	1	0	1	0	0	-6	-14	-18	-13	-18	20	-7	3	0
0	-3	2	11	-1	-1	-3	2	-14	-6	4	5	5	-2	1	6	4	1	-5	4	-3	-4	0	2	-1	-2	-2	-1	-1	2	-13	-7	-1	0	4	-1	3	-4	-4	0	-6	10	1	0	3	6	0	-9	-4	-1	1	-3	-4	-5	0	0	1	0	1	0	0	-1	0	0	-1	0	2	3	-1	-3	2	0	0	0	2	0	0	-3	-4	-4	-8	1	2	-1	-4	-2	0	1	-1	0	0	2	-14	-18	-10	-16	2	7	5	7
0	0	2	-4	-4	1	5	-3	-4	2	-1	-1	3	0	-4	6	-2	-9	0	-3	-1	-3	7	-2	0	-4	0	-1	1	-3	-2	-3	2	0	-1	-4	-2	0	1	-4	0	2	0	3	0	0	-2	-1	1	0	-3	4	0	0	-3	1	-3	4	2	3	3	0	0	0	0	-1	2	1	2	-1	-3	1	-4	1	-1	0	-4	6	0	3	1	0	0	1	1	2	1	0	0	0	0	0	-2	-18	-7	-17	2	4	-5	-2
0	-7	-6	1	5	1	4	-2	0	4	-1	6	6	0	2	2	2	-13	-6	1	-2	-2	-9	4	-2	-5	0	4	-2	1	-5	-7	-1	-2	0	-2	-1	-6	-2	-7	2	15	6	0	-4	-5	-1	4	-7	3	2	2	3	-5	0	1	1	0	2	0	-1	0	0	3	0	-3	0	-2	4	-1	-1	4	-2	-2	0	0	-2	8	-1	1	-2	-3	-1	-2	0	1	2	-2	-6	0	0	1	-14	-18	-8	-13	6	-5	7	2
0	-1	5	-2	-5	2	-6	3	-8	-6	-1	6	12	0	4	3	-1	-14	-7	-8	-5	3	-5	2	-2	2	-4	-5	-5	-1	-2	-3	0	3	0	-2	-6	-5	-4	1	-5	11	0	1	-1	4	7	0	-2	-3	-2	0	-1	-2	-2	1	4	0	1	0	1	0	0	0	0	0	1	2	-1	-1	2	-1	0	5	1	-1	1	-3	1	-4	-3	-1	0	-2	-3	1	2	0	3	0	0	-1	-11	-17	-3	-8	20	6	-7	-2
0	2	3	7	-2	0	-8	1	-19	1	5	-1	10	5	-7	15	2	-3	-3	-3	-5	-7	-8	-5	4	-6	-6	-1	-8	-7	-5	-4	-1	-2	-5	1	0	-4	-1	1	0	5	5	3	3	7	1	-1	-9	-1	1	-3	4	2	-1	2	1	0	1	0	3	1	0	1	0	-4	1	-3	0	1	2	0	-1	1	2	1	1	1	2	-6	-3	0	-1	-3	0	1	1	0	-2	0	0	-9	-13	-5	-12	-5	20	6	1	0
0	-3	0	4	-5	0	-3	-5	-14	2	2	1	9	6	-3	10	0	-5	-2	-3	-3	-8	-1	-7	-9	-3	-6	2	0	-2	-7	-5	2	2	4	-2	3	-10	1	3	-4	2	-2	-4	-2	2	0	0	4	-2	-5	2	0	-1	0	5	-1	0	1	0	4	0	0	-1	0	1	-3	0	2	1	2	-1	-1	1	0	-2	2	5	-1	-6	0	0	3	1	1	2	1	-4	1	0	0	-9	-14	-16	-12	-15	16	-5	5	7
0	-1	0	4	1	-2	1	5	-17	4	9	0	1	-2	-1	6	4	-7	1	-2	-1	-5	-3	-4	-6	0	-1	-1	-3	-4	-3	-7	-2	-2	-6	0	-4	-4	-1	2	-4	2	4	2	0	1	0	3	-8	1	-3	1	8	-1	0	-2	2	1	0	-1	2	0	0	0	-1	-3	1	3	1	-1	0	0	-1	3	1	-2	4	-3	0	-5	-5	0	2	2	0	0	1	-3	-1	-6	0	6	-14	-17	-6	-5	8	3	-5	-7
0	2	1	3	-1	-2	0	3	-4	5	-5	2	7	-2	-2	12	-6	-6	0	0	-10	0	0	-4	-5	1	2	-1	-1	-2	-8	0	1	-4	-3	0	2	-3	-3	-3	-4	7	0	5	1	1	1	-11	0	-2	4	1	3	-4	1	0	1	0	-1	0	3	1	0	0	-2	-3	1	-1	1	-4	1	0	-1	2	0	1	1	-4	1	-5	0	-3	-1	0	-2	0	0	5	1	-8	0	6	-14	-18	-9	-7	3	-1	1	7
0	-3	2	7	-2	-3	0	2	-10	-4	2	-3	0	1	-3	5	3	1	-7	-4	-1	-2	-9	0	-3	-5	-3	0	-2	-4	-8	-5	-1	-5	-6	-3	-3	1	0	-7	2	14	-4	5	1	-3	0	-3	-4	0	1	-2	-2	3	0	0	-2	0	-1	2	2	0	0	0	0	0	2	2	-2	-1	-1	0	-2	-3	0	0	0	10	0	-1	-2	0	0	0	0	-1	6	-2	-3	-4	0	-2	-14	-18	-13	-12	11	-3	7	0
0	-2	-3	7	1	2	6	3	-5	5	2	1	-3	2	0	11	-3	-14	-2	-2	-2	-11	-2	2	5	3	-3	-1	-5	2	1	-4	-1	1	-4	-2	0	-9	1	4	5	7	4	-1	4	-3	0	1	0	-5	-3	1	1	-3	0	0	2	0	1	0	-1	0	0	2	0	-2	-1	-1	0	-2	2	-2	-1	0	0	1	-2	14	0	0	-2	1	3	1	0	-2	2	2	-2	-6	0	-6	-13	-18	-16	-11	11	-1	7	0
0	0	-2	1	1	-1	6	-4	-4	-3	1	3	5	-1	0	0	-1	-10	2	3	-2	4	-9	-3	-3	0	-1	-2	-2	2	2	-7	0	0	2	0	-2	2	-4	-3	0	14	-1	-1	2	2	2	1	0	1	1	-1	-2	-2	1	0	0	1	-1	0	3	0	0	1	0	1	-1	3	0	-1	1	1	0	0	-3	-1	-2	3	0	-1	0	1	-3	0	1	0	0	-1	-2	-7	0	-2	-10	-18	-8	-13	10	-7	1	1
0	-2	0	0	2	1	-1	2	-14	0	6	2	1	4	-1	15	-3	-2	1	-8	1	0	2	-1	-4	0	0	-1	-2	-5	-5	-1	0	-5	-4	1	3	1	-5	0	-2	12	-2	0	-3	1	-2	-3	0	-6	-1	4	-1	1	-3	-2	2	1	0	0	1	0	0	0	1	-4	2	2	-1	-1	1	-1	0	-2	1	-1	0	2	-5	2	2	1	-3	0	2	-1	2	0	0	-5	0	-4	-13	-13	-8	-15	10	4	1	-2
0	-7	2	0	-1	1	3	1	-12	0	0	1	4	2	1	7	-2	-4	-1	-4	-1	-1	-7	-3	-9	1	1	1	1	3	-7	0	-2	-5	1	0	-2	-5	-2	4	0	9	6	8	3	-3	2	-12	-2	0	-2	-2	2	0	-1	0	3	1	0	0	-1	0	-1	1	1	1	1	0	-2	-5	0	1	-2	1	0	1	4	1	-2	2	-5	0	-1	-1	-2	1	5	0	4	-8	0	-2	-5	-18	-10	-16	20	0	4	-3
0	-1	3	-4	-2	0	1	2	-18	2	7	1	8	4	1	11	2	-9	1	-5	-4	-4	-4	-4	-2	5	-1	-5	1	0	-6	-5	-2	-4	4	-5	2	1	1	-7	0	11	2	4	3	1	-2	-14	-5	-3	5	-1	4	-1	1	1	0	0	2	-1	1	0	0	-1	1	-5	1	3	1	-2	0	1	-4	-5	0	0	4	9	-2	4	-6	-1	-1	2	-4	-1	4	5	-1	-4	0	-9	-13	-17	-6	-10	20	3	1	-5
0	-6	4	3	3	-5	-5	0	-2	0	4	3	6	6	-2	9	-5	-8	1	-4	-8	2	-3	1	-4	2	-6	-2	-3	-6	-5	-5	-2	-2	2	-7	1	8	-2	1	-2	9	1	2	3	1	-4	-3	-1	-6	-1	-2	-2	-1	0	2	-2	1	0	0	3	0	0	2	1	2	-4	0	1	-1	-2	0	-2	2	2	0	-1	7	0	-2	-1	-3	-1	-2	2	4	1	0	0	-8	0	-3	-3	-10	-11	-5	12	7	0	5
0	3	3	9	-3	-2	6	5	-10	-3	-1	3	1	3	1	11	0	-9	1	6	-4	0	-3	-3	-7	1	1	-3	0	3	-13	-5	-5	-2	-4	3	1	-4	2	2	4	7	-2	0	2	2	-2	4	-3	-1	-1	0	2	2	-2	0	0	1	0	0	2	0	0	1	-1	0	-1	1	0	-2	-1	2	-2	-2	0	-2	0	11	-1	-1	0	-3	-4	-3	1	2	2	-1	-4	-5	0	-2	-14	-18	-17	-11	9	-2	7	4
0	-2	-5	5	-5	5	7	4	-10	0	0	-2	6	0	1	9	3	0	0	-8	-4	-1	-2	-3	-3	-1	-6	-2	-4	-7	-4	3	6	-4	2	-3	-1	3	-2	1	5	1	-1	-4	-1	-4	-1	1	4	-1	-1	4	0	0	0	1	2	-2	0	2	2	-1	2	3	-1	-3	-2	2	2	0	0	1	1	1	0	-1	-5	11	0	-2	-4	0	2	2	1	-1	3	-5	0	-5	0	4	-14	-18	-14	-9	11	1	7	1
0	1	-2	3	4	0	0	0	-19	-2	8	3	11	1	3	8	4	0	-6	0	-1	-2	-9	-5	-3	-1	-4	-5	-2	1	-2	-3	-1	-1	-2	-2	-1	-11	3	4	-4	8	-4	2	5	0	0	-6	-8	-2	0	-1	-3	0	-1	-1	2	1	1	0	5	2	-1	4	0	2	0	-2	1	2	3	0	-1	-3	1	-1	1	-1	-3	-2	-4	-1	0	1	-1	-2	4	5	1	-13	0	-7	-14	-15	-8	-9	17	2	-2	-3
0	3	-3	2	1	1	4	5	-19	0	-1	6	4	2	1	12	4	-10	3	-3	-7	-1	-7	-1	3	-5	-3	-4	1	0	-1	-1	1	2	-6	-3	0	0	-4	-1	-3	7	5	5	-2	7	1	-11	-6	-3	-2	-1	1	0	1	0	0	0	0	-1	4	1	0	1	-1	-1	0	0	-1	1	1	0	0	2	2	-1	3	3	-2	0	-1	0	-1	2	-6	2	-1	-1	4	-13	0	1	-3	-14	-13	-12	20	-4	1	-7
0	0	2	5	0	-3	1	2	-19	2	7	2	10	1	-2	7	2	-3	-2	-5	-6	-2	0	0	3	1	-9	0	-8	-4	-4	-2	-5	-7	1	-5	-1	3	0	-7	-6	-2	1	0	0	0	-2	-2	-2	-1	-4	-2	7	-2	1	-1	2	1	1	0	4	0	0	0	-1	-3	1	-2	0	5	1	3	-2	2	3	1	2	5	-3	6	-3	0	2	-3	-4	6	1	2	3	-1	0	5	-10	-18	-2	-10	20	7	7	-7
0	-5	2	2	2	1	-4	-4	-5	5	-2	3	3	-1	1	12	4	1	0	-2	-1	-2	-9	-5	-9	1	-2	-3	-2	1	-7	-5	0	-1	1	-2	-3	-1	0	2	2	5	0	2	1	2	-4	-3	1	-5	-6	-1	6	-2	3	0	-1	0	0	0	0	-1	0	1	1	-3	1	2	2	-4	2	1	-3	-1	0	2	1	-3	1	-1	-6	-3	1	2	0	1	2	1	1	-7	0	-6	0	-14	-14	0	12	-5	-7	-6
0	2	-1	6	2	-1	0	-3	-3	0	1	0	0	4	1	11	4	-7	3	-2	-6	-3	-5	4	-7	-6	0	-7	-4	2	-13	-1	-1	-6	-2	3	1	-3	-3	-3	-3	10	0	0	5	-1	-1	-2	-5	-2	-5	-4	3	0	1	2	0	1	0	1	4	1	0	0	1	-5	0	2	0	-4	0	0	-2	2	1	-2	0	-4	-4	2	-8	1	1	0	-2	3	0	0	-3	-10	0	-6	-14	-18	-12	-19	5	0	1	7
0	1	-3	7	3	0	2	5	0	2	2	1	-3	0	0	0	-2	1	-3	3	-3	1	-6	-1	-4	-1	-5	-1	0	-3	4	-4	0	-3	-4	-1	-2	2	2	4	2	2	5	3	-3	1	-2	-5	-7	1	0	-2	2	0	0	-1	-2	2	0	-1	-4	-2	0	2	1	3	-1	0	2	-1	-1	0	0	-3	-1	1	3	7	-1	2	-5	1	0	5	2	-2	-2	2	-4	-6	0	6	-14	-18	-12	-19	7	7	5	7
0	-2	-4	7	-2	-3	2	-1	-13	-5	2	-3	4	2	4	10	1	-13	-7	-4	-3	0	-7	-2	-7	2	-9	-7	1	2	-2	0	1	-2	2	2	-4	-2	-4	-4	4	17	5	9	3	2	-4	-4	4	-2	0	-2	8	-2	-1	-1	-1	-1	1	0	4	0	0	1	0	-3	2	3	0	-2	-2	-1	1	1	3	1	-1	4	-1	-3	7	-2	2	-4	2	2	-2	1	-1	-8	0	-3	-2	-18	-18	-16	0	-7	7	-7
0	0	2	-1	-2	-3	8	-5	-17	3	13	4	-1	-3	2	7	-3	-2	2	2	-8	-6	0	-5	-10	-6	-1	-5	-5	0	-3	-2	-1	-2	-3	2	-4	1	-3	2	-4	5	3	9	1	1	3	-14	-5	1	5	-2	-2	-6	0	5	3	-1	0	0	2	0	0	0	0	-1	-1	1	1	1	3	-1	0	0	-1	-3	2	-3	-3	-3	-5	2	0	3	-7	0	6	4	5	-12	0	-6	-9	-9	-2	-4	20	2	-1	-7
0	4	1	8	0	-1	7	0	-13	3	4	5	10	1	0	8	0	-6	-7	-6	-7	-3	-3	-5	2	-6	-4	-7	-2	-3	-7	-1	1	0	4	-4	0	-3	1	-5	-3	14	0	3	3	3	1	-10	-14	0	-2	0	3	-2	0	2	1	2	1	-1	3	1	0	0	0	-1	2	-3	-1	-6	1	1	-1	1	3	2	2	3	-3	-2	4	0	3	-1	-4	1	2	3	0	-11	0	-9	-14	-13	-15	-15	20	-4	-6	5
0	-3	5	7	-1	-1	0	-1	-17	1	8	4	4	-3	4	15	1	-2	0	-3	-10	-5	-4	-3	-1	-5	-9	-3	-2	-1	-3	-1	-2	-5	0	-3	-4	-7	0	-7	-2	9	3	6	3	-1	3	-9	-6	0	-3	0	7	-4	-1	-4	3	0	0	0	2	1	0	2	0	-6	1	-2	0	3	3	2	0	5	3	1	3	3	-2	-2	-5	0	1	-2	1	1	2	0	0	-10	-1	-9	-9	-17	-14	-6	5	6	7	-3
0	-2	-3	6	1	-1	-5	2	-12	-2	14	3	9	7	-1	7	4	-3	-4	6	-5	2	-5	0	-11	-5	-4	-3	-9	-5	-5	-7	1	-3	0	-2	-1	-5	-2	-7	-5	13	4	-2	1	0	1	-9	-10	-5	-2	-2	-5	2	0	-1	2	3	1	-1	4	0	0	0	1	-3	0	1	2	2	5	1	-3	-3	2	-1	3	-1	-2	-1	-5	2	1	0	3	1	3	-3	4	-1	0	-3	-14	-18	-12	0	20	0	-7	-7
0	2	0	-1	5	-4	1	3	-15	-2	0	5	9	6	-1	9	0	-7	0	5	-2	-7	-2	1	-10	1	-3	-2	1	-2	-8	-4	-4	-2	-4	-6	-1	2	1	-3	1	4	1	0	9	-2	0	-10	-4	-2	1	0	0	-2	1	-1	-1	0	-2	1	2	1	0	1	1	-7	-4	1	3	-2	0	1	-4	5	3	1	3	12	-1	-3	-3	0	0	4	2	0	5	-3	1	-9	2	6	-14	-18	-17	-9	6	-1	0	-7
0	-5	-2	1	3	-1	8	2	-4	2	-1	3	0	-3	0	12	-3	-4	-7	4	-10	-2	0	0	-7	1	-2	-2	-6	-1	0	-5	-2	-5	4	-1	-5	-6	5	-4	-2	9	2	1	-3	-1	0	2	1	-2	-3	-5	5	0	0	1	0	-2	1	0	1	0	0	-2	-1	0	-6	0	2	0	0	-2	-2	0	-2	2	-2	6	-1	0	0	-1	4	-2	-6	-4	-4	4	0	-1	0	-7	-14	-18	-13	-19	20	7	5	1
0	-4	-2	0	-3	-2	2	5	0	-3	-1	0	1	1	4	1	1	-11	-4	-2	-4	-3	-8	1	0	2	0	-1	-5	0	-5	4	-3	1	4	-6	-2	-6	1	4	4	12	4	9	-2	-1	0	-11	4	0	-1	1	2	-1	-4	2	0	-2	-4	0	-1	0	1	1	-1	4	-1	2	0	-2	-1	0	0	-1	1	-2	1	5	-1	-3	1	-6	-1	4	3	-4	4	2	0	-11	2	-9	-14	-18	-16	-18	5	-7	7	-7
0	-1	2	6	2	-2	-3	1	-1	1	2	5	8	1	-3	7	1	-7	-3	3	-7	-6	-5	-1	-3	1	-8	-7	-3	0	-4	-4	-3	-6	-6	-1	2	-4	-1	-2	-3	5	1	9	2	-1	-1	-10	0	4	0	4	0	-4	1	1	2	-2	1	-1	-1	1	0	1	0	1	2	2	2	-3	3	4	-3	1	0	0	-2	5	1	-6	-1	1	-1	-1	-8	1	2	4	1	-10	2	-6	-10	-18	-20	0	20	-1	7	-7
0	-2	-1	11	0	-1	-5	2	-19	4	1	-1	5	2	2	12	4	-5	-4	-8	-7	-4	-5	-6	-4	5	-2	-7	-3	-2	-10	-3	0	-7	0	0	-4	-3	-1	-1	-3	12	5	8	3	-1	1	-6	-6	-1	-6	1	6	0	1	4	-2	-1	-1	0	1	1	0	1	0	-3	1	3	1	1	5	1	-1	-3	3	0	1	1	-7	-1	-2	0	0	0	-6	1	5	-2	1	-5	0	-9	-5	-18	-19	-4	18	5	3	7
0	-2	3	3	4	-2	-1	-5	-11	0	1	-2	8	4	1	4	4	-8	2	-2	-3	-3	-6	1	-2	3	-8	-7	-7	-5	0	-3	0	0	1	-3	-4	-10	1	4	4	8	2	-1	-5	3	0	-5	-5	-3	0	-1	-7	-3	0	-2	1	0	0	0	1	1	0	2	0	-2	1	0	-3	2	0	0	0	-1	0	0	3	2	-7	2	1	-1	3	4	3	2	4	-2	3	-4	1	6	-14	-18	-5	-4	15	-7	-7	1
0	-2	4	1	1	1	2	-2	-9	-4	1	2	-3	2	4	4	0	-5	-1	0	-7	-7	-7	-3	-4	-1	0	1	-6	3	3	-5	3	-2	-1	4	6	-3	-3	-3	0	2	-3	5	2	0	0	-4	-1	1	-1	1	1	-1	0	1	0	-1	-1	0	0	2	0	-1	1	1	2	5	1	1	2	0	0	1	6	1	-1	8	-3	-1	4	-3	4	-2	-5	-1	4	1	2	-7	-1	-5	-14	-18	-3	-14	4	7	4	-5
0	-3	4	2	-5	-5	9	-3	-14	-2	0	2	14	2	-2	15	-1	-8	-1	-2	-6	4	-9	4	-3	-5	-8	-5	-6	-4	-2	-1	-3	-3	-1	-3	0	-7	-1	3	4	13	5	4	3	0	-5	-6	-1	-1	-5	1	-1	-6	1	0	-2	0	0	-1	-1	0	0	2	-1	4	-1	0	-1	-4	-1	0	-2	2	0	0	3	8	-3	0	-2	-2	2	-1	0	1	-2	0	6	-4	0	0	-14	-18	-8	-19	20	-2	-1	7
0	-3	1	-2	-2	-2	5	-5	-13	1	0	-1	0	-1	0	5	3	1	4	-4	-3	-10	-5	-7	-11	4	0	4	-3	2	-7	-5	0	-4	-6	-6	0	5	4	-3	-1	14	11	8	2	1	4	-5	4	-1	-4	1	4	6	-1	0	0	1	1	0	1	0	0	0	0	-4	0	-1	-2	3	-6	-3	0	4	0	-1	1	6	0	0	3	-3	-1	0	2	-1	4	1	-8	-5	-1	2	-8	-18	-11	-13	20	3	2	-5
0	-2	-4	0	-5	-1	4	3	-4	-2	-1	-2	-2	3	3	10	-2	-10	-2	-7	-3	0	-2	-4	-2	-5	1	2	-3	-2	-2	-5	4	-7	4	-2	3	-6	-1	-7	2	7	10	0	4	-2	-4	-4	3	-1	3	1	4	-3	-1	0	1	-1	-1	0	5	0	0	1	0	-1	-1	1	-1	0	0	2	0	1	-2	1	-1	12	0	-6	3	0	0	0	-3	-1	3	-1	-1	-9	1	-9	-14	-18	-11	-17	9	-7	7	-7
0	-2	3	6	2	0	-3	-2	-14	0	1	6	4	0	0	15	4	-2	0	3	-5	-7	0	-7	-7	-3	-8	-7	-4	-3	-3	2	-1	0	4	0	-2	0	-2	3	-2	3	-2	0	0	0	2	1	-1	-1	-2	1	-3	-2	-1	0	2	0	0	0	3	1	0	1	-1	2	5	0	0	5	2	5	-1	1	1	3	3	3	-5	-1	-6	0	1	-4	-2	3	3	0	1	-19	1	-4	-14	-11	-8	-9	15	7	-4	7
100
20
9.99999e+008	35266	35549	35459	35052	35665	35203	35306	35398	34765	36215	36701	35707	35840	35562	30101	30533	31205	30928	31952	31604	32090	32264	32550	32255	31665	32536	30660	31233	30970	31194	31226	32821	32295	31654	32506	32003	31554	30848	32042	32428	41965	41552	40710	40982	41174	40197	40144	41729	31123	32068	31184	36688	35156	35312	37287	37034	36490	34680	38148	37015	35961	34855	35766	37844	32370	34968	34680	35699	32712	33413	35187	37797	33745	33521	34802	37026	30631	33322	31387	30410	41985	42822	39659	42281	39781	39286	39329	38735	31438	35338	30586	27568	28312	27126	27179	34439	30106	28128	29641	
35552	9.99999e+008	1115	193	631	1265	1674	1851	132	1233	1036	1625	513	702	488	6071	5715	6386	6023	7100	6752	6845	6584	6629	7163	7654	6196	6170	6688	6996	7218	5994	5731	7213	7657	7604	8801	7987	8483	7617	6862	6865	6452	5610	5882	6074	5123	5068	6653	8187	6127	5693	1550	4163	5391	3225	3314	5176	5573	6557	5424	4653	6559	7470	6140	5621	3479	4691	7403	7412	5631	1584	6206	4900	6196	3811	5435	4867	7459	7411	6436	6909	7746	4516	7205	4706	4212	4254	4160	6345	1526	6531	8977	8591	9421	9804	5399	8069	8130	8036	
35827	352	9.99999e+008	533	700	641	1241	1457	222	790	1267	1767	782	892	449	6346	5990	6362	6298	6446	6098	6185	5924	5969	6503	6994	5536	6445	6537	6943	6774	6269	5071	6553	6997	6944	8141	7327	7823	6957	6202	7005	6592	5750	6022	6214	5263	5209	6794	7527	5467	5968	1740	3504	4731	3367	3273	5135	4913	6516	5383	4612	5899	6810	6099	4962	2820	4031	6743	6752	4972	1419	6165	4241	5537	3151	5394	5142	6800	6917	6711	7050	7887	4656	7346	4847	4352	4395	4302	6288	1362	6806	9252	8866	9696	10079	5676	8344	8406	8311	
35628	193	922	9.99999e+008	438	1072	1749	1926	312	1040	1229	1818	381	895	681	6147	5791	6462	6099	6913	6565	6652	6391	6436	6970	7461	6003	6246	6764	7072	7241	6070	5538	7020	7464	7411	8608	7794	8290	7424	6669	7058	6645	5803	6075	6267	5316	5261	6846	7994	5934	5769	1743	3970	5198	3418	3506	5368	5380	6749	5616	4845	6366	7277	6332	5428	3286	4498	7210	7219	5438	1391	6398	4707	6003	3618	5627	4943	7266	7384	6512	7102	7939	4709	7398	4899	4405	4447	4353	6421	1333	6607	9053	8667	9497	9880	5475	8145	8206	8111	
35190	554	1049	687	9.99999e+008	1223	1312	1489	422	821	1582	2179	1055	1207	1042	5709	5353	6024	5661	6477	6129	6216	5955	6000	6534	7025	5567	5808	6326	6634	6805	5632	5102	6584	7028	6975	8172	7358	7854	6988	6233	7419	7006	6164	6436	6628	5677	5622	7207	7558	5498	5331	2055	3534	4762	3779	3868	5523	4944	6904	5771	5207	5930	6841	6487	4992	2850	4062	6774	6783	5002	1452	6553	4271	5567	3182	5782	4505	6830	6948	6074	7463	8300	5070	7759	5260	4766	4808	4714	5983	1392	6169	8615	8229	9059	9442	5037	7707	7768	7673	
36065	938	586	1119	1249	9.99999e+008	719	896	808	1376	1852	2353	1368	1477	1035	6584	6228	5721	6017	6102	5754	5840	5580	5625	6159	6650	5192	6683	5990	6395	6430	5836	4727	6209	6653	6600	7797	6983	7479	6613	5858	7591	7178	6336	6608	6800	5848	5795	7380	7183	5123	5687	2325	3159	4387	3953	3467	5148	4569	6529	5396	4736	5555	6466	6112	4617	2475	3687	6399	6408	4627	2005	6178	3896	5192	2807	5407	5380	6455	6573	6949	7636	8473	5242	7932	5433	4938	4981	4888	5647	1947	7044	9294	9104	9738	10318	5913	8583	8307	8549	
36193	1545	1193	1726	1374	697	9.99999e+008	961	1415	1189	2460	2960	1975	2085	1642	6711	5968	5282	5578	5662	5314	5401	5140	5185	5720	6211	4752	6423	5551	5956	5990	5396	4287	5770	6214	6161	7358	6544	7039	6173	5419	8198	7785	6943	7215	7407	6456	6402	7987	6743	4683	5248	2933	2720	3948	4164	3702	4709	4130	6090	4957	4297	5116	6027	5673	4178	2036	3248	5959	5969	4188	1683	5739	3457	4753	2367	4968	5507	6016	6133	6516	8243	9080	5849	8539	6040	5545	5588	5495	5208	1625	7134	9359	9194	9803	10407	6004	8672	8372	8639	
35734	1836	1484	2017	1683	988	982	9.99999e+008	1706	1403	2751	3251	2266	2376	1933	6304	5681	5329	5625	5709	5361	5448	5187	5232	5767	6257	4799	6136	5598	6003	6037	5443	4334	5816	6261	5914	7111	6591	7086	6217	5466	8489	8076	7234	7506	7698	6747	6693	8278	6790	4730	5295	3224	2474	3701	3203	3164	4923	3883	6304	5171	4503	4869	5780	5887	4225	1756	3001	5713	5722	4233	1897	5953	3502	4646	2121	5182	5100	5817	6180	6402	8534	9371	6140	8830	6331	5836	5879	5131	5255	1840	6399	8398	8834	8842	9993	5663	8312	7411	8279	
35684	132	1234	312	750	1384	1806	1983	9.99999e+008	1352	1168	1757	633	834	620	6203	5847	6518	6155	7225	6877	6964	6703	6748	7282	7773	6315	6302	6820	7128	7350	6126	5850	7332	7776	7723	8920	8106	8602	7736	6981	6997	6584	5742	6014	6206	5255	5200	6785	8306	6246	5825	1682	4282	5510	3357	3446	5308	5692	6689	5556	4785	6678	7589	6272	5740	3598	4810	7522	7531	5750	1703	6338	5019	6315	3930	5567	4999	7578	7543	6568	7041	7878	4648	7337	4838	4344	4386	4292	6477	1645	6663	9109	8723	9553	9936	5531	8201	8262	8167	
35716	979	1212	1172	900	1357	1230	1621	1110	9.99999e+008	1886	2525	1418	1551	1196	6235	5879	5649	5945	6029	5681	5768	5507	5552	6087	6577	5119	6334	5918	6323	6357	5763	4654	6136	6581	6528	7725	6911	7406	6540	5786	7763	7350	6508	6780	6972	6021	5968	7553	7110	5050	5615	2399	3087	4315	4123	4022	5076	4497	6457	5324	4664	5483	6394	6040	4545	2403	3615	6326	6336	4555	631	6106	3824	5120	2734	5335	5031	6383	6500	6600	7809	8646	5414	8105	5604	5110	5152	5058	5575	573	6082	8528	8142	8972	9355	4952	7620	7682	7587	
36474	1049	1681	917	1355	1858	2458	2674	1168	1957	9.99999e+008	1279	581	319	810	6993	6637	7308	6945	7662	7314	7401	7140	7185	7719	8210	6752	7092	7610	7918	7990	6916	6287	7769	8213	8160	9357	8543	9039	8173	7418	6518	6104	5288	5535	5726	4775	4720	6305	8743	6683	6615	1086	4719	5499	2878	3636	4979	6129	6360	5227	4458	7115	7440	5943	6177	4035	5247	7959	7968	6187	2308	6009	5456	6752	4367	5238	5789	8015	8133	7358	6561	7398	4168	6857	4358	3864	3906	3813	7267	2250	7453	9899	9513	10343	10726	6322	8991	9053	8958	
36984	1593	2108	1591	2029	2358	2968	3184	1725	2516	674	9.99999e+008	1255	993	1320	7503	7147	7818	7455	8172	7824	7911	7650	7695	7905	7767	7262	7602	8120	8428	8500	7426	6797	7678	7770	7039	8235	7765	8616	7342	7928	5307	4894	4052	4324	4516	3565	3510	5095	8147	7193	7125	388	5229	4289	1667	2469	3771	5007	5152	4019	3248	5982	6231	4735	6687	4545	4989	6837	6848	6243	2982	4801	5966	5771	4877	4030	6299	6943	8643	7868	5351	6188	2958	5647	3148	2652	2696	2602	7777	2924	7963	10409	10023	10853	11236	6832	9502	9563	9468	
35999	574	1123	381	819	1383	1983	2199	633	1421	869	1474	9.99999e+008	536	335	6518	6162	6833	6470	7187	6839	6926	6665	6710	7244	7735	6277	6617	7135	7443	7515	6441	5812	7294	7738	7685	8882	8068	8564	7698	6943	6712	6299	5457	5729	5921	4970	4917	6502	8268	6208	6140	1384	4244	5472	3072	3125	4987	5654	6368	5235	4464	6640	7448	5951	5702	3560	4772	7484	7493	5712	1772	6017	4981	6277	3892	5246	5314	7540	7658	6883	6758	7595	4363	7054	4553	4059	4101	4007	6792	1714	6978	9424	9038	9868	10252	5848	8517	8578	8483	
36238	847	1362	795	1233	1621	2221	2437	979	1769	375	1041	459	9.99999e+008	573	6756	6400	7072	6708	7425	7077	7164	6903	6948	7482	7973	6515	6855	7373	7681	7753	6679	6050	7532	7976	7923	9120	8306	8802	7936	7181	6279	5866	5050	5296	5488	4537	4482	6067	8506	6446	6378	848	4482	5261	2639	3399	4741	5892	6122	4989	4220	6878	7202	5705	5940	3798	5010	7722	7731	5950	2186	5771	5219	6515	4130	5000	5552	7778	7896	7121	6323	7160	3930	6619	4120	3626	3668	3574	7030	2128	7216	9663	9276	10107	10490	6085	8755	8816	8721	
35884	493	898	686	1107	1048	1648	1864	625	1196	843	1329	335	468	9.99999e+008	6402	6046	6717	6354	6852	6504	6591	6330	6375	6909	7400	5942	6501	6943	7327	7180	6325	5477	6959	7403	7350	8547	7733	8229	7363	6608	6567	6154	5312	5584	5776	4825	4772	6357	7933	5873	6024	1316	3909	5137	2927	2826	4688	5319	6069	4936	4165	6305	7149	5652	5367	3225	4437	7149	7158	5377	1825	5718	4646	5942	3557	4947	5198	7205	7323	6767	6613	7450	4218	6909	4408	3914	3956	3862	6676	1767	6862	9308	8922	9752	10136	5733	8401	8462	8367	
30862	5387	5670	5580	5173	5786	5324	5205	5519	4887	6337	6823	5828	5962	5683	9.99999e+008	1009	1554	1085	2233	1885	2371	2545	2831	3407	3898	2437	1242	1821	2122	2344	1127	2721	3457	3901	4204	5071	4231	4684	3861	3106	12130	11717	10875	11147	11339	10388	10333	11918	4431	1968	1083	6810	5057	5213	7186	7635	7090	5462	8748	7615	6560	6448	7359	8444	2271	4867	4580	7292	4599	3314	5086	8397	3645	4287	4703	7626	530	5190	2538	1562	12174	13011	9781	12470	9903	9407	9451	9114	1478	5405	3922	5628	6705	6072	7223	7424	6791	4641	6326	
31051	5655	5939	5848	5441	6054	5593	5674	5787	5155	6605	7091	6096	6230	5951	872	9.99999e+008	837	455	1584	1236	1722	1896	2182	2803	3294	2159	455	1172	1281	1503	750	2371	2898	3297	3645	4512	3627	4035	3302	2502	12329	11916	11099	11346	11537	10586	10533	12118	3827	1617	708	7078	4706	4862	7409	7284	6739	5111	8397	7264	6209	6097	7008	8093	1920	4788	4229	6941	4249	2963	5786	8046	3294	3937	4352	7275	999	4839	1696	721	12374	13211	10049	12670	10171	9675	9719	8984	962	5726	4110	5817	6894	6261	7412	7894	6980	4830	6515	
31877	6433	6765	6626	6219	6463	6001	6206	6565	5932	7382	7868	6874	7007	6729	1698	826	9.99999e+008	581	747	399	885	1059	1345	1966	2457	1447	1281	335	740	927	584	2013	2062	2460	2809	3676	2790	3198	2465	1665	13132	12719	11877	12149	12315	11364	11311	12054	2990	991	951	7855	4702	4720	7136	7142	6597	5024	8255	7122	6067	5694	6605	7951	1587	4512	4142	6537	3550	2821	6321	7904	3292	3795	4348	7133	1701	4160	1120	1300	12553	13147	10826	12612	10301	9643	10496	8842	233	6505	4936	6643	7720	7087	8238	8660	7806	5656	7341	
31441	5998	6281	6191	5784	6397	5935	5651	6130	5498	6948	7434	6439	6573	6294	1215	390	563	9.99999e+008	1310	962	1448	1622	1908	2529	3020	2010	845	898	1303	1490	361	2379	2625	3023	3372	4239	3353	3761	3028	2228	12672	12259	11442	11689	11880	10929	10876	12204	3553	1554	396	7421	4714	4870	7417	7292	6747	5119	8405	7272	6217	6105	7016	8101	1928	4524	4237	6949	4113	2971	5766	8054	3302	3945	4360	7283	1212	4723	1683	1111	12703	13297	10392	12762	10451	9793	10062	8992	689	6069	4500	6207	7284	6651	7802	8105	7370	5220	6905	
32835	6580	6228	6761	6410	5732	5270	5889	6450	5692	7495	7995	7010	7120	6677	2608	1784	1150	1538	9.99999e+008	711	138	312	599	1220	1711	700	2239	1152	1557	1355	1308	1284	1315	1714	2062	2929	2044	2453	1719	919	12955	12542	11700	11972	11868	11187	11018	11545	2244	1123	1675	7968	3972	4477	6405	6756	6354	4726	8012	6879	5824	4947	5858	7708	1616	3782	3844	5791	2804	2523	6323	7661	2562	3551	3618	6890	2425	3413	1001	2117	12044	12638	10884	12103	9792	9134	10132	8333	957	6265	5894	7601	8678	8045	9196	9384	8764	6614	8299	
32503	6928	6576	7109	6735	6080	5618	6237	6798	6040	7843	8343	7358	7468	7025	2276	1452	818	1205	348	9.99999e+008	486	660	946	1567	2058	1048	1907	819	1225	1022	975	1632	1663	2061	2410	3277	2391	2799	2066	1266	13180	12767	11925	12197	12093	11412	11243	11770	2591	707	1342	8316	4320	4436	6753	6858	6313	4740	7971	6838	5783	5295	6206	7667	1303	4130	3858	6138	3151	2537	6671	7620	2910	3511	3966	6849	2092	3761	819	1785	12269	12863	11187	12328	10017	9359	10357	8558	624	6613	5562	7269	8346	7713	8864	9051	8432	6282	7967	
32697	6569	6217	6750	6399	5721	5259	5878	6439	5681	7484	7984	6999	7109	6666	2470	1646	1012	1400	322	573	9.99999e+008	301	589	1210	1701	689	2101	1014	1419	1595	1170	1273	1305	1704	2052	2919	2034	2441	1709	909	12944	12531	11689	11961	11857	11176	11007	11534	2234	985	1537	7957	3961	4466	6394	6745	6343	4715	8001	6868	5813	4937	5848	7697	1581	3771	3833	5781	2794	2512	6312	7650	2551	3540	3607	6879	2287	3404	991	1979	12033	12627	10873	12092	9781	9123	10121	8322	819	6254	5756	7463	8540	7907	9058	9246	8626	6476	8161	
32953	6268	5916	6449	6098	5420	4958	5577	6138	5380	7183	7683	6698	6808	6365	2726	1902	1268	1656	578	829	304	9.99999e+008	361	982	1473	388	2357	1270	1661	1352	1426	972	1078	1476	1825	2692	1806	2215	1482	681	12643	12230	11388	11660	11556	10875	10706	11233	2006	942	1793	7656	3660	4165	6093	6444	6042	4414	7700	6567	5512	4710	5621	7396	1304	3470	3532	5554	2567	2211	6011	7349	2250	3239	3306	6578	2543	3177	1120	2221	11732	12326	10572	11791	9480	8822	9820	8021	1075	5953	6012	7719	8796	8163	9314	9460	8882	6732	8417	
33099	6823	6471	7004	6653	5975	5514	6132	6693	5935	7738	8238	7253	7363	6920	3490	2618	1984	2372	1294	1545	1020	909	9.99999e+008	621	1112	943	3073	1986	2392	2261	2142	1527	848	1115	1595	2456	1445	2213	1222	320	12983	12570	11728	12000	11896	11215	11046	11572	1645	1497	2509	8211	4215	4720	6648	6661	6156	4305	7814	6681	5587	4480	5391	7510	1859	4025	4087	5324	2337	2766	6566	7463	2805	3148	3861	6692	3259	2947	2011	2952	12071	12665	10990	12130	9820	9162	10159	8360	1791	6508	6728	8435	9512	8879	10030	10015	9598	7448	9133	
32621	6820	6468	7001	6650	5972	5510	6129	6690	5932	7735	7912	7250	7360	6917	3571	2747	2113	2501	1423	1674	1149	1038	711	9.99999e+008	634	1082	3202	2115	2520	2390	2271	1524	227	637	974	1841	993	1735	631	573	12362	11949	11107	11379	11275	10594	10425	10951	1165	1495	2602	8208	4212	4506	6557	6040	5565	3684	7223	6090	4966	3859	4770	6919	1856	4022	3864	4703	1716	2763	6563	6872	2802	2527	3858	6101	3388	2326	2140	3080	11450	12044	10369	11509	9199	8541	9538	7739	1920	6505	6857	8564	9641	9008	10159	10012	9727	7577	9262	
32079	7338	6986	7519	7168	6491	6029	6647	7208	6450	8253	7773	7768	7878	7435	4099	3227	2593	2981	1902	2153	1629	1518	1270	637	9.99999e+008	1551	3682	2594	3000	2870	2750	2042	829	319	991	1660	649	1193	425	1091	12223	11810	10968	11240	11136	10455	10286	10813	848	2012	3117	8161	4280	4356	6349	5902	5358	3545	7016	5883	4828	3721	4632	6712	2374	4540	3656	4564	1577	3282	7081	6665	3320	2388	4376	5894	3867	2187	2620	3560	11312	11906	10230	11371	9060	8402	9400	7601	2400	7023	7337	9044	10121	9488	10639	10530	10207	8057	9742	
33281	5880	5528	6061	5710	5032	4571	5189	5750	4992	6795	7295	6310	6420	5977	3071	2247	1613	2000	922	1173	649	388	435	1056	1547	9.99999e+008	2702	1614	2020	1740	1770	584	1122	1550	1868	2736	1880	2287	1526	755	12255	11842	11000	11272	11168	10487	10318	10845	2080	554	1662	7268	3272	3777	5705	6056	5654	4026	7312	6179	5124	4487	5398	7008	916	3082	3144	5330	2343	1823	5623	6961	1862	2851	2918	6190	2478	2953	1508	2580	11344	11938	10184	11403	9092	8434	9432	7633	1419	5565	6008	8007	9084	8451	9602	9072	9170	7020	8705	
31025	6153	6436	6346	5939	6552	6090	5971	6285	5653	7103	7589	6594	6728	6449	766	981	867	591	1614	1266	1752	1926	2212	2833	3324	2314	9.99999e+008	1141	880	1102	952	2880	2929	3327	3676	4543	3657	4065	3332	2532	12896	12483	11641	11913	12105	11154	11099	12684	3857	1858	987	7576	5305	5461	7952	7883	7338	5710	8996	7863	6808	6561	7472	8692	2454	5115	4828	7404	4417	3562	5852	8645	3893	4536	4951	7874	1296	5027	1296	320	12940	13777	10547	13236	10669	10173	10217	9583	995	6171	4085	5791	6868	6235	7386	8190	6954	4804	6489	
31836	6668	6951	6861	6454	6573	6111	6316	6800	6168	7618	8104	7109	7243	6964	1962	1138	504	892	856	509	994	1168	1455	2076	2567	1556	1212	9.99999e+008	406	592	694	2123	2171	2570	2918	3785	2900	3308	2575	1775	13411	12998	12156	12428	12487	11669	11614	12164	3100	1101	1061	8091	4812	4830	7246	7252	6707	5134	8365	7232	6177	5803	6714	8061	1697	4622	4252	6647	3660	2931	6431	8014	3402	3905	4458	7243	1811	4269	785	966	12663	13257	11062	12722	10411	9753	10732	8952	343	6741	4896	6602	7679	7046	8197	8770	7765	5615	7300	
31654	6967	7250	7160	6753	6978	6516	6687	7099	6466	7916	8402	7408	7541	7263	1646	1333	909	1038	1262	914	1400	1574	1860	2481	2972	1962	880	406	9.99999e+008	369	1099	2528	2577	2975	3324	4191	3305	3713	2980	2180	13641	13228	12411	12658	12849	11898	11845	12569	3505	1506	1432	8389	5217	5235	7651	7657	7112	5539	8770	7637	6582	6209	7120	8466	2102	5027	4657	7052	4065	3336	6732	8419	3807	4310	4863	7648	2176	4675	562	560	13068	13662	11360	13127	10816	10158	11030	9357	748	7038	4714	6420	7497	6864	8015	9070	7583	5433	7118	
31838	7123	7260	7316	6909	6764	6302	6872	7255	6623	8073	8559	7564	7698	7419	1955	1468	1095	1223	1309	1099	1339	1344	1705	2326	2817	1732	1189	591	309	9.99999e+008	1283	2316	2422	2820	3169	4036	3150	3465	2826	2025	13780	13367	12525	12797	12693	12012	11843	12370	3350	1307	1617	8546	5004	5036	7437	7458	6913	5340	8571	7438	6383	6054	6965	8267	1903	4814	4458	6898	3911	3137	6987	8220	3594	4111	4650	7449	2400	4521	306	869	12869	13463	11517	12928	10617	9959	10957	9158	932	7194	4897	6604	7681	7048	8199	9326	7767	5617	7302	
31677	5974	6257	6167	5760	6373	5911	5622	6106	5474	6924	7410	6415	6549	6270	1498	674	427	361	1106	758	1244	1418	1704	2325	2816	1806	1129	694	1099	1286	9.99999e+008	2350	2421	2819	3168	4035	3149	3557	2824	2024	12717	12304	11462	11734	11926	10975	10920	12175	3349	1350	367	7397	4685	4841	7117	7263	6718	5090	8376	7243	6188	6053	6964	8072	1899	4495	4208	6896	3909	2942	5737	8025	3273	3916	4331	7254	1117	4519	1479	1395	12674	13268	10368	12733	10422	9764	10038	8963	351	6047	4784	6491	7568	6935	8086	8076	7654	5504	7189	
33487	5417	5065	5598	5247	4569	4107	4725	5287	4529	6332	6832	5847	5957	5514	3409	2537	1903	2199	1506	1627	1233	972	1017	1551	2042	584	2992	2066	2472	2303	2017	9.99999e+008	1601	2046	1926	3215	2375	2871	2005	1251	11792	11379	10537	10809	10705	10024	9855	10382	2575	996	1868	6805	2808	3312	5242	5593	5189	3561	6847	5714	4659	4022	4933	6543	451	2618	2679	4865	1878	1358	5160	6496	1399	2380	2454	5725	2684	2488	2092	3032	10881	11475	9721	10940	8629	7971	8969	7170	1829	5102	6214	8213	9290	8657	9808	8608	9376	7226	8911	
32658	6891	6539	7072	6721	6043	5581	6200	6761	6003	7806	7685	7321	7431	6988	3642	2818	2184	2572	1494	1745	1220	1109	781	227	829	1152	3273	2186	2591	2461	2342	1595	9.99999e+008	806	747	1614	832	1772	404	800	12135	11722	10880	11152	11048	10367	10198	10724	1300	1566	2673	8073	4261	4279	6330	5813	5338	3457	6996	5863	4740	3632	4543	6692	1926	4093	3637	4476	1489	2834	6634	6645	2873	2300	3928	5874	3459	2099	2211	3151	11223	11817	10142	11282	8972	8314	9311	7512	1991	6576	6928	8635	9712	9079	10230	10083	9798	7648	9333	
32010	7341	6989	7522	7171	6494	6032	6650	7211	6454	8256	7778	7771	7881	7438	4141	3269	2635	3022	1944	2195	1671	1560	1233	641	431	1603	3724	2636	3042	2912	2792	2046	806	9.99999e+008	995	1367	356	1123	428	1094	12228	11815	10973	11245	11141	10460	10291	10818	555	2015	3124	8166	4285	4361	6354	5906	5362	3550	7020	5887	4833	3726	4636	6716	2377	4543	3661	4569	1582	3285	7085	6669	3323	2393	4379	5898	3909	2192	2662	3602	11317	11911	10235	11376	9065	8407	9405	7606	2441	7027	7379	9086	10163	9530	10681	10533	10249	8099	9784	
32871	7227	6875	7408	7057	6379	5918	6280	7097	6339	7720	7046	7535	7668	7200	4389	3565	2931	3319	2240	2491	1967	1856	1528	974	991	1899	4020	2932	3338	3208	3088	2342	747	995	9.99999e+008	1827	1045	1984	567	1547	11496	11083	10241	10513	10409	9728	9559	10086	1513	2313	3420	7434	3553	3629	5620	5172	4629	2818	6287	5154	4099	3071	3982	5983	2258	4371	2929	3914	927	2332	6970	5936	2952	1659	4041	5165	4205	1537	2958	3898	10585	11179	9503	10644	8333	7675	8673	6874	2738	6912	7675	9382	10459	9826	10977	10419	10545	8395	10080	
32787	8793	8441	8974	8623	7945	7483	7880	8663	7905	9318	8644	9135	9268	8800	5683	4859	4225	4613	3535	3786	3261	3150	2821	2268	2086	3193	5314	4227	4632	4502	4383	3634	2041	1794	2252	9.99999e+008	1437	1868	1704	2837	13094	12681	11839	12111	12007	11326	11157	11684	1905	3605	4712	9032	5153	5229	7220	6772	6228	4060	7377	6545	5699	3994	4905	7582	3965	5971	4529	4838	1920	3880	8536	7535	4501	3259	5641	6764	5500	2461	4252	5192	12183	12777	11101	12242	9931	9273	10271	8472	4032	8478	8969	10676	11753	11120	12271	11984	11839	9689	11374	
31925	7649	7297	7830	7479	6801	6339	6958	7519	6761	8520	7846	8079	8189	7746	4474	3626	2992	3379	2301	2552	2028	1917	1590	946	649	1910	4081	2993	3399	3269	3149	2353	832	357	1045	1011	9.99999e+008	1038	496	1400	12296	11883	11041	11313	11209	10528	10359	10886	468	2322	3430	8234	4353	4429	6422	5974	5430	3618	7088	5955	4901	3794	4704	6784	2684	4851	3729	4637	1650	3377	7392	6737	3631	2461	4686	5966	4246	2260	3019	3959	11385	11979	10303	11444	9133	8475	9473	7674	2798	7334	7736	9443	10520	9887	11038	10841	10606	8456	10141	
31324	8107	7755	8288	7977	7260	6798	7294	7977	7220	8734	8060	8537	8647	8204	4905	4033	3399	3787	2709	2960	2435	2324	1997	1407	1107	2369	4488	3401	3806	3676	3557	2812	1447	806	1658	1156	707	9.99999e+008	1194	1860	12510	12097	11255	11527	11423	10742	10573	11099	275	2781	3888	8447	4567	4643	6635	6186	5642	3832	7300	6167	5113	4007	4918	6996	3143	5309	3943	4851	1864	3346	7851	6949	4070	2673	5055	6178	4674	2474	3426	4366	11598	12192	10517	11657	9347	8689	9686	7887	3206	7793	8143	9850	10927	10294	11445	11299	11013	8863	10548	
32412	7295	6943	7476	7125	6447	5985	6584	7165	6407	8024	7350	7725	7835	7392	4046	3222	2588	2976	1897	2149	1624	1513	1185	631	425	1556	3677	2589	2995	2865	2746	1999	404	428	567	1278	496	1526	9.99999e+008	1178	11800	11387	10545	10817	10713	10032	9863	10390	958	1970	3077	7738	3857	3933	5926	5478	4934	3122	6592	5459	4405	3298	4208	6288	2330	4497	3233	4141	1154	2899	7038	6241	3277	1965	4332	5470	3863	1764	2615	3555	10889	11483	9807	10948	8637	7979	8977	7178	2395	6980	7332	9039	10116	9483	10634	10487	10202	8052	9737	
32781	6843	6491	7024	6672	5995	5533	6151	6713	5955	7758	8213	7273	7383	6940	3642	2770	2136	2523	1445	1696	1172	1061	734	301	793	1104	3225	2137	2543	2413	2293	1547	528	797	1275	2138	1127	1894	903	9.99999e+008	12663	12250	11408	11680	11576	10895	10726	11252	1325	1518	2625	8231	4234	4740	6668	6341	5837	3985	7495	6362	5267	4160	5071	7191	1878	4044	4107	5004	2017	2786	6586	7144	2824	2828	3880	6373	3410	2627	2163	3103	11751	12345	10670	11810	9500	8842	9839	8040	1943	6528	6880	8587	9664	9031	10182	10034	9750	7600	9285	
42169	6778	7293	6778	7216	7544	8153	8369	6910	7701	5861	5187	6442	6180	6505	12688	12332	13003	12640	13357	13009	13096	12835	12880	12359	12221	12447	12787	13305	13613	13685	12611	11982	12132	12224	11493	12691	12221	12850	11796	12932	9.99999e+008	414	1481	983	1438	1770	2354	2036	12601	12378	12310	5575	10069	8745	6854	7393	7332	9461	6437	7578	7702	9474	9628	6381	11872	9730	9445	10506	11302	10699	8169	6788	10958	10227	10062	7432	11484	11397	13828	13053	2041	2960	2952	2337	3162	3820	3550	4622	12962	8111	12949	15395	15009	15839	16222	11817	14487	14549	14454	
41756	6365	6880	6364	6802	7131	7739	7955	6497	7287	5447	4773	6028	5766	6091	12275	11919	12590	12227	12943	12595	12682	12421	12466	11946	11808	12033	12374	12892	13200	13271	12198	11568	11719	11811	11080	12278	11808	12437	11383	12519	414	9.99999e+008	1067	570	1025	1357	1941	1622	12188	11964	11897	5161	9656	8332	6440	6980	6919	9048	6024	7165	7289	9061	9215	5967	11458	9316	9032	10093	10889	10286	7755	6375	10545	9814	9648	7018	11071	10984	13414	12640	1882	2715	2538	2176	2749	3407	3137	4209	12549	7697	12535	14981	14595	15425	15809	11404	14074	14135	14040	
40914	5523	6037	5521	5959	6288	6896	7112	5655	6444	4604	3930	5185	4923	5248	11431	11076	11747	11383	12100	11752	11839	11578	11623	11104	10966	11190	11531	12048	12357	12428	11354	10725	10877	10969	10238	11436	10966	11595	10541	11677	1492	1078	9.99999e+008	1007	1462	513	1099	2060	11346	11121	11053	4318	8814	7490	5597	6138	6970	8206	6428	7218	6447	9181	9431	6371	10615	8473	8190	10036	10047	9444	6912	6779	9703	8972	8805	7229	10227	10142	12571	11797	2319	3153	1700	2613	1907	2565	2293	3367	11705	6854	11697	14143	13757	14587	14970	10565	13235	13296	13201	
41186	5795	6310	5795	6233	6561	7170	7386	5927	6718	4878	4204	5459	5197	5522	11705	11349	12020	11657	12374	12026	12113	11852	11897	11376	11238	11464	11804	12322	12630	12702	11628	10999	11149	11241	10510	11708	11238	11867	10813	11949	983	570	1016	9.99999e+008	455	787	1371	1053	11618	11395	11327	4592	9086	7762	5871	6410	6349	8478	5454	6595	6719	8491	8645	5398	10889	8747	8462	9523	10319	9716	7186	5805	9975	9244	9079	6449	10501	10414	12845	12070	1312	2146	1976	1606	2179	2837	2567	3639	11979	7128	12167	14613	14227	15057	15440	11036	13706	13767	13672	
41396	6005	6519	6004	6442	6771	7379	7595	6136	6927	5087	4413	5668	5406	5731	11914	11558	11934	11866	12314	11966	12054	11794	11760	11206	11068	11406	12013	12203	12608	12642	11837	10941	10979	11071	10340	11538	11068	11697	10643	11779	1266	853	1299	283	9.99999e+008	996	1201	882	11448	11335	11536	4801	8916	7592	6080	6240	6178	8308	5284	6425	6549	8321	8475	5227	10830	8956	8292	9352	10149	9546	7395	5635	9805	9074	9288	6278	10710	10244	12785	12279	948	1867	2186	1244	2009	2667	2461	3469	11860	7337	12374	14820	14434	15264	15648	11245	13913	13974	13879	
40615	5225	5739	5223	5661	5990	6598	6814	5357	6146	4306	3632	4887	4625	4950	11134	10778	11319	11086	11699	11351	11439	11179	11145	10591	10453	10791	11233	11588	11993	12027	11057	10326	10364	10456	9725	10923	10453	11082	10028	11164	1768	1355	513	785	977	9.99999e+008	586	1574	10833	10720	10756	4020	8301	6977	5299	5625	6457	7693	5915	6705	5934	8668	8918	5858	10215	8175	7677	9523	9534	8931	6614	6266	9190	8459	8507	6716	9930	9629	12170	11499	1833	2667	1407	2128	1394	2052	1846	2854	11245	6556	11595	14041	13655	14485	14868	10464	13134	13195	13100	
40476	5085	5600	5083	5521	5850	6460	6676	5217	6008	4166	3492	4747	4485	4812	10995	10639	11149	10947	11530	11182	11270	11009	10976	10422	10283	10621	11094	11418	11823	11858	10918	10156	10195	10287	9556	10753	10283	10913	9859	10995	2354	1941	1099	1371	1267	586	9.99999e+008	1585	10663	10551	10617	3880	8131	6807	5159	5455	6287	7523	5746	6535	5764	8498	8748	5689	10045	8037	7507	9353	9364	8761	6474	6097	9020	8289	8369	6546	9791	9459	12001	11360	1841	2678	1267	2137	1225	1883	1677	2684	11075	6416	11455	13901	13515	14345	14728	10324	12994	13055	12960	
41979	6588	7103	6586	7024	7353	7963	8179	6720	7511	5669	4995	6250	5988	6315	12498	12142	11674	11970	12055	11707	11795	11534	11501	10947	10808	11146	12597	11943	12348	12383	11788	10681	10720	10812	10081	11278	10808	11438	10384	11520	1952	1539	1984	969	777	1682	1503	9.99999e+008	11188	11076	11640	5383	8656	7332	6135	5980	5799	8048	4904	6045	6289	7941	8095	4847	10570	8937	8032	8973	9889	9286	7977	5255	9545	8814	9085	5898	11294	9891	12526	12863	499	1093	2770	558	2311	2969	2763	3209	11600	7919	12958	15404	15018	15848	16231	11827	14497	14558	14463	
31788	7869	7517	8050	7702	7022	6560	7178	7739	6981	8784	8206	8299	8409	7966	4668	3796	3162	3550	2472	2723	2198	2087	1761	1168	871	2131	4251	3164	3570	3439	3320	2573	1302	531	1515	1302	470	901	958	1622	12656	12243	11401	11673	11569	10888	10719	11246	9.99999e+008	2544	3652	8594	4713	4789	6780	6333	5789	3978	7447	6314	5259	4154	5065	7143	2905	5071	4089	4997	2010	3813	7612	7096	3851	2820	4907	6325	4437	2620	3189	4130	11745	12339	10663	11804	9493	8835	9833	8034	2969	7554	7906	9613	10690	10057	11208	11061	10776	8626	10311	
32754	6319	5967	6500	6149	5472	5010	5628	6189	5432	7234	7734	6749	6859	6416	2527	1703	1069	1458	979	631	864	930	977	1511	2002	542	2158	1070	1476	1307	1228	1022	1561	2005	2308	3175	2335	2829	1965	1210	12473	12060	11218	11490	11386	10705	10536	11063	2535	9.99999e+008	1197	7707	3711	3729	6145	6151	5606	4033	7264	6131	5076	5019	5930	6960	596	3521	3151	5863	2885	1830	6063	6913	2301	2804	3357	6142	2013	3495	1450	2036	11562	12156	10480	11621	9310	8652	9650	7851	877	6005	5543	7520	8597	7964	9115	8819	8683	6533	8218	
31619	5673	5956	5866	5459	6072	5610	5255	5805	5173	6623	7109	6114	6248	5969	1609	784	794	396	1473	1125	1611	1785	2071	2692	3183	2023	1239	1061	1466	1653	367	2308	2788	3186	3535	4402	3516	3924	3191	2391	12416	12003	11161	11433	11625	10674	10619	12133	3716	1555	9.99999e+008	7096	4643	4799	7075	7221	6676	5049	8334	7201	6146	6035	6946	8030	1857	4453	4167	6879	4186	2900	5370	7983	3232	3874	4289	7212	816	4777	1846	1505	12460	13226	10067	12691	10189	9693	9737	8921	718	5689	4432	6431	7508	6875	8026	7709	7594	5444	7129	
37309	1920	2433	1918	2356	2684	3293	3509	2052	2841	1001	394	1582	1320	1645	7828	7472	8143	7780	8497	8149	8236	7975	8020	8230	8092	7587	7927	8445	8753	8825	7751	7122	8003	8095	7364	8562	8092	8943	7667	8253	5634	5221	4379	4651	4843	3891	3837	5422	8472	7518	7450	9.99999e+008	5554	4616	1994	2796	4096	5332	5477	4344	3573	6307	6557	5060	7012	4870	5316	7162	7175	6570	3309	5126	6291	6098	5202	4355	6624	7268	8968	8193	5678	6515	3285	5974	3474	2979	3022	2929	8102	3251	8288	10734	10348	11178	11562	7158	9827	9888	9793	
35421	3770	3418	3951	3600	2923	2461	2824	3640	2882	4586	5072	4078	4211	3743	5343	4471	3837	4131	4217	3869	4018	3756	3802	4336	4264	3369	4926	4106	4511	4545	3951	2904	4176	4268	3537	4734	4264	4892	3840	4035	10068	9655	8813	9085	8981	8300	8131	8658	4644	3238	3802	5059	9.99999e+008	1324	3595	3746	3201	1506	4859	3726	2671	2492	3403	4555	2733	914	624	3336	3345	1832	3513	4508	1101	2269	584	3737	4618	3440	4688	5071	9157	9751	7961	9216	6905	6247	7245	5446	3763	3455	6854	8854	9931	9298	10449	6962	9632	7867	9552	
35481	4997	4645	5178	4828	4149	3687	4051	4867	4109	4968	4294	5185	5287	4886	6008	5136	4502	4798	4882	4534	4693	4634	4657	4104	3965	4246	5591	4770	5176	5210	4616	3781	3877	3969	3238	4435	3965	4593	3541	4677	8744	8331	7489	7761	7657	6976	6807	7334	4345	3903	4468	4682	1324	9.99999e+008	2870	2422	1877	1205	3535	2402	1347	2194	3104	3231	3398	2140	700	3035	3047	1954	4740	3184	2213	1970	1812	2413	5284	3141	5353	5736	7833	8427	6751	7892	5581	4923	5921	4122	4428	4682	8081	10080	11157	10524	11675	8188	10858	9093	10778	
38212	3259	2947	3257	3647	3588	4188	3969	3169	3737	2340	1666	2921	2659	2985	8697	7872	7186	7482	7566	7218	7306	7046	7012	6458	6320	6658	8327	7455	7860	7894	7300	6193	6231	6323	5593	6790	6320	6949	5895	7031	6550	6137	5295	5567	5463	4782	4613	5140	6700	6587	7152	2054	4168	2844	9.99999e+008	802	2324	3560	3705	2572	1803	4535	4785	3288	6082	4448	3544	5390	5403	4798	4366	3354	5057	4326	4596	2583	7965	5496	8037	8420	5639	6233	4556	5698	3387	2729	3727	1928	7112	4309	9629	12075	11689	12519	12902	8498	11168	11229	11134	
37748	2957	2934	3144	3571	3512	4112	3167	3089	3660	3030	2356	2763	2897	2464	8230	7358	6724	7020	7104	6756	6845	6584	6551	5996	5858	6196	7813	6993	7398	7432	6838	5731	5770	5861	5131	6328	5858	6486	5433	6569	7240	6827	5985	6257	6153	5472	5303	5830	6238	6125	6690	2744	3706	2382	690	9.99999e+008	1862	3098	3243	2110	1339	4073	4323	2826	5620	3986	3082	4928	4939	4336	4289	2892	4595	3862	4134	2121	7506	5034	7575	7958	6329	6923	5246	6388	4077	3419	4417	2618	6650	4231	9326	11565	11386	12009	12600	8197	10865	10578	10831	
37246	4713	4690	4900	5327	5268	5269	4923	4845	5416	4303	3629	4519	4622	4220	7888	7016	6382	6678	6761	6414	6487	6376	6048	5494	5356	6126	7471	6650	7056	7090	6496	5661	5267	5359	4629	5748	5354	5984	4931	6067	7301	6888	6824	6318	6127	6311	6142	5630	5736	5783	6348	4017	3204	1880	2203	1756	9.99999e+008	2596	1658	525	678	2211	2499	1354	5278	4020	2580	3174	4310	3834	6045	1307	4093	3360	3692	536	7164	4162	7233	7616	6129	6723	6086	6188	4916	4258	5256	3457	6308	5987	9961	11960	12957	12404	13555	9767	12435	10973	12402	
35068	5178	4826	5359	5010	4331	3869	4233	5048	4291	5671	4997	5488	5621	5153	6257	5385	4751	5047	4957	4783	4683	4572	4244	3690	3552	4495	5840	5019	5425	5459	4865	4030	3463	3555	2824	3631	3552	4180	3127	4263	9447	9034	8192	8464	8360	7679	7510	8037	3932	4152	4717	5385	1506	1582	3571	3124	2580	9.99999e+008	4238	3105	2050	1096	2007	3934	3647	2322	882	1939	2192	2203	4922	3887	2395	1556	1994	3116	5533	2044	5602	5985	8536	9130	7454	8595	6284	5626	6624	4825	4677	4864	8264	10263	11340	10707	11858	8370	11040	9276	10961	
38231	6036	6013	6223	6650	6591	6174	6246	6168	6576	5625	4951	5842	5944	5543	9552	8680	8046	8342	8120	8078	7846	7735	7406	6853	6714	7479	9135	8314	8720	8754	8160	7014	6626	6718	6063	6574	6714	7342	6290	7426	6452	6038	6442	5469	5277	5929	5760	4780	7094	7447	8012	5338	4868	3544	3526	3079	1664	4077	9.99999e+008	1445	2342	3037	3785	948	6942	5684	4244	4615	5136	5498	7207	351	5757	5024	5356	1122	8828	4987	8837	9280	5126	5873	6296	5187	4534	5192	4986	4778	7972	7147	11625	13624	13861	14068	15075	10672	13340	12637	13306	
37402	5244	5221	5431	5858	5799	5472	5454	5376	5874	4834	4160	5050	5153	4751	8419	7547	6913	7209	7291	6945	7017	6906	6577	6024	5885	6650	8002	7181	7587	7621	7027	6185	5797	5889	5160	5745	5885	6513	5461	6597	7504	7091	7355	6521	6330	6842	6673	5832	6265	6314	6879	4548	3735	2411	2734	2287	531	3127	1445	9.99999e+008	1209	2208	2496	1556	5809	4551	3111	3170	4307	4365	6505	1094	4624	3891	4223	530	7695	4159	7764	8147	6331	6925	6617	6390	5447	4789	5787	3988	6839	6445	10492	12491	13160	12935	14086	9970	12638	11504	12604	
36717	4325	4302	4512	4939	4880	4643	4535	4457	5028	3915	3241	4131	4234	3832	7358	6486	5852	6148	6232	5884	5958	5847	5519	4965	4826	5596	6941	6120	6526	6560	5966	5131	4738	4830	4099	5295	4825	5454	4402	5538	7692	7279	6437	6709	6605	5924	5755	6281	5206	5253	5818	3629	2674	1350	1815	1368	678	2066	2335	1202	9.99999e+008	2889	3177	2031	4748	3490	2050	3852	3908	3304	5657	1984	3563	2831	3162	1213	6634	4002	6703	7086	6780	7374	5699	6839	4529	3871	4868	3069	5778	5599	9431	11430	12331	11874	13025	9140	11809	10443	11776	
35194	6109	5757	6290	5940	5261	4799	5163	5979	5221	6603	5929	6418	6551	6083	7187	6315	5681	5977	5083	5334	4809	4698	4369	3816	3677	4442	6770	5775	6180	6050	5795	3977	3589	3681	3026	3537	3677	4305	3253	4389	9835	9421	9124	8852	8660	8611	8442	8163	4057	4854	5647	6317	2436	2512	4503	4056	3082	1040	3383	2551	2982	9.99999e+008	1299	4107	4309	3254	1812	1846	2099	3133	5852	3645	3325	2488	2924	3081	6463	1951	5800	6740	8509	9256	8386	8570	7216	6558	7556	5757	5580	5794	9194	11193	12270	11637	12788	9300	11970	10206	11891	
35686	6600	6248	6781	6431	5752	5290	5654	6470	5712	6307	5633	6523	6626	6224	7678	6806	6172	6468	5575	5826	5301	5190	4862	4308	4170	4934	7261	6267	6672	6542	6286	4469	4081	4173	3518	4030	4170	4797	3745	4881	9278	8864	8828	8295	8103	8315	8146	7606	4550	5346	6138	6021	2927	3003	4207	3760	2004	1531	2826	1994	2681	493	9.99999e+008	3319	4801	3745	2303	1453	2591	3624	6343	2646	3816	2979	3415	2501	6954	2441	6292	7232	7952	8699	8090	8013	6920	6262	7260	5461	6072	6285	9685	11684	12761	12128	13279	9791	12461	10697	12382	
38748	5252	5229	5439	5866	5807	5390	5462	5384	5792	4841	4167	5058	5160	4759	9373	8501	7867	8163	8247	7899	7987	7727	7550	6996	6858	7339	8956	8135	8540	8575	7981	6874	6769	6861	6131	7210	6856	7486	6433	7569	6500	6087	6532	5517	5325	6230	6051	4828	7238	7268	7833	4554	4706	3382	2742	2295	1502	4098	658	1748	2179	3673	4001	9.99999e+008	6763	5129	4082	4635	5772	5336	6423	1009	5595	4862	5194	1601	8649	5624	8718	9100	5327	5921	6624	5386	5192	4796	5644	3994	7792	6363	11018	13462	13078	13906	14291	9888	12556	12475	12522	
33037	5748	5396	5929	5578	4900	4439	5057	5618	4860	6663	7163	6178	6288	5845	2958	2086	1452	1748	1574	1226	1460	1304	1349	1883	2374	916	2541	1666	2072	1903	1566	451	1933	2377	2258	3547	2707	3203	2337	1582	12000	11587	10745	11017	10913	10232	10063	10590	2907	596	1418	7136	3140	3256	5573	5678	5133	3505	6791	5658	4603	4473	5384	6487	9.99999e+008	2950	2623	5316	2329	1357	5491	6440	1730	2329	2786	5669	2234	2939	2045	2632	11089	11683	10007	11148	8837	8179	9177	7378	1378	5433	5763	7762	8839	8206	9357	9040	8925	6775	8460	
35158	3638	3286	3819	3468	2791	2329	2107	3508	2750	4553	5053	4068	4178	3735	5079	4207	3573	3869	3953	3605	3692	3431	3476	4011	4501	3043	4662	3842	4247	4281	3687	2578	4060	4505	4355	5552	4835	5330	4464	3710	10012	9599	8757	9029	8925	8244	8075	8602	5034	2974	3539	5026	914	2140	3462	3813	3980	2322	5361	4228	3487	3310	4221	4944	2469	9.99999e+008	1442	4154	4163	2477	3381	5010	1746	3042	560	4239	4355	4258	4424	4807	9101	9695	7942	9160	6849	6191	7189	5390	3499	3323	7060	9059	10021	9503	10654	6830	9500	8072	9466	
35454	4298	3946	4479	4128	3450	2989	3351	4168	3410	5114	4994	4606	4739	4271	5375	4503	3869	4165	4249	3901	4060	4001	4046	3779	3640	3613	4958	4137	4543	4577	3983	3148	3552	3644	2913	4110	3640	4268	3216	4279	9444	9031	8189	8461	8357	7676	7507	8034	4020	3270	3835	5382	624	700	3570	3122	2577	882	4235	3102	2047	1868	2779	3931	2765	1442	9.99999e+008	2712	2721	1321	4041	3884	1513	1645	1112	3113	4651	2816	4720	5103	8533	9127	7451	8592	6281	5623	6621	4822	3795	3983	7382	9381	10458	9825	10976	7490	10160	8394	10079	
36093	7008	6656	7189	6840	6161	5699	6062	6878	6120	7477	6803	7318	7451	6983	8087	7215	6581	6877	5982	6233	5708	5597	5269	4715	4577	5341	7670	6674	7079	6949	6695	4876	4488	4580	3925	4437	4577	5204	4152	5288	10254	9841	9998	9271	9078	9485	9316	8581	4957	5753	6547	7191	3336	3412	5377	4930	3174	1939	3996	3164	3852	1661	1226	4528	5208	4154	2712	9.99999e+008	2998	4033	6751	3816	4225	3386	3824	3671	7363	2850	6699	7639	8929	9674	9260	8990	8090	7432	8430	6631	6479	6693	10094	12093	13170	12537	13688	10200	12870	11106	12791	
33095	6909	6557	7090	6738	6061	5599	6074	6779	6021	7514	6840	7329	7449	6994	5132	4296	3662	3958	2984	3235	2710	2599	2271	1717	1579	2343	4751	3676	4081	3951	3776	1878	1490	1582	927	1489	1579	2206	1154	2290	11290	10877	10035	10307	10203	9522	9353	9880	1959	2755	3628	7228	3347	3423	5415	4968	4424	2612	5527	4695	3895	2144	3055	5778	2210	4110	2723	2987	9.99999e+008	2029	6652	5701	2651	1453	3835	4960	4444	610	3701	4641	10379	10973	9297	10438	8127	7469	8467	6668	3481	6594	7973	9972	11049	10416	11567	10100	11135	8985	10670	
34133	5016	4664	5197	4846	4168	3706	4325	4886	4128	5931	6248	5446	5556	5113	4054	3182	2548	2844	2928	2580	2739	2680	2725	2981	2842	2292	3637	2816	3222	3256	2662	1827	2754	2845	2115	3394	2841	3470	2417	2958	10698	10285	9443	9715	9611	8930	8761	9288	3222	1949	2514	6404	1945	1954	4824	4376	3831	2203	5489	4356	3301	3189	4100	5185	1444	2218	1321	4033	1954	9.99999e+008	4759	5138	724	1028	2053	4367	3330	1931	3399	3782	9787	10381	8705	9846	7535	6877	7875	6076	2474	4701	6859	8858	9935	9302	10453	8207	10021	7871	9556	
35674	1329	1841	1522	1529	1986	1703	2250	1461	631	2237	2826	1769	1902	1701	6191	5837	5908	5842	6502	6154	6241	5980	6025	6560	7051	5593	6292	6175	6580	6767	5481	5127	6610	7054	7001	8198	7384	7880	7014	6259	8091	7678	6836	7108	7274	6323	6268	7853	7583	5523	5813	2750	3560	4788	4426	4527	5707	4970	7088	5955	5295	5956	6867	6671	5018	2876	4088	6800	6809	5028	9.99999e+008	6737	4297	5593	3207	5966	4987	6856	6960	6558	8109	8946	5784	8405	5906	5412	5454	5361	5832	319	5451	7897	7511	8341	8724	4321	6989	7051	6956	
38051	5685	5662	5872	6299	6240	5823	5895	5817	6225	5274	4600	5491	5593	5192	9201	8329	7695	7991	7940	7727	7666	7555	7226	6673	6534	7299	8784	7963	8369	8403	7809	6834	6446	6538	5883	6394	6534	7162	6110	7246	6802	6389	6793	5819	5628	6280	6111	5131	6914	7096	7661	4987	4517	3193	3175	2728	1313	3897	351	1094	1991	2857	3590	1299	6591	5333	3893	4264	4956	5147	6856	9.99999e+008	5406	4673	5005	771	8477	4807	8546	8929	5477	6224	6647	5538	4885	5229	5337	4427	7621	6796	11274	13273	13510	13717	14724	10321	12989	12286	12955	
34320	4292	3940	4473	4122	3444	2982	3601	4162	3404	5207	5707	4722	4832	4389	4242	3370	2736	3030	3116	2768	2917	2655	2701	3235	3470	2268	3825	3005	3410	3444	2850	1803	3285	3473	2742	4022	3468	4097	3045	2934	10665	10252	9410	9682	9578	8897	8728	9255	3936	2137	2701	5680	1683	2685	4115	4466	4562	2934	6014	4881	4032	3920	4831	5597	1632	1494	2052	4764	2581	731	4035	5663	9.99999e+008	1296	1329	4892	3517	2559	3587	3970	9754	10348	8596	9813	7502	6844	7842	6043	2662	3977	7046	9045	10122	9489	10640	7483	10153	8058	9743	
33886	6096	5744	6277	5926	5248	4787	5149	5966	5208	6588	5914	6404	6537	6069	5550	4678	4044	4340	3778	4029	3504	3393	3064	2511	2372	3436	5133	4313	4718	4745	4159	3323	2284	2375	1645	2841	2371	3000	1947	3084	10365	9952	9110	9382	9278	8597	8428	8954	2752	3446	4011	6302	2422	2498	4489	4041	3497	1687	5155	4022	2968	2675	3586	4851	2940	3240	1798	3516	1453	1600	5839	4804	2219	9.99999e+008	2910	4033	4827	1465	4495	5278	9453	10047	8372	9512	7202	6544	7541	5742	3970	5781	8356	10355	11432	10799	11950	9288	11518	9368	11053	
35446	3416	3064	3597	3246	2569	2107	2470	3286	2528	4232	4718	3724	3857	3389	5367	4495	3861	4157	4241	3893	3982	3721	3766	4300	4752	3333	4950	4130	4535	4569	3975	2868	4350	4756	4025	5222	4752	5380	4328	3999	9791	9378	8536	8808	8704	8023	7854	8381	5132	3262	3827	4705	584	1812	3241	3592	3689	1994	5140	4007	3159	2980	3891	4723	2757	560	1112	3824	3833	2416	3159	4789	1685	2757	9.99999e+008	4019	4643	3928	4712	5095	8880	9474	7607	8939	6628	5970	6968	5169	3787	3101	6500	8499	9576	8943	10094	6608	9278	7512	9197	
37788	4914	4891	5101	5528	5469	5052	5124	5046	5454	4503	3829	4720	4822	4421	8430	7558	6924	7220	7303	6956	7029	6918	6590	6036	5898	6668	8013	7192	7598	7632	7038	6203	5809	5901	5171	6252	5896	6526	5473	6609	7084	6671	7024	6101	5910	6511	6342	5412	6278	6325	6890	4217	3746	2422	2404	1957	542	3138	1122	530	1220	2715	3026	1136	5820	4562	3122	3677	4814	4376	6085	771	4635	3902	4234	9.99999e+008	7706	4666	7775	8158	5911	6505	6286	5970	5116	4458	5455	3656	6850	6025	10503	12502	12740	12946	13953	9550	12218	11515	12184	
31054	4857	5140	5050	4643	5256	4794	4675	4989	4357	5807	6293	5298	5432	5153	1204	1201	1554	1156	2233	1885	2371	2545	2831	3452	3943	2507	1434	1821	2226	2413	1127	2792	3528	3946	4274	5142	4276	4684	3932	3151	11600	11187	10345	10617	10809	9858	9803	11388	4476	2039	826	6280	5127	5338	6656	7260	7173	5587	8541	7421	6685	6573	7484	8137	2342	4443	4705	7417	4670	3384	4791	8190	3716	4358	4775	7419	9.99999e+008	5261	2606	1754	11644	12481	9251	11940	9373	8877	8921	8584	1478	4930	3853	5852	6929	6296	7447	7129	7015	4865	6550	
34185	6373	6021	6554	6202	5525	5063	5615	6243	5485	7053	6379	6803	6913	6470	5446	4574	3940	4234	3665	3916	3391	3280	2952	2398	2260	3323	5029	4208	4614	4632	4054	3217	2171	2263	1532	2729	2260	2887	1835	2971	10830	10417	9575	9847	9743	9062	8893	9419	2639	3341	3904	6767	2888	2964	4955	4508	3964	2153	5622	4489	3434	3141	4052	5318	2836	3574	2264	3983	1341	1494	6116	5271	2115	995	3376	4500	4720	9.99999e+008	4382	5174	9918	10512	8837	9977	7667	7009	8006	6207	3866	6058	8250	10249	11326	10693	11844	9564	11412	9262	10947	
32445	7306	6954	7487	7136	6458	5996	6615	7176	6418	8221	8721	7736	7846	7403	2422	1926	1555	1682	1003	1560	1033	1038	1399	2020	2511	1426	1674	1051	869	607	1743	2010	2116	2514	2863	3730	2844	3159	2520	1719	13681	13268	12426	12698	12594	11913	11744	12271	3044	1537	2076	8694	4698	5203	7131	7482	7080	5452	8738	7605	6550	5748	6659	8434	2133	4508	4570	6592	3605	3249	7049	8387	3288	4277	4344	7616	2860	4215	9.99999e+008	1429	12770	13364	11610	12829	10518	9860	10858	9059	1392	6991	5504	7211	8288	7655	8806	9785	8374	6224	7909	
31291	6428	6712	6621	6214	6827	6366	6291	6560	5928	7378	7864	6869	7003	6724	1086	773	1133	856	1748	1400	1886	2060	2346	2967	3458	2448	320	892	560	853	1217	3014	3063	3461	3810	4677	3791	4162	3466	2666	13102	12689	11872	12119	12310	11359	11306	12891	3991	1992	1252	7851	5479	5635	8137	8057	7512	5884	9170	8037	6982	6695	7606	8866	2588	5380	5002	7538	4551	3736	6172	8819	4067	4710	5125	8048	1616	5161	1046	9.99999e+008	13147	13984	10822	13443	10944	10448	10492	9757	1234	6491	4350	6056	7133	6500	7651	8510	7219	5069	6754	
42200	6809	7324	6807	7245	7574	8184	8400	6941	7732	5890	5216	6471	6209	6536	12719	12363	12335	12631	12716	12368	12456	12195	12162	11608	11469	11807	12818	12604	13009	13044	12449	11342	11381	11473	10742	11740	11469	12099	11045	12181	1902	1682	2128	1112	829	1825	1724	661	11849	11737	12301	5604	9317	7993	6796	6641	6460	8709	5166	6611	6950	8203	8356	5508	11231	9598	8693	9634	10302	9947	8198	5517	10206	9475	9746	6288	11515	10153	13187	13084	9.99999e+008	1263	2991	641	2532	3190	2984	3870	12261	8140	13179	15625	15239	16069	16452	12048	14718	14779	14684	
43490	8099	8614	8097	8535	8864	9474	9690	8231	9022	7180	6506	7761	7499	7826	14009	13653	13359	13655	13740	13392	13480	13219	13186	12632	12493	12831	14108	13628	14033	14068	13473	12366	12405	12497	11766	12805	12493	13123	12069	13205	3193	2973	3419	2403	2120	3116	3014	1686	12873	12761	13325	6894	10341	9017	7820	7665	7139	9733	6231	7385	7817	9268	9422	6188	12255	10622	9717	10313	11367	10971	9488	6582	11230	10499	10770	7239	12805	11218	14211	14374	1640	9.99999e+008	4281	1189	3822	4480	4274	4894	13285	9430	14469	16915	16529	17359	17742	13338	16008	16069	15974	
39859	4469	4983	4467	4905	5234	5842	6058	4601	5390	3550	2876	4131	3869	4194	10377	10021	10693	10329	11046	10698	10785	10524	10569	10359	10221	10136	10476	10994	11302	11374	10300	9671	10132	10224	9493	10691	10221	10850	9796	10802	3040	2626	1685	2057	2248	1297	1244	2829	10601	10067	9999	3264	8069	6745	4543	5345	6225	7461	5876	6473	5702	8436	8686	6045	9561	7419	7445	9291	9302	8699	5858	6227	8840	8227	7751	6484	9173	9397	11517	10742	3085	3922	9.99999e+008	3381	1691	1820	1239	2622	10651	5800	10702	13148	12762	13592	13976	9571	12241	12302	12207	
42476	7085	7600	7083	7521	7850	8460	8676	7217	8008	6166	5492	6747	6485	6812	12995	12639	12170	12466	12551	12203	12291	12030	11997	11443	11304	11642	13094	12439	12844	12879	12284	11177	11216	11308	10577	11616	11304	11934	10880	12016	2353	2036	2481	1466	1274	2179	2000	497	11684	11572	12136	5880	9152	7828	6631	6476	6296	8544	5042	6487	6785	8079	8233	5344	11066	9433	8528	9470	10178	9782	8474	5393	10041	9310	9581	6164	11791	10029	13022	13360	451	806	3267	9.99999e+008	2808	3466	3260	3705	12096	8416	13455	15901	15515	16345	16728	12324	14994	15055	14960	
40264	4873	5388	4872	5310	5639	6247	6463	5005	5795	3955	3281	4536	4274	4599	10783	10427	9925	10221	10305	9957	10045	9785	9751	9197	9059	9397	10882	10194	10599	10633	10039	8932	8970	9062	8331	9529	9059	9688	8634	9770	3163	2750	1908	2180	2076	1395	1226	2395	9439	9326	9891	3669	6907	5583	4385	4231	5063	6299	4521	5311	4540	7274	7524	4464	8821	7187	6283	8129	8140	7537	6263	4872	7796	7065	7335	5322	9579	8235	10776	11148	2651	3488	1762	2947	9.99999e+008	658	452	1460	9851	6205	11243	13689	13303	14133	14516	10113	12781	12842	12747	
39606	4215	4730	4214	4652	4981	5589	5805	4347	5137	3297	2623	3878	3616	3941	10125	9769	9267	9563	9647	9299	9387	9127	9093	8539	8401	8739	10224	9536	9941	9975	9381	8274	8312	8404	7673	8871	8401	9030	7976	9112	3821	3408	2566	2838	2734	2053	1884	2779	8781	8668	9233	3011	6249	4925	3727	3573	4405	5641	4056	4653	3882	6616	6866	5004	8163	6529	5625	7471	7482	6879	5605	4407	7138	6407	6677	4664	8921	7577	10118	10490	3278	3872	1828	3337	658	9.99999e+008	998	802	9193	5547	10585	13031	12645	13475	13858	9455	12123	12184	12089	
39826	4435	4950	4433	4871	5200	5810	6026	4567	5358	3516	2842	4097	3835	4162	10345	9989	10264	10297	10645	10297	10385	10124	10091	9537	9398	9736	10444	10533	10938	10973	10268	9271	9310	9402	8671	9868	9398	10028	8974	10110	3615	3202	2360	2632	2528	1847	1678	2575	9778	9666	9967	3230	7246	5922	4509	4570	5402	6638	4862	5650	4879	7613	7863	4806	9160	7387	6622	8468	8479	7876	5824	5213	8135	7404	7675	5661	9141	8574	11116	10710	3074	3668	1310	3133	452	998	9.99999e+008	1799	10190	5766	10805	13251	12865	13695	14078	9674	12344	12405	12310	
39491	4157	4670	4155	4593	4921	5530	5746	4289	5078	3238	2564	3819	3557	3882	9976	9151	8465	8761	8846	8498	8586	8325	8292	7738	7599	7937	9606	8734	9139	9174	8579	7472	7511	7603	6872	8069	7599	8229	7175	8311	4623	4210	3368	3640	3536	2855	2686	3212	7979	7867	8431	2952	5447	4123	2926	2771	3603	4839	4858	3851	3080	5814	6064	4567	7361	5728	4823	6669	6680	6077	5546	4633	6336	5605	5876	3862	8861	6775	9317	9699	3711	4305	2630	3770	1460	802	1799	9.99999e+008	8391	5488	10527	12973	12587	13417	13800	9395	12065	12126	12032	
32026	6325	6608	6518	6111	6471	6009	5973	6457	5825	7275	7761	6766	6900	6621	1799	975	238	712	755	407	893	1067	1353	1974	2465	1455	1430	343	748	935	351	2021	2070	2468	2817	3684	2798	3206	2473	1673	13068	12655	11813	12085	12277	11326	11271	12062	2998	999	718	7748	4710	4728	7144	7150	6605	5032	8263	7130	6075	5702	6613	7959	1595	4520	4150	6545	3558	2829	6088	7912	3300	3803	4356	7141	1468	4168	1128	1308	12561	13155	10719	12620	10309	9651	10389	8850	9.99999e+008	6398	5085	6792	7869	7236	8387	8427	7955	5805	7490	
35993	1271	1783	1464	1471	1928	1645	2192	1403	573	2179	2768	1711	1844	1643	6510	6156	6222	6161	6444	6096	6183	5922	5967	6502	6993	5535	6611	6333	6738	6772	5800	5069	6552	6996	6943	8140	7326	7821	6956	6201	8008	7595	6778	7025	7216	6265	6211	7796	7525	5465	6030	2692	3502	4730	4368	4469	5491	4912	6872	5739	5079	5898	6809	6455	4960	2818	4030	6742	6751	4970	319	6521	4239	5535	3150	5750	5306	6798	6915	6877	8052	8889	5726	8348	5848	5354	5396	5303	5990	9.99999e+008	5770	8216	7830	8660	9043	4640	7308	7369	7274	
31568	6643	6927	6836	6429	7100	6614	7364	6775	6175	7595	8079	7086	7220	6941	4770	4691	5131	4662	5810	5462	5948	6122	6408	6986	7477	6016	5146	5398	5642	5864	4704	6299	7036	7480	7783	8650	7810	8261	7440	6685	13342	12929	12087	12359	12551	11574	11521	13106	8010	5547	4662	8068	7836	8792	9679	9767	10147	9041	11528	10395	9735	10027	10938	11111	5848	6922	8159	10871	8177	6893	5882	11177	7224	7867	7482	10406	4110	8769	6058	5082	13362	14199	11037	13658	11159	10664	10707	10614	5055	6201	9.99999e+008	3021	3827	3465	4347	4799	3407	2174	3351	
28547	9104	9387	9297	8890	9561	9075	9528	9236	8636	10055	10540	9547	9680	9402	5023	5454	6127	5850	6874	6526	7012	7186	7472	8093	8584	7460	5581	6154	5892	6116	6150	7744	8189	8587	8936	9803	8917	9325	8592	7792	15803	15390	14548	14820	15012	14035	13982	15567	9117	6991	6106	10528	9869	10236	12139	12114	12027	10485	13395	12275	11583	11471	12382	12991	7294	9185	9603	12315	9622	8337	8343	13044	8668	9310	9516	12273	5552	10213	6309	5332	15823	16660	13498	16119	13620	13124	13168	13074	6360	8662	3338	9.99999e+008	1077	444	1595	7080	2538	987	2073	
29634	10054	10337	10247	9839	10511	10025	10775	10186	9585	11005	11489	10496	10630	10351	6621	7052	7725	7448	8472	8124	8610	8784	9070	9691	10182	9058	7179	7752	7490	7714	7748	9342	9787	10185	10534	11401	10515	10923	10190	9390	16753	16340	15498	15770	15962	14985	14931	16516	10715	8589	7704	11478	11511	11834	13089	13177	13557	12083	14938	13805	13145	13069	13980	14521	8892	10827	11201	13913	11220	9935	9292	14587	10266	10908	11158	13816	7150	11811	7907	6930	16772	17609	14447	17068	14569	14074	14117	14024	7958	9611	4506	1642	9.99999e+008	2086	1482	6650	1984	2586	1598	
28104	9542	9825	9735	9328	9999	9519	9972	9674	9074	10493	10977	9984	10118	9840	5467	5898	6571	6294	7318	6970	7456	7630	7916	8537	9028	7904	6025	6598	6336	6560	6594	8188	8633	9031	9380	10247	9361	9769	9036	8236	16247	15834	14992	15264	15456	14479	14426	16011	9561	7435	6550	10966	10313	10680	12125	12558	12471	10929	13839	12719	12027	11915	12826	13435	7738	9629	10047	12759	10066	8781	8781	13488	9112	9754	9960	12717	5996	10657	6753	5776	16267	17104	13935	16563	14057	13562	13605	13512	6804	9099	3776	444	1521	9.99999e+008	2039	7313	2982	1431	2517	
28152	9749	10033	9942	9535	10207	9720	10470	9881	9281	10701	11185	10192	10326	10047	6460	6891	7564	7287	8311	7963	8449	8623	8909	9530	10021	8897	7018	7591	7329	7553	7587	9181	9626	10024	10373	11240	10354	10762	10029	9229	16448	16035	15193	15465	15657	14680	14627	16212	10554	8428	7543	11174	11306	11673	12785	12873	13253	11922	14634	13501	12841	12908	13819	14217	8731	10573	11040	13752	11059	9774	8988	14283	10105	10747	10953	13512	6989	11650	7746	6769	16468	17305	14143	16764	14265	13770	13813	13720	7797	9307	4303	1437	1133	1881	9.99999e+008	7725	3117	2383	2720	
35055	6133	6416	6326	5919	6590	6098	6854	6265	5658	7084	7569	6576	6709	6431	7047	7330	7408	6940	8087	7739	8225	8399	8685	9306	9797	8367	7609	7675	7920	8142	6981	8847	9386	9800	10133	11000	10130	10538	9790	9005	12832	12419	11577	11849	12041	11064	11011	12596	10330	7825	6940	7557	7643	8871	9168	9257	9637	9053	11018	9885	9225	10039	10950	10601	8421	6959	8171	10882	10710	9111	5372	10667	8380	9676	7290	9896	6388	10939	8335	7360	12852	13689	10527	13148	10649	10153	10197	10104	7332	5691	4062	6508	6640	6952	7870	9.99999e+008	5176	5662	5053	
31070	8298	8581	8491	8084	8755	8923	9019	8430	8168	9249	9733	8740	8874	8596	6283	6715	7387	7111	8134	7786	8272	8446	8732	9353	9844	8718	6842	7415	7152	7376	7408	9003	9449	9847	10196	11063	10177	10585	9852	9052	14997	14584	13742	14014	14206	13229	13176	14761	10377	8250	7366	9722	9806	11034	11333	11422	11801	11216	13182	12049	11389	12202	13113	12765	8553	9122	10334	13045	10881	9595	7537	12831	9927	10569	9453	12060	6813	11472	7569	6592	15017	15854	12691	15313	12813	12318	12361	12268	7620	7855	3494	2523	2083	2967	3312	4675	9.99999e+008	2136	496	
29534	8224	8507	8417	8010	8681	8985	8541	8356	7755	9175	9659	8666	8800	8522	4147	4579	5251	4975	5998	5650	6136	6310	6596	7217	7708	6582	4706	5279	5016	5240	5272	6867	7313	7711	8060	8927	8041	8449	7716	6916	14923	14510	13668	13940	14132	13155	13102	14687	8241	6114	5230	9648	8993	9358	11259	11127	11040	9609	12408	11288	10628	10595	11506	12004	6417	8309	8727	11439	8745	7459	7463	12057	7791	8433	8641	11286	4677	9336	5433	4456	14943	15780	12617	15239	12739	12244	12287	12194	5484	7781	2458	987	2064	1431	2582	6692	2150	9.99999e+008	1685	
30620	8456	8739	8649	8241	8913	8427	9177	8588	7987	9407	9891	8898	9032	8753	5832	6264	6936	6660	7683	7335	7821	7995	8281	8902	9393	8267	6391	6964	6701	6925	6957	8552	8998	9396	9745	10612	9726	10134	9401	8601	15155	14742	13900	14172	14364	13387	13333	14918	9926	7799	6915	9880	9963	11043	11491	11579	11959	11294	13340	12207	11547	12280	13191	12923	8102	9280	10412	13124	10430	9144	7694	12989	9476	10118	9611	12218	6362	11021	7118	6141	15174	16011	12849	15470	12971	12476	12519	12426	7169	8013	3450	2073	1634	2517	2863	5052	510	1685	9.99999e+008	
