80																																																																																										
999999	19	19	19	29	15	14	27	24	16	22	19	15	14	15	15	15	11	19	15	15	15	23	19	15	19	15	10	11	15	15	19	18	19	19	15	11	11	15	11	11	15	15	19	15	15	13	15	19	15	19	19	19	13	18	15	14	12	15	15	11	19	15	27	23	19	19	23	18	15	11	25	30	15	31	37	23	19	15	23											
0	9	12	10	10	14	2	7	6	7	8	9	11	14	15	15	14	9	19	15	13	7	15	7	11	0	15	9	7	7	12	11	14	13	15	7	7	7	5	8	6	4	9	8	6	4	7	9	19	9	10	10	4	6	18	5	7	8	8	7	5	3	11	7	14	11	3	5	3	5	6	15	10	9	16	20	11	9	8	9											
91																																																																																										
0.010989011	0.010989011	0.010989011	0.010989011	0.010989011	0.010989011	0.010989011	0.010989011	0.010989011	0.010989011	0.010989011	0.010989011	0.010989011	0.010989011	0.010989011	0.010989011	0.010989011	0.010989011	0.010989011	0.010989011	0.010989011	0.010989011	0.010989011	0.010989011	0.010989011	0.010989011	0.010989011	0.010989011	0.010989011	0.010989011	0.010989011	0.010989011	0.010989011	0.010989011	0.010989011	0.010989011	0.010989011	0.010989011	0.010989011	0.010989011	0.010989011	0.010989011	0.010989011	0.010989011	0.010989011	0.010989011	0.010989011	0.010989011	0.010989011	0.010989011	0.010989011	0.010989011	0.010989011	0.010989011	0.010989011	0.010989011	0.010989011	0.010989011	0.010989011	0.010989011	0.010989011	0.010989011	0.010989011	0.010989011	0.010989011	0.010989011	0.010989011	0.010989011	0.010989011	0.010989011	0.010989011	0.010989011	0.010989011	0.010989011	0.010989011	0.010989011	0.010989011	0.010989011	0.010989011	0.010989011	0.010989011	0.010989011	0.010989011	0.010989011	0.010989011	0.010989011	0.010989011	0.010989011	0.010989011	0.010989011	0.010989011
0	1	4	-5	11	-13	-2	4	18	4	0	0	-5	-3	-3	-15	-2	-3	-19	-12	-5	-4	-5	1	-4	0	-12	-3	0	0	-3	-8	-5	-4	-3	1	0	-7	10	-5	2	9	-5	3	1	-1	0	0	-3	-3	-2	0	-2	2	-5	3	3	-8	1	0	5	10	-5	17	-3	-1	-1	5	4	5	-6	-9	0	-9	-6	-2	12	1	-6	4											
0	0	7	-10	3	-11	1	2	18	1	0	0	-3	-8	-6	-12	-14	-7	-17	-10	-5	-4	-3	0	0	0	-15	-5	-2	-4	-2	-1	-3	-6	-6	4	-2	1	10	-2	-1	11	-2	-7	3	0	0	-7	-4	2	3	-5	8	5	-18	-4	0	-3	-8	-7	2	12	-10	6	6	-11	10	8	-1	9	-6	-2	-5	3	8	-8	9	-3	-4	1											
0	-5	-11	-2	4	-11	11	3	18	2	0	0	0	-7	0	-6	-5	-3	-19	-15	-6	0	-9	3	-11	0	-15	-8	-5	-2	-4	-2	-3	-8	-2	-1	-2	-4	0	-1	-6	-3	-2	0	2	1	0	-2	-17	-4	1	1	12	3	-18	8	-1	-8	-5	-6	-5	7	-5	4	-9	0	14	-5	-3	-5	-5	3	6	-3	0	10	12	-4	1	0											
0	-1	-7	-4	10	-12	11	4	17	1	0	0	-8	-4	-15	-9	-10	-2	-19	-12	-5	-1	-11	0	-4	0	-14	0	-4	0	-1	-1	-2	-1	0	-1	-4	-4	2	-3	4	-2	0	0	9	0	1	-6	-9	1	-4	2	8	-6	-18	10	-4	-1	-8	6	6	4	-1	20	-5	4	12	-4	1	-1	5	-15	7	-3	-2	3	2	-6	1	-2											
0	-9	0	-5	-10	-4	12	4	6	0	0	0	3	-10	-7	-8	-6	-6	-19	-9	-5	-3	-2	11	-6	0	-13	-9	0	-4	-4	1	-9	-2	-1	0	0	-3	0	-2	0	-4	3	-6	-5	1	1	-7	-9	-1	-1	1	-3	-2	-12	1	-4	-6	7	8	-2	-2	-11	-1	-4	-11	4	-5	4	8	-6	-6	2	-9	-7	12	8	-2	1	-9											
0	6	-2	-2	3	-6	5	19	15	0	0	0	-3	-7	-1	-7	0	-9	-17	-15	-1	1	-6	8	-7	0	-13	1	1	2	1	1	-9	-2	-3	7	-2	-1	-5	-4	-6	-4	1	1	6	0	-1	2	-12	-3	0	-4	15	-4	-10	-5	-6	4	-1	-6	5	14	1	-1	0	4	3	-4	-3	2	5	1	-9	-2	-3	-1	1	4	3	-3											
0	6	-11	-10	6	-14	9	-2	18	1	0	0	-4	-11	-9	-9	1	-3	-8	-2	-12	-2	-6	4	-5	0	-7	0	-4	0	-7	-5	-10	-7	-9	-2	3	-5	6	-6	-1	11	-2	0	9	-1	-3	1	-13	2	-2	2	7	-6	-2	10	7	0	7	2	0	15	-5	13	-4	-11	2	18	11	8	4	2	-6	-4	12	-18	7	-3	7	-2											
0	0	7	-1	5	-5	12	15	0	4	0	0	2	-1	-8	-15	-7	-9	-19	-8	1	-5	-5	7	-9	0	-3	-9	-5	0	-12	-8	-5	-9	-3	-2	0	2	-5	-6	-1	6	-2	-3	6	0	3	-3	-11	-5	3	2	-4	3	-18	1	6	-5	7	-4	-3	-1	-11	5	9	-11	-1	-5	2	-3	3	-4	20	-3	1	-15	8	0	-5	0											
0	6	-11	-4	2	-13	12	1	0	-5	0	0	-5	-8	-6	-15	-9	1	-9	-5	-7	0	2	1	-4	0	-4	-8	0	0	-3	-4	-5	-5	-4	7	0	-3	-3	3	-4	11	-7	6	9	-1	-5	0	-11	-1	1	0	15	-5	-18	-1	-2	0	3	-3	-5	6	-8	6	0	-9	4	6	15	-1	1	10	7	2	-4	-2	-1	-5	2	-9											
0	-1	-1	4	6	-6	9	-1	11	0	0	0	-3	-9	-5	-9	-6	0	-17	-15	-7	0	-8	-1	-3	8	-9	-9	-7	3	-7	-4	-8	-6	-4	-6	-2	-3	-3	0	0	-4	2	-7	-1	-1	1	-3	-13	1	1	-4	0	-1	-17	4	6	-7	0	-1	1	4	-3	-1	5	-11	12	3	8	-2	0	4	6	-1	4	0	-1	3	7	-3											
0	-9	-11	9	15	-6	12	-5	-5	6	0	0	4	-3	-15	-14	-3	-6	-19	-12	-12	-2	-15	-6	-10	0	-12	-9	-2	3	-12	-2	-4	-4	-2	1	-2	-4	9	0	-1	-1	-8	-8	9	1	-2	1	-15	1	-1	4	3	2	-18	-5	-2	2	0	4	-5	12	-10	12	2	0	9	18	15	-5	4	-6	-6	-5	3	7	12	-5	-4	9											
0	10	0	-10	8	-7	12	9	6	3	0	0	-3	-4	-3	-7	-9	-8	-19	-12	-8	-2	-5	8	-5	11	-15	-9	4	-1	-7	-1	-11	-4	-7	5	-5	-1	1	0	-6	-4	-3	10	3	0	2	2	-9	1	2	-1	-4	5	-10	3	2	-4	7	8	6	12	-7	19	0	1	16	-5	-3	4	5	-15	-10	-4	3	8	12	-8	-1	0											
0	10	-2	-1	-9	1	9	10	1	4	0	0	-5	-3	-9	-14	1	-7	-19	-10	-2	0	-5	-7	-1	4	-9	-9	0	6	-3	-2	1	0	-11	6	-1	2	0	1	-1	-3	0	-8	9	3	3	2	-9	-2	-2	-3	14	5	-18	7	-3	4	-2	-7	5	11	4	-7	-1	6	2	8	1	6	-4	-15	10	-3	-6	-20	8	10	5	3											
0	5	4	0	-10	-3	-2	16	11	-3	0	0	-4	-6	-4	-10	-5	1	-9	0	-4	1	-7	4	-2	7	-4	1	1	1	-3	-3	-2	-5	-1	-3	2	-4	10	-2	-2	-1	-2	-6	-5	-3	-4	-2	-6	-2	2	3	12	-3	-18	-1	1	-4	0	4	-2	-2	-8	17	9	-11	16	-5	1	-4	3	3	9	6	1	-20	-11	0	-5	9											
0	-5	-7	5	7	-2	11	20	-1	3	0	0	1	0	-5	-13	-12	2	-13	-9	-8	-1	-12	3	-1	3	-14	-4	-3	-2	-8	-4	-9	-6	1	0	-1	-3	0	-3	1	0	-2	-7	2	-3	-1	-9	-5	1	0	-1	7	4	-18	-5	1	-8	1	-7	0	8	4	6	-2	-11	9	-3	9	1	5	4	5	2	-6	-20	12	-9	-1	-1											
0	6	2	-9	18	-13	1	9	12	2	0	0	-5	-11	-14	-15	-9	-6	-19	-11	-9	0	-8	-7	-3	2	-3	1	-4	0	-4	-2	-3	-6	-2	2	0	-2	7	-4	5	2	-6	0	4	0	2	6	-9	-1	-3	-2	7	-2	-18	10	-6	0	4	4	-4	-2	-6	2	1	-8	13	11	6	10	5	9	4	-7	15	-10	3	-9	2	-3											
0	0	-8	-3	19	-14	-1	6	11	-3	0	0	-4	-12	-12	-10	-2	-6	-18	-5	-6	-1	-2	0	-1	9	-2	-9	-1	0	-8	0	-6	-7	-7	1	-2	-1	3	-8	3	11	1	-4	8	0	-2	-1	-8	0	4	1	3	7	-17	8	5	-3	-7	6	6	4	-2	5	9	-11	16	18	15	1	-4	-2	15	-2	5	-16	-11	4	4	3											
0	5	-10	1	5	1	12	8	14	-2	0	0	-8	-6	-9	-15	-14	-8	-19	-14	-2	3	-3	9	-7	16	-15	-7	-6	2	-11	-2	-5	-5	-8	-2	1	-6	10	-4	-1	11	0	-1	-1	1	-3	-4	-14	-3	-4	6	7	5	-18	2	-7	4	0	-3	0	-1	0	4	-5	-11	1	15	-3	0	-2	-7	4	0	-12	17	12	2	0	4											
0	4	5	1	1	-9	-2	11	4	-2	0	0	-5	-6	-15	-11	-11	-8	-19	0	-4	-1	-12	12	-2	14	-5	-7	0	-3	-3	-5	0	-5	-2	-6	0	-6	-5	-1	2	-3	-4	1	-4	1	2	-4	-7	-3	2	-2	0	1	-18	0	-4	3	-6	-4	3	10	0	9	-4	8	6	-1	-3	0	-2	0	5	0	-11	17	-4	-2	-2	-2											
0	9	-8	1	-1	-5	2	19	-2	-3	0	0	-4	-9	-3	-15	-6	-9	-17	-6	-7	0	0	-7	-5	7	-14	-9	2	2	-3	-2	4	-4	-2	3	-1	1	-5	0	-3	1	2	9	-1	0	-3	0	-6	-2	1	-3	15	7	-18	5	4	-6	-1	0	-3	-2	4	-5	3	8	10	15	3	2	-1	9	16	-4	-1	-12	-2	-2	2	-1											
0	-9	3	-9	-8	-9	-2	10	12	0	0	0	-6	-11	-13	-15	-6	-1	-13	-13	-10	3	-4	-7	-2	0	-5	-2	-3	0	-1	-3	-6	-3	1	1	-5	-6	9	-7	-2	2	4	3	1	0	4	-1	-2	0	0	-4	-2	-3	-12	7	3	4	3	5	0	14	4	14	9	-11	7	18	15	8	-2	10	-6	-3	15	-20	-1	1	0	-2											
0	10	-4	-5	13	1	2	-3	17	-3	0	0	4	-8	-13	-15	-10	-4	-8	0	-8	-2	-4	11	-8	17	-8	-3	0	-2	-3	-7	-5	-3	-5	0	0	-3	10	-4	3	8	-6	-4	5	0	-1	-2	-15	-3	1	2	-4	1	-18	4	2	0	4	-2	1	0	-8	12	-1	-4	16	3	8	5	-6	-1	0	-4	4	-20	-6	-2	-8	2											
0	2	-1	7	8	-14	-2	-2	-1	0	0	0	-7	-5	0	-15	-12	-6	-13	-12	-7	2	-8	11	-6	2	-7	-3	-1	2	-11	0	-1	-5	-8	2	3	1	7	-3	-5	7	-7	4	0	0	-2	-3	-8	-2	0	1	15	4	-18	9	4	-8	-5	2	4	4	-11	1	7	-11	15	10	12	-3	-3	10	-4	0	0	-20	5	-8	7	-2											
0	1	4	-5	9	-12	12	14	3	5	0	0	-9	-9	-4	-15	-7	-9	-19	-7	-12	-2	-3	12	3	8	-8	-3	-1	4	-9	-4	-6	-12	-6	-1	-2	-7	10	-6	-5	11	-5	5	9	2	-1	-7	-10	2	1	-1	2	7	-13	10	-1	-2	2	0	-4	4	-11	11	9	3	15	14	15	3	4	10	-5	-7	3	-20	3	8	6	-9											
0	10	-10	-2	19	-13	12	-7	0	2	0	0	0	-6	-7	-14	-10	2	-17	-12	-4	1	-12	12	-6	7	-15	-7	-4	-3	-11	-2	-5	-8	4	-4	2	-2	5	1	4	-1	-3	6	-1	1	-4	-1	-19	-5	-1	-1	-4	7	-18	-5	-3	4	-4	-3	-2	16	-11	0	-3	7	7	6	7	-1	3	-3	-3	-3	-16	17	12	0	-6	-6											
0	10	-12	0	-7	0	-2	17	4	-4	0	0	-3	0	-8	-13	-2	-7	-19	-14	0	-2	-8	-1	-10	19	-15	-5	2	0	-11	-5	-4	-5	-2	4	3	-1	-5	1	0	-3	1	4	-2	1	2	-7	-3	1	0	-1	1	-6	-18	2	2	1	1	7	6	0	-8	5	5	-3	16	-5	9	8	-6	-15	4	1	-15	16	12	-3	-8	-1											
0	4	7	0	8	1	8	10	-1	-3	0	0	-10	-12	-12	-4	-2	-3	-19	-4	-2	-3	-1	12	-7	16	-7	-4	-4	2	-3	0	-7	-3	0	8	0	2	5	-6	0	3	-1	-1	0	-1	0	1	-10	0	0	5	15	-6	-14	-5	-7	4	2	8	2	12	4	2	-13	0	-3	2	3	8	4	-13	2	-3	0	17	-11	5	0	2											
0	-9	-12	-5	7	-12	-1	12	-1	-2	0	0	1	-8	-9	-14	-7	-6	-12	-5	-9	-1	-9	-2	0	0	-15	0	-1	1	-1	-4	4	-5	-11	-3	3	-2	6	-6	0	5	1	-4	9	0	-2	-3	-1	3	-1	0	-2	7	-11	10	-4	-2	-4	3	1	10	-11	4	4	4	16	5	15	5	-3	10	-5	6	9	-20	9	5	5	-7											
0	10	-12	7	3	1	4	-3	-6	-1	0	0	-3	-11	-10	-8	-1	-9	-19	-15	-10	1	-9	6	0	8	-10	-5	-1	-2	-6	-2	-8	-4	-7	-2	0	-1	2	-7	2	-2	-4	3	5	0	-2	-1	-3	-3	-1	-1	4	7	-5	-3	7	-6	-7	3	1	15	-11	2	1	8	10	7	13	3	-3	-6	8	-4	-3	-19	4	5	-8	3											
0	-1	1	-10	17	-6	8	10	-6	3	0	0	-6	-5	-9	-15	-9	-4	-19	-14	-7	-4	-8	-3	-10	10	-9	-9	-2	3	-8	-2	0	-3	-8	1	-5	-4	10	1	1	1	-4	-5	-2	0	1	-6	-18	-3	-3	1	2	-6	-18	0	0	-5	-1	4	-5	16	-1	11	-2	8	12	6	12	0	-6	3	7	-9	8	-8	-11	-4	2	1											
0	7	-12	-6	8	-14	10	8	15	-2	0	0	-1	-8	-13	-15	-11	-5	-17	-6	-12	1	-1	3	-6	11	-8	-7	1	-1	-10	-1	-9	-8	-14	-4	3	0	8	-2	5	11	-1	-8	5	-4	-3	6	-5	1	-2	-2	-3	-3	-18	7	2	4	-1	-5	3	16	-8	-1	-7	1	8	6	5	2	-1	-4	-6	-2	13	-20	-11	-1	0	14											
0	1	-10	9	11	-9	9	-3	18	2	-2	0	1	-12	-10	-10	1	-4	-15	-15	-4	-1	-4	12	-5	2	-15	1	1	-1	1	-5	-1	-5	-15	-2	0	-1	3	3	-5	-1	-2	-7	0	0	-2	-6	-8	-1	1	-4	3	0	-18	6	-5	-5	-5	-1	0	5	3	2	-14	7	14	-5	2	-2	5	-7	-1	1	-11	1	11	-9	-2	2											
0	1	7	3	0	1	8	-7	1	1	-2	0	-6	-2	-3	-6	-8	1	-13	-4	-8	-1	2	-7	0	4	-15	-9	-1	1	-12	-3	-9	-4	-7	-7	-3	-4	-1	3	-6	-4	-3	-4	-4	0	-2	-2	-5	-3	-3	0	4	2	-15	10	-6	1	-4	3	6	-3	-1	17	-12	-1	6	3	-2	0	-2	-1	-1	2	-15	17	9	0	-8	-9											
0	10	0	-7	3	0	5	-5	2	-2	-8	0	-8	-3	-10	-13	0	-7	-17	0	-1	-2	-12	-4	-9	15	-15	-9	-3	-2	2	-2	-3	0	-5	3	1	-2	2	1	3	4	0	-8	1	2	-4	-1	-9	3	-1	3	14	2	-12	-1	-1	0	-1	-6	-2	11	-3	20	-14	5	-3	-1	7	7	-2	-11	-2	-1	10	-17	-7	6	0	6											
0	0	-10	2	15	-9	9	2	18	1	-8	0	-2	-9	-7	-15	-6	-3	-16	-8	-13	0	-2	2	-4	6	-4	-9	0	-2	-8	-4	-6	-2	-15	6	-2	-1	8	0	-4	8	-2	4	9	0	2	-3	-7	-1	-3	1	8	0	-18	-2	-1	-5	2	8	3	5	-4	3	-4	-7	7	7	14	10	0	10	-2	-3	4	-20	-10	-5	7	-1											
0	4	-6	0	19	-5	4	9	17	1	-1	0	-5	-7	-1	-15	-6	-9	-11	-7	-7	-1	-3	1	2	5	-13	1	1	1	-6	-8	-5	-9	-7	3	1	-2	3	-8	-2	11	-2	5	4	1	0	-9	-13	-2	3	-3	13	-2	-15	10	7	-1	-3	2	-1	-2	-3	-2	9	-11	11	10	15	6	-1	5	1	-8	5	-20	4	-7	3	1											
0	-3	3	-4	6	-4	1	17	12	3	-8	0	-6	-6	-5	-15	-12	-2	-14	-11	0	-6	-5	5	1	12	-6	-5	-1	2	-10	-2	-11	-6	-9	-1	-1	4	8	-2	-1	11	-2	-8	9	-2	-1	-3	-14	0	-1	0	10	7	-18	7	-3	-7	2	2	3	9	-11	14	-4	2	8	8	8	3	-6	6	-8	-9	5	-20	11	-1	0	1											
0	6	-5	5	3	-13	12	2	3	-6	-3	-1	-11	-5	-13	-15	-7	0	-19	-4	1	1	1	-3	0	10	-2	-8	-6	1	-3	-5	-4	-5	1	-5	3	0	8	-7	-6	-1	-4	-8	6	0	2	-7	-10	0	2	-1	-4	2	-13	-5	1	-3	2	5	1	7	-8	4	3	-11	14	4	9	0	-6	-3	-5	-7	1	-4	3	-5	-2	7											
0	3	-4	9	5	0	12	18	-2	3	0	9	-2	-7	-10	-15	-14	-8	-19	-13	-3	-3	-7	0	-2	15	-9	-9	-5	1	-11	-5	-4	-7	-7	-1	-2	0	10	0	5	11	-5	-1	6	-2	3	-3	-10	-2	1	1	1	-3	-18	6	-1	0	-1	-6	-5	5	-10	8	-9	-4	12	-5	-3	8	-3	2	18	-4	1	5	2	4	-3	1											
0	10	-12	4	-7	-5	12	20	17	6	-3	-1	-5	-7	-4	-4	-4	-6	-17	-8	-4	-1	-6	10	-8	0	-5	-2	-5	2	-8	-2	-2	-7	-4	0	-2	-2	0	1	-6	-4	1	0	-4	8	-1	2	-13	-3	0	3	2	1	-16	-5	-3	1	-2	2	-1	-3	1	10	-12	-3	3	9	3	-3	5	-15	20	-9	-15	-7	-4	-1	-8	-6											
0	9	7	8	-10	1	12	4	13	-6	-1	10	-9	-1	0	-6	-13	-9	-12	-13	-3	-2	-8	8	-2	11	-11	-8	1	2	-8	-2	-3	-1	-7	6	-4	1	0	-1	1	5	1	-4	3	2	1	-2	-13	0	-2	-3	15	7	-18	6	-7	4	-2	3	1	5	4	-7	-11	-1	-2	-5	4	6	-4	3	20	-9	-11	-14	-2	5	1	1											
0	8	1	-5	7	0	1	20	18	-1	7	-5	0	-5	-9	-13	1	-5	-14	-6	-3	-1	-8	4	-3	3	-6	-9	-2	1	0	-9	-6	-6	-5	0	-4	-3	8	1	3	3	0	-2	2	2	-5	-5	-10	-3	0	-1	9	6	-13	1	5	-1	-6	0	2	2	-11	14	-6	-11	14	12	10	2	-2	-2	7	-3	3	-20	6	-1	2	-1											
0	-9	-9	-4	19	-14	2	-1	0	-1	-4	-4	4	-4	0	-15	-1	-1	-5	-4	-4	-1	0	0	-1	0	-6	1	-1	2	-2	5	-1	-5	-11	4	0	0	10	-2	0	11	1	2	9	0	0	0	-1	0	1	0	8	-1	-6	9	-6	0	7	5	4	10	-2	4	9	-11	12	18	10	3	-1	2	-3	-1	10	-11	-2	2	7	11											
0	10	0	-1	4	-12	9	20	7	3	-4	5	0	-3	-11	-14	-5	-4	-19	-11	1	2	-3	5	-10	8	-14	-9	-2	2	-3	-3	-3	-5	-2	3	2	-2	6	-1	5	7	1	3	6	-1	2	-3	-11	-2	0	1	2	0	-18	10	5	-2	-1	-4	0	-3	-6	5	-6	-11	8	0	11	8	-1	10	17	-6	7	-20	-3	2	0	-6											
0	10	-2	4	18	-4	11	-4	5	0	-8	-3	-3	-3	-13	-13	-11	2	-19	-10	-6	-3	-12	5	-6	9	-15	-9	-4	-2	-3	-3	-1	-4	-10	-1	3	-4	3	2	4	11	-2	-8	7	-2	-1	-6	-15	-1	3	-2	10	-5	-18	5	-7	-5	-8	0	-4	13	-11	0	9	-2	15	-3	9	0	0	-2	2	-1	9	-20	-8	-9	5	2											
0	-9	7	-7	19	-4	6	-6	9	2	6	-2	-2	-5	-5	-11	-13	-9	-19	-14	-3	-1	-8	8	-3	5	-15	-9	-3	-3	-5	-2	-5	-3	-10	-2	0	-1	-3	-6	-6	-4	2	-1	-4	-2	0	-5	-14	-1	1	2	-4	0	-18	4	3	3	-3	-5	4	2	-6	6	-14	-1	6	-4	15	1	5	-13	14	6	-9	17	12	-3	-4	14											
0	10	-1	-5	-10	-11	12	0	5	9	-2	-2	-6	-8	0	-11	-4	2	-19	-3	-11	1	0	-7	-9	19	-13	-9	-2	-3	-9	-3	-4	-6	0	1	-4	0	-5	1	-6	-4	-4	-7	-5	1	-2	3	-10	-2	-3	3	14	-4	-18	2	-5	-3	-6	-6	-5	2	2	11	-13	-3	6	2	7	6	-2	-11	20	-3	-11	3	12	-6	-6	-9											
0	6	-11	6	4	1	-2	-2	16	1	-4	3	-7	-2	0	-9	-4	-5	-18	-2	0	-1	-3	3	-4	11	0	-6	-3	-2	-9	-5	-4	0	-5	-4	-2	2	-5	-4	1	9	2	3	-2	0	2	-6	-3	0	-1	-2	9	7	-16	6	2	0	0	1	6	3	-2	2	9	8	4	6	-3	4	0	0	7	-2	-4	-4	-3	-1	-4	-1											
0	0	-9	-8	14	1	11	8	3	2	3	-3	-5	-9	-6	-15	-9	2	-16	-9	-3	-1	-1	1	-7	11	-12	-5	1	2	-3	1	-4	-4	-8	4	-1	-5	7	1	-2	11	-8	-4	9	1	-1	-1	-10	2	-1	0	12	7	-18	5	-1	-1	-5	8	-2	7	-11	10	-10	-2	14	11	15	10	-3	0	-5	-5	6	-17	-3	-9	1	8											
0	8	1	-2	14	-11	5	6	13	2	1	0	-11	-6	-7	-15	-10	-2	-11	-8	-9	0	4	3	-1	7	-5	-1	4	-3	-4	-3	-9	-7	-9	4	1	-5	8	0	-4	8	-8	-2	4	2	-4	-2	-15	-2	-1	0	6	2	-4	7	-5	-1	7	2	5	9	2	8	9	-11	11	12	8	5	-2	0	10	0	7	-13	3	5	5	1											
0	4	-3	-8	-4	-10	2	11	9	3	-8	2	-2	0	-6	-12	-10	-4	-19	-15	-6	-1	-10	-7	-5	7	-12	-4	-1	1	-10	-5	-4	-2	-5	-2	-1	-3	4	-2	-3	9	-3	-4	9	2	-1	-8	-8	-3	-3	-2	15	-6	-18	3	-1	4	-8	0	-4	-2	-6	-7	2	-3	-1	-4	-2	-5	-3	2	16	6	-16	-15	-3	-9	-1	1											
0	7	-11	-5	19	-14	6	3	7	0	5	1	-1	-2	-10	-7	-7	-6	-10	-15	-6	0	-6	3	1	13	-15	-3	1	0	-12	-2	-13	-6	3	-4	2	0	-1	-2	-6	6	-3	2	-2	-3	-5	-2	-12	-4	-1	0	8	0	-18	3	-5	4	-1	1	4	6	-11	-5	-4	-9	3	3	15	0	-5	-1	2	-7	5	-2	12	-1	-1	6											
0	8	-12	9	13	-12	12	1	4	5	3	-2	0	-13	-8	-15	-3	-2	-16	-11	2	2	-8	3	4	8	-15	0	-5	2	-10	-3	-3	-2	-6	-1	-2	-4	5	-1	-4	-4	-5	-8	4	-2	0	-5	-15	-3	-3	2	8	-1	-16	-5	-2	-8	5	-1	5	6	-4	13	-7	-11	5	6	6	0	0	-2	3	-2	-6	6	7	8	1	-6											
0	-6	-3	-10	5	1	1	0	15	4	-3	-4	-2	-2	-7	-4	-1	-4	-18	-5	0	0	1	5	-3	9	-11	-2	-1	1	1	-3	-1	-3	-2	1	-1	0	-5	3	-5	4	1	2	-3	-2	-2	-4	-8	-1	0	4	14	-2	-13	7	2	4	7	-5	2	7	-5	13	-14	5	9	3	-3	-2	-4	4	13	-3	-5	17	-4	-3	-8	6											
0	6	-2	-3	-10	-7	12	11	1	-1	-4	6	-10	-3	-5	-14	-8	-6	-19	-13	-7	1	7	-5	-9	19	-15	-9	-4	4	-3	-2	4	0	-2	2	4	-2	1	-3	5	-4	-4	11	-2	-1	3	6	-7	-1	-8	6	3	6	-18	2	-3	4	-2	8	-3	-3	4	-5	-4	8	3	14	6	5	-6	-15	9	-4	-9	-6	-6	8	-7	-2											
0	4	-12	-3	3	1	-2	20	17	2	2	0	-4	-9	-9	-14	-6	-5	-16	-3	-13	-1	-4	-7	-2	15	0	-9	0	2	-9	-3	-9	-6	-8	4	-1	-3	2	3	0	-3	3	0	8	4	-4	-8	-5	0	-1	-9	-4	6	-3	1	1	1	7	-2	-3	14	4	18	9	7	-3	18	10	4	2	10	0	-4	15	-20	7	-2	3	14											
0	-7	7	-4	6	-13	-2	6	9	-2	2	10	-4	-14	-8	-15	-5	-2	-15	-13	-8	0	-6	9	-9	10	-6	-2	-7	1	-3	-2	-14	-4	-3	2	-2	-3	10	1	-3	10	-6	-4	9	2	-1	-1	-15	-2	-4	2	5	-1	0	3	2	-1	6	5	-5	12	-7	7	-7	-7	6	17	15	3	0	2	0	1	9	-20	1	-1	2	-9											
0	10	-4	-10	0	-14	11	9	8	0	7	10	1	-9	-13	-15	1	-2	-19	-10	-8	-2	-5	5	1	9	-12	-2	-5	2	-12	-5	-4	-2	-5	1	-7	-5	4	-1	-6	10	-4	3	9	0	-1	1	-13	-1	-2	1	11	7	-18	9	-7	-6	3	5	-2	4	-6	8	6	-1	-1	8	11	-1	4	-2	-5	-5	7	-4	8	-1	4	0											
0	-7	5	4	14	-14	7	6	18	-5	9	-8	-8	-13	-8	-15	-7	-9	-10	-7	-10	-1	-2	0	-6	10	-15	-9	-3	3	-5	-2	-9	-2	-3	0	-4	-6	2	1	5	0	-2	3	-5	-1	3	1	-11	-4	-1	-3	13	0	-17	4	0	-2	6	8	6	11	-4	-1	5	-11	8	6	8	7	1	-8	8	4	1	-6	-11	-4	7	7											
0	1	-12	-3	8	-4	12	12	-4	4	14	-8	-5	-9	-14	-15	-12	-2	-19	-15	-9	0	-6	5	-1	15	-15	-9	-4	3	-2	-2	0	-5	-4	-6	1	-3	-4	-5	-4	0	-3	-5	-5	0	2	-6	-12	-2	-2	1	4	7	-18	-1	-3	1	-8	2	4	10	4	0	-8	-2	14	16	15	-4	-6	-15	14	6	-10	17	1	-2	-7	5											
0	-2	7	-4	1	-13	11	20	10	2	3	8	-4	0	-11	-8	-13	-9	-17	0	-8	4	-6	2	-8	19	-15	-4	-1	3	-4	0	-1	-8	-6	2	-2	4	7	-4	2	-1	-2	-1	-5	0	1	-8	-14	5	-2	-2	-4	2	-18	10	2	-6	-7	4	0	4	-11	5	-5	5	6	1	5	-2	-6	-15	15	-2	-14	17	-2	6	2	-2											
0	10	-12	-10	-10	1	5	7	18	5	1	5	-4	-5	-9	-4	-2	-1	-14	-12	0	3	-2	12	-4	19	-14	-5	-4	-1	-5	1	2	-1	-4	1	-1	-4	-3	3	-6	9	-1	1	6	1	-1	3	-4	0	-2	0	11	-6	-17	2	5	4	1	4	4	3	-1	-7	-9	8	-1	0	-2	0	-6	-9	20	-4	-4	17	8	-2	-7	0											
0	-9	-4	0	-10	-3	7	4	18	3	6	-3	3	0	0	-5	-7	-5	-16	-9	-3	-1	-10	-2	-6	19	-15	-4	-1	-2	-8	0	1	3	4	3	2	-1	-1	-3	-1	10	-3	-5	0	2	0	1	-5	-5	0	6	15	1	-18	4	-7	-5	-5	3	1	13	-2	5	-14	7	-3	3	8	6	0	0	20	-9	-9	3	-2	-4	-1	-8											
0	9	-6	1	-6	-12	6	0	13	1	2	8	-11	-5	-9	-15	-2	1	-19	-3	-3	3	-6	-7	-6	4	-15	-9	-1	2	-11	-3	-5	-3	-5	6	2	0	10	-5	-2	3	-1	-5	2	-1	0	-2	-2	-4	0	-5	4	5	0	8	7	-2	-6	-3	-1	1	-6	10	-4	7	15	13	5	1	-2	0	4	3	2	-20	-5	5	4	5											
0	-9	-5	4	18	-5	4	-2	-6	1	-7	-6	2	-14	-13	-15	-8	-2	-5	-15	-6	2	-9	3	0	11	-13	-6	-3	0	-5	-2	-1	-2	-13	7	3	-2	-1	-8	-4	10	-1	6	9	0	5	-2	-8	0	0	0	2	1	-12	10	-7	-5	7	3	-2	10	-5	1	9	2	4	6	15	2	4	1	-2	-3	5	-19	-1	-4	4	14											
0	-6	7	4	3	-14	6	2	7	1	-8	0	1	-14	-10	-15	-12	-9	-16	-12	-12	1	-7	9	-3	3	-13	-3	-7	1	-7	-8	-10	-1	-11	-5	-3	-2	2	-4	-4	6	-2	2	-3	-1	3	-3	-8	1	1	-2	15	0	-8	4	7	0	-1	-3	1	5	-11	12	1	-11	5	3	7	-2	0	1	2	-2	-2	-3	-11	-1	-1	14											
0	-2	-3	-2	19	-14	12	16	12	-1	12	6	-11	-6	-9	-14	-14	-2	-11	-11	-10	1	-6	0	-10	3	-11	-2	-4	0	-7	-3	-8	-5	0	4	1	-2	8	0	0	1	-6	3	-4	-1	-4	-9	-12	-3	0	0	-4	6	-6	6	2	-3	-6	-2	-1	16	2	10	-14	-2	6	16	7	1	-6	-1	20	-3	-5	17	12	-5	-8	8											
0	0	-10	9	-10	-5	2	7	4	-2	10	10	0	-7	-4	-4	-11	-9	-19	-3	-3	0	-2	6	-11	8	-8	-6	-2	2	-11	-1	-4	0	-3	5	-3	-1	-5	-3	-6	-1	1	-6	-5	1	2	-3	-12	0	0	1	12	1	-18	7	0	-2	7	0	-2	4	3	-7	-14	-7	4	5	6	-1	1	-4	15	6	-14	9	11	3	-8	11											
0	-6	-11	0	12	1	-2	0	1	-3	0	0	-8	0	-5	-15	-3	-3	-19	-15	-4	1	-14	12	-5	19	-15	0	0	-2	1	-3	0	-5	-7	5	-5	-2	-5	2	1	0	0	-6	9	-2	5	-5	-12	-1	1	1	7	2	-9	10	7	4	-2	-4	1	6	-1	11	-4	8	1	8	1	5	-6	-3	-8	0	-7	-10	-4	6	-5	5											
0	9	2	2	7	-8	12	17	13	-1	5	-3	-1	-14	-8	-15	1	-6	-8	-11	-10	0	-2	-6	-4	8	-5	-4	0	-3	-2	-3	-14	-2	-6	2	1	-2	0	-7	3	1	3	2	2	2	3	-9	-2	0	2	-3	7	-6	-9	9	-7	-4	-1	3	-3	-2	0	9	0	1	4	-1	15	0	2	3	-3	-3	15	-20	-7	8	6	14											
0	-4	7	-3	11	-14	0	3	3	-1	-4	5	-5	-11	-4	-15	-12	-3	-16	-2	-5	2	-3	0	-5	4	-15	-1	-2	2	1	-5	-2	-3	-6	1	-1	-3	2	1	4	4	-7	-1	8	0	-1	-2	-14	-3	-1	-1	-4	0	-17	10	-1	0	-4	2	1	7	-11	2	0	-4	11	1	7	0	3	4	-1	-2	-1	-15	6	-1	4	14											
0	1	-4	0	17	-14	2	8	0	0	-4	4	-4	-8	-14	-15	-9	-2	-15	-12	-10	-4	-11	-7	-1	6	-11	-9	-4	-3	-1	-11	-3	-11	-6	3	4	-1	5	-1	5	6	-9	3	9	3	0	-4	-9	-5	2	5	14	1	-9	2	5	-3	-1	8	-2	16	-11	8	9	-7	3	7	0	7	-1	10	2	-5	10	5	-11	-3	5	12											
0	0	7	0	3	-14	12	-7	3	4	1	3	-1	-11	-9	-15	-5	-3	-13	-9	-9	1	-7	-4	-9	11	-2	0	-5	-1	-4	0	-8	-3	-8	-1	3	-1	8	-7	-1	4	-5	3	6	2	-2	-2	-8	2	2	-5	9	2	-7	10	0	0	0	1	2	8	-11	10	9	-9	12	7	13	-2	0	3	9	-2	1	-20	2	-4	3	8											
0	-4	-12	-2	19	-9	9	2	16	6	-3	7	4	-14	-15	-15	-14	2	-18	-15	-5	1	-11	4	1	7	-10	-9	-7	-2	-8	-8	-11	-5	-9	5	-7	-5	6	-1	-4	3	-1	0	3	0	0	-8	-19	-2	-1	3	9	-6	-18	-5	2	-1	2	0	-1	13	-9	3	2	-11	10	-1	8	4	5	0	-1	-7	-5	11	2	5	-3	9											
0	-2	0	-10	19	-3	5	9	-2	0	8	-2	-11	-1	-3	-8	-9	-6	-16	-4	-2	2	2	3	-1	5	-15	-3	4	-3	-5	-3	-2	1	-4	-7	1	-6	-5	-1	-5	-3	2	-3	4	2	-1	-2	-6	1	-4	0	-4	0	-18	10	-6	-8	-1	-3	6	5	4	12	-13	1	6	10	7	2	5	-12	14	3	-11	17	5	0	-5	2											
0	10	-6	-3	-9	-6	12	15	-1	5	-1	10	-6	-8	-10	-8	-3	-1	-19	-9	-6	1	1	7	-5	18	-15	-2	-5	2	-4	-3	-7	-7	-8	8	-5	0	1	0	0	11	3	11	-5	-2	-4	3	-10	1	1	0	14	2	-12	-3	1	-1	7	-1	3	5	4	-7	-14	8	12	13	8	9	-6	-14	3	5	11	-20	-11	-2	3	6											
0	-9	7	7	19	-13	-2	14	8	-1	10	-9	-11	-14	-4	-12	-3	-8	-19	-4	-7	1	-6	-4	-2	13	-6	-3	1	-2	1	-7	-12	-8	-10	2	-3	-4	7	-5	5	6	-2	-4	5	2	2	-2	0	-1	-1	3	5	-6	-2	3	-3	-2	-7	7	2	4	4	11	4	-4	3	3	15	6	-1	6	1	-9	4	-20	-8	4	0	6											
0	10	7	-9	19	-11	8	3	0	-1	3	-2	3	-14	-6	-15	-5	2	-9	-10	-6	-3	-7	-3	-7	19	-4	-8	1	2	-7	-4	-1	-7	-4	4	-3	-3	4	-6	-3	11	-5	4	4	7	-6	-2	-9	-3	-4	-6	4	4	-1	1	-3	-7	2	6	-5	11	-5	12	0	-11	12	10	10	3	5	-6	0	3	1	17	-11	-3	4	1											
0	0	5	4	8	-10	2	17	9	0	10	5	3	-12	-15	-15	-11	-2	-18	-5	-11	1	-9	1	1	16	-1	-1	-3	2	1	-3	-14	-7	-6	6	-2	4	9	-8	-3	11	-2	4	0	-3	2	4	-17	0	-3	-1	-2	0	0	8	-3	-8	-1	5	2	13	4	-2	4	5	4	2	11	4	-6	2	0	-4	-5	-11	-11	4	5	1											
0	-4	-1	-4	10	-8	12	12	-1	1	12	4	-7	-14	-7	-3	-5	1	-11	-12	-13	0	-9	7	-4	8	-15	-9	4	3	-6	-2	-5	-6	-12	-4	-6	-7	5	-8	2	0	3	-3	9	-1	3	0	-10	-3	0	0	13	2	-15	7	-6	-8	4	1	-4	11	-9	-4	6	-11	6	9	7	3	1	4	-1	-5	15	9	-3	0	0	3											
0	-9	2	4	19	-11	7	8	-1	-1	8	1	-6	-3	-13	-15	-14	-1	-19	-11	-13	1	-12	12	-4	19	-15	1	0	0	-8	-10	-13	-5	-12	0	-3	-2	9	-1	2	11	-2	-1	4	4	0	-9	-19	-3	-2	2	-4	-6	-18	2	7	4	-2	-6	-5	7	-11	1	-1	8	12	7	11	-5	-4	-8	-1	-5	-3	17	-2	-4	2	14											
0	3	5	3	8	1	11	20	6	4	-7	9	-9	-4	-10	-11	-12	-7	-19	-11	-5	2	-14	7	-7	19	-15	-6	-3	-1	-12	-9	-7	-5	-2	5	0	-2	-5	-1	5	6	0	-3	-3	0	1	-3	-6	-8	-3	2	3	1	-18	4	7	-8	2	-7	6	-3	4	-7	3	8	-3	-5	-3	-5	2	-12	7	6	-6	17	12	10	-8	14											
0	4	-6	0	-10	-3	4	16	1	2	-4	-3	-11	-7	0	-15	-9	0	-14	-14	-1	3	-5	12	-4	19	-15	-5	0	-2	-9	-4	0	-6	-3	0	-2	2	10	-7	-6	1	-1	7	5	0	2	-5	-5	0	0	2	-4	-5	-12	-2	-4	-4	-3	7	-3	12	3	-5	-1	8	3	9	1	8	0	1	14	0	5	-13	-11	10	6	5											
0	5	2	-7	13	-13	7	17	-2	-1	14	3	-9	-5	-11	-15	-6	-4	-19	-6	-9	-3	-13	2	1	16	-7	-9	-6	2	-6	-4	-6	-13	-15	4	-3	-3	1	-4	-6	11	1	3	4	1	-1	3	0	-2	-2	-1	13	6	-10	2	-3	-5	7	2	-3	0	-3	6	0	-3	6	10	6	7	-2	6	-1	-6	9	-19	-8	-3	-3	7											
0	-9	-4	9	18	-2	0	-7	9	1	12	2	-1	-13	-10	-15	-7	-6	-19	-4	-9	-4	-4	4	-2	15	-12	-9	1	4	-4	-1	-4	-5	-14	5	0	-7	4	-4	1	11	-4	6	-2	2	1	1	-10	-3	-1	-4	10	-2	-8	8	-3	2	2	-1	-5	10	-2	3	2	-11	10	5	14	-3	2	-5	-5	-5	1	17	-7	4	5	14											
0	6	-3	3	10	-11	12	12	15	2	14	3	-3	-2	-9	-15	-14	2	-19	-8	-9	-2	-7	12	3	8	-13	-1	-7	0	-8	-4	-12	-5	-11	-4	-1	2	5	-6	-4	3	-3	-8	-6	0	1	-3	-12	-5	-1	1	9	5	-7	1	7	-1	-8	-5	6	-3	-7	-7	0	-11	4	6	4	5	-4	-2	10	3	-9	-1	10	-9	-6	-9											
0	3	7	-6	14	-12	-1	-1	-2	1	-6	-4	3	-6	-3	-14	-9	2	0	0	-3	0	0	2	0	8	-6	1	2	-1	3	3	3	0	-15	5	1	-4	10	2	5	11	1	5	7	1	1	1	-3	5	1	-1	1	5	-6	7	-7	-4	7	8	0	-2	-2	3	1	-8	8	18	11	10	-6	1	-10	-2	15	15	2	-5	4	14											
0	-6	-6	9	17	-5	12	20	8	-3	14	-4	-3	-4	-12	-11	-7	-7	-19	-15	-10	0	-7	4	-4	19	0	-9	-4	2	-10	-6	-9	-11	-4	1	-3	0	3	-5	-6	3	-3	-8	3	2	2	-5	-16	-5	-2	-5	-4	2	-18	6	3	-1	4	-2	-2	4	2	3	6	-11	8	-1	4	-1	1	-13	-10	-7	1	17	6	-7	4	14											
0	4	7	-6	14	-13	12	20	-1	-3	14	4	-11	-5	-11	-11	-14	-9	-19	-14	-7	0	-7	10	-3	7	-15	-9	-4	2	-10	-7	-12	-2	-6	-4	-7	2	-5	-3	5	0	0	-5	5	6	3	-1	-14	-2	3	0	10	-6	-18	5	2	2	-1	4	6	9	-1	8	-13	8	13	5	-3	-5	-6	-15	18	0	-15	17	-1	3	-6	-2											
0	10	7	-1	-5	-9	5	19	15	4	8	10	2	-2	-10	-13	-6	2	-19	-14	-10	3	-6	6	-3	19	-14	-9	2	-1	-3	-4	-1	-5	-7	-3	-5	2	-5	-8	-6	-2	-2	2	1	0	3	-2	-11	-2	-2	0	4	3	-16	5	1	0	-7	-2	4	-1	-1	-3	-5	1	10	1	4	3	4	-8	-2	-3	-4	-15	0	7	3	14											
0	8	7	-6	14	-4	-2	19	-6	0	5	-1	-5	-12	-4	-15	-9	2	-19	-15	-11	2	-3	-1	-1	9	-5	-9	-2	-3	-3	-1	0	-7	-10	2	2	0	10	-4	-1	11	-2	-1	4	2	-3	0	-8	-1	0	-3	10	2	-14	6	3	-4	-2	-6	2	5	-5	9	7	-4	9	15	8	1	1	7	8	-9	10	-12	1	-9	-3	14											
80
20
9.99999e+008	1299	3048	2530	2826	1236	3092	1758	4257	1016	3330	7559	7831	7022	8383	5811	6305	6411	5815	7926	9244	8835	5094	7147	7496	4242	5085	6106	6983	4873	5731	5465	6925	9284	3293	5443	5092	2139	5153	2060	2247	4072	2661	1843	5446	4934	3286	3211	4421	7623	4170	325	4421	4447	1619	372	2844	4126	4076	3798	3330	3099	2681	2099	3204	2416	2321	1505	3183	2285	3391	713	771	3331	1437	935	3309	3888	1839	3171	
1265	9.99999e+008	1749	1387	4045	1548	4247	2913	4439	1112	3304	6610	6771	5961	7323	4751	5356	5351	4865	6866	8184	7886	4144	6198	6547	3983	3927	5070	6724	4614	5472	4429	6069	8995	3127	5219	4942	1880	5003	2599	1988	3977	3199	1584	5187	4675	3930	2952	4160	7475	3911	1043	5577	3240	2157	1527	4000	5345	5334	5017	3769	4318	3943	3356	4423	3681	3477	2755	4366	3543	4648	1598	1926	4596	2593	2091	4465	5146	2377	4326	
2100	1181	9.99999e+008	1946	4881	2385	5084	3750	4220	1949	1852	5216	5638	4828	6190	3618	3962	4218	3471	5733	7051	6492	2422	4804	5819	4480	4039	4897	6687	4697	5332	4329	5896	8822	3777	5869	5591	2530	5652	3515	2638	4627	4116	2234	5837	5325	4847	3602	4810	7704	4561	1960	6413	3183	3074	2364	4836	6181	6128	5853	4606	5154	4781	4091	5259	4516	4314	3594	5283	4379	5484	2449	2763	5380	3430	2927	5301	5940	3294	5163	
2499	1339	1910	9.99999e+008	5236	2887	5538	4204	5778	2451	3442	5372	6674	5864	6939	4654	4118	5254	3628	6482	7707	6648	3642	4960	7051	2865	2646	3789	5578	3471	4223	3148	4788	7714	2689	4781	4560	1442	4621	2274	1550	3307	3409	1405	4749	4237	4139	2514	3722	6262	3471	2279	6391	1957	2720	2818	5290	6536	6364	6208	5108	5470	4333	4598	5614	4204	4557	3610	4756	4695	5800	2832	3217	5006	3846	3381	5755	6073	2940	5617	
2964	4152	5566	4975	9.99999e+008	2604	2232	2824	4593	3215	5567	10083	10684	9875	11236	8665	8829	9265	8338	10779	12097	11359	7416	9671	10001	6687	7530	8551	9312	7318	8176	7910	9370	10617	4255	6209	6286	3499	6291	3022	3867	5378	2517	3861	5769	5665	2884	4261	5423	8930	5172	3185	2451	6892	2388	2216	534	1725	1714	1397	3051	699	2279	1251	803	2073	1712	1941	2601	417	1532	2647	2295	2074	1320	1991	964	1661	2169	1402	
1072	1650	3078	3037	2594	9.99999e+008	2784	1609	3021	727	3504	7479	8305	7496	8857	6286	6225	6886	5734	8400	9718	8755	5076	7067	7582	5068	5577	6720	7809	5699	6557	6079	7719	10110	4213	6304	6029	2964	6090	2998	3072	5008	3598	2668	6272	5760	4212	4036	5247	8560	4995	1397	4651	4890	2556	1316	2630	4125	4206	3797	2221	3096	3607	2705	3203	3341	2743	2430	4109	2499	3743	620	847	3677	1859	1440	3095	4102	2776	3022	
1345	2628	4139	3702	3082	2195	9.99999e+008	2355	5216	1976	4675	8888	9160	8351	9712	7141	7635	7741	7144	9255	10573	10164	6423	8477	8826	5414	6257	7278	8155	6045	6903	6637	8097	10052	4020	6154	5834	2932	5895	2802	3419	4814	3105	2424	6079	5567	3698	3843	5188	8365	4802	1508	4614	5619	2359	988	3037	4382	4371	4054	4194	3356	3093	2393	3460	2828	2616	1917	3595	2580	3685	1577	1524	3682	1732	1228	3502	4183	2580	3768	
3220	4348	5761	5674	2577	2723	2712	9.99999e+008	3087	3410	5272	9822	10976	10166	11389	8956	8568	9239	8077	10932	12157	11098	7121	9410	9727	7387	8171	9250	10128	8018	8875	8610	10070	12279	6247	8381	8061	5159	8122	5031	5391	7041	4950	4987	8122	7794	5315	6070	7415	10592	7029	3545	4804	7482	4433	3248	2297	3682	3763	2280	2058	2765	4710	3603	2760	4506	4065	4165	4954	2994	3885	2842	2245	4427	3573	3154	2108	4014	4654	1413	
4110	3925	4471	5312	4017	3278	3558	4735	9.99999e+008	3354	3827	8377	9642	9048	9944	7638	7123	7794	6632	9487	10712	9653	5676	7965	8282	7908	7747	8890	10649	8539	9324	8249	9889	12815	7052	9144	8867	5805	8928	6035	5913	7902	6417	5509	9112	8600	6783	6877	8085	11400	7836	4331	6256	7059	5593	4353	3737	5338	5419	4221	2195	4310	6178	5150	4416	5972	5612	5351	6500	4434	5337	3676	4125	5879	4730	4451	4038	5465	5812	3343	
756	1064	2351	2432	3088	494	3278	2063	3383	9.99999e+008	3866	6959	7578	6769	8130	5559	5705	6159	5214	7673	8991	8235	4493	6547	6896	4998	4854	5997	7739	5629	6431	5356	6996	9922	3914	6063	5712	2895	5773	2681	3003	4691	3281	2599	6108	5597	3895	3920	5082	8243	4831	977	5123	4165	2239	999	3124	4619	4700	4291	2715	3590	3290	2855	3697	3024	2931	2113	3792	2993	4147	558	1043	3940	2047	1637	3589	4596	2459	3476	
3011	2937	1756	3331	5617	3058	5842	4625	4205	2572	9.99999e+008	5398	5815	5316	6505	3811	4144	3967	3653	6046	7366	6674	1849	4986	4455	5790	5248	6108	7897	6007	6542	5539	7107	10033	5533	7625	7347	4286	7408	4938	4394	6296	5537	3990	7593	7081	6149	5358	6566	9014	6317	3336	7284	4493	4495	3254	5652	7052	7000	6724	4735	6025	5544	4963	6130	5279	5186	4368	6046	5250	6355	3109	3605	6194	4302	3798	6117	6812	4715	6038	
7076	6157	4976	5424	9857	7361	10060	8726	8687	6925	5488	9.99999e+008	3211	2404	2089	3298	1254	3898	1745	1481	2335	1276	5311	470	8271	5148	4336	4434	6296	4524	4941	3866	5079	7833	8064	7517	7168	6817	7228	7649	6925	5720	8784	6780	9055	7854	9514	7889	7494	7677	8847	6936	11389	3880	8050	7340	9812	11157	11104	10829	9217	10130	9708	9067	10235	9492	9290	8570	10131	9355	10460	7425	7739	10356	8406	7903	10277	10916	8270	10139	
7714	6795	5790	6697	10495	7998	10698	9364	9745	7562	5829	4043	9.99999e+008	1645	1545	2736	3748	2742	3613	1785	2406	2767	4154	3375	5247	7643	6830	6929	7813	7019	7435	6360	7060	9128	9386	10012	9663	8139	9722	8971	8247	8214	9730	7847	11446	10348	10461	9211	9618	9482	10168	7574	12027	6375	8687	7978	10450	11795	11741	11467	10219	10768	10395	9704	10873	10130	9927	9207	10897	9993	11098	8063	8377	10993	9043	8541	10915	11553	8908	10777	
6915	5996	4992	5647	9697	7200	9899	8565	8911	6764	5031	2762	1431	9.99999e+008	1772	1788	2103	1944	1968	1313	2633	2993	3357	2350	6420	5998	5185	5284	7145	5374	5790	4715	6283	9281	8288	8367	8018	7041	8077	7873	7149	6569	8932	7004	9877	8703	9663	8113	7973	8527	9070	6775	11229	4730	7889	7179	9652	10997	10943	10669	9421	9970	9596	8906	10075	9331	9129	8409	10098	9195	10300	7265	7578	10195	8245	7743	10117	10755	8110	9978	
8266	7347	6342	6991	11047	8550	11250	9916	10255	8114	6381	2868	1378	1592	9.99999e+008	3138	2821	3294	3312	608	861	1592	4706	2198	6437	6745	6054	6225	6639	6274	6659	5584	5885	7953	9632	9085	8887	8385	8795	9217	8492	7287	10282	8348	10622	9421	11013	9456	9061	8307	10414	8126	12579	5448	9239	8530	11002	12347	12293	12019	10771	11320	10947	10256	11425	10682	10479	9759	11449	10545	11650	8615	8929	11545	9595	9093	11467	12105	9460	11329	
5692	4773	3769	4675	8473	5977	8676	7342	7604	5541	3687	3476	2734	1949	3138	9.99999e+008	2818	600	3309	2680	3999	4360	2013	3064	5076	6180	5783	6594	8455	6397	7028	6025	7516	10591	7364	8522	8172	6117	8232	6949	6225	6724	7708	5826	9424	8858	8439	7189	8397	9404	8146	5552	10005	4883	6666	5956	8428	9773	9720	9445	8134	8746	8373	7683	8851	8108	7906	7186	8875	7971	9076	6042	6355	8972	7022	6519	8893	9532	6886	8755	
5822	4903	3722	4170	8603	6107	8806	7472	7434	5671	4234	1254	3356	1925	2821	2797	9.99999e+008	3397	491	2364	3589	2530	4434	842	7843	4519	3677	3776	5637	3866	4210	3207	4698	7773	6811	7286	6936	5564	6996	6396	5671	5488	7530	5527	8399	7622	8261	6635	6495	7019	7593	5682	10135	3222	6796	6086	8558	9903	9850	9575	7963	8876	8454	7813	8981	8238	8036	7316	8877	8101	9206	6171	6485	9102	7152	6649	9023	9662	7016	8885	
6292	5373	4369	5275	9073	6577	9276	7942	7760	6141	3843	4076	2773	2105	3294	600	3418	9.99999e+008	3909	2836	4155	4516	2169	3664	5232	6780	6383	7194	9055	6997	7628	6625	8116	10878	7964	9122	8772	6717	8832	7549	6825	7324	8308	6426	10024	9458	9039	7789	8997	10004	8746	6152	10605	5483	7266	6556	9028	10373	10320	10045	8290	9346	8973	8283	9451	8708	8506	7786	9475	8571	9676	6642	6955	9572	7622	7119	9493	10132	7486	9355	
5332	4413	3232	3679	8113	5617	8316	6982	6943	5181	3743	1745	3847	2416	3312	2306	491	2906	9.99999e+008	2855	4080	3021	3943	1333	7352	4488	3880	4266	6128	4357	4701	3698	5189	8264	6320	6795	6445	5073	6505	5905	5181	4997	7039	5036	7909	7131	7770	6145	6005	7510	7102	5192	9645	3191	6306	5596	8068	9413	9360	9085	7472	8386	7963	7323	8491	7748	7546	6826	8386	7611	8716	5681	5995	8612	6662	6159	8533	9172	6526	8395	
7809	6890	5885	6534	10590	8093	10793	9459	9798	7657	5922	2755	1730	1135	608	2680	2364	2836	2855	9.99999e+008	1469	1831	4249	1590	6790	6288	5446	5617	6878	5666	6051	4976	6125	8193	9175	8628	8279	7928	8338	8760	8035	6830	9825	7891	10165	8964	10556	8999	8604	8547	9957	7669	12122	4991	8782	8073	10545	11890	11836	11562	10314	10863	10490	9799	10968	10225	10022	9302	10992	10088	11193	8158	8472	11088	9138	8636	11010	11648	9003	10872	
9127	8208	7203	7759	11908	9411	12111	10777	11022	8975	7242	2335	2239	2453	861	3999	3589	4155	4080	1469	9.99999e+008	1197	5567	2805	7298	7483	6671	6397	6244	6859	6571	6201	5491	7559	10399	9852	9503	9152	9563	9984	9260	8055	11119	9115	11390	10189	11849	10224	9829	7913	11182	8987	13440	6215	10100	9391	11863	13208	13154	12880	11552	12181	11808	11117	12286	11543	11340	10620	12310	11406	12511	9476	9790	12406	10456	9954	12328	12966	10321	12190	
8352	7433	6252	6700	11133	8637	11336	10002	9963	8201	6764	1276	2660	2878	1542	4423	2530	4579	3021	1894	1157	9.99999e+008	5992	1746	7720	6424	5612	5395	5242	5800	5568	5142	4489	6557	9340	8793	8444	8093	8504	8925	8201	6996	10060	8056	10331	9130	10790	9165	8770	6911	10123	8212	12665	5156	9326	8616	11088	12433	12380	12105	10493	11406	10984	10343	11511	10768	10566	9846	11407	10631	11736	8701	9015	11632	9682	9179	11553	12192	9546	11415	
4514	3592	2589	3755	7155	4561	7345	6128	5642	4075	1725	5489	4186	3516	4706	2013	4603	2169	4112	4249	5567	5929	9.99999e+008	5077	3409	6620	6082	7225	9014	6841	7659	6584	8085	11150	6099	8192	7913	4852	7974	5926	4960	6949	6527	4556	8159	7648	7258	5924	7133	9848	6883	4371	8787	5327	5485	4757	7191	8555	8503	8227	6172	7528	7047	6466	7633	6782	6689	5871	7549	6753	7858	4612	5108	7698	5805	5301	7656	8315	5705	7524	
6963	6044	4863	5311	9744	7248	9947	8613	8575	6812	5375	1165	3122	1934	2002	2828	1141	3428	1632	1556	2863	2441	4841	9.99999e+008	7904	5036	4223	4321	6183	4411	4756	3753	4609	7701	7952	7405	7055	6705	7115	7537	6812	5607	8671	6668	8942	7741	9402	7776	7381	7564	8734	6823	11276	3768	7937	7227	9699	11044	10991	10716	9104	10017	9595	8954	10122	9379	9177	8457	10018	9242	10347	7312	7626	10243	8293	7790	10164	10803	8157	10026	
4463	3912	3518	5095	7210	4756	7509	6221	5414	4262	1976	7374	6450	5781	6970	4278	6120	4434	5629	6513	7831	8245	2316	6962	9.99999e+008	7554	7010	7870	9659	7771	8304	7302	8869	11795	7020	9112	8835	5773	8897	6108	5881	7870	6709	5477	9080	8568	7440	6845	8053	10778	7804	4553	8884	6257	5667	4835	7307	8589	8539	8174	5943	7562	7144	6562	7667	6879	6784	5968	7646	6748	7854	4796	5234	7794	5900	5398	7772	8351	5887	7295	
4254	3655	3927	2593	6990	5203	7292	5958	7213	4767	5188	4517	6619	5188	6085	6337	3859	6937	4031	5628	6852	5793	5388	4105	8797	9.99999e+008	843	1986	2741	948	1804	1345	2985	5042	4443	4221	3872	3196	3932	4028	3304	2424	5163	3159	5759	4558	5893	4268	4186	3714	5226	4033	8145	885	4474	4572	7044	8290	8118	7962	7109	7224	6087	6353	7368	5958	6312	5365	6510	6449	7554	4587	4971	6760	5601	5135	7509	7827	4695	7371	
5145	3985	3806	2646	7882	5348	8132	6850	7261	4912	5068	4231	6333	4902	5799	6217	3573	6603	3911	5341	6566	5507	5267	3819	8676	916	9.99999e+008	1143	2932	1160	1577	502	2142	5068	5335	4889	4540	4088	4600	4920	4196	3092	6055	4051	6427	5226	6785	5160	4855	4294	6117	4925	9037	933	5366	5464	7936	9182	9010	8854	7569	8116	6979	7244	8260	6850	7203	6256	7402	7341	8446	5470	5863	7652	6492	6027	8401	8719	5586	8263	
6075	5128	4686	3789	8811	6491	9114	7780	8344	6055	5948	4329	6431	5000	5919	6468	3671	6701	4162	5440	6664	5605	6148	3917	9557	1954	1143	9.99999e+008	2149	1331	745	641	999	4091	6265	5823	5473	5018	5533	5850	5126	4025	6985	4981	7360	6159	7715	6090	5787	4207	7047	5855	9967	2076	6296	6394	8866	10111	9940	9783	8712	9046	7909	8174	9189	7780	8133	7186	8332	8270	9376	6408	6793	8582	7422	6957	9331	9649	6516	9193	
6566	6100	6372	5038	9392	7519	9658	8324	9658	7212	7633	6185	7667	6856	6548	8249	5453	8557	5943	6901	6244	5242	7833	5773	11242	2445	2926	2149	9.99999e+008	2383	1466	2424	1210	2301	6476	5501	5797	5641	5654	6473	5749	4603	7608	5604	6590	6088	8338	6301	5715	2058	7258	6478	10590	3330	6919	6938	9410	10692	10563	10364	9516	9665	8532	8665	9770	8403	8757	7810	8955	8851	9957	6899	7337	9205	8003	7501	9875	10272	7140	9737	
4843	4376	4648	3314	7579	5796	7881	6547	7934	5393	5909	4419	6521	5090	6009	6558	3761	6791	4252	5530	6754	5695	6109	4007	9518	721	1160	1331	2383	9.99999e+008	954	690	2149	4519	5032	4590	4241	3785	4300	4617	3893	2792	5752	3748	6127	4926	6482	4857	4554	3153	5815	4622	8734	1606	5063	5161	7633	8879	8707	8551	7698	7813	6676	6942	7957	6547	6901	5954	7099	7038	8143	5176	5560	7349	6190	5724	8098	8416	5284	7960	
5700	5232	5121	4170	8436	6653	8739	7405	8790	6251	6383	4764	6866	5435	6354	6902	4105	7136	4596	5908	6571	5568	6582	4352	9991	1577	1577	745	1466	954	9.99999e+008	1075	1231	3600	5890	5448	5098	4643	5158	5475	4751	3650	6610	4606	6985	5784	7340	5715	5412	3524	6672	5480	9592	2462	5921	6019	8491	9736	9565	9408	8555	8671	7534	7799	8814	7405	7758	6811	7957	7895	9001	6033	6418	8207	7047	6582	8956	9274	6141	8818	
5435	4487	4118	3148	8171	5850	8473	7139	7763	5414	5380	3761	5863	4432	5329	5900	3103	6133	3594	4872	6096	5037	5580	3349	8989	1313	502	641	2430	690	1075	9.99999e+008	1640	4566	5625	5182	4833	4377	4892	5209	4485	3384	6344	4340	6719	5518	7075	5449	5147	3824	6407	5214	9326	1435	5655	5753	8226	9471	9299	9143	8071	8406	7268	7534	8549	7139	7493	6546	7691	7630	8736	5768	6153	7941	6782	6317	8691	9008	5876	8552	
6993	6399	5957	5060	9729	7762	10031	8697	9615	7326	7219	5600	7187	6271	6069	7739	4942	7972	5433	6421	5765	4762	7419	5188	10828	2871	2414	1271	1777	2247	1329	1912	9.99999e+008	3092	7183	6742	6392	5935	6452	6767	6043	4944	7902	5898	7978	7078	8633	7007	6718	3446	7965	6772	10884	3347	7213	7311	9784	11029	10857	10701	9848	9963	8826	9092	10107	8697	9051	8104	9249	9188	10293	7326	7710	9499	8340	7875	10249	10566	7434	10110	
8867	8401	8605	7339	10923	9820	11959	10618	11959	9513	9867	7833	8982	8991	7863	10459	7662	10692	8153	8216	7559	6557	10134	7908	13543	4746	5061	4345	2301	4519	3600	4559	3346	9.99999e+008	7799	6824	7120	7653	6977	7945	7223	5926	9421	7884	7913	7411	10151	7624	7038	3381	8581	8779	12221	5631	8446	9239	10878	12223	12196	11895	11817	11196	10164	10388	11301	10036	10283	9336	10586	10421	11526	9200	9638	10837	9572	9719	11343	11902	8666	12031	
3171	3151	3803	2701	4575	4196	5931	4542	7217	3906	5422	8024	9338	8528	9592	7318	6771	7918	6280	9135	10359	9300	5985	7612	9394	4413	5256	6277	6042	5044	5902	5636	7096	7347	9.99999e+008	2227	2031	1648	2092	1233	1218	2512	2709	1880	2194	1683	3439	470	1168	5660	917	2905	5509	4617	1907	3211	4530	5806	5484	5544	6290	4849	3452	3744	4950	3324	3692	2799	3874	4073	4937	3673	3608	4125	3570	3716	4995	5190	2129	5763	
5311	5216	5868	4765	6655	6336	8071	6679	9357	5995	7487	7350	9452	8021	8940	9070	6967	9670	6764	8460	9685	8626	8050	6938	11459	3788	4631	5652	4941	4419	5275	5012	6151	6246	2224	9.99999e+008	930	3712	290	3373	3282	2332	4009	3943	1788	587	4740	2606	1213	3510	1778	5045	6305	3993	4047	5351	6670	7106	6784	6965	8380	6172	4752	5670	6565	4624	4992	4939	4828	6213	6237	5778	5745	5425	5633	5779	7135	6593	4269	7903	
5096	5005	5657	4554	6672	6121	7867	6466	9142	5831	7276	7057	9159	7728	8647	8777	6674	9377	6471	8167	9392	8333	7839	6645	11248	3496	4339	5359	4011	4126	4983	4719	5221	5316	2097	1197	9.99999e+008	3501	964	3330	3071	2039	4806	3732	2791	1590	5536	2478	1036	4073	2698	4830	7169	3700	4004	5189	6627	7903	7581	7641	8169	6946	5549	5841	7047	5421	5789	4896	5692	6170	7034	5567	5533	6222	5419	5567	7092	7287	4226	7860	
1970	1847	2499	1476	4189	2923	5008	3674	5903	2520	4118	6800	8034	7224	8367	6014	5546	6614	5055	7910	9135	8076	4682	6388	8091	3188	4031	5052	5929	3819	4677	4411	5871	8196	2163	4254	3977	9.99999e+008	4038	1267	1022	2956	2401	362	4221	3710	3132	1986	3196	6510	2945	1748	5383	3393	1712	2288	4144	5489	5356	5161	4823	4463	3325	3655	4567	3196	3550	2603	3748	3687	4793	2303	2688	3998	2839	2852	4609	5065	1933	5087	
5099	5086	5738	4635	6667	6124	7870	6470	9145	5834	7357	7060	9162	7731	8650	8780	6677	9380	6474	8171	9395	8336	7920	6648	11329	3499	4342	5362	4798	4130	4986	4722	6008	6103	2092	290	787	3581	9.99999e+008	3325	3151	2042	4199	3813	1827	626	4929	2475	924	3800	1817	4833	6296	3703	3999	5192	6622	7339	7017	7155	8218	6362	4942	5836	6755	4857	5226	4891	4818	6165	6470	5601	5536	5615	5422	5570	7087	6780	4221	7855	
1938	2440	3500	2412	3342	2963	4698	3309	5984	2673	5119	7736	9035	8225	9303	7015	6482	7615	5992	8846	10071	9012	5683	7324	8637	4125	4968	5988	6817	4756	5613	5348	6808	8122	1233	3460	3264	1003	3325	9.99999e+008	1241	2884	1476	1363	3427	2916	2206	1239	2401	6436	2150	1672	4276	4329	674	1978	3297	4573	4251	4311	5057	3616	2219	2511	3717	2091	2459	1566	2641	2840	3704	2440	2375	2892	2351	2552	3762	3957	896	4530	
2243	2015	2665	1563	4125	3197	5221	3821	6177	2794	4284	6886	8200	7390	8454	6180	5633	6780	5142	7997	9221	8162	4847	6474	8256	3275	4118	5139	5924	3906	4764	4498	5958	7229	1194	3286	3010	430	3071	1148	9.99999e+008	1989	2624	742	3254	2742	3354	1019	2227	5543	1976	2023	5424	3479	1648	2562	4080	5425	5399	5097	5098	4398	3367	3590	4503	3239	3485	2538	3789	3623	4728	2577	2887	4040	2775	2921	4545	5105	1868	5234	
3984	3893	4545	3216	5657	5009	6755	5354	8030	4719	5985	5866	7693	6262	7158	7134	5208	7734	4828	6701	8019	7142	6185	5454	9594	2029	2872	3893	4770	2660	3516	3253	4712	6302	2535	2335	1986	2389	2046	2681	1959	9.99999e+008	4157	2620	3678	2672	4887	2359	1774	4616	3317	3718	6957	2234	3182	4077	5612	6957	6932	6629	7057	5930	4900	5124	6035	4772	5019	4072	5322	5155	6260	4455	4421	5573	4307	4455	6077	6638	3402	6767	
2780	3281	4424	3336	2646	3624	4455	3803	6645	3359	6043	8660	9814	9004	10227	7794	7406	8394	6915	9770	10995	9936	6607	8248	9479	5049	5892	6912	7739	5679	6537	6272	7731	9045	2553	4228	4584	1926	4310	1320	2165	3806	9.99999e+008	2287	3788	3684	911	2559	3721	7358	3470	2514	2982	5253	1247	2417	2757	3277	2955	2956	5512	2163	924	1661	2556	795	1162	1236	1347	2223	2408	3006	2953	1597	2190	2713	3185	2664	1025	3987	
1608	1485	2137	1278	4434	2561	4646	3312	5541	2158	3756	6602	7672	6862	8169	5652	5348	6252	4857	7712	8937	7878	4320	6190	7729	2990	3833	4854	5731	3621	4479	4213	5673	8032	2136	4226	3949	887	4011	1717	995	2984	2852	9.99999e+008	4194	3682	3582	1959	3169	6482	2918	1386	5834	3195	2163	1926	4399	5734	5684	5406	4461	4707	3776	3707	4812	3647	3929	3053	4199	3893	4999	1941	2326	4449	3045	2490	4864	5496	2383	4725	
5386	5206	5858	4756	5950	6388	7759	6669	9368	5985	7477	8887	10989	9558	10477	9373	8476	9973	7985	9998	11222	10163	8040	8475	11449	5326	6169	7189	6582	5957	6813	6549	7792	7887	2215	1788	2614	3703	1827	3448	3273	3703	3808	3933	9.99999e+008	1786	3579	2596	1910	4588	1769	5120	4730	5530	4122	5391	6061	5765	5250	6260	8371	5467	3735	4965	5860	4027	4887	4938	3253	5448	4867	5768	5736	4215	5623	5770	6489	5123	4344	7212	
4767	4672	5324	4221	6171	5792	7527	6135	8813	5451	6943	7686	9788	8357	9276	8839	7303	9439	7100	8797	10021	8962	7506	7274	10915	4125	4968	5988	5424	4756	5612	5348	6634	6729	1680	587	1413	3168	626	2829	2738	2668	3616	3399	1477	9.99999e+008	4347	2062	1157	4097	1234	4501	5761	4329	3503	4807	6126	6713	6391	6572	7836	5779	4360	5277	6172	4231	4600	4395	4284	5669	5844	5234	5201	5033	5089	5235	6591	6154	3725	7359	
3109	4059	5201	4114	3015	4100	4824	4268	7121	3795	6439	9437	10591	9782	11005	8571	8184	9171	7693	10548	11772	10713	7384	9025	10256	5826	6669	7689	8518	6457	7315	7049	8509	9823	3330	5007	5361	2704	5089	2097	2942	4585	959	3064	3566	4463	9.99999e+008	3336	4498	8137	4247	2960	2482	6030	2026	2900	3126	2934	2419	3441	5881	2532	769	2030	2925	810	1646	1672	633	2513	2036	3489	3429	1442	2624	3149	3554	2163	1804	4277	
2910	2681	3333	2231	4403	3863	5546	4146	6843	3460	4952	7554	8868	8058	9122	6848	6301	7448	5810	8665	9889	8830	5515	7142	8924	3943	4786	5807	5976	4574	5432	5166	6626	7281	470	2561	2366	1178	2427	1061	748	2042	2537	1410	2528	2017	3267	9.99999e+008	1503	5594	1252	2689	5337	4147	1735	2868	4358	5634	5312	5372	5846	4677	3280	3572	4778	3152	3520	2627	3702	3901	4765	3243	3212	3953	3100	3246	4823	5018	1957	5559	
4339	4162	4814	3711	5743	5343	7025	5625	8324	4941	6433	7659	9486	8055	8951	8328	6566	8928	6075	8494	9812	8935	6996	7247	10405	3822	4665	5686	4941	4453	5309	5046	6151	6246	1168	1213	930	2657	924	2401	2227	1793	3877	2889	1904	1157	4607	1551	9.99999e+008	4492	1662	4073	6133	4027	3075	4347	5698	6974	6652	6712	7325	6017	4620	4912	6118	4492	4860	3967	4656	5241	6105	4723	4691	5293	4579	4725	6163	6358	3297	6931	
7555	7151	7423	6089	9230	8580	10326	8925	10709	8263	8684	7577	9347	8248	8229	9716	6919	9949	7410	8581	7924	6922	8884	7165	12293	3496	4297	4219	2070	3158	3536	3827	3280	3375	5660	3510	3806	5960	3800	6252	5530	4233	7519	6191	4600	4097	8148	5930	4492	9.99999e+008	5288	7289	9299	4381	6753	7648	9185	10334	9819	10202	10605	9503	8262	8695	9608	8134	8502	7643	7821	8728	9436	8026	7992	8784	7879	8026	9650	9692	6973	10338	
4085	3991	4643	3541	5489	5110	6845	5454	8131	4770	6262	8864	10178	9368	10329	8158	7611	8758	7120	9872	11190	10140	6825	8452	10234	5200	6043	7064	6319	5831	6687	6424	7529	7624	999	1798	2308	2487	1836	2147	2057	3171	2913	2718	1765	1254	3644	1379	1378	5308	9.99999e+008	3819	5742	5405	2821	4125	5444	6010	5688	5869	7155	5076	3656	4574	5469	3528	3896	3713	4181	4987	5141	4553	4521	4329	4408	4554	5909	5497	3043	6677	
266	1120	2869	2351	3092	1291	3333	1999	4312	1282	3596	7380	7652	6843	8204	5633	6127	6233	5636	7747	9065	8656	4915	6969	7318	4064	4907	5927	6805	4695	5552	5287	6746	8985	2968	5118	4767	1960	4828	1735	2068	3747	2336	1664	5162	4651	3067	2974	4136	7298	3885	9.99999e+008	4662	4268	1294	613	3085	4392	4342	4064	3385	3365	2908	2365	3470	2682	2563	1754	3331	2551	3657	768	1037	3581	1679	1176	3550	4154	1514	3412	
4722	5858	7607	6788	3242	4923	4743	5144	7104	5272	8052	12112	12390	11581	12942	10370	10858	10970	10367	12485	13803	13388	9653	11700	12055	8500	9343	10364	11193	9131	9989	9724	11183	12498	6005	7368	8036	5378	7450	4772	5617	7260	3634	5739	5792	6824	3315	6011	7173	10374	6251	4884	9.99999e+008	8705	4538	4364	3045	2269	1996	3103	5800	2527	2710	2887	2920	2953	3349	3709	2963	2701	1614	4953	4614	2156	3468	4210	3510	1630	4316	4278	
4414	3327	3042	1988	7151	4690	7453	6119	6328	4254	4303	3632	5734	4303	5200	5452	2974	6052	3146	4743	5967	4908	4503	3220	7912	1297	900	2043	3772	1514	2342	1402	3042	5906	4604	4130	3780	3357	3840	4189	3465	2332	5324	3320	5667	4466	6054	4429	4094	4521	5387	4194	8306	9.99999e+008	4635	4733	7205	8451	8279	8123	6911	7385	6248	6513	7529	6119	6472	5525	6671	6610	7715	4748	5132	6921	5761	5296	7670	7988	4855	7532	
1709	2313	3841	2754	2668	2709	4222	2870	5730	2546	5039	8077	8845	8036	9397	6825	6824	7425	6333	8940	10258	9353	6024	7665	8510	4466	5309	6330	7157	5097	5955	5689	7149	8462	1970	4197	4001	1344	4062	737	1582	3224	1044	1704	4047	3653	1775	1976	3138	6775	2887	1560	3846	4670	9.99999e+008	1502	2623	3965	3885	3637	4708	2942	1788	1944	3043	1839	1839	892	2211	2166	3327	2091	2038	2461	1677	1878	3088	3629	222	3856	
748	1973	3508	3204	2530	1207	2720	1386	4228	1157	4078	8116	8505	7696	9057	6486	6862	7086	6371	8600	9918	9392	5650	7704	8053	4917	5760	6780	7658	5547	6405	6140	7599	9954	3937	6087	5736	2813	5797	2704	2921	4716	3158	2517	6111	5599	3751	3875	5095	8267	4834	969	4445	5121	2238	9.99999e+008	2565	4060	4141	3666	3206	3032	3146	2224	3138	2881	2262	1970	3648	2351	3516	589	536	3513	1378	959	3030	3954	2459	2799	
3043	4223	5637	5255	280	2675	1698	2895	4059	3286	5847	10154	10755	9946	11404	8736	8900	9336	8409	10947	12265	11430	7696	9742	10182	6967	7810	8831	9592	7598	8456	8190	9650	10897	4490	6372	6521	3779	6454	3257	4102	5658	2680	4122	5932	5828	3046	4496	5658	9210	5407	3206	2519	7172	2623	2496	9.99999e+008	1601	1682	1273	2755	573	2441	1413	679	2235	1875	2149	2763	697	1600	2718	2366	2142	1555	2271	465	1728	2404	1233	
4688	5824	7383	6754	1817	4421	3433	4609	5002	5032	7187	11737	12356	11547	12908	10336	10483	10936	9992	12451	13769	13013	9036	11325	11642	8466	9309	10330	11129	9097	9955	9690	11149	12434	5851	7313	7882	5316	7352	4618	5583	7195	3471	5678	5737	6769	3130	5857	7019	10319	6365	4850	1621	8671	4167	4033	1817	9.99999e+008	753	834	3566	1825	2676	2569	1334	2919	3030	3391	2536	2065	1580	4464	4112	2122	3098	3808	1522	1014	3948	2287	
3935	5071	6820	6001	1651	4220	3348	4440	5502	4485	7218	11325	11603	10794	12155	9583	10071	10183	9580	11698	13016	12601	8866	10913	11268	7713	8556	9577	10406	8344	9202	8937	10396	11711	5218	6867	7249	4591	6906	3985	4830	6473	2847	4952	5291	6323	2528	5224	6386	9873	5919	4097	1432	7918	3708	3534	1650	515	9.99999e+008	1334	4068	1658	1923	2057	1167	2166	2519	2879	2090	1897	827	4123	3911	1369	2638	3423	2023	568	3486	2789	
3943	5225	6574	6285	1310	3711	2599	3776	4168	4223	6354	10903	11757	10948	12309	9738	9650	10321	9159	11852	13170	12179	8203	10491	10809	7997	8840	9861	10622	8628	9486	9220	10680	11927	5344	7020	7375	4809	7102	4111	5177	6688	3328	5021	6580	6476	3695	5350	6512	10240	6261	4105	3262	8202	3698	3526	1114	2139	2219	9.99999e+008	3141	1223	3090	2062	1217	2884	2523	2884	3412	1558	2343	3655	3333	2885	2630	3301	689	2472	3479	1606	
3080	3793	5080	5161	3051	2229	2593	3769	3047	2729	5032	8959	10307	9498	10527	8288	7706	8655	7215	10070	11294	10235	6537	8547	8909	7076	7583	8726	9817	7707	8565	8085	9725	12118	6273	8365	8089	4971	8150	5101	5079	7068	5451	4675	8333	7821	5817	6098	7306	10622	7055	3405	5290	6894	4659	3419	2771	4372	4060	2784	9.99999e+008	3344	5212	4184	3450	5006	4646	4385	5534	3428	4371	2626	3076	4913	3764	3486	2428	4499	4846	1733	
3571	4721	6275	5581	874	3312	2374	3533	4735	3924	6394	10791	11254	10444	11806	9234	9537	9834	9046	11349	12667	12067	8243	10379	10820	7293	8136	9157	9918	7924	8782	8516	9976	11224	4628	6304	6659	4105	6386	3395	4473	5985	2612	4466	5864	5760	2979	4634	5796	9537	5545	3748	2219	7498	2997	2823	676	1315	1396	987	3431	9.99999e+008	2374	1345	393	2168	1807	2168	2696	842	1300	3356	3003	1842	1926	2709	1102	1429	2775	1909	
2815	3983	5166	4078	2408	3605	4217	3772	6578	3299	5964	9402	10516	9706	10969	8496	8148	9096	7657	10512	11737	10678	7349	8990	10181	5790	6633	7654	8483	6421	7279	7014	8473	9788	3295	4971	5326	2668	5053	2062	2907	4550	924	3029	3895	4427	605	3301	4463	8101	4212	2924	2160	5995	1991	2404	2519	2612	2097	2718	5274	1925	9.99999e+008	1423	2318	314	1152	1225	525	1906	1714	2993	2934	673	2017	2654	2947	1841	1769	3670	
2240	3376	5125	4575	1378	2586	3187	2429	5515	2791	5570	9637	9909	9099	10461	7889	8383	8489	7892	10004	11322	10913	7171	9225	9574	6288	7131	8151	8979	6919	7776	7511	8971	10284	3674	5350	5705	3166	5432	2441	3512	5045	1347	3526	4632	4806	1712	3680	4842	8597	4591	2403	2398	6492	2054	1883	1489	2359	2037	2033	4242	1239	1107	9.99999e+008	1632	903	853	1214	1431	876	1490	2472	1915	1289	987	1728	1917	1849	1835	2496	
3740	4892	6307	5712	776	3344	2474	3565	4572	3956	6343	10823	11435	10625	11987	9415	9569	10015	9078	11530	12848	12099	8192	10411	10777	7424	8267	9288	10049	8055	8913	8647	10107	11354	4809	6484	6840	4236	6566	3576	4595	6116	2430	4598	5716	5940	2799	4815	5977	9667	5726	3929	2253	7629	3125	2992	776	922	1003	594	3327	784	2194	1526	9.99999e+008	1988	1988	2348	2515	1141	1516	3388	3035	2058	2057	2728	938	1389	2907	2009	
2549	3717	5039	3951	2205	3339	4014	3507	6360	3034	5650	9275	10250	9440	10802	8230	8021	8830	7530	10345	11610	10551	7222	8863	9915	5663	6506	7527	8404	6294	7152	6886	8346	9840	3167	4843	5198	2541	4925	1934	2960	4601	795	2902	4017	4299	919	3173	4335	8153	4084	2713	2451	5868	1851	2139	2316	2482	2160	2631	5071	1722	314	1220	2115	9.99999e+008	887	959	816	1703	1613	2728	2668	964	1814	2388	2744	1971	1629	3467	
1951	3119	4786	3901	1889	2741	3698	2908	5762	2435	5281	9224	9652	8842	10204	7632	7971	8232	7480	9747	11065	10500	6914	8812	9317	5613	6456	7476	8304	6244	7101	6836	8296	9609	2821	4497	4852	2491	4579	1588	2729	4370	925	2851	4057	3953	1519	2827	3989	7922	3738	2115	3051	5817	1253	1540	2000	3013	2691	2684	4746	1891	914	1114	2268	650	9.99999e+008	361	1418	1387	2263	2129	2070	1564	1357	1790	2429	2503	1031	3151	
1638	2758	4474	3540	1830	2428	3639	2596	5449	2123	4968	8863	9291	8481	9843	7271	7610	7871	7119	9386	10704	10139	6553	8451	8956	5252	6095	7115	7943	5883	6740	6475	7935	9248	2582	4809	4613	2130	4674	1349	2368	4009	1188	2490	4495	4265	1830	2588	3750	7561	3499	1754	3362	5456	892	1228	1941	3130	3091	2802	4434	2103	1225	1054	2208	959	993	9.99999e+008	1727	1328	2435	1817	1757	1875	996	1477	2369	2903	670	3092	
3756	4841	5983	4896	3177	4546	4986	4621	7347	4241	6905	10219	11373	10564	11787	9354	8966	9954	8475	11330	12554	11495	8166	9807	11039	6608	7451	8472	9300	7239	8097	7831	9291	10606	4112	4946	5760	3486	4984	2879	3724	5367	1741	3846	3370	4402	806	4118	4830	7952	3829	3742	2087	6812	2808	3346	3288	3119	2845	3487	6041	2694	964	2192	3087	1255	2116	2166	9.99999e+008	2675	2462	3935	3875	1442	2786	3595	3716	2480	2586	4295	
2839	4019	5433	4849	541	2470	2350	2691	4711	3082	5552	9949	10551	9741	11103	8531	8695	9131	8204	10646	11964	11225	7401	9537	9978	6561	7404	8425	9186	7192	8050	7784	9244	10491	4118	5794	6149	3373	5876	2885	3742	5253	2102	3735	5354	5250	2469	4124	5286	8805	5035	3060	2152	6766	2263	2091	652	1841	1791	1513	3407	814	1864	835	919	1658	1297	1658	2186	9.99999e+008	1244	2514	2161	1666	1194	1867	1080	1603	2044	1764	
3108	4244	5993	5174	1671	3460	3172	3681	5533	3658	6438	10498	10776	9967	11328	8756	9244	9356	8753	10871	12189	11774	8039	10086	10441	6886	7729	8750	9579	7517	8375	8110	9569	10884	4391	6067	6422	3764	6149	3158	4003	5646	2020	4125	4620	5523	1701	4397	5559	9197	5248	3270	1251	7091	2924	2750	1474	1714	1392	1864	4229	956	1096	1273	1349	1339	1735	2095	1419	1130	9.99999e+008	3339	3151	542	1854	2596	1902	932	2702	2707	
549	1601	2919	2832	2638	620	2828	1516	3641	568	3879	7527	8134	7324	8686	6114	6273	6714	5782	8229	9547	8803	5061	7115	7464	4545	5388	6408	7286	5176	6033	5768	7228	9587	3690	5781	5506	2441	5567	2475	2549	4485	3075	2145	5749	5237	3689	3513	4723	8037	4472	874	4576	4733	2033	793	2673	4168	4249	3796	2617	3140	3084	2355	3246	2818	2392	1907	3586	2461	3647	9.99999e+008	496	3639	1508	1090	3138	4064	2253	2929	
975	2198	3516	3429	2144	671	2334	1020	3692	1165	4175	8124	8731	7921	9283	6711	6870	7311	6379	8826	10144	9400	5658	7712	8061	5142	5985	7005	7883	5773	6630	6365	7825	10034	4002	6136	5816	2914	5877	2786	3146	4796	3108	2742	6061	5549	3701	3825	5170	8347	4784	1300	4117	5330	2188	1003	2179	3674	3755	3300	2892	2646	3096	2174	2752	2831	2212	1920	3558	1965	3209	597	9.99999e+008	3143	1328	909	2644	3568	2409	2433	
3465	4633	5839	4751	2190	3502	3608	3344	5969	3949	6614	10075	11166	10356	11642	9146	8821	9746	8330	11185	12410	11351	8022	9663	10831	6463	7306	8327	9156	7094	7952	7687	9146	10461	3968	5644	5999	3341	5726	2735	3580	5223	1597	3702	4197	5100	1278	3974	5136	8774	4825	3597	1487	6668	2664	3055	1910	1939	1424	2300	4665	1392	673	1323	1785	964	1785	1875	996	1658	1041	3428	2831	9.99999e+008	1902	2644	2375	1168	2442	3143	
1930	3119	4831	3952	1669	2276	3320	2208	5295	2480	5260	9275	9651	8842	10203	7632	8022	8232	7531	9746	11064	10551	6914	8863	9317	5664	6507	7527	8355	6295	7152	6887	8347	9660	3168	5347	5199	2542	5260	1935	2780	4421	1809	2902	4907	4803	2403	3174	4336	7973	4085	2115	3201	5868	1300	1572	1622	2964	2958	2636	4224	1943	1798	987	2042	1532	884	621	2300	1167	2272	1926	1605	2276	9.99999e+008	1418	2087	2770	1082	2478	
1082	2218	3967	3415	1954	1582	2894	1632	4603	1632	4412	8478	8750	7941	9302	6730	7224	7330	6734	8845	10163	9754	6013	8066	8415	5127	5970	6991	7820	5758	6616	6351	7810	9125	3093	5227	4907	2005	4968	1877	2594	3887	2199	2366	5152	4640	2792	2916	4261	7438	3875	1244	3486	5332	1279	724	1909	3254	3243	2926	3690	2227	2187	1265	2332	1922	1488	1011	2689	1452	2557	1233	911	2554	604	9.99999e+008	2374	3055	1500	3045	
3409	4688	6040	5675	700	3140	2065	3241	3634	3689	5819	10369	11220	10411	11775	9201	9115	9786	8625	11318	12636	11645	7668	9957	10274	7387	8230	9251	10012	8018	8876	8610	10070	11317	4955	6837	6986	4199	6919	3722	4567	6078	3145	4487	6397	6293	3511	4961	6123	9630	5872	3571	2984	7592	3088	2916	465	1991	2071	843	2607	1038	2906	1878	1069	2700	2340	2614	3228	1117	2065	3121	2799	2607	2020	2691	9.99999e+008	2193	2869	1326	
3805	4941	6690	5815	2368	4049	3912	4270	6273	4355	7131	11138	11473	10664	12025	9453	9885	10053	9394	11568	12886	12414	8779	10726	11181	7527	8370	9391	10219	8158	9016	8750	10210	11525	5031	6299	7062	4405	6338	3798	4643	6286	2660	4765	4723	5755	2116	5037	6183	9305	5351	3967	864	7731	3621	3447	2214	1403	1130	2237	4969	1653	1836	1970	2046	2079	2432	2792	1522	1827	740	4036	3740	1282	2551	3293	2642	9.99999e+008	3399	3447	
1894	2535	3957	2870	2498	2894	4102	3055	5915	2768	5224	8193	9067	8258	9619	7047	6940	7647	6449	9162	10480	9469	6140	7781	8732	4582	5425	6445	7273	5213	6070	5805	7265	8578	2086	4265	4117	1460	4178	853	1698	3339	822	1820	3825	3721	1553	2092	3254	6891	3003	1745	3624	4786	222	1687	2404	3746	3663	3418	4893	2771	1566	1722	2824	1617	1617	670	1989	1996	3105	2276	2223	2239	1458	2063	2869	3407	9.99999e+008	3637	
3312	4595	5943	5668	1395	3080	1968	3145	3541	3592	5726	10276	11127	10318	11679	9108	9022	9693	8531	11222	12540	11552	7575	9864	10181	7380	8223	9244	10121	8011	8869	8603	10063	11986	5650	7532	7681	4866	7614	4417	5262	6748	3840	4390	7092	6988	4206	5656	6818	10299	6567	3475	3679	7585	3783	2955	1160	2686	2766	1534	1746	1733	3601	2573	1764	3395	3035	3309	3923	1812	2760	3024	2702	3302	2715	2861	695	2888	3564	9.99999e+008	
0.2
0.2