15
30
999999 7 17 16 10 11 13 9 8 12 15 14 7 16 12 12 9 5 8 11 12 9 11 5 13 15 17 14 14 15 
0 4 11 12 6 1 11 8 5 7 12 9 3 1 6 1 7 1 2 9 8 1 9 3 10 6 8 3 10 8 
20
0   0   0   0   0   0   0   0   0   0   0   0   0   0   0   0   0   0   0   0   
5   -1   4   -5   0   -2   6   -5   0   -4   4   -7   7   -5   2   -3   5   -1   2   -2   
-7   11   -2   -1   -13   7   -3   6   0   9   -10   0   -6   11   -9   7   -5   11   -14   7   
-7   7   -7   -1   -8   6   2   0   -5   6   -3   4   0   5   -7   -1   -9   1   -4   1   
2   4   -4   -1   -3   5   3   3   -2   0   2   4   -3   6   -2   1   -2   -2   2   1   
-4   10   2   6   -8   6   -3   6   1   8   -1   0   -5   5   -9   4   -6   3   -3   4   
0   4   -5   3   -5   2   -7   3   1   12   -6   2   -2   3   -5   4   -8   6   -6   11   
-6   2   -5   0   -8   1   -6   4   -5   2   0   1   -6   4   -3   0   3   0   0   7   
0   0   0   0   -2   2   -4   2   -1   3   -4   2   -1   1   -1   1   -3   2   -1   1   
-5   0   7   -1   0   2   -3   7   -2   -1   -3   2   -2   -2   -1   -2   3   1   -5   0   
1   13   -2   -1   4   0   -8   11   -12   8   -3   2   -5   7   -1   -6   -3   9   -2   5   
-1   1   3   -1   -6   6   -6   0   -4   5   -7   1   4   1   -7   -2   1   -5   -5   12   
-1   0   -2   -4   -4   0   -1   0   0   0   0   1   0   0   -1   -1   0   -2   -3   4   
-6   5   -7   3   -8   9   -10   -3   -1   2   -10   9   -3   15   -5   5   -8   3   -4   8   
-2   -5   1   -2   -1   0   -3   0   2   4   -2   -1   0   -2   -11   -1   0   0   -3   1   
-7   7   -6   10   -9   5   -3   4   -4   7   -3   3   -11   6   -8   3   -4   7   -9   12   
3   -1   2   -5   0   -1   0   -2   0   4   1   1   0   -4   2   1   2   -3   0   3   
0   -1   2   -1   0   -1   1   -1   0   -1   1   0   1   0   0   1   0   1   0   0   
-1   0   -1   4   -4   7   0   2   -1   0   -2   1   -3   5   0   2   -1   0   -5   4   
-10   4   -10   10   -6   7   -8   4   -8   3   -8   8   -7   2   -10   6   -11   5   -10   6   
9   1   3   -4   -1   1   -1   -1   0   7   5   5   7   0   2   -5   2   0   2   2   
-4   -1   -2   -2   0   4   -2   0   1   0   -3   0   -6   3   -1   6   -1   -3   -3   0   
-4   4   0   4   -3   3   -1   0   0   2   2   -1   0   5   1   0   0   -1   3   -3   
0   0   0   -3   0   0   2   -1   0   0   0   0   0   0   0   -1   1   -2   0   -1   
6   -2   4   -1   5   1   12   -8   0   -3   5   -2   2   -5   6   -10   5   -6   5   -2   
-1   -5   5   2   -8   -3   4   -7   7   0   8   2   2   -5   2   -11   5   3   -3   -9   
4   -6   5   -7   1   -9   15   -7   15   -9   2   -1   4   -6   -4   -5   15   -5   8   -15   
-2   -1   0   8   0   3   3   5   2   4   0   3   -1   2   -1   6   -7   3   0   4   
5   -5   5   -6   4   -6   1   -12   11   -9   10   -5   4   -9   7   -1   9   -10   4   -5   
0   -5   -5   9   -4   1   0   4   2   0   -1   4   -5   5   0   -6   8   10   -1   3   
0   80.0615   58.4833   91.8763   49.7267   42.632   51.7082   39.9709   52.7082   63.2597   61.8782   60.9574   34.9148   57.1901   62.167   46.5407   66.7545   30.7705   65.7545   77.8507   39.7065   63.7204   48.2621   54.7706   88.7647   56.8021   56.2311   32.7581   62.1814   22.7082   
59.4643   0   59.6442   108.363   102.71   90.0821   111.172   90.2168   111.901   40   68.7046   104.68   88.1838   116.017   119.597   70.6656   46.3311   83.9412   49.3452   30   89.1864   120.27   107.375   68.1507   107.023   41.2594   50.2655   90.4043   121.646   82.1725   
37.4833   38.1182   0   110.649   71.1751   80.0737   82.8902   72.7062   82.5523   41.2132   75.0833   98.4408   67.2494   84.8025   84.7243   73.503   42.6525   64.8235   43.5529   57.2251   53.4833   97.7734   77.5001   43.1245   115.746   35.3848   63.4166   60.5296   97.81   56.7612   
70.7672   88.3629   96.6488   0   110.649   68.2443   97.9042   78.7171   102.73   113.482   67.3444   47.5753   76.8547   111.347   125.547   73.9549   114.082   87.0303   113.082   109.38   109.862   79.1354   107.163   112.617   27.0828   110.217   85.2284   99.9938   82.1427   93.4754   
33.0606   87.7097   55.1543   96.6488   0   63.1329   37.0868   51.7328   44.3311   91.2684   83.2709   84.155   50.3526   38.2483   39.8924   67.3385   91.1172   46.3488   91.7225   102.338   42.6918   72.1172   41.8661   65.0731   106.569   80.4981   88.8407   31.1172   70.0392   45.0185   
25.632   72.9452   61.0737   49.2443   47.4131   0   51.9943   28.6491   61.2402   84.4831   51.3847   37.6333   36.0471   64.7993   74.2398   41.4165   89.0507   31.8045   88.0507   88.3168   65.3386   45.6125   55.855   80.4027   65.566   81.7853   62.0109   53.0156   47.8537   48.3402   
35.3836   94.8472   68.884   81.6088   23.0868   35   0   41.3452   29   98.6433   78.7032   66.3289   46.1548   27.7703   45.631   62.7032   97.0975   49.7849   99.966   109.411   54.3553   43.5862   27.2462   73.3165   94.8221   88.9178   89.2428   39.3607   44.7321   46   
20.2237   76.2168   57.7062   61.7171   34.9857   12.6491   23.3452   0   48.0185   83.4835   54.8044   50.2824   35.0623   48   60.4166   43.9422   84.0074   34.0499   85.9782   93.1095   51.8469   39.3311   44.318   63.2544   78.2152   73.356   69.4309   41.6155   41.0208   39.2627   
36.6197   95.901   68.2642   86.3308   19.2354   39.1152   5   27.0185   0   97.8772   81.8229   69.1543   48.5399   25.0828   37.7699   67.7032   96.0061   46.0685   96.8513   108.2   47.2778   48.5862   19.3852   75.9786   99.3243   92.5527   92.8507   42.0227   49.7321   51   
48.2597   17   21.2132   91.4822   73.2393   66.4831   83.0963   67.082   83.4865   0   65.8365   104.116   74.0339   105.45   103.092   73.2207   22.2111   73.8014   21.2111   38.4642   74.6965   106.413   96.5218   56.6879   110.051   37.7703   58.6956   81.0178   107.538   70.9679   
36.8782   48.6621   54.0833   43.0813   69.2604   31.3847   64.0312   40.8044   67.2681   48.8365   0   51.1618   55.3553   87.9932   98.7554   36   71.0476   60.0526   70.0476   58.745   76.5847   76.9972   84.8504   80.4891   56.2616   58.6879   32.4391   69.3464   78.8145   59.2966   
46.9574   85.1645   80.4114   31.5753   67.2012   21.6333   50.3289   32.5576   55.1543   82.2192   37.1618   0   52.2278   78.0992   88.7902   50.0147   104.43   53.4081   103.43   95.9068   83.9524   44.0799   74.5395   95.4966   41.4951   95.8497   69.6009   73.484   41.0799   63.4342   
13.0384   68.2495   50.2494   61.8547   35.7351   13.6015   29.1548   8.06226   32.0156   59.0339   35.3553   35.2278   0   54.6563   62.2543   39.6469   77.5522   19.2426   78.7929   90.192   52.7449   46.0156   51.4008   67.269   76.4004   69.8405   66.2769   39.2354   49.0831   35.2066   
41.1825   100   70.8025   92.3472   18.2483   45.1774   10.7703   33   6.08276   87   72.9932   61.0983   37.6563   0   34.2127   73.2713   101.782   51.6276   102.41   113.759   50.4384   54.3566   24.9443   70.4358   102.593   94.3369   97.4136   46.6125   55.5025   56.7703   
45.8912   101.597   68.6804   104.547   13.8924   56.0446   24.2074   43.4166   19.2094   87.0919   81.0062   73.7902   46.1736   14.2127   0   79.0077   98.8718   60.2412   99.6545   113.73   46.241   65.6624   38.5945   78.9655   115.285   94.3901   102.122   45.0097   68.9396   58.911   
21.5407   53.6656   47.1275   51.225   53.3385   19.4165   48.7032   25.9422   51.6624   48.5077   16   34.0147   19.6469   57.2713   65.0077   0   69.4361   36.0907   69.2604   73.2131   60.1885   63   69.8027   66.4004   67.8722   55.1182   46.9072   54.2987   62.2666   44.2489   
48.3322   24.3311   15.6525   97.4064   70.1783   68.884   82.0975   68.0074   82.0061   8.06226   54.4059   86.0058   60.0833   85.0412   83.8689   52   0   78.6941   20   46.2982   69.1358   106.099   90.8375   52.7648   110.668   36.3178   64.4462   76.182   109.028   71.0404   
10.198   67.9412   47.676   66.0303   32.0156   17.8045   27.7849   10.0499   30.0832   57.8014   38.0526   39.4081   4.24264   35.4401   43.0116   22.0907   58.3095   0   75.9525   80.0538   47.0429   49.3809   48.2021   60.4588   76.6053   63.1699   63.5188   31.2315   51.0707   32.9062   
48.7545   23.3452   16.5529   97.0824   70.9366   69.0507   82.662   68.352   82.6196   7.2111   54.1202   86   60.407   85.703   84.6463   52.0096   1   58.6941   0   45.6754   70.0363   106.423   91.8375   53.7648   110.382   35.1421   55.9487   77.0825   109.373   71.4627   
56.8507   4   38.0132   84.3801   85.8662   69.4622   92.1954   73.1095   93.4077   17.4642   44.7214   81.3204   65.192   97.6524   99.7296   50.1199   25.2982   65.0538   24.3516   0   87.7674   111.208   103.814   70.469   100.983   39.8403   49.3059   87.111   110.295   79.5589   
23.7065   71.1758   37.4833   93.8616   17.6918   46.0977   35.3553   35.8469   33.2415   56.0803   60.0833   67.624   32.5576   34.4384   31.241   45.1885   52.6308   28.3196   53.4135   69.6419   0   72.7539   42.8927   40.2036   104.925   68.927   79.9376   31.8114   76.8677   45.5183   
44.5533   98.27   82.0366   59.1354   49.3964   25.6125   27.5862   24.3311   32.5269   90.6201   56.0803   28.0713   32.0156   37.6431   51.6624   45   92.0489   34.3657   92.3472   94.8736   56.7539   0   51.9121   87.5855   68.0899   93.8499   87.6234   59   18   63.5937   
32.249   91.214   62.9682   86.1626   14.8661   37.855   8.24621   25.318   5.38516   78.492   64.4981   55.4707   29.1548   8.94427   18.3848   48.6621   76.8375   26.6833   77.4661   88.8144   27.8927   35   0   65.9264   96.9658   83.7103   88.4801   31.9706   52.9783   49.5539   
30.0832   53.1507   16.1245   97.6166   39.8246   55.6597   55.9732   49.2544   54.626   36.6879   57.4891   76.6942   42.9535   56.4358   53.0377   46.4004   31.7648   39.4588   32.6497   52.469   22.2036   73.0068   49.2443   0   113.751   51.5093   75.6236   47.9559   90.2753   50.0624   
65.7647   87.023   93.0376   6.08276   90.9175   43.566   75.5844   55.9464   80.3243   89.0505   40.2616   25.4951   56.4004   86.3308   98.6154   46.8722   94.6414   60.6053   94.3716   83.0241   88.6172   53.0848   80.2309   93.2309   0   98.9495   72.7007   91.8368   66.575   88.4729   
37.8021   23.2594   18.3848   83.2166   64.4981   55.7853   72.9178   56.356   73.5527   10.7703   40.1622   72.0278   48.3011   77.3369   78.3901   38.1182   14.3178   47.1699   14.1421   21.8403   47.927   79.8499   68.6804   31.0161   80.3617   0   52.2488   69.7397   96.7718   60.5103   
41.2311   30.2655   43.4166   59.2284   73.9797   46.0109   74.2428   52.4309   76.5572   32.6956   18.4391   55.3624   45.2769   81.7068   87.0976   26.9072   39.4462   46.5188   38.9487   26.3059   61.0082   71.5891   72.8011   51.6236   57.3149   26.2488   0   73.9891   88.6563   63.9393   
16.4924   74.4043   46.5296   80.9938   17.1172   32.0156   22.3607   20.6155   22.0227   61.5224   52.1536   53.0377   19.2354   25.6125   29.4279   36.2215   60   15.2315   60.6053   72.111   15.8114   41   16.9706   33.9559   75.452   51.7397   57.7235   0   59   24.0499   
44.1814   96.7471   81.6149   56.1427   51.0392   23.8537   29.7321   24.0208   34.7131   89.5377   53.8145   25.0799   31.4006   40   53.9073   43.2666   91.214   34.0588   91.4822   93.2952   57.5674   3   36.8782   73.1095   50.0899   78.7718   69.6563   41.7612   0   59.0488   
6.7082   65.9469   41.7612   73.4098   27.0185   25.807   29   17.2627   30   54.2033   42.2966   47.4342   12.2066   34.4819   39.4588   26.4764   53.7122   8.06226   54.2033   63.4114   20.5183   41.0122   25.5539   32.0624   68.1175   43.9318   47.8017   10.0499   41.0488   0   
