15
40
999999 5 6 15 17 9 16 5 15 9 17 6 10 5 11 6 14 10 10 15 8 7 17 17 5 5 10 8 15 5 11 15 10 6 9 10 13 14 10 11 
0 3 2 11 13 5 3 3 8 2 14 1 2 1 8 5 7 1 4 4 5 5 7 4 4 4 1 2 9 2 5 1 5 3 8 8 6 7 2 7 
20
0   0   0   0   0   0   0   0   0   0   0   0   0   0   0   0   0   0   0   0   
0   -2   0   -2   1   0   0   -1   0   0   2   -1   3   0   2   0   0   0   -1   -1   
-1   3   -4   2   -2   4   -3   6   -2   0   -2   1   -2   0   -2   2   -3   2   -3   1   
-4   13   -9   2   -9   6   -13   10   -7   9   -10   0   -1   10   -2   12   -5   6   -14   2   
0   -8   1   -5   6   -1   2   -3   -3   -5   7   -1   -3   0   0   5   -2   0   -1   0   
-5   3   -6   7   -7   5   -7   0   -8   4   1   9   -8   2   -5   8   -4   8   -5   6   
-6   9   -5   9   -12   9   -4   10   -2   9   -6   -1   -4   0   -5   9   -11   5   0   8   
1   0   -2   2   0   1   2   0   1   -1   0   2   0   0   0   -1   0   -1   0   1   
7   -8   9   -13   8   -6   6   -5   8   -12   1   -6   7   -8   10   -12   4   -13   9   -14   
2   -2   -3   -3   -2   -3   2   -1   1   0   0   2   5   -3   0   -3   1   -5   0   -3   
-2   5   -2   12   -1   12   -1   0   -5   10   -8   6   -4   0   2   2   -4   3   -2   2   
-4   4   -5   5   -2   6   -6   1   -6   1   -2   3   -3   3   -2   4   -3   4   -4   0   
0   -1   -3   0   4   5   -1   5   1   1   2   5   1   2   0   3   0   1   -2   3   
1   -1   2   -2   0   0   1   -1   2   -1   1   -1   0   0   1   0   1   -2   0   0   
-6   10   -8   1   -3   4   -8   3   -10   6   -8   8   -8   10   -11   7   -9   3   -5   2   
-1   3   -2   3   -2   3   0   2   -2   3   0   3   0   2   -3   0   -1   1   -4   1   
-11   13   -6   4   -5   4   -1   -2   -1   2   -2   8   1   6   0   6   -7   12   -6   1   
-6   2   -4   4   -6   4   -7   6   -10   10   -10   10   -5   2   -7   6   -8   8   -3   9   
6   -1   6   -3   3   -3   0   0   -1   6   -1   1   1   3   0   1   5   2   5   -1   
2   -2   -3   2   8   -1   5   3   1   5   -1   -4   0   -4   7   0   -2   -3   3   1   
0   2   -1   -2   -3   2   -2   3   0   2   1   2   -4   2   0   1   -3   3   -2   -1   
0   3   -2   1   0   2   -2   2   0   1   0   3   -2   4   -2   5   -4   0   -4   3   
0   -3   8   -5   6   -3   0   -7   0   -6   -2   -4   9   -7   3   6   14   -6   1   5   
-6   3   6   -2   1   -1   3   3   4   -7   7   -7   0   2   -10   -2   1   -6   2   1   
2   -2   2   -2   2   -1   0   -2   1   -2   1   -4   2   -3   2   0   1   -2   1   -3   
0   -1   0   -1   0   -2   0   0   0   1   1   0   0   0   0   0   -1   -1   0   0   
-2   4   -4   4   -3   6   -6   3   -5   4   -1   9   -2   1   -7   4   -5   7   -6   0   
1   -4   5   0   5   -3   4   -3   1   -1   6   -5   4   -5   6   -1   1   -2   1   -1   
-2   -8   3   0   -2   11   -2   -1   -2   -6   -3   0   4   -3   2   0   2   5   3   -5   
-3   4   -3   0   -4   3   -2   3   -3   2   -1   2   -1   3   0   2   -3   3   -2   3   
-2   5   -3   8   -4   5   -4   6   -3   1   -5   3   -7   1   -3   4   -8   7   -6   0   
9   -7   10   -13   5   -2   11   -15   6   1   15   -6   4   -8   7   -5   7   -11   3   -6   
-3   -1   1   0   -2   3   -3   2   3   -1   2   0   8   3   0   1   -3   4   -3   -5   
1   -3   3   0   2   -2   2   0   1   -4   2   -4   4   -5   2   -5   6   -2   2   -4   
4   0   2   0   7   -2   0   -1   5   -7   5   -1   4   -4   0   -2   2   0   8   1   
-2   1   1   4   -6   6   -6   6   -4   8   -4   9   -8   10   -4   9   -6   7   -8   5   
-8   13   -9   7   -7   2   -12   7   -13   1   0   1   -2   12   -2   2   -9   4   -6   5   
6   -9   2   -3   3   6   1   1   -3   -4   3   3   6   2   -3   0   3   -2   -2   4   
-2   5   -7   4   -5   -1   -3   2   -3   5   -1   -3   -2   4   -4   0   -5   1   -1   2   
5   -10   4   -7   3   -2   5   -4   4   -4   2   -5   0   -3   7   -3   7   -4   2   -3   
0   53.5791   80.203   62.1475   56.8497   64.4853   47.7567   65.8017   38.0227   31.7082   65.4236   43.9005   62.7379   59.2492   71.2769   46.0731   56.9762   80.7172   72.4309   57.8869   58.5533   34.2788   64.9625   54.0179   69.6627   69.9159   58.257   28.0454   61.1142   75.4004   27.0554   41.2315   76.774   38.5153   66.774   61.4969   55.2353   38.105   71.5862   78.4123   
37.5366   0   93.8187   94.1038   61.3275   67.535   80.4149   93.7476   41.8739   45.4006   28.7703   81.4371   91.2185   35.1615   77.5399   37.4018   84.6804   116.008   87.0625   74.7589   90.9676   58.7185   69.091   49.4775   74.4209   103.694   80.661   48.4109   53.0167   82.146   49.6105   53.7351   91.2464   76.052   82.0074   93.3369   31.0384   75.6416   89.9104   83.6003   
59.203   75.8024   0   61.1736   111.637   48.0713   52.6743   44.1667   83.5296   72.5712   94.4219   90.3847   48.8489   81   41.2788   87.6035   112.21   104.376   129.902   46   112.519   91.594   45.0768   65.6905   122.899   86.2847   55.7911   81.9305   111.774   32.8114   80.379   60.5296   29.8489   97.7183   124.245   89.3303   79.1249   90.6614   130.789   136.614   
44.1475   79.1581   46.1736   0   96.5654   68.8639   35.2485   37.831   78.622   65.7032   102.464   50.6742   32   91.4003   62.643   83.0797   75.5392   62.2046   98.0455   54.1438   79.4649   71.2929   74.0619   74.9682   95.7381   45.2485   42.4391   72.1928   104.668   75.7315   71.2029   60.1022   58   65.4969   92.3886   55.8904   94.2393   59.8912   111.664   113.72   
39.8497   38.3275   97.6166   81.0247   0   90.4572   87.6064   104.074   48.4215   55.5907   61.3814   67   99.5847   66.9804   99.0055   46.7567   67.0122   104.201   58.0172   86.4069   69.5533   42   90.7465   69.8659   47.2132   96.9276   87.8308   49.7805   39.083   107.831   47.7805   69.1077   104.9   65.643   55.8938   83.9062   69.3659   61.6742   48.0172   40.2982   
42.4853   48.7647   28.0713   53.6656   75.8222   0   47.7856   52.1218   62.2666   54.3363   69.0897   80.4721   53.5309   55.054   28   60.6508   99.3035   103.467   112.621   38.3516   100.885   72.3095   19.4721   41.5913   104.665   88.1231   56.0555   63.6956   93.5392   33.5529   62.1441   42.2947   40.4008   77.561   109.15   95.0625   55.4966   80.5903   114.072   116.12   
32.7567   62.6418   32.6497   20.2485   72.5328   33.6155   0   33.8763   66.4975   52.0143   87.3061   55.6611   28.0454   75.0928   43.8731   71.9998   80.3703   73.7627   96.9938   25.434   81.3832   65.1067   43.1548   58.581   92.032   53.5389   20.1623   60.4367   92.4955   52.0526   58.4367   44.9258   47.8254   60.1096   91.3369   56.2019   72.0091   62.8019   104.343   111.169   
47.8017   74.9667   23.0217   23.1948   87.6413   36.7967   15.2315   0   79.0079   66.5516   100.403   68.2124   20.831   87.7638   44   85.0865   92.7008   84.3939   112.225   38.105   93.7138   77.4373   53.6497   70.9116   107.15   65.1741   32.4929   73.2495   107.727   50.176   73.6682   58.0125   39.3178   73.2268   106.568   71.4334   87.2406   72.6888   119.388   126.214   
22.0227   15.5563   67.6757   64.622   33.4215   43.2666   49.4975   63.0079   0   41.1245   44.3267   63.2942   75.4833   39.1231   68.9917   24.4721   75.3654   100.111   83.8891   59.0238   78.4952   46.3178   58.9418   45.8035   69.3289   89.0762   64.9258   33.3178   56.0167   75.6825   40.2643   38   83.6674   57.909   81.8705   82.5511   35   54.2491   77.2368   73.7198   
6.7082   31.4006   58.3095   48.7032   39.3573   38.833   35.0143   49.4975   16.1245   0   60.171   50.6087   63.0596   54.541   58.4166   39.5913   63.6844   87.4254   75.009   50.3209   65.2615   34.6977   57.0416   39.3607   70.6121   73.4023   53.0588   29.8102   61.869   69.7587   27.8102   32.0416   64.5668   45.2235   73.4822   68.2051   50.5296   44.02   78.2944   79.6556   
47.4236   10.7703   79.0063   87.4643   47.3814   51.0882   69.857   81.0432   25.807   41.0122   0   89.0608   93.712   34.4202   78.3075   44.9545   95.4507   125.918   97.8328   77.467   99.8613   69.4889   68.3497   48.7343   85.1912   111.105   85.8668   58.9625   62.6431   82.9278   60.3808   59.5032   90.505   83.716   92.7777   104.107   30.2971   80.0561   92.3217   87.6797   
27.8568   63.6003   72.2011   36.6742   50   64.6297   39.6611   53.0754   48.2597   34.5398   74.0608   0   64.2688   85.0294   80.6197   68.233   38.2074   63.0135   61.0652   63.3244   43.7588   43.2389   82   73.9005   61.5412   43.1725   51.6197   50.2053   73.6003   91.7137   54.9122   65.1995   83.434   28.3852   55.7185   41.4222   83.0921   37.8924   74.2445   83.8859   
43.7379   73.0068   28.2843   18   83.4326   38.4187   11.0454   5.83095   60.2993   46.0435   79.712   47.3814   0   83.1193   49.831   82.4747   85.4493   74.8801   106.265   34.4642   91.1403   76.152   54.2001   69.6264   103.077   54.6563   31.2076   71.4821   103.541   56.007   69.4821   55.9712   42   69.679   100.608   60.9574   83.0545   73.8472   115.324   122.15   
40.2492   14.8661   65   76.4003   52   37.054   57.8014   68.0074   22.0227   33.541   14.0357   68.0294   67.1193   0   65.054   35.2237   93.1386   117.294   101.929   67.6588   96.183   64.2916   55.0512   46.5622   89.287   105.222   76.5235   53.1386   65.6542   70.607   51.1386   57.3293   76.6604   78.7645   96.8734   94.6226   28.1231   76.2719   94.8123   91.2528   
45.2769   59.5399   16.2788   44.643   82.3772   13   26.0192   25   51.6236   43.4166   63.0317   62.6259   27.7308   49.0918   0   70.7445   100.833   99.7819   116.26   37.4391   103.83   78.1143   25.0499   49.4138   114.029   79.5581   46.1815   73.2268   104.437   32.3693   71.2268   55.2947   29.4164   83.7922   110.603   82.2211   66.0104   83.3819   116.863   122.675   
26.4008   11.4018   70.8802   69.0797   32.7567   45.6508   53.7587   67.0671   4.47214   20.5913   21.9545   52.2015   64.4981   20.2237   54.7083   0   75.2495   104.583   79.9612   63.4959   75.6117   47.0278   63.414   44.0599   70.9608   89.7862   67.3667   34.0278   53.8029   79.2038   36.2094   42.4721   79.9384   62.3811   74.3043   87.0232   39.4721   58.7213   77.7746   71.6975   
41.9762   68.6804   95.2103   60.5392   41.0122   83.8153   63.1269   77.0779   55.5788   47.3814   79.404   24.2074   71.4493   77.5242   84.119   58.2495   0   66.6621   43.7676   81.7746   24.6056   48.4885   94.8622   84.1824   47.2029   67.3799   75.8271   57.0476   73.4976   110.517   58.2764   71.0426   101.437   41.0227   38.1108   57.7805   90.2469   37.0868   56   59.3363   
62.6259   99.8248   85.3756   39.2046   85.4283   89.2693   56.4358   62.3939   84.2912   69.2026   109.986   37.0135   57.1402   102.343   82.3893   88.459   48.6621   0   88.0286   81.8698   68.2709   76.2053   99.5906   105.112   89.71   38.2237   76.5981   84.7107   109.581   108.488   85.9932   94.1196   97.2046   63.3947   83.2722   43.6716   114.473   64.8035   100.409   107.998   
56.3028   72.0625   113.899   82.7345   35.6931   98.6154   82.9759   97.6166   62.5859   59.9416   82.0061   46.0652   92.2009   84.0119   101.213   63.7887   22.8035   70.0286   0   104.578   47.4091   60.3113   111.255   95.5939   30.5602   89.2377   97.6848   68.8015   67.1995   128.324   66.8015   89.3442   124.241   62.72   28.6569   80.584   97.5859   59.8903   27   35.6011   
30.8869   55.9017   29   29.6816   70.3847   24.3516   9.43398   19.105   44.0114   31.3209   62.2977   44.3847   17.4642   49.6588   18.4391   48.0104   66.5733   65.1153   84.8999   0   85.0955   60.6154   33.9249   48.0689   97.5347   61.0813   27.7047   57.4969   92.001   45.8058   57.9423   48.0238   34   68.7772   96.2465   64.2544   66.1699   61.6878   102.473   108.051   
44.5533   72.1249   96.5194   60.4649   44.5533   86.0233   64.2028   77.8332   58.8558   50.1597   82.8613   24.7588   72.1388   80.7527   85.8662   61.6117   3.60555   46.2709   24.1868   68.0955   0   51.8969   98.2705   87.4431   46.0832   67.9313   76.3785   60.1774   73.0803   113.901   61.6847   74.451   102.096   43.3238   41.7163   57.6757   93.6552   40.4951   48.1403   59.7878   
16.2788   40.7185   75.2861   54.037   27   58.3095   47.0106   62.2415   26.6833   19.6977   51.4782   25.2389   57.5847   48.5077   61.5549   29.7321   29.0689   62.2013   40.3113   46.6154   32.249   0   72.7512   56.7612   57.8904   63.98   67.1729   30.1529   47.8378   89.4564   28.1529   49.0644   80.6154   36.0041   50.8855   55.7037   61.6833   27.4018   57.3113   60.4382   
39.9625   49.8197   26.0768   49.1935   74.8131   4.47214   29.1548   32.6497   42.9418   36.8782   53.0094   61   34.0588   39.0512   10.0499   45.6946   80.7775   84.9294   96.2549   19.9249   82.8734   56.0357   0   44.8806   103.585   81.0062   47.6296   61.9674   87.9452   38.0251   64.6884   45   39.4663   78.4778   106.736   84.1793   59.9687   78.0675   111.549   114.897   
28.0179   29.1548   46.6905   56.6392   55.8659   20.5913   37.4433   47.4342   22.8035   22.3607   33.7343   54.7449   46.5188   20.6155   30.4138   25.0599   69.7209   85.8662   81.5414   29.0689   72.4431   41.7612   20.8806   0   86.5942   82.888   55.4187   45.7924   75.6972   54.1442   43.7924   39.8661   59.8302   66.5332   92.6468   86.4599   45.4391   66.1228   99.0725   94.404   
48.1041   58.4209   107.168   81.3204   21.2132   89.202   78.032   93.1504   50.3289   50.448   68.0661   45.5412   88.1192   71.0634   93.3381   50.9608   27.2029   75.71   14.5602   78.4092   30.0832   31.8904   87.3212   70.8308   0   85.1126   95.6637   60.8019   51.9848   120.207   58.8019   80.9549   112.407   63   37.1098   81.0088   85.3289   59.2922   24.9443   29.4018   
46.2277   83.7377   65.9242   20.2485   75.9276   69.1231   36.2215   43.1741   68.2495   52.4023   93.3809   26.1725   37.6563   84.5044   62.2013   72.6223   46.5725   20.2237   69.3758   44.911   45.5412   49.98   64.7611   66.888   71.1126   0   55.3766   74.2731   97.8178   88.2741   73.2831   66.4309   72.4358   54.5577   81.8911   40.8661   101.463   58.2938   93.6815   100.514   
31.257   62.6259   35.7771   18.4391   70.8308   36.0555   3.16228   17.4929   49.0306   34.0588   70.214   36.6197   12.6491   58.5235   29   53.3667   60.208   53.6004   80.2808   11.7047   61.2209   44.9444   31.6228   38.4187   75.6637   33.3766   0   59.3024   92.3712   55.2149   58.3124   48.0881   40.9422   59.2099   91.6525   54.0512   75.1714   65.9641   100.608   105.065   
11.0454   29.4109   67.7422   55.109   29.9666   47.634   43.4166   58.2495   14.3178   9.43398   39.9625   34.2053   54.4518   35.6931   52.8015   18.0278   42.0476   70.7107   52   40.4969   45.1774   13   45.9674   29.5466   41.6173   55.7584   42.107   0   59.0588   77.9365   25   36.4009   74.0008   49.0041   63.8188   68.7037   49.3178   40.4018   66.5616   70.2649   
43.0116   30.0167   97.3088   86.4696   12.083   73.2462   75.4255   90.0944   30.0167   40.6079   37.6431   58.6003   86.4696   44.6542   81.4371   27.8029   52.4976   95.0158   47.5395   71.8053   56.0803   33.8378   72.9452   52.6972   32.9848   83.8153   74.1687   32.0624   0   103.694   56.0588   68.0167   105.175   68.3796   60.9444   88.0792   61.0551   59.7772   57.9291   52.3813   
56.4004   65.146   15.8114   55.7315   91.8314   16.5529   38.0526   34.176   59.6825   53.7587   66.7533   74.9466   38.0789   52.7731   12.3693   62.1772   96.1509   94.1329   112.645   30.8058   97.9898   72.6223   17.0294   37.1214   104.139   74.027   41.1096   62.9365   89.6939   0   77.5224   58.8476   38.1246   94.1139   122.973   93.9062   68.6308   88.4302   127.987   131.525   
9.05539   30.6105   66.0379   53.1507   31.7805   46.4004   41.4367   56.2939   15.2643   7.81025   41.0488   33.0151   52.469   36.1386   51.225   19.2094   42   69.3109   52.8015   38.6264   45.0444   13.1529   44.5982   28.7924   42.8019   54.0833   40.1123   2   34.0588   61.5224   0   38.4009   72.377   43.6531   64.0385   62.7547   50.2643   40.5547   65.614   69.3259   
15.2315   35.7351   46.5296   44.1022   51.1077   27.2947   26.9258   40.0125   23   12.0416   43.4166   40.1995   37.4833   32.5576   31.4006   27.074   57.0088   71.1196   71.3442   21.0238   59.439   31.0644   25   14.8661   62.3699   52.4309   26.9258   21.4009   51.2445   41.7732   19.8494   0   55.0238   53.7468   81.95   73.5964   56.2062   53.3365   85.4634   87.1388   
50.774   71.0282   9.84886   37   89.8999   26.4008   22.8254   14.3178   61.3922   50.5668   75.4255   62.434   19   61.6604   13.4164   64.9384   85.6037   76.1052   104.652   20   86.8389   66.6108   23.0868   42.0119   98.4073   56.4358   25.9422   59.9333   90.4434   20.1246   58.1378   39.2173   0   82.935   113.006   79.0273   79.4268   78.3506   122.36   126.356   
24.5153   59.0762   73.2393   40.4969   44.643   63.561   41.1096   55.2268   43.909   31.0483   69.6419   5.38516   49.679   64.2573   62.6498   47.7074   22.0227   42.2019   42.72   44.7772   23.3238   20   60.1664   52.1536   41   31.4006   38.2099   29.6816   53.2259   74.8465   28.6531   38.0132   63.6003   0   60.1335   42.7231   78.909   29.6023   65.9443   70.4018   
50.774   68.0074   108.245   77.3886   32.8938   93.1504   77.3369   92.0054   57.8705   54.5619   78.1601   40.7185   86.6083   79.511   95.6033   59.3043   18.1108   66.2722   5.65685   79.2465   20.025   34.8855   90.7359   76.3217   12.8062   64.5368   74.6525   46.8188   44.9444   107.075   47.5395   65.8635   98.9949   37.2156   0   69.8197   92.8705   55.1976   32.6569   41.2579   
40.4969   77.3369   74.3303   31.8904   63.9062   72.0625   42.2019   52.7731   61.8466   47.1699   87.6185   14.4222   46.9574   80.6226   67.6018   65.9469   31.7805   22.6716   54.5711   49.2544   30.6757   39.6611   68.0074   65.4599   57.0088   14.8661   39.0512   48.1041   72.8972   79.9062   46.7547   50.5964   64.5136   19.7231   49.8197   0   95.7323   49.3254   78.816   86.4105   
36.2353   13.0384   64.1249   73.2393   48.7545   36.4966   55.0091   65.8027   18   29.5296   15.2971   63.9766   64.622   4.12311   48.0104   16.4924   73.437   98.4733   80.2309   47.1699   76.6551   44.4072   38.0526   18.4391   67.4463   80.8084   55.5698   31.5753   42.0119   52.6308   32.0156   29.2062   60.208   60.1664   75.6637   76.6616   0   71.809   92.3905   88.1899   
19.105   51.1077   73.6614   45.8912   36.6742   60.7454   42.8019   57.6888   36.2491   25.02   61.7738   13.8924   52.4786   57.28   61.5873   39.8246   23.0868   50.8035   40.3113   44.6878   25.4951   11.4018   57.7754   47.0956   35.8469   39.2938   40.2244   21.9317   44.7772   73.4302   21.1896   33.9559   64.3506   8.60233   34.6554   28.3019   53.1601   0   60.7912   65.2487   
56.5862   66.9104   115.434   87.6641   29.0172   98.0051   85.703   100.703   59.2368   59.203   76.3217   51.2445   95.5249   79.8123   101.863   59.7746   30   78.4092   10   86.5563   32.1403   40.3113   96.0469   79.7559   8.94427   75.9539   83.2166   50.4777   40.1995   112.805   51.614   71.0634   106.527   47.1699   12.1655   61.4003   76.243   43.0465   0   28.6023   
58.4123   63.6003   117.614   92.72   25.2982   98.4937   89.0674   104.235   57.8014   60.1082   72.3671   56.8859   99.2824   77.2528   103.392   57.6975   37.3363   85.9884   18.6011   89.0505   39.8121   42.4382   96.8969   79.404   11.4018   82.2982   86.7698   50.9313   35.1283   113.846   52.3259   72.1388   109.041   52.3927   20.2485   68.0294   73.9256   47.1699   8.60233   0   
