15
60
999999 14 10 10 14 7 12 12 9 16 9 16 9 14 5 12 12 12 17 15 7 11 11 6 15 6 13 12 16 6 9 10 14 11 17 14 11 14 8 9 10 15 7 8 10 15 6 9 14 11 10 11 5 15 17 17 9 10 11 14 
0 4 5 1 4 5 1 2 5 13 5 11 6 5 3 6 1 7 5 12 5 8 2 5 12 4 8 10 8 5 1 8 10 5 14 12 2 8 5 2 3 4 2 1 1 10 4 7 2 8 2 2 2 10 8 10 8 1 5 3 
20
0   0   0   0   0   0   0   0   0   0   0   0   0   0   0   0   0   0   0   0   
-9   9   1   6   -8   8   -4   14   -5   8   -8   6   -7   9   -10   4   -9   9   -9   2   
7   -3   3   -7   5   0   4   -1   6   -7   2   -1   7   -7   3   -6   -4   -7   2   -9   
0   -5   2   -4   6   -6   6   -6   3   -4   -2   -2   10   -6   0   0   5   -4   -4   -2   
-11   5   -5   12   -3   8   -1   11   -10   4   -7   3   -12   7   -14   9   -6   12   -9   7   
-2   -1   -2   1   -2   1   -3   -1   0   0   0   1   -1   0   -2   1   -1   1   -2   2   
0   8   -7   5   -8   9   -7   9   -6   3   -10   11   1   6   -4   6   -6   10   -7   2   
-12   11   -10   7   0   8   -9   7   -6   1   -4   10   -11   8   -11   3   -9   12   -9   10   
-1   1   -2   2   2   2   -1   2   0   -1   0   0   -3   -1   0   0   3   -3   1   0   
-12   3   -5   13   2   5   -11   14   -11   8   2   5   -11   6   -7   5   -12   0   -5   6   
7   -5   7   -6   6   -3   -3   -7   6   -7   6   -2   2   -6   2   -6   8   -2   9   -6   
8   6   2   4   0   0   2   1   8   5   -7   7   6   3   0   8   8   -2   2   -4   
-7   2   4   5   -6   2   -6   0   -7   1   -3   3   -5   -1   -4   3   -5   2   -3   2   
-7   10   -9   8   -4   9   -4   10   -9   6   -6   9   -9   8   -6   5   -3   7   -5   0   
0   0   0   0   1   0   0   1   0   0   0   0   1   0   0   2   -1   0   0   0   
7   -5   8   4   12   -8   6   -6   12   -11   9   -8   10   -9   7   -10   1   -10   6   -7   
2   1   -6   3   2   -9   -6   3   -1   0   -2   3   6   -7   2   3   -3   2   0   3   
-8   1   -6   1   -10   2   -1   8   -4   -3   2   3   -5   5   -1   6   -10   7   0   -1   
1   8   -8   -2   -2   6   -2   0   -5   0   0   4   0   5   4   2   4   12   4   6   
8   -5   8   -2   7   0   9   -2   0   -10   15   -1   4   -8   1   -8   10   -2   0   -7   
-2   5   -1   7   -6   6   -5   6   -7   4   -7   5   0   6   -4   4   -4   6   -3   4   
0   3   -7   2   0   3   0   0   -4   5   -4   -1   1   0   2   2   0   1   -4   -3   
-4   1   -1   -2   0   6   -6   8   -4   0   -5   8   -6   4   -5   5   -3   5   -4   6   
-1   0   0   5   0   0   -1   -2   0   3   -2   0   -1   1   2   1   0   1   1   1   
-5   -1   4   -12   -9   -2   4   -1   3   -5   3   -3   0   -1   0   3   -3   -6   2   -1   
0   -1   -1   -3   -1   -2   -1   0   2   -3   -1   2   0   0   0   -1   0   -1   -1   0   
-5   9   -6   10   -6   0   -8   7   -10   10   -9   6   0   7   -6   10   -13   7   -1   11   
-5   8   -3   8   -8   7   -7   3   -6   7   -1   4   -3   8   -6   11   -4   -1   0   11   
3   -3   1   -4   15   3   0   4   -9   10   4   4   -3   -2   15   4   9   -2   6   1   
1   2   -1   -1   0   0   -4   -4   -4   -2   0   2   0   0   1   -4   0   4   1   2   
0   0   1   1   2   3   -1   1   0   3   4   0   -1   4   1   5   1   0   -4   3   
1   -1   3   -3   0   0   6   0   -3   -5   0   0   3   -6   8   1   6   -4   -2   -8   
-10   6   -6   11   -11   14   -7   3   -1   8   -8   6   -14   13   -11   2   -11   11   -5   9   
0   6   -3   -1   -6   0   1   7   -3   3   -3   0   -5   0   0   6   -3   3   0   -1   
-5   3   -9   -5   -11   14   -5   8   -9   6   -5   4   -2   8   -10   1   2   -1   -5   1   
-6   3   -11   3   1   8   -5   13   -2   12   -5   6   -13   10   -14   13   -13   5   -9   1   
6   -7   0   -7   11   -9   8   -4   3   -7   4   -9   9   -4   2   -3   6   -6   6   -5   
-8   10   -6   7   -10   9   -6   9   -11   9   -9   3   -10   9   -10   9   -12   13   -11   11   
-1   4   -6   1   -6   2   -1   3   -1   2   -2   1   0   3   -2   2   0   3   -3   3   
-3   3   -4   5   -5   4   -3   7   -1   0   -2   3   -4   5   -1   0   -6   2   -6   4   
3   -2   6   -1   7   -6   1   -2   1   -1   4   -10   9   -10   3   -1   8   -4   10   0   
-9   11   -9   10   3   5   -9   0   -1   7   -3   9   4   9   -4   10   0   7   -5   5   
2   -4   2   -2   3   -7   0   -1   7   -3   0   0   0   -5   1   -4   2   -3   2   -2   
-4   6   -5   6   -2   7   -6   5   -6   6   -3   3   -4   4   -4   4   -8   7   -8   7   
5   -1   4   -5   4   -2   1   4   3   -1   -1   0   -1   -7   -4   4   -1   0   -5   -3   
0   3   0   7   0   11   -3   4   0   -4   5   -1   -5   -3   -1   3   2   -2   -5   -2   
-3   2   -4   2   -3   2   -6   2   -5   4   -4   1   -2   3   -2   3   -3   3   -4   0   
-1   3   4   0   6   -2   -1   1   0   1   -2   0   -5   1   -1   2   1   3   0   1   
0   -7   0   -2   0   -2   -2   3   0   0   0   -11   0   -5   0   -9   -2   -3   0   6   
8   -6   9   0   6   0   6   -3   6   -6   6   -9   5   -2   6   -8   6   -7   9   -3   
-8   3   -3   3   0   6   -10   3   -2   0   -6   4   -4   9   -5   2   -3   7   -5   3   
3   -2   5   -10   0   -7   0   0   0   0   3   -1   1   -2   -4   0   4   0   3   -7   
-3   1   0   1   0   1   -2   3   -2   2   -1   2   -1   3   -1   3   -1   3   -2   4   
-8   13   -7   12   -8   11   -10   6   -12   10   -5   4   0   9   -6   7   -9   7   -6   10   
6   -3   1   -2   9   2   -1   -3   11   -1   7   0   1   0   -4   -2   11   -4   -1   -1   
-7   5   -8   8   -11   11   -12   10   -8   4   -7   12   -12   12   -8   4   -1   13   0   10   
1   8   -3   9   -6   7   -4   0   -3   8   -8   8   -3   0   -2   3   -9   2   -2   2   
2   -3   5   -3   1   -5   3   0   10   -6   6   -6   4   -3   -2   -6   2   -3   2   -5   
-6   3   -9   8   -6   7   -9   9   -7   9   -9   8   -1   3   -7   6   -3   7   -4   8   
4   -3   0   -7   3   -2   8   -4   3   0   0   2   -1   1   4   1   -1   -5   5   0   
0   33.2047   76.3732   41.4642   47.707   52.6847   36.0849   60.6194   48.414   78.7892   81.3932   61.0524   74.6428   47.5532   43.6348   60.7678   33.4168   50.3528   44.2746   41.3178   56.1207   52.3595   56.8857   55.8534   73.5139   49.7771   59.2244   63.5479   44.4429   32.4642   57.5924   38.4164   64.3178   40.6015   38.3178   77.3979   62.1664   49.4492   66.4361   26.2361   79.8151   48.1661   48.1655   65.7194   28.3178   75.8584   73.2893   41.6015   56.3323   28.6015   54.0147   36   48.4831   41.2029   49.074   58.1741   58.6197   56.1321   75.163   62.9574   
17.2047   0   58.7867   22.7082   40.9549   50.1933   43.1277   64.6205   54.0526   61.5869   91.7347   66.9119   85.9817   62.0971   23.4031   72.0892   47.074   42.0227   41.5183   51.6364   70.6646   66.1334   53.6336   46.0179   71.4059   57.0624   74.6189   49.4605   33.8661   34.2195   72.1363   46.8803   78.8617   38.0278   52.8617   94.6026   79.371   55.3087   80.98   33.2788   97.0198   39.5407   56.5793   49   42.8617   78.1691   61.5933   43.4403   58.1712   30.4403   38.4642   44.4138   52.3209   47.0624   57.3113   71   46.1896   51.7648   67.2616   80.1621   
58.8982   41.7732   0   63.0454   72.472   63.5225   80.8466   88.5379   91.6433   21.1623   110.084   92.2409   113.509   102.836   55.3836   102.997   80.2993   49.5941   62.3587   93.4096   111.403   93.2306   60.1214   56   89.6518   92.3459   115.02   36.4165   57.2717   62.909   111.923   88.6535   116.414   58.72   93.6003   135.165   121.065   92.4503   119.461   75.052   138.713   71.2259   98.3525   46.1603   83.6003   103.704   37   57.72   75   66.0208   47.7849   86.187   79.5654   86.8423   99.0845   112.773   49.2982   73.2409   68.45   117.711   
17.4642   6.7082   44.0454   0   29.5242   53.8946   31.8045   53.9249   52.3883   63.0915   91.1058   61.7664   88   64.188   30.1113   75.517   47.5314   43.0713   34.1007   49.1689   70.9732   65.5045   54.0789   52.3059   61.8017   52.9605   72.1514   42.3019   25.0454   32.6205   75.0566   44.4129   81.0075   41.8114   53.1721   93.9382   79.6069   50.1321   83.1158   30.8114   95.9938   38.8661   54.3593   41.7099   45.7821   75.3614   62.8803   42.8114   57.5422   29.8114   32.2047   51.122   43.7386   46.0192   52.3593   75.6383   42.3059   46.0599   70.8402   80.4217   
23.7065   22.1359   54.5619   15.5242   0   67.4941   33.0333   42.9272   39.0769   75.7242   103.198   45.2029   97.67   68.2398   43.601   83.8194   52.9487   58.5955   28.6338   54.8285   74.0789   75.5861   69.603   66   50.9754   39.0769   75.3813   54.0841   35.5697   46.4138   81.2989   47.4856   88.0244   55.4109   58.8316   90.8319   75.6003   36.2485   90.1426   36.4709   97.7867   19.4142   50.0179   49.6985   52.0244   58.0932   73.2284   56.4109   71.1417   43.4109   47.7288   41.8403   27.2195   39.083   48.0179   81.8806   56   27.6301   84.3618   79.2015   
37.054   29.5466   43.0116   36.2491   51.6236   0   62.1699   90.1741   82.8494   62.5615   66.2399   93.7718   70.1476   70.2033   42.6007   61.1713   53.9392   36.6129   68.2316   69.4296   77.6003   53.256   25.2111   34.0384   98.0508   85.6383   85.6167   58.0739   61.0708   39.6206   76.4522   68.4741   78.7216   30.1803   63.4131   111.439   99.2204   83.8845   82.1876   56.2543   113.117   69.0784   84.5066   64.2485   58.3865   105.706   56.0571   29.1803   24.0499   45.0832   54.1164   73.054   78.8432   75.6383   86.128   78.6236   35.2485   76.2699   39.1655   100.011   
11.6619   21.5407   61.8466   17.8045   15.0333   47.1699   0   51.7131   40.3691   80.896   92.4199   54.0936   84.1783   57.2156   44.9438   72.4297   45.0787   60.8758   37.7697   45.872   64.19   64.0214   67.3711   66.3998   64.6489   40.3691   62.1096   60.1064   42.8499   43.3294   69.2543   38.0298   75.9797   51.0868   46.4764   76.0574   64.0435   37.5407   73.8558   35.8489   79.4127   32   40.7883   59.5144   39.9797   65.2096   80.6848   52.0868   66.8176   39.0868   50.0091   30.2195   37.7231   39.6205   38.7883   69.836   60.1104   42.6634   84.0339   57.8688   
45.9674   46.6154   72.1803   39.9249   24.5967   76.1577   34.7131   0   38.6881   91.2588   126.126   26   118.891   84.6709   62.7647   106.735   75.8769   81.7812   43.1548   67.4296   87.9019   98.0126   93.6286   89.0205   29.0357   33.0312   83.7824   70.1944   54.3188   70.2068   97.6574   59.4166   105.629   79.6581   75.1009   99.0119   83.8463   43.2483   106.25   59.131   103.221   40.8613   54.2345   62.1678   74.2852   30.8114   96.42   79.307   95.7385   68.0076   63.3595   51.7771   30.8114   39.4165   52.5254   102.586   79.9592   31.2971   105.649   78.7587   
30.4631   38.0526   73.7902   32.3883   19.2354   65.7647   18.9737   20.6155   0   90.9893   110.167   38.5852   101.077   64.3011   57.3359   87.8297   62.2728   75.2204   43.4147   49.3294   71.1498   81.6911   84.0928   81.2194   49.5254   24.6569   66.2769   69.2319   50.7577   60.2624   77.7534   41.0832   85.4565   67.6004   54.4081   73.6657   61.7214   27.8284   92.6814   46.45   82.1327   34.6275   38.0357   62.4422   58.4599   48.1321   92.2745   69.5894   85.7913   58.0605   60.2111   37.9742   28.4912   21.2111   36.0357   83.0303   74.6941   45.7231   101.414   52.8469   
61.6198   44.5533   3.16228   47.0106   57.6975   44.1814   64.8151   75.3127   76.922   0   110.421   95.4032   114.329   104.302   57.1838   103.269   82.1978   46.28   63.3046   93.6839   112.737   95.2997   56.7606   49.1448   89   93.1465   116.101   39.5788   54.2492   64.3249   113.412   90.2496   118.254   59.9444   94.4777   138.327   123.786   92.8781   121.967   77.822   140.858   71.3649   99.2346   49.3225   85.069   106.124   34.3178   60.8823   68.2313   64.4777   50.9472   88.9672   80.192   86.7782   97.2346   110.301   52.313   76.4032   69.7551   120.873   
65.2993   71.5542   95.0842   77.026   88.6002   52.2398   76.4199   111.126   93.5094   96.0052   0   125.804   33.3178   67.6397   90.2138   38.8473   64.2494   80.9598   108.417   83.2456   76.7235   52.0689   73.4689   80.19   136.476   113.388   83.1863   109.096   102.071   81.0996   66.0302   83.6563   61   71.6127   81.6119   105.474   102.059   112.861   63.0476   81.4759   101.006   108.014   101.054   114.496   79.0754   141.158   99.1662   74.1606   57.19   83.2944   106.356   101.299   113.782   106.502   99.0536   54.9848   87.4883   116.23   70.4518   106.865   
47.0106   49.3356   76.6877   42.72   27.2029   78.7718   35.4683   5   19.2354   79.8311   111.723   0   119.647   83.5365   67.7647   107.065   76.5549   85.7914   48.1548   68.5648   86.9735   99.3701   95.7775   92.4004   34.0357   38.0312   80.561   75.1944   59.0119   73.6168   96.9887   60.3186   102.549   82.6138   73.6435   92.9011   80.9567   40.5529   103.051   61   100.316   43.8927   52.573   67.1678   75.3285   32   99.0998   83.6138   98.3447   70.6138   66.0392   56.2278   35.8114   40.4465   50.573   100.147   83.2029   36.2971   109.56   70.2494   
59.9416   69.3758   98.5089   74   83.6481   55.7315   70.1783   104.623   85.7963   99.8499   14.3178   104.637   0   56.4969   88.3538   30.8924   67.0427   82.1175   104.216   69.4793   62.4405   45.4094   79.3699   84.7314   132.367   105.459   71.8418   108.691   98.2021   76.1882   47.6757   77.3215   43.1794   72.0351   61.669   86.4443   81.3573   102.632   44.0179   78.1772   86.0294   101.6   94.4853   112.266   63.3249   133.746   106.84   71.0351   71.5079   81.9406   105.159   83.527   107.901   101.145   93.5836   39.095   90.98   109.021   80.7454   95.9675   
31.5753   47.7598   87.818   49.0306   52.2398   54.2033   37.2156   68.542   48.3011   90.2109   51.6236   67.5352   40.4969   0   70.8516   50.0499   38.8035   80.7791   74.9853   34.4642   23.434   40   79.4144   81.6553   96.9346   69.8255   43.1172   91.3325   74.076   63.0673   30   49.6978   40.4459   70.8246   34.0454   62   49.0167   66.9987   36.8403   52.3766   58.4462   69.2156   55.0135   90.7329   44.2354   96.4332   103.054   71.8246   71.6488   58.8246   81.2353   47.8938   74.9387   69.5122   59.805   43.4165   82.2456   75.1882   92.192   60.3631   
23.6008   6.40312   35.3836   10.198   25.0799   28.6007   27.2947   48.7647   42.5793   38.1838   74.4648   51.9711   73.3485   53.8516   0   77.4086   46.5576   34.4391   40.5913   58.0395   77.0677   67.3587   52.1548   47.3311   71.8713   61.9903   79.8201   38.561   35.2434   31.1655   78.5394   53.2834   85.2649   36.6011   59.2649   100.999   85.7672   60.3301   87.3831   39.6819   103.416   39.1868   62.0652   39.3452   49.2649   78.9892   59.8469   45.2094   52.6506   36.8434   36   50.8169   52.2994   53.4656   60.0652   77.4031   42.1245   48.5261   58.0789   85.1635   
46.0652   56.0892   87.6641   60.4401   69.7711   45.8803   56.3028   90.802   72.1803   89.2693   22.8473   90.9065   13.8924   28.7924   60.407   0   45.6832   71.5893   88.6719   57.2318   50.8555   24.0499   68.9245   77.5235   117.711   91.8351   60.2568   98.1889   85.4854   64.9482   36.0907   65.074   41.3121   64.1774   49.4215   80.1329   77.809   89.0067   37.7065   63.3011   83.8489   85.214   81.4114   98.8238   52.45   120.056   99.4347   72.2769   60.1214   60.7056   91.3395   75.9017   92.6804   85.4003   82.8466   33.0454   81.1287   97.4012   76   83.0984   
15.2643   27.074   65.2993   30.2655   38.9487   32.6497   26.1725   60.8769   43.8292   67.6018   50.2494   61.5549   44.7214   22.8035   32.5576   30.8707   0   51.2888   59.5389   37.0278   46.2375   43.6333   54.283   55.0377   86.4224   65.0414   51.8917   70.6728   55.3109   36.5407   48.3209   40.1896   57.3363   39.7588   35.099   73.9083   66.927   63.7132   59.6438   39.4929   81.2497   58.1725   58.3435   71.9029   25.099   91.1227   74.5639   38.7588   55.4138   36.72   60.4072   46.178   59.607   56.4673   59.6879   53.0689   67.4969   66.5788   59.3847   65.636   
35.3412   22.0227   30.5941   28.0713   43.4166   13.9284   42.9535   67.1863   60.075   32.28   65.7647   70.406   68.1175   59.6657   18.4391   57.0701   36.8782   0   53.022   67.3101   83.0997   64.3937   33.4018   26   86.9201   79.0852   88.7699   46.15   43.9666   33.8885   82.7506   63.7545   87.3479   29.0384   71.9545   110.786   97.5076   77.3314   92.2496   55.3015   115.156   57.6259   78.6021   51.8281   61.9772   97.4283   39.4307   34.53   37.9783   41.9545   42.1925   66.4365   70.6361   69.0852   78.5043   83.0983   23.3246   66.9652   46.2485   97.2922   
29.2746   20.5183   44.9444   14.4222   10.6301   49.0918   23.7697   29.1548   29.4109   48.1041   91.4166   33   88.0227   60.0333   20.5913   74.3303   43.6807   38.6264   0   60.4166   79.7647   79.9267   67.5791   60.9552   54.4819   48.8707   84.735   41.9422   34.0554   47.0427   86.3554   56.2909   93.5924   53.2884   63.0102   99.8271   86.2305   46.8786   95.7106   45.2336   103.182   28.2195   55.8246   39.105   57.5924   59.9661   65.1713   56.0512   71.9644   44.2336   32.1108   51.7805   37.8497   48.2036   58.648   87.4486   51.9285   38.2603   77.6003   81.6386   
17.2047   34.4093   76.0592   34.0147   35.0143   49.6488   20   51.4296   31.6228   78.7464   63.2456   50.774   54.4518   17.4642   40.8044   41.1096   18.0278   51.0392   43.4166   0   40.1678   49.1233   69.7734   70.528   80.4652   53.4902   44.0139   76.3166   59.0601   49.6689   45.1555   27.2462   52.8586   55.2492   21.8102   63.2548   58.6228   50.7574   54.3046   43.3576   66.634   52   36.8087   75.7246   35   79.7549   90.0543   54.2492   67.3735   45.8061   66.2194   31.6525   57.7231   52.8339   34.8087   48.4093   74.3638   62.6444   77.4124   48.7567   
38.6264   55.4617   96.2549   55.9732   57.0789   63.6003   42.19   70.6045   50   98.737   57.7235   68.9493   45.31   9.43398   61.7171   35.3553   31.8277   68.6804   65.7647   22.3607   0   49.434   85.4344   86.8653   99.5254   71.0273   30.4868   98.2752   81.0186   68.3683   33.7648   49.6069   36.0227   71.5865   41.3576   53.4018   40.3607   72.2298   45.2603   61.8106   48.0167   74.19   59.1693   97.6831   46.8029   98.1321   106.392   70.5865   81.0593   66.2597   88.1779   53.1248   73.3043   71.2111   57.1693   47.7386   90.0069   84.123   91.2123   58.7648   
36.8917   46.0977   78.1025   50.5964   60.5392   37.1214   47.634   82.3286   64.4438   79.8123   29.0689   82.7587   23.4094   26   50.3587   10.0499   21.6333   47.5395   64.622   34.4819   34.3657   0   62.3325   69.3847   108.056   86.6688   59.0465   87.1765   74.9914   53.9358   44.1868   57.6079   44.4962   52.3553   45.313   82.7887   71.0089   84.4999   47.7564   53.1152   82.3823   78.8993   71.2905   87.8114   42.0416   112.576   86.9702   58.5106   48.2062   49.6931   79.2896   66.1344   81.2403   78.0947   69.2905   33.8661   69.9528   88.1694   59.4533   83.2386   
41.7732   31.5753   37.1214   38.0789   53.6004   7.2111   51.0392   77.7946   69.1158   38   58.0086   80.7775   62.3699   61.0737   29.1548   52.9245   39.1152   11.4018   49.6588   55.5428   70.4344   44.2945   0   25.6158   98.3219   88.6377   91.0066   53.6611   55.3684   40.9645   81.0681   69.8179   85.4604   31.5242   69.7288   113.023   102.218   86.884   88.9724   57.5981   115.21   68.3415   85.7314   63.2299   59.7303   108.144   39.7099   30.5242   31.261   52.2943   53.5943   75.9891   80.8199   78.6377   83.7314   74.8303   34.7263   77.6809   28.9443   104.299   
40.8534   28.0179   30   34.0588   49.366   13.0384   48.8365   73.0068   66.0681   31.1448   65.123   76.2955   68.7314   63.6553   24.3311   58.5235   41.0366   6   44.2719   56.0803   72.8354   49.3964   7.61577   0   92.9201   84.8358   92.9283   52.15   49.9666   39.8885   88.6839   68.7111   87.8241   35.0384   72.4437   114.945   103.02   82.0074   94.648   55.1096   120.669   63.5178   84.5972   56.8973   66.1356   103.32   45.1246   38.1399   37.0883   47.9545   46.8444   72.4317   76.5855   75.0803   84.3962   80.5059   29.3246   72.8572   36.56   102.727   
57.2014   54.4059   72.0069   47.8017   33.9706   83.5284   46.6476   14.0357   34.5254   75   122.442   17.2627   116.812   81.9329   55.0727   102.927   72.4224   72.9178   34.4819   64.622   84.4038   94.0479   84.0773   78.3901   0   47.0669   93.7647   73.2368   66.9535   80.3844   109.777   73.4523   117.481   87.4224   86.4322   108.14   93.0656   57.284   118.773   70.4415   112.479   53.3848   62.2597   64.1814   85.5192   32   99.6532   90.3815   105.112   77.3815   66.5926   65.8128   44.8471   53.311   62.5077   113.031   86.4104   45.3327   109.022   83.4759   
35.7771   42.0476   75.7694   36.0139   21.587   70.406   24.1661   16.0312   5.65685   78.924   99.1564   13.9284   91.4385   53.7122   46.0977   77.8332   49.4065   64.0078   30.8707   37.2022   55.0273   70.0928   73.437   70.0071   30.0666   0   66.9385   72.8129   54.5466   62.8365   82.3576   46.7321   90.0607   73.2572   59.0124   79.3226   66.1664   19.8284   90.5525   49.0147   86.3767   38.4164   37.6815   64.3964   64.0512   45.9284   94.8154   74.4773   89.622   62   62.9815   41.7631   30.8924   25   35.6815   85.6115   77.587   46.105   100.884   57.3275   
40.2244   57.4282   99.0202   56.8243   55.3173   69.4622   41.1096   65.7647   45.2769   101.671   67.1863   63.561   54.7814   17.1172   63.8201   44.7214   36.8917   73   64.846   23.0217   9.48683   43.0465   76.0066   77.6209   79.7621   49.8197   0   99.1262   81.8697   70.8659   43.2517   48.1548   45.5095   74.6053   43.2036   45.0217   35.0384   62.5358   53.8329   64.6949   48.7588   71.5155   48.257   98.5342   48.2025   93.2676   111.456   75.6506   83.9242   68.8258   89.0289   52.541   72.2185   64.9385   46.257   49.2053   96.3246   82.9474   96.2764   37.4722   
45.1885   28.4605   19.4165   28.3019   36.0555   42.9535   45.4533   52.7731   55.2268   22.561   93.8616   57.2713   94.4299   76.2168   22.561   82.0244   55.109   29.0689   25.9422   62.1772   83.7735   72.0069   39.6611   32.2025   53.2353   56.7979   85.0882   0   38.105   50.1321   100.597   72.7148   107.322   54.6563   81.3222   121.511   107.355   72.1067   109.44   59.1133   124.296   54.1618   81.7669   27.0554   71.3222   83.3604   51.1204   53.6563   67.0033   52.4833   33.1803   72.8743   59.2219   66.4988   80.6613   99.4605   39.8254   52.8973   65.634   103.322   
28.4429   14.8661   37.1214   11.0454   17.4642   41.2311   26.6271   38.2099   36.6742   40.2492   86.3308   42.0119   84.2021   60.0167   12.7279   70.8308   41.1096   29.9666   9.05539   44.5982   66.7608   60.8769   41.1825   35.4683   42.9535   38.8973   67.1193   19.105   0   43.6659   86.0353   55.4582   92.0528   49.329   64.2174   102.684   90.1843   52.6962   94.1612   41.8567   106.04   31.1555   60.8634   29.8661   56.7607   69.0213   60.7702   51.8904   65.2809   40.8567   29.4868   56.8466   40.4951   49.5466   58.8634   85.1783   39.9615   40.0217   70.1199   84.4959   
17.4642   9.21954   43.909   15.6205   30.4138   21.587   26.0192   55.0091   44.2832   46.3249   62.6498   57.3847   61.1882   43.909   12.1655   48.2597   21.5407   17.8885   29.7321   33.4215   52.4309   38.2099   25.02   23.4094   63.4114   48.8365   55.8659   34.1321   23.7065   0   66.811   54.8707   78.877   31.4868   50.2053   94.8622   79.6306   61.2975   80.7493   42.4984   97.2794   48.7602   62.8912   51.5108   45.7821   85.8205   57.3193   32.4403   45.6369   30.2426   44.0832   53.4642   57.6334   53.0512   64.8075   72.076   36.799   58.044   53.9643   80.4217   
43.0116   58.0517   96.2549   60.208   64.7765   58.8982   49.8197   81.5414   61.2699   98.4124   43.566   80.4984   30.6757   13   63.7887   22.0907   31.3209   66.7308   72.0625   30.3645   14.7648   24.1868   66.0681   69.8928   94.921   66.6483   24.1661   86.3481   71.2531   52.811   0   57.6107   31.6609   69.2033   43.3452   59.1096   52.6879   79.9987   28.0554   60.767   55.8121   81.8197   67.1731   100.709   44.2746   109.402   104.008   68.2033   68.4023   68.041   90.505   60.8938   83.906   76.6259   65.1731   29.0454   85.1126   88.1882   83.64   61.6383   
13.4164   29.7321   71.4213   28.0179   27.0185   49.6488   12.1655   43.4166   24.0832   74.2496   69.6563   43.0116   61.7171   25.7099   36.0694   48.1041   21.1896   48.7545   35.9026   8.24621   30.0666   40.6079   54.8179   54.231   56.4624   29.7321   29.1548   56.3028   38.0132   30.8707   38.6005   0   61.1048   52.3275   30.0565   67   52.3836   43.9072   62.5502   27.6015   68   43.0713   42.4642   67.8792   40   72.2153   86.7057   55.0179   67.04   42.0179   60.2225   33.8102   44.0832   41.1661   41.5242   56.6555   67.6697   54.6487   80.5743   57.0029   
50.0899   64.3817   101.242   67.0075   72.3671   62.1289   57.4891   89.5545   69.3181   103.247   39   88.5494   25.1794   21.0238   69.8713   20.1246   37.3363   71.1758   79.3095   38.2753   22.0227   25.4951   69.3397   73.8241   102.883   74.7061   31.0644   92.3959   78.0256   58.4637   8.06226   46.4866   0   72.3095   47.0483   65.1774   58.9535   88.0225   29.6056   68.8292   63.8743   89.4891   75.084   106.266   52.3368   117.45   109.05   76.0951   73.6717   73.9181   97.7435   68.9176   90.5698   84.6881   73.084   29.6301   89.9605   96.212   84.9366   68.5367   
25.318   18.0278   43.0116   24.6982   39.8121   12.1655   35.0571   64.405   53.6004   44.9444   56.6127   66.8506   57.0789   46.7547   18.6011   45.1774   24.0416   13.0384   38.2884   39.3573   55.8659   35.3553   16.4924   17.0294   72.4224   58.2495   60.6053   37.4833   31.241   9.48683   53.7122   38.3275   58.3095   0   52.4253   97.6431   85.3788   70.1475   76.327   40.1421   99.1528   55.2062   68.4264   57.9463   42.4253   95.2164   52.4692   19   36.2154   26   53.1548   61.318   67.0316   62.5381   69.345   69.2214   36.363   67.1272   45.4367   88.114   
20.6155   37.1618   77.9359   38.0789   41.4367   47.4131   26.4764   59.0593   39.4081   80.4487   55.7584   58.5235   46.669   11.0454   43.382   33.4215   14.7648   50.9313   49.0102   7.81025   18.3576   27.313   53.8516   55.4437   72.0902   45   22.2036   65.5515   49.0306   34.2053   23.3452   15.6525   31.0483   38.4187   0   66.4731   51.2415   58.5677   46.3883   40.3607   66.3742   58.4764   44.6189   78.8967   31   87.5402   89.3287   53.5237   66.643   47   70.2835   39.4627   59.7357   56.8186   42.6189   43.6271   71.0043   68.6952   74.1495   56.5669   
62.2896   79.3977   121.165   78.0064   73.8241   92.4392   61.0574   78.5175   59.6657   123.907   84.0952   75.1665   70.3491   39   85.7963   63.1981   59.9083   95.901   84.0773   45.2548   29.7321   63.7887   99.0202   100.603   92.3472   62.8013   23.0217   106.254   87.6641   78.5684   41.1096   50   45.1774   83.6002   45.2217   0   42.2315   75.9115   63.4264   77.6015   28.3852   90.4907   59.8803   117.215   70.2178   102.129   134.004   98.4038   106.946   90.8911   110.211   72.6497   88.1569   80.8768   64.2074   70.155   115.367   92.7464   119.293   40   
48.1664   65.0538   106.794   63.2535   58.6003   80.5295   46.0435   64.0703   44.7214   109.604   80.05   61.0082   67.3573   30.0167   71.4213   57.7062   47.927   82.662   68.884   31.6228   22.3607   56.0089   86.7698   87.6641   78.0256   48.1664   13.0384   91.4002   72.6705   65   36.6879   35.3836   42.9535   70.8308   33.2415   15.2315   0   66.3897   58.1825   62.9851   34.4165   78.0146   54.3209   102.537   56.9535   92.8535   121.456   85.872   96.9626   76.7678   94.4301   62.2156   72.2801   65   52.3209   62.2437   101.799   86.2305   107.312   38.53   
33.1059   40   74.7329   34.1321   20.2485   68.0661   21.5407   18.2483   2.82843   77.8781   96.3328   16.5529   88.6172   51   44.2832   75.0067   46.6154   62.0081   30.0167   34.4093   52.4976   67.2681   71.2531   68.0074   32.249   2.82843   47.5184   55.9464   37.6962   46.5296   63.9531   26.9072   72.0069   55.9017   42.2019   61.1882   46.3897   0   87.8326   47.3847   80.2507   37.4559   30.0312   65.2706   61.2883   48.5529   93.4768   72.4178   88.3583   60.6275   62.1274   40.8026   31.3196   24.0395   38.51   82.8186   76.2485   37.2094   95.6304   55.6753   
52   66.7533   104.178   69.1158   73.8241   65.4599   58.8558   90.2497   69.857   106.231   42.0476   89.0505   28.0179   21.8403   72.3671   23.7065   39.8121   74.2496   81.0987   39.2938   21.2603   29   72.6705   77.026   103.73   75.1532   29.8329   94.921   80.1561   61.131   9.05539   47.5395   3.60555   61.327   32.3883   42.4264   41.1825   72.4983   0   69.8224   58.0125   90.6108   75.8014   109.764   53.3299   117.989   112.38   77.2587   74.1378   76.2399   99.5604   69.7341   91.6209   85.6813   74.1024   30.1421   93.5661   97.0286   88.4533   67.3051   
2.23607   16.2788   58.0517   15.8114   21.4709   38   9.84886   43.8634   28.7924   60.8276   67.4759   45   62.1772   33.3766   22.6716   48.3011   17.4929   35.4683   27.1662   18.3576   40.1622   39.1152   42.4264   41.1096   55   34.0147   41.3401   43.8292   26.6833   17.72   45   13.6015   52.1536   26.0768   22.3607   63.1269   48.7955   31.3847   54.0093   0   81.6015   40.8851   44.3059   56.5494   30.5539   74.6748   74.168   43.8375   56.2616   30.8375   48.016   38.2361   47.5719   43.439   42.3059   60.4101   53.3593   49.1011   64.04   65.1935   
64.8151   82.0061   123.693   80.9938   77.6209   93.4773   64.4127   83.2947   64.1327   126.372   82.0061   80.0562   68.0294   39.4462   88.4081   61.8142   61.2209   97.6729   87.7268   47.634   30.0167   63.2456   100.21   102.176   97.1854   67.4759   24.7588   109.293   90.9175   80.6226   39.8121   53   43.0116   85.1469   46.7547   5.38516   19.4165   65.7647   40.0125   65.8027   0   95.8759   65.2654   120.784   72.9613   107.514   135.785   99.9797   107.067   91.3806   113.198   77.2999   91.6966   84.4165   69.5926   68.8574   117.422   98.1316   120.606   45.3852   
24.1661   21.5407   53.2259   14.8661   1.41421   51.0784   16   25.0799   20.5913   56.3649   88.8144   27.8927   84.0773   53.1507   24.1868   70.214   39.3573   42.5793   9.21954   36   58.1378   60.9016   52.8867   48.5077   33.9411   22.8035   56.5155   34.6699   16.1555   30.0167   65.6201   28.0713   73.1642   39.3573   42.2966   75.1532   59.9333   21.5407   74.6726   21.9317   78.924   0   45.6105   46.0216   52.4839   55.8913   74.0517   55.2492   72.4083   44.6775   41.3303   43.2545   28.6338   39.4164   45.4109   82.3402   56.117   27.6301   81.8309   73.4382   
29.0689   42.1545   81.8413   38.0789   29.2062   66.1211   20.6155   34.2345   14.0357   84.8764   85.703   32.0156   76.4853   37.0135   47.8539   63.4114   38.6005   63.3246   39.8246   22.4722   37.1618   56.9386   70.7107   69.1231   48.2597   18.2483   31.5753   64.4438   45.3431   45.8912   49.6488   17.4642   57.6888   54.3323   30   45.8803   30.8058   16.0312   57.8014   28.2843   50.2195   30.6105   0   74.4891   49.311   61.2385   98.8596   70.3385   82.2763   57.4475   69.6308   27.198   40.5707   35.2468   17   70.8815   80.3848   53.2406   92.3243   43.0217   
43.1741   28   28.1603   25.7099   29.6985   48.2597   41.1825   44.1475   48.4149   31.257   97.4064   48.7647   96.6902   74.7329   23.3452   83.7257   55.0364   34.8281   19.105   59.4643   81.6088   73.6817   46.0109   38.8973   44.1814   49.3964   81.939   9.05539   14.8661   35.5106   85.7088   52.8015   92.2659   40.8534   63.7887   102.215   87.1321   48.8262   94.5304   41.4849   105.589   28.2843   58.7963   0   70.8617   72.0089   54.0789   55.2513   71.4977   52.7232   25.7047   69.93   55.3612   64.4126   73.6952   99   48.8808   54.8878   74.6894   99.0514   
14.3178   28.8617   68.6003   31.0161   37.6962   37.5766   23.8537   58.4123   40.4599   71.0211   53.0754   58.7282   46.3249   19.2354   34.7851   32.45   5.09902   41.0122   43.566   13   27.8029   24.0416   43.909   45.4533   70.4911   46.0977   32.2025   57.28   42.0476   24.6982   29.2746   17   36   28.4253   10   55.2178   42.9535   43.2782   38.1182   16.4924   56.7274   38.2753   34.176   56.4358   0   88.592   79.2791   43.8579   54.5106   34.5913   63.2208   40.4131   61.0832   55.5208   47.8087   44.8617   61.4972   65.3263   64.4837   61.5412   
61.6198   62.1691   84.0952   55.4617   40.3113   91.7061   50.2096   15.8114   34.1321   87.1436   126.59   15   119.633   82.365   63.9062   105.891   76.3675   82.2192   43.6807   65.7343   83.3847   97.6729   93.0484   87.9318   13   28.6531   77.4919   65   52.6308   70.7107   95.2943   58.0086   103.354   80.0625   73.4983   87.0919   73.6817   31.3847   103.755   59.5483   92.1954   40.7063   46.2385   56.0089   73.6614   0   108.852   95.1184   111.453   83.7222   75.7914   65.2195   46.6228   53.6531   61.0106   114.144   92.5923   47.1084   117.951   84.1289   
57.4282   41.5933   15   45.8803   59.2284   32.573   63.0714   80.0062   77.8845   14.3178   83.1505   84.0952   88.0738   83.0963   35.8469   78.4347   60.3075   23.4307   51.1566   73.8783   92.0978   69.4622   25.7099   20.1246   82.0366   80.8084   96.2081   29.1204   42.2966   40.4599   89.8888   70.7248   93.9415   36.4005   74.2496   119.004   105.423   79.3095   97.1288   57.1402   120.934   58.0517   83.672   38.0789   64.3817   93.3435   0   55.4005   56.6229   62.4005   57.6766   86.0071   82.7917   88.0634   95.9121   100.54   38.8087   82.0177   51.0689   120.386   
26.3059   18.868   42.72   25.5539   40.7185   11.1803   36.0555   65.307   54.5894   44.5982   56.3205   67.7791   57.0351   47.4236   19.2094   45.2769   24.7588   12.53   39.0512   40.2492   56.5685   35.5106   15.5242   16.2788   73.2393   59.2284   61.4003   37.6563   31.8904   10.4403   54.2033   39.2938   58.6941   1   39.2046   84.4038   71.6938   56.8859   61.7414   27.074   85.9127   40.2492   55.3263   41.2311   29.2062   80.9506   35.805   0   35.2302   27   48.5466   62.3059   66.7695   63.4916   69.3799   69.3766   32.4642   67.7355   44.4684   89.0059   
38.833   35.609   53   42.2019   56.9386   10.0499   50   81.4923   68.9638   54.0833   42.19   83.6301   46.0977   49.6488   36.1248   37.1214   30.4138   23.7697   55.9732   48.3735   59.0593   29.2062   16.2788   23   90   74   65.9242   52.5547   48.8365   26.6271   52.4023   50.04   54.6717   17.6918   44.643   88.5664   77.7946   71.4703   58.1378   40.2616   89.0674   56.6039   67.2681   57.3062   35.5106   97.2471   41.9762   16.9706   0   43.6918   62.793   74.833   83.74   78.622   82.5675   58.0454   45.2983   84.234   39.2788   96.0498   
13.6015   10.4403   48.0208   15.8114   29.4109   24.0832   23.0868   53.8516   41.7732   50.4777   61.2944   55.9017   58.9406   39.8246   15.0333   45.7056   17.72   21.9545   30.2324   29.2062   48.2597   35.6931   28.2843   27.313   63.0317   46.5725   51.6236   37.4833   25.2982   4.24264   49.0408   26.9258   54.9181   12   30   74.3303   60.803   44.1475   57.4891   14.1421   76.3806   29.2062   42.4264   38.1182   20.5913   69.6419   44.6878   13   27.7308   0   48.016   49.6015   53.0789   54.8044   56.448   64.0977   41.0416   56.8363   57.2285   76.5589   
34.0147   17.4642   27.7849   17.2047   26.9258   37.0135   34.6554   47.0106   46.0977   30.8869   85.703   51.0392   85.1587   65.146   12   72.3395   44.4072   24.0832   18.1108   51   72.6154   62.2896   35.4683   28.8444   50.2892   48.3839   73.9256   11.1803   9.48683   24.0832   75.505   45.2217   81.7435   29.1548   54.4243   95.2103   80.4301   47.1699   84.1724   32.6497   98.1835   25.632   54.2033   11.7047   46.3249   60.8276   33.0606   29.5466   45.793   27.0185   0   61.8781   49.9819   54   68.3503   88.4642   37.868   47.0624   64.4126   92.5243   
17   30.4138   71.0634   27.0185   21.8403   54.037   9.21954   35.7771   16.2788   74.027   77.3369   35.2278   69.527   32.8938   36.3593   55.9017   28.178   51.2445   31.7805   15.6525   36.1248   48.2701   58.5491   57.0088   49.0408   21.9317   33.541   54.5619   35.609   33.7343   45.8803   7.81025   53.8516   42.19   23.3238   52.3546   37.2156   19.105   54.7083   16.1245   55.9464   23.0868   12.1655   49.93   24.4131   50.2195   72.0069   43.1856   55.5788   30.2655   43.8406   0   41.1948   37.4899   28.198   64.0618   69.3244   45.0172   80.1645   55.1873   
30.4795   31.3209   62.0322   24.7386   9.21954   60.7454   19.7231   15.8114   13.6015   65.192   95.7758   18.0278   89.8888   55.7853   34.2345   76.0066   45.607   52.6118   17.088   38.3275   59.3043   67.2012   62.8172   58.5491   26.9258   13.8924   56.0803   42.9535   25.4951   39.3954   68.6804   30.0832   76.5376   48.8467   45.5412   72.4224   57.28   13.4536   77.6209   28.3196   76.6551   10.0499   26.5707   35.5106   43.566   31.6228   67.7422   49.7695   65.7647   38.0789   34.9285   23.1948   0   27.2801   43.5707   86.7368   65.2195   21.3246   91.7615   66.4484   
27.2029   32.0624   66.6408   26.0192   12.083   60.6383   15.6205   19.4165   7.2111   69.7782   91.9348   19.8494   85.2115   49.6488   36.1248   71.4003   41.7253   54.0093   22.2036   32.311   52.6118   63.0317   63.5059   60.0083   32.311   10   49.0102   48.0208   29.5466   39.0512   62.6259   24.1661   70.5762   48.5077   39.8121   65.146   50   8.24621   71.4703   25.2389   69.3758   13.4164   19.3132   41.2311   39.0512   34.6554   71.0634   49.4773   64.622   37   39   16.7631   7.28011   0   34.6815   80.7203   68.083   28.6047   89.0069   60.058   
27.074   40.3113   80.2122   36.3593   28.0179   64.1249   18.7883   34.5254   14.0357   83.2346   84.0536   32.573   75.0067   35.805   46.0652   61.8466   36.6879   61.4003   38.6005   20.8087   36.4005   55.2268   68.7314   67.1863   48.5077   18.6815   31.257   62.9682   43.8634   43.9318   48.5489   15.5242   56.6039   52.345   28.4253   46.4866   31.3209   16.2788   56.8243   26.3059   50.6952   29.4109   2   57.4891   32.311   47.0106   81.8596   53.3385   65.2763   40.4475   52.6308   10.198   25.9615   18.6815   0   69.218   78.6652   47.2861   90.3459   45.0217   
43.1741   56   91.3947   59.3043   66.4078   51.6236   52   85.5862   66.0303   93.3006   32.9848   85.1469   21.095   19.4165   61.131   11.0454   29.0689   61.0983   72.3671   34.4093   24.7386   14.8661   58.8303   63.5059   98.387   71.6101   34.2053   83.4865   70.1783   49.366   11.0454   42.19   10.6301   48.3839   26.6271   52.1536   47.0744   68.8186   14.1421   45.3542   50.8035   67.0522   55.8659   84   28.8617   100.125   83.6301   48.7032   44.0454   46.0977   73.1095   49.93   71.5891   66.242   54.4885   0   81.0984   92.9137   74.3075   71.6775   
36.6197   21.1896   25.2982   26.3059   41   20.2485   42.72   63.9531   58.6941   27.313   72.0069   67.4759   74.027   63.2456   16.1245   62.6498   40.4969   6.32456   34.9285   53.1507   72.0069   52.9528   17.0294   10   68.7095   62.2013   75.6637   22.8254   25.9615   19.799   71.1126   49.93   75.9605   17.72   53.9073   98.3514   84.6463   60.407   78.924   36.3593   100.419   40.0125   63.3246   29   44.2041   78.5875   20.8087   17.4642   30.0832   24.0416   18.868   51.4782   50.04   52.2398   61.4654   66.0984   0   62.6621   45.9737   99.5771   
34.1321   31.7648   58.2409   25.0599   10.6301   61.2699   24.3516   15.2971   19.7231   61.4003   99.2018   19   94.0213   61.1882   33.5261   80.1311   49.3964   51.923   14   43.7379   65.123   71.0211   62.6259   57.7235   23.3452   19.105   62.2013   38.8973   23.0217   40.4969   73.9797   35.5106   81.7435   49.7393   50.6952   78.7464   63.6003   19.2094   82.9759   31.9061   82.9699   10.6301   32.8938   30.8707   47.8539   30.4631   65.123   50.6063   67.1193   39.8246   32.0624   29.0172   6.32456   13.6015   32.28   76.3217   48.6621   0   91.5701   72.57   
49.163   40.2616   42.45   46.8402   62.3618   12.1655   59.0339   86.6487   77.4145   42.7551   54.4518   89.56   60.7454   65.192   38.0789   53   44.3847   20.2485   58.6003   61.6847   74.6257   45.4533   8.94427   15.5563   93.0215   81.8841   80.9506   47.634   50.1199   33.1361   68.6222   61.8142   70.9366   24   59.0931   103.832   92.3093   79.6304   74.411   50.04   104.623   61.6847   78.2304   54.4518   49.3964   101.951   29.0689   23   16.2788   36   44.2041   66.1211   71.5681   72.0069   76.2365   60.3075   25.4951   71.5122   0   108.372   
46.9574   62.6817   103.711   59.6657   52.2015   82.28   41.8688   53.7587   35.8469   106.668   88.8651   50.2494   76.9675   37.3631   68.8186   66.0984   50.636   82.2922   62.8013   32.7567   31.7648   62.8013   87.9204   87.7268   67.4759   38.3275   22.4722   86.977   67.897   64.405   46.5296   33.541   53.535   71.5122   37.0135   25   12.53   37   52.2015   47.0106   30.0666   53.6004   23.0217   81.6884   45.5412   62.1289   104.101   72.45   81.0494   60.4152   76.4199   32.6497   49.1935   42.0595   24.2074   56.0803   83.3547   55.4617   94.3716   0   
