15
40
999999 17 6 5 5 6 8 14 5 12 10 12 5 17 17 10 12 14 14 6 7 8 11 15 13 8 10 13 14 17 16 17 12 11 9 12 17 14 13 15 
0 4 1 3 2 2 2 6 4 4 9 3 4 15 8 8 7 13 13 2 1 1 2 12 11 1 6 8 3 8 6 2 9 3 4 6 1 7 2 7 
20
0   0   0   0   0   0   0   0   0   0   0   0   0   0   0   0   0   0   0   0   
-13   8   4   5   0   -1   0   -1   2   8   -3   5   -14   0   0   7   -13   0   -4   0   
-2   4   -1   1   -4   3   -2   1   -3   2   -3   3   -2   2   -3   6   -4   2   -4   3   
-2   0   0   0   0   1   -1   0   -2   2   -2   1   -2   2   0   0   -1   0   0   0   
-1   1   -1   3   -3   1   -2   3   -1   0   0   3   -1   4   -1   1   0   1   -2   2   
-1   3   3   -1   4   -1   0   0   -3   2   1   -3   2   3   3   1   1   -2   2   -1   
0   -6   2   -4   2   -2   5   0   2   -1   5   -3   4   -4   6   -1   0   -2   5   -1   
-4   11   -12   13   4   6   -9   7   -11   9   -12   11   -10   10   -7   11   -9   12   -11   5   
3   -2   1   -1   0   -2   3   -1   3   -2   1   -3   2   0   2   0   2   -2   1   0   
-8   0   -6   0   0   1   -7   7   -2   12   1   1   -3   11   -2   -3   -3   5   -1   5   
-3   9   -8   5   -8   7   -10   5   1   3   -4   7   -5   8   -1   2   -3   5   -8   3   
-5   10   -2   4   -4   5   -7   7   -3   4   -1   6   -3   1   -6   0   0   8   -4   7   
0   0   0   1   -1   0   -1   2   -1   2   -1   1   -1   0   0   0   0   1   -1   0   
-6   10   -10   3   -3   4   -3   2   -12   7   0   6   -13   13   -9   7   0   8   0   4   
3   9   -6   1   6   2   -3   -4   -1   -2   1   3   -8   -2   10   4   -5   3   -3   4   
-6   1   -2   9   -4   -2   -9   3   -9   5   -3   5   -8   2   -5   8   -6   8   -6   2   
0   0   -1   0   -2   1   -5   2   -2   -2   -8   3   1   6   -4   2   -4   10   -8   0   
-1   -3   4   -4   9   -5   1   0   0   -9   8   -5   2   -4   3   -7   5   2   3   0   
-5   8   -7   8   -14   14   -5   10   -3   9   -11   2   -4   8   -11   0   -9   9   -2   8   
0   0   -2   5   3   2   1   -1   0   -2   3   -2   1   0   1   0   -1   0   -2   -1   
-3   4   -2   4   -4   1   -1   5   -5   7   -3   3   -3   1   -4   2   0   1   -2   2   
-3   0   -1   1   -1   1   -3   2   -3   2   -1   0   0   1   -5   0   2   1   -3   -2   
6   -4   6   -6   2   -6   1   -8   0   -5   4   -1   5   -6   4   -7   1   -7   -2   0   
-5   3   4   11   5   -5   -4   1   5   8   -3   5   -2   6   -5   2   -3   11   -1   -5   
-1   0   4   0   -11   11   3   -1   -7   -9   4   1   -6   4   0   0   2   1   1   -4   
-5   5   -4   1   -6   5   -5   1   -6   2   -6   6   -4   4   -3   6   -4   6   -5   3   
-4   9   -5   6   -7   6   -5   8   -6   0   -3   10   -6   9   -2   6   -10   8   -7   10   
3   -7   5   -6   4   -9   -2   -5   5   -5   6   -4   8   1   0   -6   7   -2   7   -8   
1   0   3   0   0   -3   -3   -3   -2   1   -5   -4   7   2   0   -3   0   1   6   6   
-6   3   -9   3   -4   8   -3   6   -6   5   -9   10   -9   7   -1   0   -11   7   -7   7   
-15   4   -15   3   -5   5   -1   2   -13   4   -13   4   -6   14   -7   0   -3   0   -8   12   
-7   6   9   -2   3   0   6   -2   0   -1   4   5   1   4   -4   5   -9   1   -6   12   
-1   0   3   -7   2   1   0   -6   2   1   -2   0   -1   5   1   0   0   0   0   -3   
-3   0   0   7   -9   6   -3   10   -1   3   -5   6   -6   0   -3   3   -4   3   2   6   
-2   -6   2   -2   8   -3   7   -7   5   -6   5   -1   1   -4   7   -7   4   -9   6   -8   
-12   7   -4   9   -7   6   -8   5   -4   6   -6   9   -9   6   -4   7   -3   0   -6   7   
3   -5   0   0   10   -5   5   -3   4   0   13   -2   8   -1   -2   -10   3   6   13   2   
-1   4   -2   5   -7   0   0   9   -5   7   -2   0   -2   2   -2   5   -4   3   -11   1   
-1   13   0   11   -4   7   -11   11   -5   11   -5   7   -6   7   -5   12   -7   13   -9   9   
-7   5   -6   0   2   -2   -2   -1   -1   -3   -7   4   -11   7   -7   11   -9   -3   1   7   
0   57.0476   62.7693   81.7024   80.8999   66.6415   64.8722   55.7732   52.5254   57.0122   62.3847   40.6333   78.434   35.8489   74.8179   67   76.959   46.1548   68.6815   60.7379   63.9189   75.9418   56.6757   60.643   79.6546   60.9659   33   39.8087   62.8824   72.7207   52.1448   42.6586   74.8595   55.2278   27.0499   87.2013   62.45   71.9222   67.2597   47   
42.0476   0   79.0286   78.7279   50.0555   104.023   98.9535   32.8107   65.3747   38.3898   100.783   66.4392   95.7606   56.9535   69.9136   69.5233   47.2738   78.6003   52.1216   83.9779   27.3852   45.7584   68.2443   93.8733   39.1359   49.289   48.5738   78.1148   26.7279   67.6004   88.7348   41.2788   114.615   55.697   63.4004   108.38   28.0384   53.3553   39.4012   37.8035   
43.382   60.7454   0   119.625   76.0088   85.0928   64.3609   81.5352   34.9284   90.9632   77.4617   37.1359   42.799   55.3342   109.776   33.0499   79.4138   89.5369   54.5576   101.331   88.1305   66.5907   34.4536   99.4358   85   96.5019   54.8246   73.4358   87.4733   40.8045   88.0322   78.6127   92.3217   50.3452   70.4319   48.0644   73.9902   53.249   100.147   68.2041   
63.7024   61.6604   105.262   0   111.622   99.1736   122.277   65.4264   108.247   56.4264   111.05   99.877   140.533   87.8354   36.8489   114.671   104.448   67.8661   110.26   53   78.429   106.545   108.199   74   97.5003   45.4138   87.9051   79.4748   68.1335   120.551   86.8802   78.9245   121.641   103.077   78.6127   139.734   89.6988   108.28   64.0104   77.1348   
64.8999   36.0555   57.0088   97.6217   0   127.536   111.536   64.7499   67.2655   71.2268   118.303   80.5608   87.3549   81.208   103.292   68.2592   27.9443   105.32   45.6982   120.033   52.5978   34.8062   72.4471   125.227   33.4929   82.2681   74.9181   100.703   60.3249   59.1947   111.802   72.8365   139.759   57.2156   89.9452   105.073   51.4951   47.4951   68.448   71.5188   
46.2277   87.6641   70.0928   84.1724   109.877   0   62.537   100.428   86.7782   101.195   42.3132   69.7731   100.055   72.3908   100.158   95.6064   121.837   60.8941   108.925   65.7849   108.38   115.309   84.561   45.7849   119.843   95.6241   76.6387   45.8328   109.11   108.865   36.1555   88.8863   29.4018   95.4718   61.5933   84.4685   102.891   107.092   111.62   80.2193   
46.8722   84.4808   40.3609   106.55   93.5361   39.2938   0   102.645   64.1699   103.884   35.2237   49.171   69.8803   58   114.843   72.2701   108.951   82.0081   88.0955   97.1289   103.677   94.9506   64.1825   77.1289   111.818   107.838   69.0096   64.8019   109.285   76.9828   62.6079   89.0616   57.0122   78.356   72.6952   49.2843   103.555   86.0955   110.085   87.0725   
41.7732   10.4403   67.5352   51.3517   46.2709   85.4283   87.0057   0   69.7122   31.8353   101.875   71.0527   103.658   59.0111   56.0476   76.3633   57.0132   73.0377   62.5619   80.3669   34.1655   56.1988   74.7082   91.5527   49.5763   35.0238   52.2372   72.6282   26.7389   78.0407   83.4173   31.1421   110.665   66.1373   57.8634   115.6   38.4787   63.7956   22.6158   48.2438   
34.5254   46.8188   13.9284   93.4773   46.5188   69.7782   47.1699   53.7122   0   76.2907   72.2587   31.5835   53.6447   41.2837   99.6089   28.7082   61.5395   79.8422   38.5035   94.619   66.835   49.6466   20.4031   93.3517   66.2445   84.1821   43.6356   67.3517   73.5467   40.0312   79.9406   60.6427   99.18   25.0499   61.5752   59.1022   55.3363   46.0238   76.328   48.1127   
41.0122   19.2354   72.111   42.4264   55.2268   81.9329   87.5728   9   58.6003   0   103.397   74.1393   110.77   62.0977   49.0606   83.552   66.0132   67.2017   67.8516   67.4135   40.3666   64.9938   79.0035   81.624   58.3713   31.0416   57.7475   76.7648   28.6619   86.8358   87.5539   36.6525   111.335   69.6236   62   113.615   47.2738   72.5907   28.2195   55.178   
44.3847   86.0349   55.4617   95.5196   102.303   19.3132   20.2237   86.122   58.258   84.5931   0   64.45   86.853   70.8292   103.143   75.2944   119.545   64.7847   94.8734   78.3777   107.452   106.668   66.8556   65.0981   118.324   99.7233   68.5547   45.5753   107.267   96.2662   44.0599   87.0433   38.3776   83.3079   69.0114   63.5077   101.119   97.7946   108.738   90.3246   
21.6333   50   22.1359   84.8646   60   52.7731   35.171   53.9351   17.088   56.3028   42.45   0   60.8167   28.0416   92.6902   41.2257   74.0593   63.3356   51.3553   78.195   71.7959   62.697   30.1803   78   76.5893   79.705   41.5913   61   73.6825   57.1192   64.9762   56.1656   80.8275   42.1379   48.6832   66.4853   59.3847   49.3553   76.3923   43.6356   
62.434   79.1581   19.799   124.964   69.0072   82.0549   45.8803   86.6083   33.0151   91.6079   64.7765   40.8167   0   68.8583   129.575   42.2947   88.3377   103.554   61.8418   119.012   99.7641   74.4173   53.4183   113.082   94.356   115.424   74.6236   87.0821   105.302   43.1603   102.942   91.2168   100.145   58.065   89.4838   49.3452   88.3515   70.0744   109.224   81.1278   
9.84886   42.9535   33.541   72.8354   60.208   49.679   42   45.0111   25.0799   46.0977   43.8292   12.0416   52.6972   0   83.0231   49.4006   76.4891   56.0037   54.8121   70.5867   64.384   63.634   42.2219   70.4919   72.4543   68.7272   27.0499   47.2029   67.3686   63.0122   54.2353   48.7537   79.0807   48.2029   36.8987   72.8516   58.8953   58.0132   67.6269   36.2237   
54.8179   52.2398   95.7758   9.84886   88.278   79.1581   98.8433   42.0476   83.8153   33.0606   89.0225   75.6902   115.521   63.7024   0   108.875   94.842   61.3113   98.5044   59.1386   68.8903   97.9983   102.403   71.7315   87.0274   48.0238   77.9732   71.5674   57.1856   114.755   88.9384   62.0813   108.56   97.2808   66.3735   136.004   80.2782   102.483   61.2801   71.3385   
41   51.8941   10.0499   100.125   47.1275   74.0945   48.2701   59.3633   6.7082   64.6607   61.2944   22.2036   27.2947   31.4006   90.4434   0   64.3698   85.5392   39.2036   100.399   73.5432   50.5453   27.1113   99.0789   69.4526   89.606   50.3438   73.0789   78.622   35.7703   83.1327   66.0666   97.4125   31.7581   68.0499   58.1143   60.0071   37.2036   81.9791   53.5366   
60.959   28.0713   59.4138   89.2749   8.94427   106.775   93.6216   38.0132   47.5395   47.0106   100.688   59.0593   73.3348   57.4891   80.0562   49.366   0   102.63   42.0384   110.578   50.1725   29   66.811   121.073   33.6023   73.037   66.9902   100.688   54.7993   59.1774   108.098   68.0595   133.846   58.2077   88.0089   106.642   46.2354   46.1662   55.7732   63.6173   
29.1548   58.6003   71.4703   46.1736   89.3197   39   62.0081   53.0377   63.6396   47.2017   49.3964   49.3356   89.5545   38.6394   40.3113   70.0357   83.6301   0   89.6911   30.8661   77.6985   93.4474   79.5159   35.5183   94.0281   57.1545   55.1214   38.2094   75.1378   97.5007   41.7386   56.4382   68.0899   80.0078   44.105   102.646   81.405   87.6911   75.4212   65.0116   
46.8402   36.7967   32.5576   94.3398   24.6982   88.7525   69.1158   46.4004   21.9545   53.8516   79.196   36.7967   46.6905   39.8121   84.5044   22.561   27.0185   74.6726   0   104.715   57.0832   33.0384   42.3576   106.482   48.5576   81.4242   56.6563   86.6488   63.5247   44.6815   94.0474   58.4367   111.617   38.0416   73.89   80.6221   42.0832   26   67.1507   49.1361   
43.7379   67.9779   86.3308   39   100.96   46.1736   74.9667   60.7454   78.2624   53.4135   60.208   64.195   104.389   53.3667   36.1386   84.7231   94.578   14.8661   88.1419   0   87.0694   108.314   90.2159   43   107.114   65.3431   69.0392   53.0754   82.0754   110.595   56.6047   71.3043   72.0892   93.1025   57.7343   115.813   96.0163   101.145   78.482   74.5788   
47.4236   5.38516   64.846   63.1269   34.7131   92.9624   89.6772   12.1655   50.9608   21.095   91.4166   55.0364   82.8553   48.2701   54   55.7136   26.1725   63.2535   39.0512   72.0694   0   47.72   71   98.7717   42.105   47.1893   53.959   80.3788   30.7047   71.6773   91.1678   43.2603   117.942   57.6586   65.614   110.063   30   58.7405   34.7813   43.1887   
52.8394   30.4631   45.5412   91.444   12.8062   97.3088   80.9506   40.8534   34.176   49.3356   89.4986   47.2017   59.4138   47.634   81.7863   35.5106   14   78.4474   13.0384   90.802   31.0644   0   54.5791   113.482   44.2485   75.8772   64.9418   92.648   57.191   50.257   101.869   56.0125   123.799   39.5967   79.8893   90.531   35.72   39.0384   63.4692   59.4401   
30.6757   49.2443   13.4536   91.8314   52.3546   63.561   41.1825   55.1543   6.40312   59.1692   51.8556   11.1803   33.2415   20.8806   82.3286   11.0454   52.811   59.439   28.0179   74.2159   53.7587   39.8121   0   89.1803   72.6477   87.1338   47.9305   65.0435   75.9722   46.4343   68.1507   63.5944   90.2331   31.453   57.7256   61.5181   61   48.249   77.7701   51.0644   
44.643   78.8733   82.2982   59   108.227   27.7849   62.1289   73.5527   77.2334   67.624   44.5533   61   98.27   52.6118   55.7315   83.0542   103.078   20.5183   91.4822   20   83.6301   96.7729   72.0278   0   114.546   77.6728   72.1498   48   95.6448   110.263   37.9317   76.9565   54.6879   98.5682   53.4683   103.566   101.923   108.209   95.8435   85.5299   
59.5483   22.1359   64   82.0244   17.4929   105.759   95.8175   31.257   51.2445   40.1995   101.213   60.7454   79.2465   57.4543   73.0274   54.0093   8.60233   79.925   32.5576   89.9611   19.105   20.2485   55.9017   99.8649   0   66.2808   63.8197   93.9062   48.8639   65.1957   105.744   52.5899   131.225   56.1947   81.4083   110.347   32.2047   49.249   50.1321   59.6232   
43.9659   31.257   80.1561   30.4138   67.2681   79.6241   90.7083   21.0238   67.1789   12.0416   85.0235   62.2656   99.905   50.9902   21.0238   73.5527   59.0339   42.1545   64.846   45.3431   33.0151   61.131   66.8431   61.7738   52.0865   0   63.6773   79.1479   40.7035   95.7138   83.7887   48.2074   107.005   78.2209   65.1096   121.709   57.4166   84.6123   40.2611   61.0694   
10   33.5261   39.8246   65.437   54.9181   55.9732   52.0096   35   28.6356   36.1386   52.5547   20.5913   59.5483   10.0499   55.9732   35.3412   50.9902   37.1214   37.6563   51.0392   38.8973   42.9418   26.4008   54.0833   49.8197   41.6773   0   49.8087   60.254   61.4166   62.1448   42.095   83.4003   47.074   37.0499   79.0635   51.6497   49.6931   57.6158   37.7703   
20.8087   61.0328   56.4358   64.4748   85.703   26.8328   42.8019   58.6003   51.3517   55.3624   31.5753   35   73.0821   27.2029   57.5674   57.0789   81.6884   19.2094   66.8506   32.8024   66.2873   73.5731   46.0435   26   79.9062   54.1479   30.8058   0   81.5007   88.8987   28.8167   61.2769   56.2346   71.4059   37.7648   81.0303   77.9829   80.499   81.2161   55.3113   
47.8539   12.7279   72.4983   52   46.3249   91.2853   93   6.08276   58.6003   11.6619   92.1954   59.6825   91.3017   51   43.1856   64.0078   37.6563   58.1378   49.5177   65   11.7047   42.5441   60.407   78.6448   30.0666   22.561   41.0122   64.4748   0   80.3283   89.1532   37.2249   116.748   68.425   63.9462   115.96   40.7663   62.0833   28.1231   47.1448   
50.2494   53.6004   17.8045   106.55   41.1947   84.8646   57.9828   62.2896   16.0312   68.6804   71.8679   32.7567   28.1603   41.0122   96.7471   10.7703   45.1774   79.404   18.6815   93.9042   56.6039   31.257   21.587   93.2631   51.1957   78.6003   43.4166   67.3647   66.2193   0   89.7378   69.4059   108.183   38.4929   77.2993   64.8402   59.6773   37.3132   84.9054   64.1439   
31.1448   71.8471   62.0322   70.8802   95.8019   16.1555   40.6079   69.3181   58.9406   65.7875   25.0599   41.9762   76.9415   36.2353   64.9384   64.1327   92.0978   24.7386   76.0263   35.2278   77.1038   83.4865   53.1507   21.9317   90.5539   63.7887   41.1096   10.8167   75.1532   74.7329   0   72.0936   45.5572   79.1585   48.5815   86.6408   88.7995   90.8027   91.9339   66.1279   
27.6586   16.2788   56.6127   52.9245   48.8365   72.0694   73.0616   14.1421   43.2782   15.6525   72.0347   40.8044   76.2168   31.1448   43.0813   49.5177   42.0595   42.4382   41.4367   52.5547   21.2603   40.0125   43.566   62.6259   37.5899   24.2074   21.095   45.2769   20.2237   54.4059   56.0803   0   101.471   59.4722   53.5287   100.158   44.3172   56.5601   35.0238   33.53   
56.8595   98.6154   76.3217   94.6414   119.52   11.4018   41.0122   96.6644   77.6981   93.3006   21.3776   61.0328   86.1452   59.4138   90.0222   81.4125   116.846   50.0899   97.6166   56.0892   103.942   106.832   71.3442   36.6879   116.211   91.0055   66.4003   38.0789   102.552   92.1303   27.5136   83.1865   0   99.2021   68.8015   84.8853   114.293   110.388   118.21   91.6211   
35.2278   38.0132   23.3452   89.0674   37.2156   75.4718   56.356   45.8039   10.0499   51.6236   65.7647   23.3452   41.1461   27.2029   79.2591   13.9284   37.6431   64.0078   13.4536   78.1025   41.7852   24.5967   15.2315   79.6241   41.1947   61.2209   27.074   54.4059   50.2494   17.4929   63.1585   37.0135   84.2021   0   62.2777   69.152   54.6586   35.0416   68.4197   47.9422   
10.0499   46.4004   52.9245   56.6127   72.9452   41.5933   50.6952   43.8634   44.5533   41   44.0114   30.8707   71.5891   19.6469   48.3735   50.9902   68.2422   19.105   56.2939   33.7343   51.614   61.327   40.5216   35.4683   65.8559   41.1096   18.6815   14.7648   49.7695   60.2993   25.5539   30.5287   52.8015   45.0999   0   91.3542   64.2037   68.3747   65.5525   47.6271   
62.2013   90.0278   31.0644   125.734   87.6641   67.4685   28.2843   95.5092   44.1022   98.6154   48.5077   42.4853   23.3452   53.8516   117.004   41.1096   90.4489   84.6463   63.5059   98.813   94.541   76.531   40.7922   88.5664   95.0211   104.709   63.0635   66.0303   100.96   46.8402   66.6408   83.006   69.0652   54.037   69.3542   0   99.4385   78.3132   118.03   86.1209   
42.45   13.0384   50.9902   73.7564   25.4951   88.6172   79.555   23.2594   37.3363   31.6228   84.119   44.3847   68.352   40.3113   64.1327   41.4849   19.2354   64.405   24.0832   75.5844   15   17.72   41   83.863   17.2047   43.4166   32.6497   62.9682   25.6125   41.6773   73.5391   23.3452   99.0202   27.6586   49.2037   81.3941   0   44.8035   45.8752   41.6716   
44.9222   35.3553   32.249   92.477   25.4951   87.0919   68.0955   44.8219   21.0238   52.1536   77.7946   35.3553   47.0744   38.0132   82.6378   22.2036   27.1662   72.6911   2   86.1452   37.8021   13.3417   26.9258   89.56   32.249   63.0635   35.6931   65   48.0833   19.3132   74.2428   39.5601   96.0469   12.0416   54.3415   63.2851   22.8035   0   67.4376   50.1448   
48.2597   16.4012   75.1332   48.0104   50.448   90.6201   94.0851   7.61577   61.2944   9.21954   92.3959   61.3922   94.1541   52.1536   39.3192   66.888   41.7732   56.4004   53.1507   62.482   15.8114   46.5296   62.7694   76.8375   34.1321   18.9737   42.107   63.9062   4.12311   69.527   74.4648   21.0238   101.951   53.2541   49.3356   103.092   29.4109   51.6624   0   51.2679   
20   22.8035   44.2041   63.1348   46.5188   66.2193   62.0725   25.318   31.1127   28.178   63.3246   28.6356   63.8905   20.2237   53.3385   37.5366   41.6173   43.0116   33.1361   55.5788   28.1603   35.4401   31.0644   61.7171   39.6232   36.0694   10.7703   40.3113   31.1448   43.4166   50.9313   12.53   76.844   25.9422   26.6271   70.5762   22.6716   31.1448   32.7567   0   
