15
70
999999 8 12 8 11 12 8 5 9 7 5 11 5 17 13 12 14 16 9 5 9 13 12 16 13 14 7 11 11 6 5 15 10 8 7 17 17 14 5 8 6 15 14 7 12 15 17 16 17 7 6 13 17 15 14 15 15 5 13 5 15 17 9 17 9 6 6 10 6 7 
0 5 5 6 1 5 1 3 4 6 2 4 2 5 4 11 1 9 5 2 2 6 11 12 3 10 6 10 10 5 4 14 7 1 1 13 16 10 2 5 3 10 2 6 2 11 3 11 13 1 1 3 13 12 11 3 5 2 5 3 5 11 2 9 5 5 4 4 1 6 
20
0   0   0   0   0   0   0   0   0   0   0   0   0   0   0   0   0   0   0   0   
8   -4   8   -3   8   -6   6   -5   5   -7   3   -3   6   -2   4   -3   4   -1   4   -6   
-3   -1   -6   6   -5   0   -5   7   6   0   -1   1   3   -2   1   -4   -6   1   0   0   
0   2   0   2   -1   0   -1   0   0   1   0   1   0   3   -3   -2   -2   1   0   0   
-4   5   -4   4   -6   3   -10   8   -2   5   -5   6   -8   7   -7   4   -5   3   -3   4   
-10   -2   -5   4   -6   2   -3   3   0   8   -5   1   -4   -3   2   0   -5   5   -9   5   
-3   8   -6   0   -1   5   -3   3   -7   3   -5   5   -4   6   -3   3   -6   4   -6   4   
0   3   -1   1   -1   4   -1   2   -3   3   0   3   0   0   -1   2   -1   2   -1   1   
0   0   4   -1   0   7   -3   0   -4   2   -7   6   -5   1   -3   6   -2   5   -5   3   
3   -2   4   1   0   -3   0   0   5   -4   6   0   4   -1   3   -2   0   1   4   -2   
1   -3   0   -1   1   -2   1   -1   1   -2   3   -2   0   -1   0   -3   2   -1   4   -2   
-3   1   -5   2   -4   2   -1   3   0   2   -2   7   0   5   -3   2   -4   5   -3   0   
0   -1   0   0   1   0   0   0   -1   -2   -1   0   0   0   0   0   0   0   1   0   
-7   3   0   2   -4   1   9   -4   -5   0   -9   1   0   0   1   -2   -4   -1   2   -6   
-3   0   0   3   8   1   2   2   -4   -3   -4   -3   1   0   0   1   2   -1   -1   -5   
3   8   0   0   7   -2   12   0   2   -2   -2   -4   -2   -5   0   -7   4   -9   3   0   
-5   4   0   6   -4   5   2   -3   -5   1   -9   0   -6   14   -3   -1   5   0   -3   5   
-8   -8   -6   10   -4   7   0   14   -7   5   -5   0   -6   0   -3   10   -2   9   -7   2   
1   -4   3   -2   2   -3   0   1   1   0   2   1   2   -7   0   -1   0   -4   0   -4   
-2   2   -2   3   -1   3   -2   1   0   3   -4   2   -1   0   -2   1   -3   3   -1   1   
0   -6   2   0   2   -5   1   -3   1   -3   -4   1   1   -7   3   2   1   -5   5   1   
2   -6   0   -1   3   -2   0   3   7   0   0   5   8   0   5   -4   -1   -2   0   3   
-1   11   -6   6   -5   8   -1   4   -1   9   -6   -2   -8   10   3   0   -8   8   -10   4   
0   0   -7   9   -2   8   5   4   -8   -2   7   7   9   -2   10   1   1   -2   7   -4   
-3   5   4   0   -2   4   -7   7   -10   6   -10   2   -11   5   -11   11   -1   -1   0   3   
-5   1   0   0   -2   3   0   1   -4   3   -1   7   -2   -4   -8   2   -6   -3   1   1   
-4   1   -6   3   0   3   0   3   -5   4   0   5   -3   2   -1   0   -4   0   -5   4   
5   3   4   -10   7   -8   5   -4   2   0   3   -1   5   -5   9   0   1   -8   7   -4   
-6   3   0   7   -4   5   -1   4   -6   7   -7   6   -10   7   -9   5   -6   8   -9   5   
0   2   0   3   0   -1   1   4   1   1   0   -2   0   1   3   0   2   -2   -3   -1   
2   0   1   -1   0   0   0   -1   1   -1   1   0   0   0   1   -1   0   -2   0   0   
-4   12   -14   6   -10   12   -2   15   -10   9   -3   1   -2   13   -12   14   3   14   -8   7   
7   -1   5   1   2   -2   0   -2   7   0   6   -2   4   -7   2   -5   9   -5   1   2   
0   -3   -1   -1   1   0   1   -1   2   0   -2   0   1   -1   7   0   0   -1   0   -2   
-1   0   -1   1   -5   1   0   0   0   -2   1   0   2   0   0   -1   0   1   2   -1   
2   -11   12   -7   9   -9   5   -9   -2   -6   5   -12   5   -1   8   -10   8   -8   4   -7   
-3   2   0   -1   1   8   -3   -6   -4   1   -7   -4   4   6   6   1   -6   5   -6   6   
-3   5   0   7   -5   6   -8   8   -5   4   -8   7   -4   0   -4   5   -3   6   -1   6   
0   2   -4   4   -2   0   -2   1   -1   1   -2   2   -2   2   -1   1   -1   3   0   3   
0   -1   -4   1   -2   3   0   3   0   2   0   2   0   1   -1   0   -5   2   -4   -1   
2   -1   0   1   3   -4   2   -3   3   -3   -1   -1   5   -3   0   0   0   -2   0   0   
12   -6   -2   -1   7   -3   11   -7   4   -9   0   -11   4   -11   0   -6   2   12   5   -1   
-4   5   1   7   -13   10   -1   4   -3   -6   -1   0   -3   0   1   7   -7   6   -5   5   
-7   6   -3   5   -6   6   -5   2   -2   3   -6   5   -6   0   -4   7   -6   4   -4   4   
-5   6   -1   9   -7   12   -3   2   5   2   -2   4   -5   7   -4   4   -9   12   0   5   
-5   -11   0   -1   1   -1   2   -4   0   0   9   -3   -6   3   -5   -2   4   -1   0   -5   
-8   8   -12   9   -4   13   -4   5   -10   10   -2   3   -13   12   -13   13   -7   11   -11   12   
0   9   -3   3   -7   0   -5   -1   -5   5   -7   12   -13   2   -4   0   -2   7   -1   1   
1   8   0   2   -2   0   8   3   -3   3   2   7   2   14   -7   3   3   4   -3   8   
2   0   0   -2   0   -2   1   -1   2   0   0   -2   2   -1   1   1   1   -2   0   4   
-3   -2   1   0   4   -4   2   0   3   -1   0   0   1   0   1   -3   0   -1   3   -1   
-5   -10   -1   3   9   -3   8   5   9   -3   -2   1   1   2   1   -1   1   -4   2   -8   
5   0   -6   -1   -4   0   0   2   0   -2   -2   -4   4   3   0   -6   0   -2   0   0   
-2   -1   0   7   -2   1   2   -2   -5   -5   7   2   2   -2   2   -7   8   7   -12   -6   
5   0   0   3   4   3   5   0   8   0   -3   -5   -1   -3   -3   2   0   1   0   -2   
2   3   -5   11   -7   5   -14   1   -3   0   2   2   -8   6   -7   0   -4   2   -3   11   
-2   2   -10   1   -14   5   -5   2   -11   4   -6   6   -10   -2   -6   0   -4   10   -1   8   
-2   2   0   0   0   1   0   0   0   0   0   1   1   0   -3   0   0   1   0   1   
-4   8   0   8   -4   6   -4   9   -7   12   -10   9   -9   7   -8   6   -6   6   -5   9   
-1   1   -2   2   0   0   -1   0   -2   0   -1   1   -1   0   -2   1   0   0   0   1   
0   -3   10   -13   11   -10   11   -5   5   -6   15   -11   6   -5   13   -11   11   -6   3   -13   
-4   2   -9   4   -9   5   -8   6   -6   -2   -15   7   0   12   -15   0   1   8   -7   12   
2   -5   8   -5   7   -5   7   -4   3   -1   6   -6   7   -9   6   -3   1   -7   9   -1   
4   -6   7   -5   5   -1   2   -8   0   -5   2   -12   11   -3   5   -1   2   -1   0   -5   
0   -9   6   -6   4   -6   6   -4   5   -2   1   0   9   -6   4   -5   7   -1   0   0   
0   -1   0   0   -5   2   0   0   0   0   1   1   0   4   1   0   0   3   -1   0   
-1   0   3   4   0   1   0   2   -1   -2   -5   0   0   -2   0   1   -2   0   1   2   
-6   5   -8   7   -8   6   -7   6   -2   5   -4   4   -9   8   -3   7   -1   7   -4   5   
-2   5   -2   3   -6   6   -4   5   -6   3   1   4   -3   2   -4   0   -2   1   -5   4   
-5   4   -1   1   0   4   -2   2   -5   2   -3   2   -3   6   -6   2   -2   0   -2   3   
0   54.3573   52.108   41.0768   61.8947   56.9419   44.1291   86.3542   67.7425   63.9271   58.0147   81.9433   62.4573   74.2119   53.7351   57.8063   55.7343   37.0416   74.1071   48.1321   56.4786   36.4536   67.5403   66.1319   62.5486   71.5079   47.6155   58.0294   53.4708   75.1793   54.6447   46.0713   66.0142   53.838   63.5079   54.4833   36.1917   48.6702   49.0096   72.4282   47.0192   50.961   65.8845   38.4722   75.6198   43.3452   71.3446   59.39   63.7647   48.2415   67.0801   59.1774   45.1725   71.0761   79.5137   33.0294   42.2237   62.3553   77.6392   48   56.3113   37.7065   34.6918   70.0408   63.7612   55.0858   66.9884   42.4391   73.535   48.0147   
39.3573   0   42.2473   36.2184   72.9406   89.7012   72.1981   81.6831   91.71   43.5407   66.1344   41.5136   71.3847   101.57   71.4321   90.6637   82.8253   61.4363   111.217   85.2567   24.8167   48.2029   54.3832   103.404   72.7706   36.0384   45.257   86.5082   39.921   47.4092   77.9185   50.4819   84.3957   80.8276   101.833   61.188   63.163   78.0564   66.0429   36.2094   40.9152   41.09   101.437   74.1412   106.229   44.0599   41   68.1988   94.8024   74.1412   84.9888   98.2952   54.9848   47.0832   81.4013   65.5077   81.0088   91.0076   38.1896   33.0278   44.6716   76.9521   52.6005   108.649   21.8102   67.6578   52.2029   80.4543   85.2851   62.5766   
37.108   27.0185   0   28.7277   53.0077   82.8106   60.7953   60.4367   101.63   65.8539   80.8157   68.5321   87.9477   109.348   51.7209   83.6938   66.4841   53.7252   99.44   73.4133   38.2466   48.0547   37.2047   90.4774   52.2404   59.284   28.4073   91.8332   30.3868   71.601   56.697   65.4493   92.1879   86.4748   93.7431   39.5913   70.5263   65.0362   43.6586   63.2279   27.8062   22.3246   90.2887   60.607   112.728   34.9284   63.0111   48.313   82.0081   65   72.2277   90.9786   66.1041   70.2314   63.2046   70.1373   79.3317   90.8679   62.3814   28.2195   66.8188   69.5077   50.3311   99.0068   43.3776   75.397   77.8652   69.0899   55.6742   71.4437   
26.0768   21.9317   12.2066   0   53.4833   75.1011   52.8045   67.8845   90.4008   56.0128   68.1239   63.4453   75.4742   97.2921   49.3753   76.2211   63.0369   45.7924   91.7004   65.6236   27.4403   37.2485   46.7269   83.608   54.8466   50.5261   29.4859   81.1096   30   64.0521   54.2492   52.4714   79.6462   75.1692   86.934   43   59.2719   58.1856   41.313   56.9349   17   23.4031   81.641   54.3452   100.708   26.6056   57.0512   49.0156   75.0064   54.3452   62.0106   78.4991   50.2353   65.5533   66.0833   56.1096   68.3006   78.0833   60.1213   29.2462   55.4833   57.1561   32.8045   84.4166   34.799   68.4236   59.5793   67.2311   64.1045   67.8292   
43.8292   58.9406   34   37.4833   0   68.231   41.7849   45.9317   108.862   92.9053   100.432   100.454   105.686   113.546   35.0711   72.7842   41.02   52.9317   78.2505   57.4487   63.8365   67.8899   50.2258   67.4483   26   86.9953   42.9114   96.6716   51.9418   100.279   34.0416   85.3758   109.679   97.6673   80.9792   28.1421   80.0209   45.286   31   91.5906   54.0862   48.5301   62.0012   52.0586   119.045   51.1377   91.7817   21.0711   50.9559   35.088   39.3178   73.636   87.1863   96.0366   35.9317   76.8586   74   90.743   96.3814   62.2195   92   54.8469   47.2029   77.0098   72.2823   94.5506   97.0627   68.4166   27.8167   90.4321   
34.9857   74.3034   66.6108   58.2409   54.231   0   44.9258   99.44   68.8026   95.8752   79.6311   112.806   76.1634   72.8178   62.508   27.4142   46.0156   52.689   42.9258   42.2788   79.8845   64.0104   95.1294   45.0416   74.9775   100.54   75.2046   56.097   85.9506   107.256   60.9418   70.287   77.7951   62.2709   31.53   76.7187   50.7778   50.4157   65.9187   107.414   75.0605   78.4337   49.1555   42.2354   77.131   70.8179   101.504   75.3021   52.6155   58.4448   62.8039   33   69.5472   103.086   90.1627   47.6155   44.2594   50.0143   109.214   80.4831   91.297   39.2354   64.2966   46.025   91.1577   74.3649   101.974   44.088   81.8845   83.0004   
25.318   58.0517   43.0813   37.8021   27.7849   26.9258   0   73.7166   82.6083   88.1601   82.0075   99.4433   80.4906   86.5603   35.4929   45.7436   32.0384   34.0586   55.637   29.5602   62.8029   57.3363   70.0076   46.8058   45.5296   85.1199   53   68.9206   60.0977   96.457   43.7168   70.7142   86.2615   71.7441   55.7929   45.105   58.1674   32.8549   34.105   92.2334   53.4391   53.9737   50   22.6569   92.2925   49.2127   87.4017   45.3645   47.7697   37.3137   49.8254   52.6833   68.4782   93.8727   63.7166   55.4229   46.249   66.0167   94.0064   60.5539   81.6293   33.0623   35   45.9666   72.6011   78.1068   82.9493   32.4012   52.5876   73.2115   
69.3109   67.6831   41.4367   51.8845   31.3209   85.44   58.6941   0   135.031   105.035   119.553   109.197   125.212   140.701   56.3082   100.604   69.9263   76.7773   104.242   84.862   76.7454   86.0282   48   93.2477   44.4327   94.2309   60.7565   123.28   59.6807   109.048   57.3491   103.9   130.205   120.897   108.295   45.8904   105.503   72.9094   58.0167   101.964   68.8845   63.7613   88.2226   79.3154   144.931   73.6236   101.329   46.9179   77.2608   62.9441   57.2132   95.8515   101.664   105.591   30   102.34   100.608   121.492   103.371   68.5964   107.368   81.8608   69.6624   95.6202   79.8276   112.473   111.464   89.4165   35.2132   110.525   
51.7397   75.71   86.4523   74.3034   93.8616   52.7731   68.6003   121.017   0   81.6242   49.9933   98.8646   36.8403   36.4403   101.892   68.6078   94.6241   77.986   92.1982   81.8197   86.45   77.815   119.24   91.6617   113.161   90.5009   99.3149   31.1245   103.851   90.8024   102.015   62.4491   35.1246   40.2315   82.0345   106.223   57.0156   89.8974   99.4678   101.082   91.3034   96.3344   95.7756   81.7171   32.8995   88.7186   89.0418   111.13   102.965   95.6116   107.417   79.6201   64.4169   88.7733   129.793   61.7131   61.5928   43.7883   96.2121   97.5295   74.0085   78.7171   86.4315   98.7981   97.5202   53.0151   79.3095   77.3546   121.188   65   
46.6154   21.5407   47.8539   40.0125   77.3175   79.9062   70.214   89.0225   66.1211   0   52.3294   35.0278   65.2462   93.014   89.3878   97.2332   100.612   74.3062   119.899   94.7475   46.3573   57.9208   75.9239   112.473   93.6568   29.4018   66.7977   81.625   61.4617   28.4018   94.2617   41.9258   65.2597   68.9042   107.436   81.0077   61.6415   95.2857   81.3255   38.6155   57.0125   62.6307   112.27   85.0877   87.0616   60.19   33.5357   89.0281   110.38   94.3577   102.023   105.793   40.8328   27.2111   102.942   70.2597   82.0049   82.6847   35   54.5684   33.3452   84.322   72.817   109.603   43.3509   54.2077   28.2462   81.6607   103.528   50.3059   
42.2966   46.6476   65.437   53.8238   84.7703   65   67.0075   105.475   34.9285   32.249   0   64.1803   30.1529   64.4943   94.9739   83.3819   95.0779   70.1479   107.926   87.9152   64.5366   50.9285   98.1356   105.204   102.961   59.4539   82.7343   57   80.4438   57.2426   96.9412   33.0828   34.0312   42.4131   92.9904   92.9242   52   88.0068   89.5859   67.8168   70.0116   77.2195   105.463   80.2851   57.0122   70.909   55.4475   99.111   103.362   90.5381   106.228   93.1622   35.2462   53   117.802   53.9258   58.7852   54.0694   65.1651   74.3814   42.9615   77.2851   75.2701   102.809   68.4579   32.0554   45.9737   71.7449   109.408   27   
62.2254   27.5136   53.6004   49.3964   86.4002   96.5401   84.0536   92.1954   83.6002   18.0278   49.0408   0   78.2195   109.915   98.7716   115.261   110.339   88.95   136.332   110.357   52.3303   67.1803   77.4882   128.357   100.284   34.5441   72.7706   99.6527   65.3598   27.0623   103.646   59.9444   81.1896   86.8461   123.853   88.6857   79.2993   105.139   90.7094   25.4018   66.354   68.6036   128.11   100.698   105.089   68.3927   32.6047   95.6329   121.378   101.655   111.407   121.403   58.8606   27.1803   107.249   86.5945   96.5215   93.712   25.3246   60.5414   49.417   99.9319   80.1142   127.631   47.249   69.1957   44.318   99.6884   109.275   66.1475   
43.8634   57.3847   72.9178   60.8276   87.6641   59.2284   66.4906   111.212   21.8403   45.0444   13.1529   62.1289   0   48.7057   96.4279   78.4152   93.6673   71.3701   102.034   83.6179   70.3033   56.3269   104.308   100.592   105.578   70.82   87.2493   47.5129   86.6625   70.3956   98.5081   39.3264   18.2426   31.8924   83.0074   95.1561   43.3059   86.7691   91.686   80.52   74.7072   81.8769   101.594   76.9703   48.0179   75.2944   68.1507   103.145   101.168   92.105   104.892   90.7379   39.2389   66.1529   123.043   45.4279   62.9983   50.4197   76.0868   81.748   54.3275   75.6405   78.5552   97.2181   79.1949   29.8924   53   66.1536   115.481   38.9249   
57.9828   85   93.9415   81.939   98.2904   52.5547   71.8401   126.657   10.4403   76.3217   45.3542   93.9042   32.28   0   106.241   75.1413   98.3466   82.5187   89.5453   82.5352   96.8903   79.6575   125.227   92.6551   117.37   99.6083   105.302   38.6918   111.454   101.243   106.565   67.0882   45.5649   41.1868   79.5788   112.466   58.9102   93.4174   104.409   110.19   98.939   104.664   97.9568   83.2193   29.4403   99.1589   98.1491   116.569   105.17   101.578   113.384   85.5547   68.2398   97.7351   134.222   63.1825   58.3113   45.8035   105.319   105.983   83.1158   86.405   92.6746   91.3092   106.81   58.0465   83.593   80.4437   124.428   71.2049   
35.7351   57.2713   35.3553   35.3412   10.2956   44.0114   17.4929   41.4367   84.4038   73.7564   77.666   84.6936   79.4796   88.459   0   58.7672   31.3667   40.0599   66.1931   43.4317   62.7815   64.3608   56.8512   55.5529   29.083   83.6419   46.419   86.4135   55.7397   97.8613   20   76.7671   97.7222   88.6136   66.9622   31.5529   71.4   31.2691   33.601   92.2761   52.3412   57.6799   51.9418   38.0416   109.785   55.7409   92   31.3667   43.0938   21.0711   32.7047   57.1096   74.531   100.895   46.2025   68.7645   63.7419   83.5095   95.4609   63.5749   90.8245   50.5551   44.0238   56.19   70.1402   85.1231   94.9205   49.8941   38.1123   83.7498   
36.3593   75.6637   67.7422   59.4811   54.7814   1.41421   27.6586   86.0349   53.6004   81.3204   66.3099   97.949   60.4152   53.1413   44.5982   0   47.4298   51.5534   43.6621   40.2071   81.2987   65.4246   95   39.3852   70.648   99.6002   76.6188   56.0828   84.2314   108.67   58.0993   71.7013   77.8568   62.53   26.1803   71.6905   52.192   48.7308   60.6905   108.788   74.7746   76.1691   44.1971   41.0998   78.3019   72.2321   102.919   72.7199   51.3868   51.6962   64.2181   28.0416   70.9614   104.5   90.7131   49.0297   45.6736   50   110.628   81.8973   92.6706   38.0998   62.6586   34   92.5719   75.7791   94.3369   40.3848   80.2462   84.374   
38.3275   68.8186   50.2195   47.5079   25.02   32.0156   13.0384   55.9017   79.6241   82.4621   80   95.5249   79.0759   81.8352   16.4924   32.2025   0   43.3059   58.3553   39.8114   74.9482   68   73.3436   49.5153   41.0185   98.034   59.0857   80.9186   68.9702   108.574   31   82.3702   97.3186   83.9638   52.6264   48.0454   70.7732   31.0711   37.8254   104.443   64.5079   67.0121   45.6155   35.2627   103.138   62.2511   100.119   46.0911   36.0416   30.2956   36.8924   47.9615   81.5166   106.911   60.9517   68.4614   59.2874   74.8358   107.008   69.4518   94.6388   38.0278   48.0384   53   82.3069   91.1452   95.9877   45.4396   52.8366   86.2499   
12.0416   46.8615   37.1214   28.7924   34.2053   29.6142   13.3417   62.426   59.6657   57.3062   54.1479   71.8401   54.7083   64.4438   25.0599   30.8058   26.3059   0   65.2904   42.9019   55.5951   43.1661   68.4782   58.7732   53.4683   75.7274   53.4834   62.8615   55.4629   83.0554   45.0599   58.1129   72.951   62.8734   56.9862   45.8869   45.0689   44.6469   47.4466   83.0709   45.1548   47.4006   60.0488   35.9985   86.0272   43.2982   74   50.0588   54   46.131   57.7646   49.6699   57.2099   83.1177   70.137   45.071   44.1555   57.7253   85.0511   58.0386   68.3529   37.4868   40.0384   59.0644   63.5913   61.2769   71.7136   28   62.0219   60.0435   
58.7282   96.6747   83.2586   77.6981   60.1332   26.9258   40.2492   90.1388   77.0065   105.119   91.9239   120.934   85.8662   74.5453   51.788   25.632   35.3553   49.8197   0   40.107   100.512   86.7776   107.494   29.6808   76.2954   120.473   91.1462   80.2163   100.347   130.963   62.2597   97.2129   103.489   88.162   38.0263   82.3473   77.7036   50.2571   71.5926   129.771   92.2515   92.7208   31.2788   52.8963   99.214   88.1079   123.452   80.4383   44.4202   59.651   62.935   31.3667   96.473   126.746   95.9964   74.5413   66.7456   75.632   129.676   99.5884   113.346   50.5444   74.035   24.2956   112.497   101.291   119.969   62.4599   87.9498   106.743   
34.1321   70.8378   57.5847   51.6236   39.2938   16.2788   14.5602   70.6045   66.4078   80.7094   72.1803   95.7758   69   67.5352   29.4279   16.4012   15.8114   24.0416   26.0768   0   74.6301   61.5219   84.5678   40.8587   56.8299   94.7217   67.3853   68.6952   74.6579   105.655   44.7638   75.3253   87.2426   74.4282   42.5816   59.6652   59.7585   35.8105   48.6652   103.877   66.1536   67.9545   35.0278   27.6301   92.1036   62.6433   97.8763   59.3845   42.6815   38.3607   52.7038   39.1655   73.6709   101.419   75.0328   56.6926   50.2622   63.8017   103.94   74.289   88.638   24.6301   49.5602   35.8114   86.4226   85.3186   94.2943   43.4642   63.6488   82.1468   
30.3645   10.8167   19.3132   11.4018   48.8365   64.8845   47.3814   60.7454   72.45   29.0689   47.3814   38.0789   56.3028   81.0432   46.6154   66.2118   58.0086   36.6197   86.4002   60.4401   0   40.025   51.1351   94.1873   64.6044   41.0868   37.0907   80.6137   33.5067   51.714   65.651   49.3005   74.5454   74.2451   92.3921   54.4018   59.2897   69.5874   52.7148   47.026   28.4018   34.3579   93.0427   65.7469   98.309   31.3178   42.6586   60.4174   86.4081   65.7469   73.4124   86.2895   47.0644   56.28   74.6692   63.3938   72.366   74.531   47.7805   26.2956   47.5136   68.071   44.2062   92.2168   32.6269   66.6077   54.573   64.6197   74.9874   59.5366   
13.4536   27.2029   33.0151   20.8087   50.2195   48.0104   37.3363   71.0282   53.6656   33.2866   34.9285   48.7955   40.3609   61.6847   44.0454   49.4065   50   24.1661   72.1803   47.4342   20.025   0   65.3423   79.5855   68.0516   50.2053   48.1013   61.0227   50.0808   58.2041   64.0454   40.3241   58.6035   56.8314   75.4649   56.7185   39.185   62.1239   54.4833   58.4185   37.8087   42.0185   79.3382   51.9258   80.6209   43.799   55.7696   64.893   77.2184   61.2897   72.5831   72.5862   38.088   57   85.0167   36.0227   48.8329   63.6079   65.3926   46.3206   52.313   51.1602   40.1948   82.8921   49.0132   47.3693   49.6228   51.8277   78.0362   40.2982   
53.4883   39.9249   17.2047   29.4109   36.0555   80.0062   54.3323   29   103.586   61.4654   82.134   63.2851   90.0278   110.91   41.7852   81   58.1893   51.4782   93.145   68.7314   35   50.2195   0   97.3381   58.9857   70.9895   33.9249   109.038   34.6918   82.5134   61.7852   81.8823   108.27   103.679   107.18   52.2982   87.7309   73.0543   59.9026   72.0865   45.0109   39.5292   93.7269   76.0345   129.108   52.133   74.0088   53.1548   84.8789   62.8562   66.2494   98.8948   79.6462   80.3246   51.6757   85.5205   92.3757   107.494   77.6498   40.8395   75.7738   82.8224   58.4708   97.9752   51.573   92.6016   88.6483   79.4782   56.4215   86.1803   
51.8652   88.4138   73.3553   68.6003   49.163   25.02   30.8058   79.1581   77.6466   98.4733   88.3233   113.569   83.7257   76.6551   41   24.0832   24.5153   41.7732   11   17.8045   77.8974   65.215   82.5651   0   65.372   112.526   83.601   75.5224   90.9036   123.419   51.3363   92.2953   101.371   86.6132   40.4722   72.5529   74.4828   46.9422   62.3407   121.681   83.2026   84.7795   28.831   45.4346   102.151   80.0185   115.681   70.2341   38.4924   51.4819   54.0555   31.0416   90.0592   119.223   85.0947   71.3205   68.0667   74.0832   121.744   91.3597   106.442   42.4346   65.8058   32.3852   103.399   97.404   112.099   54.4384   75.0345   99.8799   
44.7772   58.4637   33.1059   37.2156   2   56.0803   29.5296   29.4109   95.1315   77.1622   85.3815   85.8662   88.5494   99.7046   12.083   56.648   27.0185   35.4683   62.1289   41.2311   48.5077   50.6952   34.4093   51.1566   0   87.7417   44.9114   97.0685   53.9418   100.222   32.0357   87.0587   106.792   95.8748   79.0453   30.1421   78.0703   43.3522   33   92.2168   54.2156   50.5301   64.0012   50.1247   120.397   52.0143   91.1664   23.0711   52.9559   33.1541   35.1555   66.6118   84.8818   98.0366   37.9317   77.8066   74.397   92.743   95.4873   61.3254   90.027   56.8469   44.8568   68.2731   72.0146   96.2528   96.7949   61.9309   28.2195   90.9934   
47.5079   13.0384   40   34.4819   71.8053   82.201   68.8186   80.2309   75.06   11.4018   42.45   15.2643   54.7449   85   69.6419   83.6002   80.2621   56.7274   106.075   80.7217   23.0868   34.2053   51.923   98.4937   71.3863   0   58.2954   90.4859   52.9594   32.6444   88.7311   51.8056   72.9875   75.6945   109.67   74.2264   68.811   91.0948   75.7949   29.1803   51.4819   54.1284   113.392   85.9801   96.6075   54.4046   24.099   81.2372   107.841   87.1796   96.4925   104.554   51.7278   28.4018   94.4397   70.228   83.0381   85.7292   25.2195   46.0662   32.4924   85.2144   65.6389   114.785   34.8487   56.0476   39.648   84.7274   95.6742   51.1283   
33.6155   31.257   6.40312   12.083   28.2312   61.2046   37   39.8246   84.3149   51.1566   65.7343   58.4637   72.1803   91.3017   29   62.2896   43.8292   32.0156   77.0779   51.5461   22.0907   31.8277   19.9249   67.082   27.5136   44.2832   0   90.1225   31.145   73.2184   49   64.5545   90.423   85.6686   88.47   36.8661   69.72   60.2691   42.2603   66.5454   27   23.0828   80.1405   57.5407   109.235   35.0416   64.163   35.8403   72.0938   50.0711   57   81.6003   62.3184   72.6849   55.1386   66.6449   67.4509   87.8767   66.1728   34.6227   65.2443   60.3516   36   82.9666   46.5707   76.8295   71.3415   60.0156   55.0624   69.7584   
41.1461   72   77.8332   66.0984   80.6102   36.6742   54.2033   109.202   16.1245   67.0522   40   85.0706   29.0689   17.6918   70.7672   37.4833   64.4981   46.8615   61.0737   50.6952   66.6108   46.6905   94.541   61.5224   82.0366   74.1485   74.7329   0   94.0588   92.8332   88.6352   55.2616   45.6816   38.6127   58.19   92.7484   38.3452   72.9828   86.7693   99.3455   81.8044   87.6154   81.6804   67.5044   41.6982   80   88.3183   96.9203   84.2892   83.9382   95.7442   65.5249   54.7922   90.2159   116.542   41   40.6716   26.0828   97.4923   89.1461   76.2574   66.8722   74.9828   71.4833   93.8102   58.4384   76.2047   57.8021   106.791   57.2311   
38.4708   24.1868   3.60555   12.6491   37.5899   69.0507   46.0977   43.6807   86.7698   45.3542   64.4438   50.3587   72.4707   94.541   38.8973   70.214   53.6004   39.4588   86.3308   60.5392   17.4929   33.121   17.6918   76.5376   36.6742   37.054   9.89949   78.7464   0   65.0392   58.8973   63.6597   90.6942   87.6686   96.3943   43.1968   71.72   68.6417   47.2642   57.025   29   25.9301   89.7835   64.2126   112.668   34.9158   59.225   45.7398   81.437   59.9684   66.8995   89.1287   61.4236   65.223   58.0476   68.7587   77.2944   90.3974   58.1814   23.2111   65.0065   69.8052   45.4536   91.0592   40.1108   79.0025   67.7695   67.4588   59.2798   73.4192   
57.6281   27.0185   54   48.0521   85.5102   91.2414   80.6226   94.0479   75.8024   11.4018   41.1096   8.06226   54.231   86.1452   82.8613   92.6553   92.5743   67.9559   116.276   91.6079   36.6742   44.2041   65.5134   109.403   85.1587   14   58.2151   77.8332   51.0392   0   102.301   53.3276   72.4736   80.1502   118.462   86.6911   72.8875   103.833   89.3651   33.464   63.0744   68.1067   123.513   96.1003   98.1218   67.9921   28.5672   94.0554   118.235   100.31   110.063   115.658   52.0789   22.2426   108.418   73.6406   88   94.0864   28.2195   60.0444   44.747   95.3347   78.7694   121.005   48.8288   65.6095   39.648   90.8222   109.674   60.6879   
38.833   62.1691   40.3113   40.2492   12.0416   42.9418   17.6918   43.1741   85.9826   78.339   81.0494   89.5545   82.2192   89.4986   5   43.382   13   27.5136   48.2597   27.5136   51.4782   48.0104   46.0977   37.3363   14.0357   74.4648   33.9706   71.8401   43.8634   87.5957   0   81.7671   100.035   89.4359   65.6264   36.5529   72.5825   32.6012   34.9331   95.4758   57.2492   52.0132   53.2738   39.3737   109.984   54.5306   94.1368   33.1127   44.4258   22.4031   28.0711   60.9615   79.531   99.1907   47.9733   70.3104   63.9408   83.7085   99.2586   65.8718   88.9801   50.4951   40.318   61.19   75.0482   88.7906   97.6332   50.093   39.8582   86.8477   
28.0713   34.4819   50.2494   38.4187   69.3758   56.0357   53.3385   89.8888   41.4367   26.9258   15.6525   44.9444   23.3238   51.0882   62.6498   57.4282   66.3702   40.1123   82.4924   60.407   33.0151   19.3132   67.1789   77.4726   69.9214   34.1321   50.2195   40.2616   49.5177   38.0132   66.2722   0   41.4591   46.3074   82.4934   75.0083   39.0447   75.9422   72.5776   62.2769   53.7044   60.8741   93.9559   66.5061   68.2261   54.2916   49.9559   82.1422   91.8361   76.3129   89.3487   82.9816   18.2361   54.078   104.33   37.6716   49.3017   57.1156   59.3516   57.5206   39.3132   65.7779   59.508   89.7902   56.2921   27.434   43.8087   63.0813   97.1924   27.0828   
47.8539   61.327   77.1557   65.0692   91.6788   61.6604   70.0928   115.421   20.1246   48.2597   16.0312   65.0077   4.24264   30.4631   83.3847   62.8013   82.5651   58.5235   88.0738   72.0625   60.4649   44.5982   94.2603   86.3713   92.5905   58.2495   76.4199   29.6816   76.6942   57.0351   86.0349   27.4591   0   31.5242   87.25   99.3987   43.8329   91.0118   93.7147   83.7806   78.9498   85.9974   104.701   81.2129   52.0799   78.3817   71.4787   107.244   105.411   96.0062   109.135   88.5453   43.4815   69.0312   127.286   49.6705   61.0125   54.6623   78.1981   84.9796   56.796   79.8831   82.5458   96.8013   82.547   34.1351   55.1123   70.3963   119.495   37.7697   
37.5366   60.8276   71.3442   59.1692   80.7094   46.2709   57.0088   106.775   15.2315   52.9528   24.4131   70.8308   13.8924   24.1868   71.6938   47.3814   68.9638   46.6476   72.5672   57.4282   57.2451   38.4708   88.5099   71.1126   81.8413   61.0737   69.4046   15.6205   71.5891   63.3246   73.7902   27   15.5242   0   68.4059   90.0845   32.8045   80.0632   82.0074   89.2769   72.6686   80.4893   91.5785   69.8652   40.6982   76.6888   76.9559   93.6492   94.9827   85.7782   93.7057   75.423   45.2361   77.4131   116.204   45.8087   44.4951   28.53   86.2933   83.307   66.3132   73.9718   72.2285   81.3814   80.9403   43.6469   66.8924   64.4849   104.802   51.4131   
47.5079   86.8332   78.4474   70.5195   62.8172   12.53   37.0135   94.1116   58.0345   92.0217   75.1798   108.853   68.0074   55.5788   52.9528   11.1803   38.6264   41.7612   19.0263   23.5372   77.3886   60.4649   91.1373   22.4722   64.7611   94.6256   72.8354   42.19   81.0247   103.392   50.9608   67.4759   69.9214   54.4059   0   82.1185   61.7352   52.6931   71.1185   118.883   85.9549   87.3495   44.8348   49.1496   80.192   83.3478   113.346   82.378   54.3293   61.8979   67.3927   31.0384   81.7322   115.008   98.57   59.8219   49.2053   61.1803   119.845   93.013   103.819   46.1496   72.0135   34.2047   103.64   86.8948   105.517   51.5466   87.186   89.6101   
37.4833   45.8912   20.5913   25   13.4164   56.7186   30.0666   31.8904   89.1403   65.0077   75.6439   73.2462   80.1561   94.8103   16.5529   57.5587   32.8938   30.8869   67.9117   44.0454   36.1248   40.7185   25.2982   57.28   12.6491   58.8558   14.8661   77.4209   24.1868   72.6911   21.095   60.0083   84.3149   75.0067   67.0671   0   73.675   46.3776   25   81.2118   41.4375   37.9488   68.4947   48.5254   113.103   37.1948   78.7834   31.0711   59.6467   37.624   40.1725   71.1427   75.2353   87.2575   43.65   70.5127   75.0424   88.6122   81.0389   47.3979   80.1104   59.4833   46.799   72.743   59.4367   87.4423   84.5793   58.8869   32.2483   81.0168   
19.799   49.163   55.0364   43.0813   62.9682   35.7771   40.2616   89.1067   32.0156   47.5079   29.4109   65.2993   26.3059   38.9102   54.1202   37.1214   52.7731   29.0689   62.6498   43.1856   43.2897   23.3452   72.0069   58.9406   64.0703   52.811   52.4786   23.3452   55.7136   58.8303   56.4624   21.2603   29.8329   17.8045   46.6154   57.28   0   61.6155   65.2195   79.8905   59.72   65.3637   76.4401   51.8167   58.5027   60.1461   69.7122   77.1815   75.0082   66.3289   77.6259   65.163   39.4964   74.719   97.3052   29.1623   30.53   36.2627   77.9262   67.799   59.9625   50.4868   52.4833   70.7083   70.9732   42.6155   65.0689   41   89.5283   48.3431   
31.5753   63.8905   47.4131   43.1856   27.2029   27.2947   6.32456   58.5235   72.8972   76.4853   73.0068   90.1388   72.0069   75.452   17.2627   27.7308   7.07107   19.6469   36.0555   12.1655   53.1507   43.6578   57.2713   25.9422   29.1204   74.8866   41.1461   57.9828   50.6063   86.8332   15.6525   59.5399   75.505   61.9839   35.6931   32.249   45.7056   0   40.4295   98.558   59.7636   58.2666   37.4307   28.9814   98.617   55.5372   93.6469   48.274   31.4642   32.198   41.105   42   74.8027   100.197   63.1347   61.2428   52.5736   72.1202   100.106   66.8784   87.8866   29.1803   41.3246   45.9615   77.9846   80.9238   89.2738   38.6155   55.0196   79.536   
30.8869   49.2443   27.6586   27.313   13   45.8912   19.105   40.8167   81.4678   66.0984   71.8401   76.6942   74.686   86.3713   8.06226   46.6905   22.8254   21.9317   57.28   33.0606   38.6264   37.4833   35.9026   46.8188   13.8924   61.6847   21.2603   68.7677   31.1448   75   13.0384   56.5155   78.7147   68.0074   56.0803   11   50.2195   21.3776   0   84.2479   44.313   42   58.8083   37.7697   106.141   40.3516   81.285   34.0711   51.156   29.1333   36.6977   63.3776   70.3428   89.1906   48.9317   63.9163   60.0977   79.657   85.3847   54.0151   78.9799   45.6833   30.3178   62.2969   62.112   83.2086   86.8923   49.9317   40.8167   77.7816   
57.4282   19.2094   43.4166   40.8167   76.896   92.358   77.2334   81.0555   86.0058   20.6155   52.7731   11.4018   65.3758   96.0208   76.0592   93.7443   88.0057   65.7951   115.521   89.8276   30   44.4185   52.0865   107.48   76.2168   11.1803   48.7032   85.3288   40.025   16.2788   81.0062   45.2769   68.7314   72.1734   104.848   63.5689   63.8905   83.0963   68   0   57.8167   59.4626   120.527   93.3506   107.677   61.3178   30.3693   84.5435   114   93.3506   102.827   115.465   61.4483   34.9199   97.3019   80.4412   91.4098   95.6241   25.0711   51.4683   43.6728   95.1348   71.8099   121.867   41.0196   67.2279   43.8617   90.8024   95.05   62.3087   
26.0192   21.0238   12.8062   1   38.4708   58.5235   38.4187   52.7731   73.8241   39.0128   53.0094   48.4665   60.1415   81.5414   36.2491   59.7746   48.2701   29.1548   78.2304   52.1536   10.4403   20.2485   30   69.2026   38.2099   33.5261   13   65.8027   13   47.0744   41.1461   37.6431   64.3817   58.6686   70.8378   26   42.72   43.8634   28.2312   39.9625   0   23.2111   81.2942   54.9797   99.3667   27.6056   53.0989   48.8403   75.3075   54.9797   63.0106   78.8246   51.2353   60.566   67.0833   56.2712   68.243   75.7746   56.1545   30.2462   52.4966   57.7907   33.4391   84.3854   35.799   65.077   58.5933   57.1548   58.2483   60.5467   
30.8058   25.4951   6.32456   6.40312   33.5261   61   38.4708   45.618   80.2621   45.0999   60.2163   52.8867   67.1789   87.6641   33.0151   62.1691   46.7547   31.4006   78.7147   52.8015   16.0312   27.0185   23.3238   69.1158   32.9848   38.4708   6.08276   71.5122   8.06226   52.345   38.0132   44.8219   71.4213   65.192   73.0068   20.3961   48.7545   43.2666   25   43.4626   7.2111   0   80.6974   60.7483   105.89   33.0087   58.6899   41.9231   74.7309   54.0862   58.4185   80.622   56.6385   64.0918   58.2019   61.6154   64.9902   82.9857   63.3656   31.2734   59.7077   60.3244   39.2076   84.4374   41.2021   70.8145   63.2701   59.4006   52.6444   67.2195   
51.8845   87.046   70.4911   66.6033   44.5533   28.6356   29   74.027   81.3941   98.27   90.0278   112.801   86.209   80.9568   37   27.8927   20.6155   41.0488   16.2788   18.0278   76.3806   65   78.7718   5.83095   46.5296   97.6166   64.1405   65.307   73.7835   109   32.9848   78.4347   89.0505   74.0068   27.8029   53.4883   60.8276   23.4307   43.382   106.217   67.2681   66.6108   0   45.6579   104.912   78.2127   115.049   65.6244   27.0454   44.8707   56.0161   31.1555   91.6987   119.446   80.4851   73.4618   64.163   77.8927   121.967   89.5539   106.666   42.6579   64   32.6301   101.402   96.1457   111.949   50.4401   72.37   99.8992   
22.4722   58.0517   45.607   38.9487   33.2866   22.2036   5.65685   63.9766   63.1348   68.6003   63.0714   83.2406   61.8142   66.2193   23.0217   23.0868   17.2627   11.4018   38.833   12.8062   47.634   35.3553   58.0345   30.4138   34.9857   68.1175   39.8121   48.6004   48.3839   79.3221   23.3452   50.01   65.307   51.8652   33.1361   34.5254   35.5106   10.198   23.7697   77.0779   39.4462   40.4969   29.6816   0   88.7186   54.7   85.4018   51.0213   40.4764   42.2094   43.3019   44.4709   67.6447   92.1665   69.0727   55.0624   48.632   65.4185   93.3371   66.2107   78.7835   23   40.6569   48.6176   73.7477   72.037   83.1153   34.8167   58.2444   70.4869   
61.6198   84.2021   96.0417   83.863   103.711   61.131   78.2304   130.908   9.89949   73.0616   41.0122   90.05   28.0179   10.4403   94.2019   61.8466   89.0056   69.527   84.214   75.3923   81.5414   63.1348   113.208   85.703   104.995   82.6075   94.0479   24.6982   96.2549   82.0975   95.6922   49.7293   25.0799   24.6982   65.192   99.0353   41.8688   82.365   91.351   93.3435   83.3547   89.8888   89.7385   72.7186   0   98.6181   95.5772   118.347   108.987   105.511   116.021   89.5196   67.2567   94.0122   139.174   64.5982   65.3697   50.7809   102.713   107.25   80.5447   88.6166   94.3522   95.8466   105.638   57.9103   80.0077   81.9112   129.5   61.5184   
23.3452   25.0599   13.9284   3.60555   35.1283   54.8179   34.2053   51.6236   72.7186   42.19   53.8516   52.3927   60.1415   80.0562   32.311   56.0446   44.0454   25.2982   74.0945   48.0208   14.3178   19.799   30.8869   65   35.0143   37.3363   12.0416   63.9062   15.1327   50.6952   37.1618   38.2753   64.3817   57.6888   67.0522   23.1948   41.1461   39.6232   24.3516   44.1022   4.24264   7.61577   63.0317   35.3553   82.3772   0   56.7612   47.0666   70.0803   53.3821   58.0114   74.9681   53.8409   64.8087   62.1699   55.8217   65.569   73.9396   60.3971   32.8518   56.7392   58.3553   36.41   78.8122   38.4045   61.0106   60.1814   53.2982   55.4431   59.909   
50.2096   18   45.0111   39.0512   76.4853   84.5044   72.4017   85.3288   74.027   8.24621   40.4475   12.0416   53.1507   84.1487   74   85.9127   84.119   60   108.931   83.8689   27.6586   36.7696   57.0088   101.671   76.1183   5.09902   49.163   74.2159   42.107   9.05539   78.7718   33.9559   56.4358   60.531   96.8297   63.6396   53.7122   78.5493   66.0984   12.3693   38.0789   43.2897   101.02   71.4003   81.1542   41.7612   0   85.0033   110.014   92.1412   99.7726   109.356   48.5261   31.298   99.4013   71.6274   83.2575   88.6804   30.3186   51.0278   37.5914   87.9161   70.6005   117.85   39.5153   61.1466   36.4924   88   95.8879   56.2274   
42.2019   52.9528   27.313   32.0156   7.07107   57.28   30.3645   28.6531   93.3809   72.0278   81.7068   80.2808   85.5862   98.4937   14   57.9741   30.2655   34.0588   65.6201   43.2897   43.1856   46.8188   29.1548   54.7449   5.83095   65.9242   21.8403   80.9197   30.8707   79.7621   17.4642   66.1287   89.6939   79.6492   66.7533   7.07107   61.8466   31.1448   12.2066   70.5195   33.0151   27.4591   50.448   35.4683   103.276   30.0666   70.7107   0   55.1622   35.0711   40.9864   69.0818   82.251   91.5508   34.5183   75.2313   72.3043   91.7841   88.0131   53.171   85.5117   54.2753   42.5244   70.19   63.3839   91.0772   90.248   62.0588   32.7047   87.117   
48.7647   80.8022   62.0081   59.5483   33.9559   33.6155   23.7697   63.0079   85.0706   93.9415   89.3588   107.378   87.1436   85.9069   27.2947   33.2866   12.0416   37   27.2947   18.6815   70   61.0983   68.942   16.4924   35.9026   92.1141   55.6058   69.2892   65.437   104.235   22.8473   76.4853   90.3549   75.9539   36.2353   43.8292   61.0082   17.4642   34.4093   100   60.3075   58.7282   11.0454   26.4764   93.984   56.0803   95.8801   40.1622   0   37.0227   46.0998   42.2009   90.6436   114.185   69.0094   72.036   65.1698   82.4832   115.242   81.4934   105.076   43.3117   58.7697   38.1246   94.3473   94.7199   106.719   49.0143   61.7725   96.7794   
33.2415   59.6825   40   38.0132   17.088   37.1618   11.3137   48.3839   79.6116   74.6324   75.5381   86.7698   76.243   83.0963   7.07107   37.6962   10.2956   21.587   45.1221   22.3607   48.8774   43.2897   48.0833   34.4819   18.9737   71.5542   33.6006   65.437   43.4166   84.309   6.40312   61.0328   80.0062   67.5426   45.8912   22.8035   50.3289   10.198   12.53   78.7718   38.833   36.7696   30.8707   16.9706   89.3085   34.6699   75.6439   21.0238   22.0227   0   26.3693   52.198   76.0085   99.399   53.0197   66.2709   57.5627   77.0328   94.9875   60.5982   89.5528   39.2094   42.5407   56.1595   72.8121   82.864   88.5252   43.7149   44.9047   81.2562   
45.5412   68.942   46.2277   47.0106   14.3178   45.8039   22.8254   43.1045   91.4166   85.3756   87.8237   96.3846   88.6002   94.4034   11.7047   46.0435   13.8924   33.9559   47.0425   29.6816   58.3095   55.0364   50.2494   36.0555   16.1555   81.3449   40   76.844   49.8197   94.5569   7.07107   73.171   92.3472   79.7057   52.3927   26.1725   62.6259   19.105   19.6977   87.6584   47.927   44.4185   31.0161   28.3019   101.02   44.0114   85.703   21.095   20.0998   12.3693   0   53.5601   86.2357   106.262   50.2495   77.3815   69.0745   88.7283   104.082   71.4786   96.0511   48.2853   47.389   58.2244   81.8096   95.2328   100.894   55.2266   39   93.5559   
43.1393   81.4002   69.5701   63.0635   50.636   13   26.6833   81.7863   65.6201   89.4986   77.1622   105.361   72.0069   64.846   41.1096   12.0416   25.9615   34.6699   15.6205   12.1655   71.2811   56.5862   80.895   12.0416   52.6118   90.5539   63.6003   49.4975   72.45   100.658   38.6394   67.1193   74.5453   59.2115   13.0384   56.1427   47.7598   24   45.1774   100.125   63.5295   64.622   16.1555   24.1661   73.7564   59.4811   93.3488   55.0818   23.3452   34.0588   39.5601   0   82.5472   113.584   86.5677   60.6155   57.2594   62.0416   115.773   86.4545   99.4506   36.7957   61.6833   29.0711   97.8624   83.352   106.209   50.8395   75.8143   91.0139   
26.1725   32.9848   48.1041   36.2353   67.1863   55   51.4782   87.6641   42.7551   26.8328   17.8885   44.7772   25.2389   52.2398   60.531   56.4004   64.4981   38.2099   81.3019   58.8727   31.0644   17.088   65.0692   76.0592   67.72   33.3766   48.0104   40.7922   47.4236   38.0789   64.195   2.23607   29.4109   28.0713   66.6033   57.7754   20.8087   57.7062   54.3415   44.5533   35.4683   42.638   76.896   48.2701   51.2445   36.0555   33.5261   63.9062   74.7329   59.0085   71.1126   65.8635   0   49   96.7345   39.9076   51.3386   50.171   58.5962   57.3601   39.2354   63.879   57.2828   90.4004   54.7951   29.67   40.2603   61.8087   90.0237   28.2462   
53.4135   24.0832   51.0882   44.5533   82.0366   87   76.5376   91.5915   72.4431   7.2111   38   11.1803   51.0392   82.7345   79.1202   88.4138   88.5664   63.8122   112.045   87.4185   33.2415   40   63.3246   105.209   81.7435   11.4018   55.0364   74   48.2597   4.24264   83.8153   34.0147   54.0093   59.6657   99.1564   69.3542   54.7083   82.7647   71.3092   16.6433   43.566   49.0918   104.848   75.1665   79.0063   47.0744   6.32456   76.4199   100.185   80.4114   90.802   96.4261   34   0   105.484   71.6863   83.3164   84.171   25.8489   57.1109   37.2412   91.12   76.6837   116.814   45.8399   58.1036   32.1421   87.5891   101.602   51.9848   
62.482   66.1891   39.2046   48.0833   21.9317   76.1577   49.6488   10   113.864   86.977   100.623   92.0869   105.394   119.004   32.2025   76.6942   46.0977   54.5619   80.1561   61.0328   58.0517   65.7647   30.6757   69.1809   20.1246   79.1012   36.1386   101.415   42.0476   93.086   33.5261   84.9706   109.554   100.005   84.4808   25.2389   82.2192   49.0408   32.6497   81.3019   49.0408   42.2019   64.0312   55.0727   123.762   47.1699   84.1487   20.5183   53.0094   39   33.1361   72.0347   82.7345   90.2718   0   93.3095   92.7474   112.287   100.229   65.2587   101.383   74.7936   62.9675   87.7008   82.1584   108.15   104.471   82.05   32.4018   105.897   
17.0294   48.5077   52.9245   41.1096   59.9083   33.6155   37.108   86.3134   34.7131   48.2597   32.0156   65.8635   29.4279   41.1825   51   34.9857   49.6488   25.9422   60.3738   40.3113   42.0476   22.0227   69.7782   56.3205   61.0328   52.9245   50.1199   25   53.7587   59.6406   53.3104   22.6716   32.9848   20.8087   44.8219   54.4518   3.16228   42.5793   47.2017   63.9062   40.8044   46.6154   58.0517   32.3883   44.5982   39   54.1202   58.8982   58   47.1699   59.4643   45.31   21.9317   55.4707   79.3095   0   31.6301   39.425   75.2699   65.0294   54.8044   53.6491   51.7212   68.9857   70.318   44.0868   57.1856   44.1623   86.7001   49.7543   
20.2237   57.0088   57.2713   46.2709   58   23.2594   32.249   86.6083   36.3593   58.6003   41.7852   76.0066   37.054   40.3113   48.2701   24.5967   43.6578   24.2074   50.1597   32.0624   49.366   29.8329   73.3757   46.8722   59.397   62.6099   53.4509   22.6716   58.6941   70   49.6488   33.3017   40.0125   25.4951   34.2053   54.9181   12.53   36.7696   46.0977   73.4098   46.1736   50.9902   49.163   26.8328   46.0435   43.566   64.1405   58.258   50.4876   43.2666   55.0727   35.4401   32.5269   65.8027   78.7464   10.6301   0   32.8045   85.9   68.2237   65.4346   40.6423   54.9156   58.5967   78.819   50.1059   67.8158   31.1555   84.8366   60.3844   
35.3553   66.0076   71.8679   60.0833   75.743   35.0143   49.93   103.856   18.7883   61.6847   36.0694   79.712   26.4197   22.8035   66.0681   36   60.8358   41.7253   60.6712   47.8017   60.531   40.6079   88.6397   60.0333   77.1038   68.4471   68.8767   6.08276   72.7324   72.6154   67.424   34.7851   27.8568   12.53   42.2019   72.0069   17.2627   54.1202   63.6553   79.6241   59.7746   65.5515   63.3877   44.4185   28.3019   57.9396   68.6804   75.743   66.4831   61.0328   72.7186   48.0104   35.171   68.7095   96.2601   18.9737   17.8045   0   90.9605   83.3553   72.2616   57.9418   69.746   70   87.8178   56.1768   72.209   48.96   102.518   53.2353   
56.6392   21.1896   47.3814   43.0813   80.0812   91.214   78.0064   86.3713   81.0987   15   47.1699   6.32456   60.0333   91.2688   78.3901   92.6175   89.3588   65.9469   115.261   89.9389   31.7805   43.2782   57.5587   107.713   79.555   9.21954   52.1728   81.4923   44.1814   9.21954   83.2586   41.2311   63.1981   67.7422   103.6   66.9403   60.9262   84.0536   70.3847   7.07107   42.1545   46.5725   106.827   77.3369   88.0511   46.0977   7.28011   73.9797   101.242   80.5295   90.0777   99.7246   40.8044   9.84886   86.0233   61.2699   71.1969   75.9605   0   54.2174   41.2036   94.3457   73.7901   119.38   42.9999   63.2597   41.991   93.9469   99.1886   60.3479   
34   18.0278   9.21954   8.24621   41.4367   66.4831   45.4863   50.5964   80.5295   38.6394   57.3149   45.1221   65.6049   88.6002   41.0488   67.72   54.4518   37   85.5862   59.5399   10.2956   26.9258   24.8395   76.2758   40.8044   31.0644   13.3417   73.2462   7.2111   45.0444   46.0435   42.5206   69.814   65.307   78.7464   28.1603   50   50.6063   33.0151   35.4683   8.06226   8.06226   74.027   46.9574   89.8944   11.7047   36.0139   35.171   66.468   44.5982   52.4786   71.1126   40.4599   42.0119   48.3735   48.2701   54.0833   67.1863   38.833   0   57.8093   63.6588   39.5539   90.5169   32.4164   69.9546   64.8686   63.4773   60.4085   67.224   
40.3113   22.6716   46.8188   37.4833   74   72.8629   64.622   88.2553   59.0085   7.61577   25.9615   25.632   38.3275   69.1158   69.5845   74.2765   77.1622   51.4782   98.4073   74.4312   27.5136   27.313   61.7738   92.1141   74.027   16.4924   49.2443   59.4811   44.7772   18.868   73.9797   19.3132   41.7732   45.5412   84.8646   62.2896   39.9625   70.9366   62.2013   27.074   36.4966   43.1741   92.1792   62.6099   66.2722   39.1152   15.0333   69.1809   88.3912   69.857   81.0494   82.801   19.2354   14.7648   85.3756   40.8044   51.225   54.0833   22.2036   37.6962   0   78.0178   67.5078   108.277   44.4818   46.7472   21.099   79.1407   94.5047   43.0263   
23.7065   60.3075   48.5077   41.5933   35.8469   19.2354   8.06226   66.7083   61.7171   70.1783   63.2851   85.1469   61.4003   64.405   25.5539   20.0998   18.0278   13.4536   36.4005   10.6301   50   36.8917   61.0328   28.4253   37.5899   70.0928   42.7551   46.8722   51.2445   81.0247   25.4951   50.6952   64.7765   50.9608   30.1496   37.4833   35.1283   11.1803   26.6833   79.2465   42.0595   43.3244   28.178   3   71.1969   38.0132   73.2462   38.2753   26.0768   19.2094   30   21.4709   49.0408   76.844   57.7062   32.0624   25.632   42.9418   79.3095   49.6588   64.0078   0   43.0623   44.2488   76.3923   74.1924   85.1068   28.4868   60.6498   71.7212   
17.6918   38.6005   24.3311   17.8045   27.2029   42.2966   20   51.6624   69.3542   53.1601   57.5674   65.3682   60.9016   75.213   21.0238   43.4166   30.2324   13.0384   60.0333   34   27.8029   23.1948   38.4708   50.8035   27.8568   50.1199   19   57.9828   26.9258   62.7694   25.318   42.2019   65   55.2268   54.1295   19.799   37.4833   25.4558   14.3178   57.8014   18.4391   18.9737   48.8365   21.5407   79.2465   14.2127   54.1295   24.6982   42.2019   21.5407   32.3883   45.6946   40.025   58.8727   44.8219   34.6554   35.7771   52.4309   59.1692   25.5539   48.6621   24.3516   0   65.9666   52.6035   69.6359   69.4603   41.0384   52.0473   63.493   
49.0408   86.5563   73.0068   67.4166   51.0098   20.025   29.9666   81.6149   72.4431   95.6033   84.119   111.126   79.0759   71.3092   42.19   19   26   39.6989   10.2956   15.8114   76.2168   62.482   83.1986   5.38516   53.0094   96.1769   66.8506   56.3205   76.0592   106.668   39   73.7902   81.6149   66.2722   17.2047   58.0517   54.7083   25.9615   47.2969   105.475   67.9559   68.4251   10.6301   28.6007   80.4114   63.8122   99.1564   56.1427   20.1246   35.3553   38.6394   7.07107   72.4707   102.45   71.7008   52.2015   42.45   55   105.38   75.2928   89.0505   26.2488   49.7393   0   102.216   90.4231   109.387   51.0644   77.6394   97.0555   
41.7612   7.81025   21.3776   19.799   54.7814   76.1577   57.4891   60.8276   82.0061   29.0689   54.0833   32.249   64.405   91.0055   54.3783   77.4726   67.2681   47.5079   97.0824   71.0282   11.4018   31.0644   32.573   88.2383   54.0833   19.4165   26.5707   77.2334   18.1108   33.2415   59.3633   41.2311   68.4251   66.9403   88.6397   41.4367   54.037   62.9682   46.3249   22.1359   19.105   21.4709   86.3713   58.2495   90.7579   23.3452   24.5153   48.3839   79.3095   57.6281   65.8635   82.1523   39.5601   30.8058   60   53.0094   60.6712   71.1758   26.0768   13.4164   30.4795   60.7454   37.5366   86.8389   0   66.8483   51.5785   75.5079   73.685   59.7772   
33.541   43.6578   59.397   47.4236   76.5506   56.3649   58.0345   98.4733   33.0151   33.3766   9.05539   51.1957   13.8924   43.0465   69.1231   57.6975   71.007   45.2769   83.2586   63.1506   42.4382   27.4591   76.4199   79.404   77.2528   42.0476   59.0339   34.4384   58.7963   43.6807   72.3671   9.43398   18.0278   19.6469   66.888   68   20.6155   64   63.5689   53   46.6905   53.8145   81.0247   54.037   40.7922   47.0106   41.1096   73.8241   80.3057   66.7533   79.0759   68.352   11.4018   40.025   93.1504   23.0868   33.1059   29.6816   48.2597   51.8556   26.0768   54.231   49.3964   75.2728   50.5668   0   39.9615   61.6155   99.4927   34.0711   
44.2832   27.2029   51.8652   42.5793   79.0063   75.9276   68.9493   93.3006   58.3095   8.24621   24.0832   25.318   37   68.593   74.4312   77.3369   81.6088   55.7136   101.833   78.2943   32.573   31.6228   66.6483   95.8801   79.0569   19.2354   54.3415   60.1664   49.7695   17.72   78.7718   20.8087   40.1123   45.607   87.7268   67.3647   42.0119   75.2728   67.1193   28.8617   41.5933   48.2701   96.1509   66.7083   65.0077   44.1814   16.4924   74.2428   92.6984   74.5252   85.8429   86.267   21.2603   14.1421   90.471   43.1856   53.7587   55.0364   23.0868   42.72   5.09902   67.9779   53.4603   92.6499   35   25.9615   0   83.0119   99.6037   41.9737   
18.4391   57.4543   50.0899   41.2311   43.4166   17.088   16.4012   73.4302   52.3546   64.6607   54.7449   80.6226   52.1536   55.4437   33.3017   18.3848   27.5136   13   40.4599   17.4642   47.8539   31.8277   64.3817   34.4384   45   65.9469   45.0111   37.8021   52.345   75.8222   34.0588   43.0813   55.4437   41.4849   29.5466   42.72   26   20.6155   32.6497   75.8024   41.4849   44.2832   35.4401   10.8167   61.9112   37.855   68.593   44.7772   35.0143   27.6586   39.1152   24.8395   41.6293   71.5891   64.8999   23.0217   16.1555   33.6155   75.0733   49.4773   58.0086   9.48683   26.0192   31.0644   59.0931   45.7056   61.5873   0   68.9888   66.4538   
53.535   63.2851   36.6742   43.1045   10.8167   64.8845   38.5876   21.2132   104.235   83.0241   93.4077   90.2552   97.1288   108.904   21.095   65.3911   34.7131   44.5982   69.029   49.6488   54   58.5235   33.4215   58.0345   9.21954   76.3217   32.0624   91.2414   40.025   90.2718   22.1359   77.8332   101.213   90.802   73.0821   18.2483   73.0068   37.6962   22.8035   80.05   44.1022   38.0132   53.0094   44.1022   114.11   41.4367   81.2219   11.7047   42.0476   27.7308   22   60.6383   75.6108   87.0919   11.4018   70   68.593   86.2786   84.0119   45.2769   80.5047   46.6476   36.2353   60.407   58.0517   85.4927   85.5862   54.2033   0   98.8217   
34.0147   37.5766   55.4437   43.8292   75.4321   60.5392   59.2115   95.5249   40   26.3059   10   44.1475   19.9249   50.0899   68.7314   61.9112   72.2496   46.0435   87.2353   65.8027   37.5366   25.2982   72.1803   82.6378   75.9605   35.1283   55.7584   41.2311   54.4885   36.6879   72.3395   6.08276   23.7697   26.6833   71.6101   65.9242   25   65.3758   62.5859   46.0109   43.0116   50.2195   83.8153   55.7315   47.5184   43.909   34.0588   72.111   82.201   67.0671   79.2275   72.0139   8.24621   32.9848   90.802   26.9258   37.4433   36.2353   41.1947   47.3814   19.0263   56.2939   48.2701   78.7909   44.7772   7.07107   18.9737   48.3839   83.8153   0   
