15
30
999999 15 6 15 13 5 10 13 10 13 17 6 9 5 16 8 12 8 17 16 15 15 17 14 11 5 11 10 16 12 
0 4 2 7 12 1 1 4 8 8 7 3 6 4 9 7 1 4 7 9 1 6 13 5 3 2 1 9 4 6 
20
0   0   0   0   0   0   0   0   0   0   0   0   0   0   0   0   0   0   0   0   
7   10   3   -7   -2   0   4   -11   -9   -7   0   5   0   -4   5   2   5   -5   0   -6   
0   1   0   1   -2   0   -1   0   2   0   0   0   0   1   1   -1   -1   4   2   2   
1   9   -1   7   0   4   6   4   4   -4   -6   10   -2   -5   2   3   -10   -5   -2   0   
7   -7   8   0   2   -8   6   0   7   -4   6   0   1   -2   4   -11   3   -5   5   -8   
-3   2   -2   3   0   2   -1   3   -4   1   -3   1   -5   1   -3   3   -3   2   -1   2   
-6   1   -3   3   -2   8   -10   1   -8   8   -3   5   -2   0   0   2   -7   5   -6   6   
0   7   0   -1   1   0   0   2   -6   2   -2   0   -3   6   -7   3   -6   -3   0   6   
1   6   -2   0   1   0   0   -4   2   4   0   2   0   3   2   1   -4   0   2   5   
7   -4   -1   -3   4   -3   1   -1   5   3   5   -6   1   -1   3   0   4   0   0   1   
10   -7   -1   0   3   -8   7   -3   11   -10   8   -10   4   -2   10   -2   -3   -4   7   1   
-3   3   -6   0   -4   4   -4   3   -1   6   0   3   -1   4   -4   2   -5   2   -6   3   
0   -1   1   -2   1   0   2   0   4   -3   5   1   0   0   -2   0   2   -4   6   0   
-4   2   -2   3   0   2   -3   3   -2   4   0   2   -3   2   -1   3   -2   2   -3   2   
-6   -1   -11   0   -9   2   1   7   -6   3   -7   4   -6   7   3   5   3   5   -2   4   
3   3   3   -1   1   0   -1   -2   1   0   4   0   1   -1   2   -1   0   -1   0   -3   
-4   6   -8   2   -12   7   -6   5   -6   10   -3   7   -3   8   -6   5   -8   8   -4   7   
-5   3   -3   4   -5   4   -3   5   -3   5   -6   4   -6   8   -4   1   -4   3   -3   4   
-10   7   0   2   -12   3   -3   5   -11   1   -1   1   -2   13   -7   2   -3   -1   -8   -2   
-5   13   -8   10   -15   2   -8   0   -3   11   -7   5   -13   11   -14   0   -3   5   -8   12   
1   0   -1   10   -4   -2   -4   4   -4   8   0   8   -4   0   -14   -2   1   -4   -4   0   
6   6   1   9   -11   0   -10   2   -4   8   1   0   -7   6   -4   2   -6   3   -5   -6   
-2   1   -9   7   -10   5   3   3   -7   12   -1   12   -7   12   -7   0   -10   5   -15   1   
0   5   -1   2   -10   2   -1   7   -8   12   -11   4   -8   7   -12   6   -8   -4   -7   2   
3   -6   1   -4   2   -1   7   -1   2   -2   0   -2   1   1   1   -1   10   -6   3   -3   
1   0   1   0   1   -2   0   -2   0   0   0   -2   3   0   0   -1   2   -1   0   -3   
-6   7   -6   0   -6   6   -1   8   -3   9   -5   6   -4   5   -7   1   -3   9   -9   5   
0   0   2   -7   2   -3   2   -4   2   -2   1   -3   2   -1   3   -2   0   0   3   -5   
5   -7   11   -5   15   -9   12   -8   10   -5   12   -8   2   -8   6   -8   15   -8   10   -12   
5   -8   3   -10   0   -9   8   -8   4   -10   6   -2   7   -10   8   -9   1   -12   11   -7   
0   65.3964   59.3543   68.4378   46   62.0505   65.6004   50.0978   69.1213   79.2535   53.3363   21.2361   68.61   44.5862   52.1781   62.8092   40.095   35.3417   58.9222   47.0238   43.6155   51.0644   74.4935   57.8534   63.2666   76.7876   73.5079   80.6392   47.5862   45.5466   
49.3964   0   67.8498   109.049   64.0588   43.9072   100.632   92.7156   107.471   124.209   39.7952   66.6888   100.33   44.1006   40.2389   18.6056   50.6816   53.2491   103.534   69.0091   49.7924   87.593   103.074   101.447   28.2361   36.0278   116.478   81.1427   83.0076   42.9249   
39.0128   49.6588   0   98.1687   77.6383   44.1794   56.4849   62.0672   100.457   113.094   70.8507   57.6739   55.4849   52.1725   67.2015   68.2443   58.1715   58.9473   66.1077   38.3607   51.8469   90.0773   59.0488   63.793   71.2034   67.0977   109.815   105.685   52   53.4833   
47.634   93.8136   82.0792   0   66.1041   109.196   80.6201   65   22.4031   35.6205   90.0958   66.2017   79.6201   91.7559   84.7107   106.49   81.7904   73.7282   66.6624   80.808   80.5282   54.3772   88.7025   66.6118   108.608   124.422   30.2111   88.0069   71.8859   93.1806   
25   49.0408   60.6383   48.1041   0   76.0701   88.8732   68   62.1774   80.1772   44.4268   45.0185   88.4261   59.2843   39.0416   67.6464   42.8035   44.0868   83.9222   67.793   47.2843   46.2485   94.3095   79.5138   71.0106   80.4981   70.2945   50.45   67.4023   57.176   
44.4072   26.9072   25.1794   92.0054   57.0701   0   81.6643   76.6167   111.677   123.661   61.45   63.8219   80.6643   36.4642   60.4588   41.6586   59.3657   61.4683   87.4355   52.9102   54.8617   86.6154   84.2281   87.4799   41.1725   48   110.81   100.71   69.0408   49.0208   
48.6004   85.7088   41.2311   66.6108   72.9178   65.3758   0   38.9317   86.5248   93.0669   99.8553   62.8039   17   77.4837   94.9333   102.172   82.8556   75.1452   31.4924   49.4709   78.9925   87.448   35.0623   29.0357   102.502   107.594   87.5891   120.119   38.4709   90.1542   
31.0483   76.6551   43.8406   45   53   62.6099   22.8473   0   63.2544   76.8705   84.3847   52.2844   39.8473   70.448   80.4348   88.4029   68.3517   65.2897   35.0153   44.7065   72   65.0104   44.6757   29.6301   88.8602   102.381   69.366   103.45   36.8661   71.1402   
48.0208   92.3147   84.119   6.40312   45.1774   92.358   71.3863   49.2544   0   38   87.952   62.8853   85.5275   91.8559   84.2191   103.865   81.3042   78.2417   73.0655   78.0967   79.8559   41.0799   93.9302   72.4891   110.376   124.808   21   84.0671   75.208   93.5674   
63.2535   109.018   97.0824   15.6205   62.1772   107.615   78.0064   57.8705   17   0   104.952   78.8013   91.5967   107.277   100.331   120.865   97.3118   89.2496   76.0725   94.7329   96.1487   58.0799   102.546   82.2323   123.827   137.631   38   96.7345   84.8802   108.8   
37.3363   24.6982   56.8507   74.2496   26.6271   42.45   83.2586   68.2495   71.6938   88.6848   0   53.4588   98.555   46.8058   24.3852   39.0868   42.4642   45.0139   96.2585   67.2868   37.2036   68.8722   108.235   94.6209   37.0868   58.2019   89.8308   55.3766   82.8466   36.7231   
2.23607   50.9215   38.1182   47.2017   27.0185   44.8219   46.4004   28.8617   47.8853   62.8013   39.4588   0   63.4004   44.3196   49.1048   62.0975   37.0217   37.1327   61.1582   37.3132   36.1359   53.3005   71.345   58.4919   63.7032   79.0236   65.4131   77.4685   46.4558   47.7826   
48.0104   85.5862   41.4849   65.6201   72.2496   65.4905   1   21.9317   70.406   77.0065   82.8553   45.8039   0   78.4837   94.9087   99.1744   82.8257   76.1452   32.4924   50.4709   79.9925   86.9421   30.0554   30.0357   98.7257   101.371   88.5891   118.484   39.4709   81.9117   
27.5862   27.074   26.1725   75.1665   40.1995   17.4642   58.6941   50.448   75.213   90.7855   30.8058   28.3196   58.5491   0   43.0294   45.4951   32.3246   33.8102   76.604   46.0179   26   70.1543   81.4003   71.2189   46.1794   53.249   93.7327   86.1825   59.0128   34.3137   
32.1403   25.2389   52.2015   70.7107   24.0416   39.4588   77.8781   62.9682   68.5055   85.44   5.38516   34.2345   77.4726   26.4197   0   42.6333   32.083   44.9249   91.0625   63.5296   39.0294   65.0454   97.3696   88.9015   42.472   59.7852   88.6757   60.7618   70.4624   38.8114   
46.4866   3.60555   49.2443   90.4434   45.4533   27.6586   84.1724   74.3303   88.8651   105.603   21.1896   48.0833   84.0119   25.4951   21.6333   0   45.4197   49.7718   102.099   71.5129   41.9615   82.0538   106.032   96.714   29   39.6333   103.091   76.0377   79.1249   44.2627   
21.095   29.6816   42.0595   64.2028   22.8035   34.3657   65.7951   51.3517   62.9682   79.511   17.4642   23.0217   65.3911   18.1108   12.083   26.4197   0   34.0623   80.0172   51.4819   27.3246   62.2244   89.3278   78.9484   50.4591   56.8019   83.9682   60.1774   68.6813   33.6619   
13.3417   36.2491   37.9473   58.7282   23.0868   35.4683   58.1378   43.2897   58.1378   74.2496   25.2982   15.1327   57.6975   18.0278   19.9249   33.2415   8.06226   0   72.2638   45.2029   23.8102   58.1618   86.4778   68.3927   50.0147   61.3814   74.4891   64.2195   60.9279   39.6433   
44.9222   89.1403   51.1077   51.6624   66.7308   72.7324   16.4924   13.9284   56.921   62.0725   82   42.72   15.5242   62.3939   76.6877   87.023   64.9384   56.8859   0   49.6597   77.8134   76.1415   42.4759   20.3852   101.092   109.892   77.921   116.126   45.7697   85.0686   
21.0238   55.0091   22.3607   59.808   45.793   38.9102   31.6228   23.7065   62.0967   74.7329   51.8845   19.3132   31.3209   28.0179   46.5296   53.1507   34.4819   27.2029   34.5254   0   44.0832   65.4876   60.9072   52.4391   67.0377   81.2669   83.0967   91.4225   34   52.6742   
20.6155   28.7924   35.8469   66.5282   28.2843   28.8617   61.6847   49   65.8559   82.0366   22.2036   22.1359   61.3514   12   17.0294   25.9615   6.32456   7.81025   62.2013   30.0832   0   59.2945   87.4288   76.203   43.6643   57.1853   82.2994   65.4296   60.5216   25.9443   
31.0644   68.593   70.0643   28.6356   20.2485   72.6154   70.4911   48.0104   25.0799   42.0476   46.8722   32   69.6419   55.1543   44.0454   65.0538   40.2244   37.1618   60.1415   50.4876   44.2945   0   92.6861   77.6406   83.959   97.0262   46.0799   61.5533   70.1413   70.2387   
54.4885   88.0738   41.0488   74.6726   79.2086   66.0076   8.06226   30.6757   79.4292   86   87.7097   52.345   9.05539   61.4003   82.365   86.8332   70.3278   62.9682   24.1868   35.8469   65.7419   77.8974   0   37.0979   102.885   107.006   95.6514   127.188   46.5332   88.5211   
40.8534   84.0536   45.793   52.6118   63.5138   67.3573   14.0357   10.6301   57.4891   64.0312   77.6209   38.6264   13.0384   57.2189   72.2772   82   60.4152   52.3927   5.38516   29.2746   57.4282   58.4123   22.0907   0   96.3123   110.468   76.7235   113.964   44.4391   81.7703   
47.1699   2.23607   48.3011   91.6079   47.0106   26.1725   83.863   74.5453   90.1388   106.827   23.0868   48.7032   83.7257   25.1794   23.3238   2   27.4591   34.0147   87.0919   53.0377   26.5707   66.4831   86.3481   82.0244   0   34.2354   105.091   76.0364   79.2385   31.72   
59.203   18.0278   46.0977   106.104   64.4981   21   86.2844   81.9329   105.418   121.631   42.2019   60.2163   86.3713   32.249   41.7852   21.2132   42.8019   47.3814   92.8924   58.5235   39.598   83.006   87.0057   87.5557   19.2354   0   118.738   94.1687   90.0408   50.9554   
47.5079   91.5478   83.8153   7.2111   44.2945   91.8096   71.5891   49.366   1   17.8885   70.8308   47.4131   70.6116   74.6324   67.6757   88.0909   62.2415   57.4891   57.2451   61.8466   65.192   24.1661   79.6241   57.7235   89.3756   104.738   0   85.0671   76.208   91.1363   
56.6392   56.1427   87.2353   72.0069   32.45   75.71   105.119   85.44   67.0671   82.7345   33.3766   58.7963   104.484   62.3939   36.4005   53.0377   45.1774   50.2195   99.1262   76.4853   51.4296   44.5533   111.126   95.9635   55.0364   74.1687   66.0681   0   99.8523   68.2015   
27.5862   66.0076   29   56.8859   52.4023   49.0408   21.4709   14.8661   60.208   70.8802   61.8466   25.4558   21.0238   39.0128   56.4624   64.1249   44.3847   36.6742   23.7697   11   40.5216   53.1413   26.9072   18.4391   64.0312   69.1231   60.1332   84.22   0   63.6742   
29.5466   19.9249   37.4833   75.1665   34.176   24.0208   68.1542   57.1402   74.2496   90.6091   19.7231   31.0161   67.9117   11.3137   15.8114   17.2627   11.6619   16.6433   70.0071   36.6742   8.94427   51.8652   71.5122   65.0692   17.72   31.241   73.5527   52.2015   47.5184   0   
