15
70
999999 16 16 13 16 5 12 7 6 7 17 15 10 10 7 5 15 11 17 13 5 17 6 8 9 6 17 12 9 9 5 15 16 6 16 5 14 6 11 5 6 13 8 7 12 6 12 17 8 9 6 10 14 15 7 5 11 9 8 9 16 7 6 9 11 8 15 13 12 10 
0 11 13 3 11 2 7 2 3 6 7 6 6 4 5 3 10 1 8 6 1 14 3 2 7 3 12 6 6 3 3 7 15 1 5 4 7 3 6 1 1 6 7 4 4 5 8 8 1 5 5 4 12 10 6 4 5 6 5 8 1 4 3 1 10 6 14 11 4 2 
20
0   0   0   0   0   0   0   0   0   0   0   0   0   0   0   0   0   0   0   0   
0   -10   1   -3   1   -1   -1   2   5   -3   10   5   0   5   -1   10   -1   -1   -4   6   
10   -11   11   -8   5   -7   5   -5   5   -5   13   -13   12   -13   9   -4   10   -9   5   -4   
3   -4   7   -7   -1   -2   4   -7   -3   -6   2   -4   5   3   8   -3   7   -9   8   -2   
9   0   -4   -4   4   -6   5   3   -1   2   2   3   6   -2   2   -1   5   0   -3   4   
2   -1   1   -2   0   -3   3   -1   0   -1   2   -1   0   0   2   -2   1   -1   1   -1   
-1   -1   -1   6   3   -2   0   3   -1   2   -4   6   1   -3   -2   7   8   0   2   2   
0   -2   0   0   2   0   1   0   0   -1   -1   -1   2   -2   2   -2   3   1   0   -1   
0   2   4   -3   0   0   2   1   0   0   0   -1   1   -2   0   0   1   -2   0   0   
-3   1   0   3   0   1   -4   4   0   0   4   2   0   3   -3   2   0   2   -4   0   
-5   7   -9   6   -11   5   -4   3   -8   2   -10   15   -4   6   -8   7   -4   9   -10   10   
-2   2   0   -6   0   0   0   5   -8   1   -3   6   -4   -2   -6   3   -10   3   -4   12   
1   -1   0   -5   5   -5   5   -6   0   -1   3   -2   1   -3   1   -10   -1   -6   5   0   
5   -5   8   1   4   -3   0   -8   5   -2   3   -7   4   -2   3   -8   0   -6   2   -6   
0   0   1   -4   2   -1   5   0   1   -2   3   -1   3   -2   3   0   3   -1   -1   -2   
1   0   2   -1   1   0   0   0   0   -1   0   0   0   -1   1   0   0   -2   3   -1   
-8   2   -7   5   -1   0   -6   4   -3   4   -8   10   -10   3   -14   9   -7   -2   -2   4   
0   -1   1   -3   0   4   3   -5   -1   4   -4   5   -2   1   -5   -1   -1   -3   -5   -2   
5   -13   2   -7   3   0   8   0   0   -2   4   3   2   0   3   -5   -1   -10   -1   -6   
2   8   -2   5   4   -1   -6   4   -4   6   0   -2   -2   5   -11   2   -7   9   -7   2   
-3   1   -2   3   -3   3   0   1   -2   2   -4   3   -4   3   -3   3   -4   3   -3   3   
5   7   1   5   -1   1   -1   1   -4   8   1   -4   -2   -3   2   0   -5   -10   -8   3   
1   0   -1   1   1   1   0   1   0   0   0   2   -1   2   -1   -1   -1   0   4   -3   
3   -5   6   -5   5   -3   3   -8   7   -6   5   -8   5   -2   8   -3   6   -2   4   -5   
2   -1   1   -8   4   -3   2   -2   2   -2   9   -8   8   -3   2   -8   5   -7   -1   -1   
-1   2   -4   2   -5   3   -4   1   -1   2   -4   1   0   5   -4   3   -2   0   0   3   
-2   -1   0   2   -1   0   6   4   -8   3   -8   4   -11   8   -13   10   -7   -5   -6   4   
2   -7   3   -4   3   8   3   -11   5   -1   5   -10   4   -5   0   -7   8   -8   3   -6   
-5   5   -2   0   -1   2   -2   1   -4   -3   -6   0   -7   3   1   1   0   4   -1   5   
-1   -1   -4   8   -5   4   -7   1   -1   4   -2   3   -3   3   -9   5   -7   5   -3   6   
1   -1   1   0   1   0   0   -3   1   0   0   -3   2   -1   2   -3   0   0   1   -2   
-7   2   -1   2   -10   9   -7   7   -13   6   -7   3   -11   4   -4   4   -1   2   -9   12   
-6   0   -3   2   -10   12   -7   11   -4   6   0   7   -11   3   -8   2   -7   4   -8   4   
0   -1   3   0   3   -1   0   -1   5   0   4   -5   3   -1   2   -1   1   -3   6   -1   
-6   1   -10   11   -14   11   -11   8   -12   15   -11   5   -10   11   -9   8   0   12   -15   4   
0   0   0   0   0   0   0   1   -1   0   0   0   0   -1   0   1   0   0   0   0   
3   -2   1   -2   6   -6   1   -8   5   -5   -2   -2   3   -3   0   -1   6   -5   3   -3   
2   -4   1   0   1   -3   3   0   1   -3   0   -2   2   -3   5   -1   2   -5   3   0   
5   -2   -6   4   -3   -2   0   0   0   -1   1   -3   -3   1   -3   -1   2   0   -1   3   
1   0   0   -2   0   0   1   -2   2   -2   0   0   1   -1   0   -2   1   -1   1   -1   
-2   -2   1   2   1   0   -6   1   -1   0   2   1   1   -2   -2   -1   -2   0   -3   0   
-6   2   4   0   5   4   6   3   -4   2   -2   0   -4   0   -2   3   2   4   -4   3   
1   0   -1   0   1   3   0   -1   0   4   0   0   2   2   -2   3   -2   2   4   0   
-1   0   2   0   -3   1   1   -1   2   -1   3   0   0   0   -1   -1   0   -2   -1   -2   
8   4   6   -10   1   0   6   -7   11   0   5   -1   12   0   -5   -9   3   -10   6   -2   
-2   1   -1   5   -1   4   -1   5   -3   0   -3   4   -2   1   -4   0   -3   1   -2   3   
-10   3   -1   7   4   11   -3   1   3   7   -10   3   -4   10   -12   2   -2   4   -1   5   
-3   3   -7   -4   -4   2   -8   9   -12   14   -7   8   -6   -2   -10   0   -12   0   -8   3   
0   3   -1   0   -3   0   1   5   -4   0   0   5   -2   2   -4   4   -1   4   -4   6   
-4   4   0   5   -4   5   -4   6   -3   1   -3   0   -2   4   -4   6   -5   4   0   0   
1   6   -1   1   -5   5   -3   3   -2   4   -6   3   -3   6   0   2   -2   2   -4   3   
-7   5   -1   7   -8   4   -6   4   -1   2   -4   3   -9   5   -1   5   -2   4   -7   2   
-11   5   -7   8   -13   9   -9   6   -5   9   -11   7   -8   9   -11   6   -5   3   -9   6   
-4   -6   -4   -4   -2   4   5   1   -1   -4   -3   6   -6   4   -4   1   -6   3   2   3   
-1   0   2   1   -1   3   -3   1   0   2   1   -3   0   0   2   2   0   2   1   1   
-3   1   0   0   0   0   -1   1   0   1   0   1   0   0   0   0   0   -1   -1   0   
-6   5   -4   8   -4   8   0   6   -8   8   -6   4   -11   6   -6   10   -2   2   -6   3   
5   -6   4   -1   8   -9   4   -5   7   -8   6   -6   1   -5   3   -3   8   -7   7   -2   
-7   1   -7   4   -5   3   -5   4   -8   6   -6   5   -5   3   -7   2   -6   2   -6   6   
0   -2   -8   1   -4   0   0   0   0   -2   -2   1   -4   2   0   4   0   0   -7   3   
-10   14   0   15   -13   5   -4   13   -13   12   -7   8   -1   7   -7   12   -9   11   -7   7   
0   -1   3   0   -2   0   2   0   1   0   -1   0   1   2   0   0   0   0   0   1   
-4   2   -2   0   0   0   -1   0   -1   2   -3   1   -2   0   -1   3   0   3   -2   0   
-2   2   -3   0   0   2   0   0   3   -2   -4   6   -2   -2   -1   5   2   1   0   -3   
-8   9   -8   11   -8   1   -7   3   -5   7   -9   6   -4   4   -6   8   -9   3   -7   6   
0   1   -1   -2   0   0   0   0   -1   2   -2   0   1   4   0   1   0   3   0   -1   
-2   -5   2   6   11   -8   7   0   9   -3   0   -4   -2   -2   7   0   10   0   1   -12   
-11   3   -9   8   -4   0   -8   6   -11   3   -6   6   -8   6   -10   5   -12   7   -4   4   
-8   8   -4   -6   -7   7   -10   2   -1   7   -12   -3   -4   4   -3   1   -4   7   -5   3   
0   -6   -3   -3   6   -1   6   -3   4   -1   3   -9   3   -4   7   -6   5   -7   5   -7   
0   61.3378   50.2025   65.1241   68.7648   48   77.8256   59.0444   73.68   66.6452   64.0193   72.8584   47.7911   63.0362   67   58.0595   80.9664   52.6725   36.2354   46.7065   68.5108   60.1885   70.9062   60.7804   28.7648   52.9059   70.5395   67.6143   58.67   78.3699   71.647   56.5793   68.0699   61.126   58.7094   47.4795   41.6586   59.4072   77.6888   61.9969   62.2327   50.2034   54.6716   58.9844   53.0132   78.6198   50.0483   58.9444   20.6569   58.0526   69.3259   68.4798   44.4929   40.4222   87.5897   85.116   63.0208   67.1699   70.9603   45.4165   63.4475   45.4138   69.3735   66.3847   80.9365   48.7567   79.5698   39.1245   62.3847   78.1082   
44.4185   0   59.1927   35   37.0357   82.5055   117.087   36.3234   68.1488   107.157   63.8691   94.5376   52.2415   41.3091   34.0711   57.9515   48.9281   84.2896   40.2389   67.1189   102.392   104.589   94.339   48.1448   55.8701   81.0662   99.5439   101.698   75.9774   120.4   93.339   30.4924   101.054   100.778   66.4408   65.8288   50.4279   54.2753   38.4536   97.8788   76.8161   53.0483   92.5875   44.4279   70.3205   118.973   76.6052   48.0689   63.8701   93.9396   35.0357   110.897   70.9533   60.0977   127.876   124.894   83.307   96.2192   112.005   40.8701   96.6612   51.3311   65.6063   34.2195   82.3647   93.1751   115.803   71.9396   33.7082   84.1211   
32.2025   43.6807   0   66.3927   74.0701   44.0167   88.5951   51.187   44.6875   80.6405   32.0384   104.559   69.906   49.8029   66.0106   34.0454   84.0671   84.3109   44.4109   32.1327   74.7814   81.19   103.109   77.9531   60.6246   85.1084   62.9737   75.0644   39.8885   93.243   103.85   51.5287   99.3762   75.8705   89.5395   33.2111   33.0384   83.3278   77.0033   76.1097   40.2654   71.7506   82.9801   36.7648   38.6491   91.3814   42.095   79.6722   52.8593   82.9574   72.0701   87.7601   69.7955   38.3132   95.7116   92.5493   36.0227   92.7222   85.884   48.0416   44   64.5395   100.25   61.7063   46.0067   68.037   92.5453   60.9574   66   42.8444   
49.679   9   52.3927   0   24.099   91.3231   123.931   45.3234   77.1488   114.328   72.8691   90.3303   49.2527   50.3091   33.6301   66.9515   32.2788   79.0791   49.2389   75.0867   110.36   109.048   94.0911   45.1858   51.3593   75.0345   107.668   109.665   84.9774   128.049   94.3136   39.4924   99.214   108.746   64.8212   74.8288   59.4279   53.8795   29   105.847   85.8161   47.0167   96.3449   53.4279   79.3205   125.018   84.573   43.6861   70.3358   100.707   22.099   117.924   72.4575   68.2543   135.844   132.862   88.4155   104.361   120.399   48.8378   96.3927   46.5153   72.8188   35.5529   91.3647   98.201   118.862   80.7738   39.2971   93.1066   
53.7587   14.0357   57.4891   5.09902   0   96.4222   129.03   50.359   82.1844   118.941   77.9047   91.6938   53.4006   55.025   30.3178   71.9872   35.8924   79.2115   54.2745   80.1857   115.459   113.947   91.1038   42.7733   56.4583   74.2115   112.767   114.764   90   131.663   94.1622   44.5281   104.313   113.422   62.5372   79.8645   63.0256   50.7352   34.083   110.069   90.8518   51.5753   101.444   58.4635   84.3562   130.117   89.672   40.5372   74.132   102.623   22   120.775   70.8681   73.3534   139.885   137.412   93.5118   103.782   123.256   53.9369   97.7735   44.9258   64.3249   35.8806   96.4003   101.052   123.961   85.192   36.0998   94.0562   
34   68.5055   30.0167   76.1577   81.0062   0   60.3819   73.7004   63.4284   51.3705   53.0516   104.322   81.7911   74.6227   89.2877   56.2352   106.485   84.5557   61.8705   33.0294   47.318   60.3819   101.173   94.7804   62.7648   83.9638   42.4589   46.318   32.0278   64.4319   102.046   74.6941   91.6042   46.5577   92.2365   42.8254   60.8973   93.4072   96.6088   41.1725   45.576   82.4905   70.0377   59.2782   41.8428   68.72   32.9443   92.9444   54.6569   73.345   94.0752   66.5412   69.8197   50.4094   69.2031   66.0408   42.5116   88.1602   66.0122   56.4853   23.4853   79.4138   103.374   86.0147   60.0977   53.7567   70.3735   56.3954   82.437   63.9535   
59.4138   102.942   71.1688   108.931   113.137   41.9762   0   112.511   105.405   31.3852   95.0277   104.202   103.51   113.056   126.414   95.3204   140.38   89.9797   95.6492   71.4624   33.4924   42   99.0977   120.194   88.1786   95.2298   50   38.8885   74.0039   28.8102   100.098   115.107   85.4493   37.6619   110.581   83.8998   95.8097   117.891   134.395   37.2094   83.1809   108.121   61.0977   101.254   83.4532   21   74.9205   118.358   78.8164   63.1214   128.74   34.9443   85.243   80.1295   27.9725   24.8102   83.0303   78.075   26   98.4615   65.0956   104.828   117.553   125.798   102.074   53.0689   33.5529   70.4782   121.798   104   
45.0444   22.1359   28.3196   30.8058   35.5106   57.6281   97.0618   0   57.0299   102.517   47.4094   106.107   67.2037   32   40   41.4094   60.2947   90.0945   48.8617   55.0493   95.153   103.555   105.714   69.6349   59.0768   85.5891   88.6302   94.6642   61.0719   115.743   108.136   23.831   110.143   96.4296   87.4804   49.8231   34.4222   75.3149   48.2971   92.5003   57.4626   71.0357   99   28.4222   60.2244   112.489   70.4146   70.2048   65.7013   98   52.9049   111.642   71.5428   56.5601   124.031   120.869   64.3423   105.255   110.622   44.0768   72.3196   63.8246   87.7423   33   63.2622   93.8011   111.719   82   35.5242   60.0999   
57.4543   54.1295   25.4951   62.9682   67.7422   49.163   90.934   32.249   0   100.534   28.6491   128.448   89.4599   46.0179   71.919   33.6205   92.3127   109.732   64.7761   54.0512   92.4816   105.964   127.991   95.9857   75.0469   108.059   80.2644   92.267   49.9125   112.628   128.547   54.6563   124.871   95.7207   104.691   44.8329   48.8444   99.6687   80.5461   90.3355   39.4722   87.4986   108.475   42.8444   50.0185   111.934   65   100.202   78.1112   108.453   84.0661   113.255   93.4098   62.7772   118.366   115.204   46.4008   118.217   110.139   65.3431   67.1475   90.0346   111.441   65.249   34.5602   93.5321   118.021   86.4525   67.7732   38.7648   
48.8365   92.8009   63.561   98.4937   102.591   36.0139   11.1803   88.2383   85.0529   0   89.0654   96.0063   91.3886   103.92   115.045   90.6431   129.803   80.0621   85.0718   65.8951   27.083   32.8661   91.8415   108.521   77.6013   81.9403   41.3474   26.083   68.0416   28.8704   92.73   102.391   74.8415   28.4031   95.7775   77.8885   82.542   103.724   123.978   31.198   81.5899   93.8885   55.0571   92.0945   76.0345   31.3852   68.9582   107.489   64.9183   54.0571   118.162   29.3294   71.1041   70.2341   37.0285   34.703   78.5255   71.4651   20.3852   85.3667   59.4992   94.2503   102.511   113.189   95.8007   33.8885   39   57.3113   111.221   92.6384   
45.2217   49.0102   13.0384   58.0086   63.0317   37.855   79.8311   29.1204   12.6491   73.3348   0   117.598   80.1892   52.095   65.7379   31   86.0325   97.3493   57.4493   45.1712   79.0308   94.2284   116.128   88.4049   68.2037   98.1276   66.9884   79.0792   40.0238   101.024   116.237   52.9514   112.36   84.0661   95.455   37.2627   44.3607   91.1061   74.0349   79.0275   35   77.9531   95.4114   44.3961   40.8114   95.3961   45.2746   86.1688   65.8785   95.9416   80.1076   100.645   78.6198   49.2025   104.733   101.615   42.2094   105.706   93.72   58.9857   48.0147   75.7754   100.586   58.7379   36.6977   81.0754   105.584   73.9416   63.1856   36.72   
57.8014   76.5376   89.1403   74.3303   74.5453   87.3212   89.202   91.3017   113.278   79.0063   101.823   0   61.5183   111.545   99.4338   112.261   98.0238   40.5183   79.0843   95.6424   99.5931   84.2763   29   64.4464   68.5334   35.5183   113.857   98.5931   111.284   104.824   28   106.083   49.8254   93.757   49.0689   102.238   95.9197   55.718   98.1724   95.5298   119.097   65.0916   67.1045   101.417   109.931   110.098   102.564   65.8724   66.5429   69.1022   87.4536   90.6817   54.4599   93.7119   116.035   113.709   120.822   57.3645   99.3915   92.4105   109.273   72.0689   43.0689   103.345   135.147   81.3877   96.1332   65.927   99.3449   131.985   
32.5576   33.2415   54.7814   32   33.3766   66.2722   88.5099   49.2037   75.452   77.3886   65.7647   43.3244   0   69.1218   55.5788   76.7599   63.2027   45.1496   42.6823   67.2608   91.4726   86.3542   62.6361   32.3782   33.0263   43   100.745   95.034   82.9194   104.327   62.1221   58.8433   70.345   87.0099   30.6205   70.7539   59.9023   29   56   88.7124   87.3757   27.2361   68.6972   62.5128   82.9831   106.421   81.7489   30.1421   51.7546   71.4521   49.5139   94.3637   39.6716   63.8928   112.473   110.159   90.8041   73.2015   95.8413   47.9712   89.7574   24.434   38   58.7852   99.4225   74.6406   96.7217   62.2022   55.0789   97.6258   
48.0416   26.9258   27.8029   35.4401   40.025   57.6888   97.9898   5   28.0179   89.5377   26.4008   95.8801   54.037   0   45   40.095   65.2947   95.0945   51.9994   59.9356   96.3941   105.619   110.714   74.6349   61.6142   90.5891   90.7765   95.3941   66.0719   118.408   113.136   28.831   115.143   100.487   84.6575   54.8231   39.4222   80.2896   53.2971   97.5003   61.4008   70.8556   102.713   33.4222   65.2244   117.489   69.8979   74.4059   68.6985   103   57.5391   110.302   76.5428   61.5601   123.515   120.352   63.8256   110.255   109.923   46.6142   71.8029   63.6878   87.5935   38   58.107   92.4661   116.719   85.1249   39.2485   63.1208   
51   7.07107   47.0106   10.6301   14.3178   73.4098   109.018   22   54.1479   99.0454   50.636   82.9699   39.8121   26.1725   0   62.2778   35.3961   84.1809   47.3099   73.4771   109.463   111.188   101.41   55.2159   57.5601   82.8121   106.615   108.769   78.8845   127.471   100.41   35.1121   108.022   107.849   69.9947   70.2397   51.9857   57.8292   31.544   104.95   79.4626   57.6468   99.6586   49.4138   75.6154   126.044   82.4905   54.3162   67.9245   100.866   32.7292   117.968   70.7449   67.1688   134.947   131.965   83.0334   103.29   119.076   47.9411   91.0106   52.1448   72.6774   29.0623   82   99.7257   122.874   79.0107   25.0623   82.0999   
42.0595   43.0116   11.0454   52.0096   57.0351   39.5601   81.3204   23.4094   15.6205   74.1485   6   97.6729   60.5392   21.095   44.7214   0   79.1153   94.732   53.2278   43.1781   81.881   92.2353   112.966   84.7015   63.7627   94.9654   69.8654   81.6316   46.0238   101.914   113.707   47.2404   110.129   86.1178   91.1597   41.2627   37.5602   88.3845   71.7065   80.7326   36.1246   76.2144   93.4474   31.5602   44.6011   98.2732   47.6757   88.4586   62.7163   94.0028   74.1086   98.8055   75.8014   48.0832   106.757   103.595   46.1868   103.768   93.4292   54   50.8917   73.3259   98.5392   56.4094   42.6977   79.0824   103.591   72.0028   58.2156   42.72   
65.8559   23.7065   67.0671   16.2788   12.2066   92.1141   125.176   42.19   74   114.691   71.0211   84.0238   44.643   46.0109   20.3961   65.1153   0   88.5252   63.4236   90.8254   126.043   125.327   102.052   52   67.6381   86.418   122.724   125.404   99.2806   142.239   104.023   54.199   112.69   124.485   74.0364   89.5354   72.0861   62.2586   35.0416   121.585   99.6527   62.1213   112.181   68.1344   94.0271   141.297   100.312   52.0606   84.1163   112.608   34.2066   132.982   80.8524   83.4046   150.397   148.072   103.09   112.84   133.754   64.5766   109.98   54.9102   76.5315   48.0872   102.396   113.259   135.141   95.3886   45.1603   102.29   
37.6431   62.2896   69.3109   62.0725   63.5059   67.4166   73.9797   74.0945   93.8616   63.1506   82.134   20.2485   30.1496   78.3901   69.1809   78.2432   74.5252   0   60.6559   76.1704   84.0075   69.9215   41.1246   58   49.8855   21   96.9539   83.0075   91.7928   88.9502   41.105   88.6797   46.5434   77.5429   47.2036   83.1404   79.3017   55.541   86.1496   79.3157   99.8171   47.0624   52.5554   80.888   90.6161   92.9025   83.0711   60.2918   47.0156   53.4793   79.6635   74.808   42.5183   73.0096   99.524   96.3617   100.664   37.3238   83.5358   74.7393   90.9019   54.5836   44.1725   88.9348   115.318   65.1736   79.8466   50.1603   85.2285   112.155   
19.2354   25.2389   29.4109   31.1448   35.609   46.2385   77.8974   28.8617   50.448   67.624   40.3113   63.8201   25.4951   32.8938   31.7648   35.2278   47.4236   45.618   0   46.634   81.9075   79.405   81.7703   51.2777   28.7703   63.566   79.1772   81.2128   59.398   96.4944   84.1405   43.0799   83.2534   80.2209   56.1156   47.4037   33.1914   53.0366   56.6005   76.7282   63.3386   41.4594   71.3263   37.5898   55.5135   97.8552   56.1203   49.381   39.8922   70.4437   52.4093   85.6938   50.4684   39.8017   102.617   102.327   65.4336   80.5224   88.0091   20.3852   69.7238   34.2483   63.4951   50.1204   75.4176   67.9921   89.793   53.7343   50.2982   72.2553   
23.7065   51.6236   15.1327   59.4811   64.405   17.0294   56.4624   41.0488   39.0512   48.5077   26.4764   81.2712   53.2353   41.5933   56.4004   26.0192   75.2928   61.0328   30.5941   0   60.8121   73.3575   94.6128   81.8718   52.4714   76.4003   51.9706   59.8121   35.6525   77.3782   95.3536   62.7811   90.8783   61.7127   82.416   29.2195   42.9317   82.2353   82.6375   56.3275   42.0416   72.0535   75.5619   48.6271   36.8661   77.4624   29.4868   79.9752   44.3634   76.1295   81.5801   75.3205   64.3929   32.4868   84.4349   81.2726   47.4131   85.8506   68.8929   46.2488   34.6469   64.8424   88.0634   74.0488   61.1394   60.2046   83.4138   60.4683   73.4149   57.9772   
46.3249   88.3912   54.7814   94.921   99.3579   25.4951   16.4924   81.1234   74.5453   12.53   63.3482   85.5862   77.4726   81.8413   94.1754   64.846   111.198   68.0074   63.7809   40.2492   0   42.8395   98.0625   107.105   75.0898   87.2417   33.2643   18   57.5229   41.4004   101.012   96.2712   85.355   34.6619   98.1986   65.7598   79.5873   104.389   116.833   32.0623   67.1068   94.4005   62.0116   83.7308   63.3737   37.4924   55.2142   105.269   64.8539   61.0116   113.082   37.3238   71.741   60.638   41.932   38.7697   64.0424   76.1354   32.9151   81.9804   45.0161   91.7388   103.051   107.556   85.5928   46.4185   50.0454   56.9762   103.556   84.1193   
45.1885   89.4707   67   94.0319   97.6524   43.6578   24   88.5268   90.6697   14.8661   78.3135   65.2763   69.3542   90.6091   96.1509   78.0064   109.859   50.9215   64.405   52.0384   25.6125   0   76.075   101.334   73.9533   71.9215   54.6232   40.8395   75.6855   38.0864   79.0737   101.768   69.5114   31.1421   86.3278   78.5265   85.4223   96.3401   120.58   34.2094   87.3522   87.0357   45.2036   91.2074   78.1327   43.3608   68.4283   99.4963   62.0434   44.2132   113.021   23.9443   63.6905   65.4975   45.3209   46.6142   84.5044   63.1248   35.2512   81.6311   65.4782   90.6023   95.094   107.231   103.563   30.1529   37.4018   55.6497   107.573   100.4   
55.9017   78.1025   87.7268   76.531   77.1038   84.0773   84.0536   91.7061   112.294   74.027   100.568   5.83095   44.911   96.1509   84.7231   96.6747   87.0517   18.4391   63.6318   79.0253   81.0494   60.075   0   70.1022   68.3246   38.1246   107.977   96.0116   109.403   97.911   23   103.754   42   85.7567   54.8998   101.579   94.7621   61.1022   100.911   88.9979   118.134   65.5015   53   99.1605   108.915   103.436   101.51   71.0093   65.4547   56   90.1066   84.0192   57.9487   91.4487   105.396   106.689   118.923   45.7386   94.4122   81.9559   107.563   69.345   48.8998   103.696   133.734   74.8558   88.7209   67.7772   99.9899   130.571   
46.4866   31.1448   63.9531   25.9422   25   79.4292   103.465   51.614   81.4371   92.358   73.3757   50.04   15   56.6127   36.0555   67.6757   34   41.7852   35.0571   65.123   92.1358   84.2912   53.0848   0   48.0263   52.6356   110.919   107.241   94.2123   119.327   68.0454   61.6372   79.0273   101.837   36.1655   82.218   68.0058   24   53.1141   101.623   98.153   40.7648   83.6972   72.4042   89.326   121.421   90.9346   28.2361   60.2832   84.4236   47   107.96   52.6431   74.616   127.473   125.159   99.9758   79.109   110.841   55.1995   99.4808   39.434   48.3776   59.4833   109.96   89.6406   111.722   68.2015   55.4833   106.798   
14.7648   32.573   37.2156   36.3593   40   47.5184   73.7564   39.5601   60.1082   62.9682   49.2037   53.4135   19.0263   43.6578   39.5601   44.5982   52.2015   34.8855   10.7703   34.2345   61.0574   57.6888   53   32.0156   0   49.0151   78.9839   77.0711   64.4408   91.8387   74.7477   53.8502   73.725   75.3852   49.6468   52.2753   43.9617   48.0263   65.3593   70   71.7061   35.0278   62.3249   48.3601   62.4866   92.0592   60.02   49.1684   33.2127   61.3249   58.4583   81.6331   35.1245   42.02   99.9967   97.6712   73.2383   72.2093   83.3534   31.1555   68.8814   38.6525   57.0263   57.2345   83.2223   63.5215   85.6003   52.4951   53.2345   80.06   
37.7359   58.6941   68.6804   58   59.2115   68.9638   77.8845   71.5891   92.7631   66.9403   81.3204   20.5183   26   76.0263   65.4905   77.1557   70.0357   5   43.566   61.4003   71.1758   55.1543   20.1246   37   33.0151   0   101.954   87.8005   95.2335   92.8332   43.1246   84.8433   41.6833   76.9839   35.2047   85.2154   76.7575   44.6356   82   82.2851   98.8764   47.0179   49.1321   81.1559   90.7491   94.7775   87.7843   56.1421   52.0156   52.9857   75.5139   79.0986   45.2485   70.1536   100.475   101.362   100.757   42.3238   87.3254   63.9512   92.449   50.434   36.2603   82.7083   114.687   70.1736   82.2118   55.1603   81.0789   111.525   
47.5395   85.2115   46.6154   92.6499   97.4166   16.9706   29.1548   74.5185   63.0635   27.2947   52.9245   94.8314   80.05   74.4043   90.2718   55.4707   108.724   75.9539   62.1772   33.9706   14.7648   39.6232   90.802   93.9628   61.9839   78.4092   0   32.7648   48.9983   55.3553   108.817   90.6637   96.6241   41.4951   104.397   57.4081   76.9023   106.947   113.579   46.8271   61.7922   97.0116   73.4707   76.2487   58.8134   48   49.6125   106.484   68.1963   73.5919   111.046   52.0886   77.9312   60.4462   56.6968   53.5346   59.4821   88.6612   47.0161   73.4559   40.4558   92.9533   110.241   102.329   74.2455   52.121   62.7077   63.1664   98.3286   71.0833   
45.4863   87.6926   54.4243   94.1754   98.5951   25.318   16.7631   80.6226   74.4312   12.083   63.1506   84.5931   76.5572   81.3941   93.5094   64.56   110.454   67.0075   63.0317   39.8121   1   24.8395   80.0625   91.236   60.208   70.1783   15.2643   0   57.3457   36.2036   96.0116   95.9606   81.3632   29.8167   97.5286   66.7598   76.9368   103.012   116.476   27.0711   67.1552   93.7077   57.0116   82.7218   63.422   37.7631   55.2625   104.431   65.8539   62.0116   113.95   38.3238   70.3624   57.0119   42.932   39.7697   64.0907   77.1354   32.4682   78.8276   45.0644   90.9001   104.051   106.913   85.4157   45.9716   49.0799   57.9762   102.913   85.1193   
39.3573   61.3514   17.8885   69.9214   75   18.0278   59.5399   45.8039   31.4006   54.037   21.0238   96.7988   68.0661   44.5982   64.8845   24.2074   84.8646   76.5506   44.0114   15.6525   43.1856   61.131   94.4034   79.0569   49.2443   77.026   31.9531   43.1045   0   79.3081   111.004   65.461   103.414   64.5854   98.0668   38.1655   49.3645   97.0479   90.5031   59.2003   31.4622   84.272   84.6757   49.6497   30.6569   78.0167   29.1803   93.3924   60.0142   88.1193   89.9587   80.5095   74.8243   48.1393   85.1177   81.9554   27.2195   101.014   74.4222   61.9013   37   78.2596   103.716   75.5918   48.4605   71.3964   88.4013   69.2494   80.8595   51.2982   
62.3699   106.4   76.243   112.045   116.103   47.5184   6.32456   101.553   96.6282   13.6015   85.3288   87.8237   90.2109   102.694   112.645   86.5852   128.222   73.6817   81.2158   61.3514   22.0907   22.8035   82.4924   105.209   76.3675   77.8332   35.3553   22.2036   65.2763   0   101.496   115.993   85.1516   38.1472   109.131   85.9817   96.1434   116.423   135.808   42.0095   89.1002   106.652   62.948   104.887   85.367   25.8102   72.0892   120.234   78.5198   61.975   131.696   32.1421   83.7743   79.1772   23.544   21   86.0357   78.5717   26.4853   98.9682   67.0094   107.351   114.093   126.791   107.616   47.49   39.0384   69.0094   124.755   106.21   
56.6392   78.339   88.4138   76.6551   77.1622   84.9706   85.0529   92.1358   112.929   75.0267   101.237   5   45.1221   96.6023   84.9294   97.3088   87.023   19.105   64.1405   79.8123   82.0366   61.0737   1   53.0377   53.535   20.5913   91.7606   81.0494   95.2103   83.4865   0   103.965   31.8885   86.7567   51   102.245   95.7621   60.718   101.122   89.9979   118.872   66.1674   54   99.9929   109.652   102.771   99.44   70.8724   66.1206   57   91.1066   83.3542   56.6232   89.9366   106.395   104.487   119.66   42.7099   95.4118   82.9559   108.456   69.556   48.0689   103.3   134.42   75.8558   89.7209   62.6508   100.201   131.258   
42.5793   16.4924   30.5287   25.318   30.1496   58.6941   96.8969   5.83095   37.6563   87.6584   33.3766   86.3134   43.8292   10.8167   17.2627   27.4591   37.6563   69.5701   25.0799   41.7732   81.2712   86.977   86.9253   45.8039   35.5106   66.8506   75.6637   80.7094   48.3735   101.119   87.3212   0   104.224   97.2433   74.4093   53.2342   34.8494   68.1976   42.6028   97.8895   63.2936   56.6204   96.4062   33.8114   62.9418   116.478   71.26   61.4052   63.2362   95.5235   46.446   110.774   65.6236   62.391   121.785   118.623   66.5514   105.602   107.022   44.1948   74.5287   49.4093   81.8292   30.0499   68.9237   91.336   114.873   78.8141   26.0499   65.9308   
52.8394   84.0536   84.9058   84.214   85.7088   75.6042   69.1809   94.1116   110.277   59.8415   97.9439   22.8254   52.345   98.0816   91.022   94.8947   96.6902   22.2036   65.2534   73.8783   68.3081   45.2769   17   63.6003   54.5711   26.6833   79.6241   67.3573   88.4138   67.0075   17.8885   90.0278   0   71.0212   57.0813   96.201   94.498   71.319   108.243   74.4836   113.823   68.231   38.4511   100.827   104.828   86.2046   93.3123   79.0312   63.4131   39.375   101.859   67.2309   57.6005   82.7594   89.4917   88.0075   112.622   23.2195   75.2046   83.6222   99.0895   76.779   61.6508   109.392   130.913   73.6154   72.037   63.4187   107.424   127.75   
42.45   86.4002   57.8705   92.0978   96.2081   31.4006   17.2047   82.0792   80.0062   6.40312   68.0661   75.1066   71.3442   83.4865   92.6553   68.593   108.301   58.4209   61.2209   42.7551   11.6619   14.1421   70.3491   86.2844   56.6392   61.9839   25.4951   10.8167   49.366   20   71.3442   81.3941   57.0088   0   90.6694   67.9053   81.3939   96.8514   116.993   32.3852   75.5535   87.0814   46.7567   88.6683   68.0485   37.7883   54.0128   100.663   61.6039   51.7805   111.776   33.1421   64.2032   64.5441   43.0018   39.8395   73.9122   73.8017   26.7883   81.6061   54.8859   87.8401   96.5128   104.44   91.4984   36.3693   42.0294   49.4384   100.44   95.3541   
42.4264   47.927   68.884   45.1221   45.2769   76.2365   91.9239   64.8151   90.6035   80.7775   80.455   29.2746   15.6205   69.6563   54.0833   75.452   55.0364   22.2036   40.2244   65.2534   83.1986   70.3278   32.0156   21.095   31.7805   17.2047   88.2043   82.2253   80.6536   92.5743   32   59.4054   43.0813   75.2728   0   84.0558   73.4158   39.1655   70.5261   90.6902   102.925   42.8045   66.3367   77.8142   94.2671   109.749   91.8005   37   59.0526   69.225   64.2897   94.2591   47.1662   73.8005   115.649   113.574   104.907   59.5274   99.5813   60.6095   99.7218   40.0545   33   74.4057   114.891   77.9682   96.6333   60.2311   70.6994   111.728   
30.4795   49.3964   7.2111   57.8705   62.9365   22.8254   64.195   35.3553   29.8329   56.8859   17.2627   88.2383   56.7539   35   53.2353   17.2627   73.0068   68.1175   32.1403   9.21954   47.7598   61.131   86.3713   67.1863   38.2753   68.0074   39.4081   47.4342   12.1655   69.3758   87.1149   37.2022   82.201   51.3517   70.0071   0   36.3848   82.4471   78.7171   63.9071   37.9242   73.3031   82.561   38.4009   35.2462   81.4385   29.8924   81.5214   51.1364   83.3621   79.2812   84.4939   67.1849   35.2788   89.6918   86.5295   33.6815   90.4718   77.271   47.0185   43.8664   66.3886   94.6108   67.252   46.6497   68.3735   91.1836   64.8292   63.252   47.7321   
27.6586   31.0161   13.0384   39.5601   44.643   38.8973   77.4145   19.6977   32.5576   68.542   22.3607   80.9197   43.4166   21.3776   34.9857   17.2047   54.626   61.8547   18.0278   21.9317   61.5873   69.2315   80.2122   51.4198   27.5862   60.4401   55.8659   61.0574   30.3645   81.8596   80.8022   19.8494   79.7057   62.3939   58.2495   18.3848   0   71.0643   60.4166   75.8735   53.3038   59.4871   80.5877   22   51.6875   96.5654   48.2772   67.4088   46.573   84.4905   61.6591   92.0066   62.7107   36.9249   103.519   100.357   49.0611   94.8285   88.9271   34.8062   56.5786   52.276   81.4166   49.8993   59.0451   76.4153   94.1601   65.7379   45.8993   55.8828   
44.4072   38.2753   66.0984   34.176   33.7343   78.2304   98.8838   57.3149   85.5862   87.7097   76.5572   41.0488   12   62.2896   43.8292   71.1126   43   33.541   36.6879   65.192   88.6002   78.6003   44.1022   9   31.0161   28.6356   91.7824   87.6641   79.9062   100.17   44.0454   51.6236   55.0273   81.8413   12.1655   68.4471   54.231   0   62.1141   100.712   99.3757   35.1529   76.1415   72.8243   92.2014   116.924   88.027   29.198   62.2311   78.8276   54.7805   102.545   51.6716   73.0361   122.567   120.242   102.121   70.8648   105.924   57.073   99.8389   36.434   39.6491   63.2041   111.422   86.6406   105   66.4131   59.2041   108.943   
57.6888   13.4536   55.5428   10   10.2956   81.6088   116.387   30.1496   62.0081   106.212   59.0339   84.1724   42   34   8.544   53.1507   12.0416   72.0625   38.6005   64.6375   101.833   102.577   86.4696   35.1141   45.1885   68   98.4073   101.139   73.4098   119.808   86.5794   25.7099   94.1913   99.8098   54.9181   61.7171   43.4166   43.6807   0   111.332   87.6123   57.0167   106.041   57.2393   83.7741   132.426   90.0588   50.8328   76.4685   106.513   31.083   124.294   79.2889   73.5513   141.218   138.347   91.5655   107.215   125.459   54.3237   99.2843   55.2215   70.3205   31.2971   90.544   106.445   128.394   84.6824   33.6063   90.2495   
40.4599   83.7377   53.3667   89.8053   94.0691   26.1725   19.2094   78.2943   75.0067   10.198   63.1981   77.5242   70.6612   79.4796   89.8109   63.9531   106.066   60.0333   58.7282   38.3275   8.06226   19.2094   72.9932   85.4751   55   63.2851   20.5183   7.07107   44.1814   23.2594   73.9797   77.8974   60.407   5.38516   75.6902   46.6905   58.6003   81.5414   97.1854   0   71.5554   90.0278   52.1418   80.6003   64.0504   40.2094   50.0147   99.4043   61.1167   55.613   106.698   38.5273   68.2467   59.9487   46.8034   44.0196   68.6841   67.264   30.5832   74.0088   49.6578   85.4557   97.4923   103.42   86.2702   34.1421   47.4146   53.4819   99.4197   90.126   
47.2017   61.8142   19.105   70.7107   75.8024   28.2843   69.1809   43.4626   22.4722   64.195   15   105   73.3757   41.1825   64.2884   20.1246   84.6463   84.8116   48.2701   24.0416   53.0094   71.5681   102.942   83.0241   55.1543   84.8764   40.7922   53   10.4403   75.06   103.711   47.1275   97.8366   59.6825   86.9253   17   32.0156   84.8999   72.8011   54.4518   0   87.8401   93.6981   49.3883   28.2195   84.4722   39.6206   96.895   67.8585   97.5185   91.1751   89.7215   84.1849   52.2788   93.7718   90.6911   21.2426   105.604   84.3559   60.9535   37.0907   82.5184   111.376   72.5674   36.0283   81.8367   98.6578   79.6897   73.1774   32.8661   
32.0156   31.0483   53.1413   30.0167   31.5753   65.4905   88.7525   47.0106   73.4983   77.666   63.9531   45.5412   2.23607   51.8556   37.6563   58.6686   43.0116   32.0624   23.7697   52.0865   77.3886   70.0071   47.0744   14.7648   18.0278   28.0179   79.555   76.4853   66.7533   90.6035   47.2969   41.6173   54.231   71.5612   17.8045   55.3173   41.5933   13.1529   40.0125   70.7107   71.8401   0   69.3783   59.29   79.2832   108.657   75   32.3782   50.4173   68.3783   46.291   92.5684   41.9076   57   114.148   111.401   87.9797   67.8516   98.0511   44.1549   86.7333   21.2111   40.2361   59.8469   99.148   76.8767   98.5065   54.6431   55.8469   95.9857   
38.1182   78.5875   67.6757   81.3449   84.1724   53.0377   46.0977   83.006   93.0484   36.0555   80.4114   43.1045   52.6972   86.1452   85.6154   78.4474   96.1769   29.5296   55.3263   54.5619   43.9659   22.2036   38   67.0075   46.0977   34.1321   55.4707   43.0116   67.6757   44.911   39   80.0999   24.3516   32.7567   50.448   63.561   65.6201   60.1415   90.7579   36.0555   77.6981   53.8516   0   86.4493   83.4763   63.0937   71.0357   82.2012   49.0588   15   97.3468   44.8058   54.3847   72.8076   67.5245   65.911   94.8952   40.2315   56.1182   75.7115   76.523   75.0628   70.2178   103.231   110.211   45.3607   51.573   45.0227   99.2309   110.282   
33.541   29.4279   14.7648   38.3275   43.4166   43.2782   82.7345   14.4222   28.8444   74.0945   20.3961   85.6037   46.6154   15.5242   32.311   14.5602   52.4976   66.888   21.9317   26.6271   66.7308   75.1332   85.1469   53.1413   32.2025   65.215   60.208   66.242   32.6497   87.3212   85.703   15.8114   85.235   68.0074   61.8466   21.4009   6   56.8243   40.8534   64.0781   32.3883   44.6542   71.5681   0   46.313   102.565   51.2934   66.9215   52.573   86.5681   59.1856   94.7775   60.9574   42.9249   108.663   105.501   50.7875   95.3617   94.4797   40.8062   58.7648   56.18   84.6154   45.8613   55.2411   82.2977   100.16   71.7379   41.8613   52.0789   
38.0132   56.3205   12.6491   65   70.0928   22.2036   64.1327   40.2244   27.0185   58.0345   15.8114   95.8019   65   38.9487   59.6154   18.6011   79.712   75.6042   40.3113   14.8661   47.676   64.1327   93.723   75.326   46.4866   75.7166   37.1618   47.5184   5.65685   69.7209   94.4934   42.9418   88.7299   53.0377   78.1857   8.24621   25.4951   76.6877   68.1542   48   9.21954   63.561   68.9638   27.313   0   79.5818   28.0357   89.6923   58.67   83.9638   84.7192   82.1193   75.4311   43.525   89.608   86.4457   27.4403   98.7181   78.4196   55.2647   41.3576   74.5596   102.857   72.9917   44.4197   69.923   91.0643   73.0754   68.9917   42.0856   
61.6198   104.89   72.2357   111.018   115.278   42.72   3   98.4886   91.4112   13.9284   80.5233   92.1954   91.0659   99.2824   110.887   82.2192   127.279   76.9025   79.9312   57.6975   17.4642   27   87.0517   106   76.0592   80.7775   29   17.8885   60.0167   7.81025   88.0511   98.4784   72.1734   19.7231   94.7048   65.192   78.8923   101.533   118.343   21.2132   69.4622   91.2688   49.0918   84.119   64.7611   0   71.2279   120.386   78.8467   63.0937   127.912   35.9443   83.9263   74.9004   24.4868   21.3246   81.5067   78.0714   27   95.222   62.4804   106.669   115.305   123.407   102.818   47.8169   36.5529   69.1614   119.407   100.083   
31.0483   60.9016   21.095   68.8767   73.8241   8.94427   50.6952   48.9183   41   44.1022   29.2746   87.3212   62.0322   48.8262   65.4599   30.6757   84.5991   67.1193   40.025   9.48683   34.2053   50.2195   84.5991   74.3303   43.0116   68.0294   25.6125   33.9559   11.1803   56.0892   85.44   50.2494   77.7946   39.0128   73.3485   13.8924   30.6105   74.027   73.7835   34.0147   21.5407   61   56.6127   34.6554   14.0357   51.5461   0   86.4431   51.7052   71.6127   89.0068   67.0848   70.1041   41.9737   76.0329   72.8707   38.3999   86.0928   64.4873   55.7356   29.198   74.2733   97.5502   74.8164   53.5628   55.2753   72.0357   64   76.2993   50.4005   
44.9444   29.0689   61.8142   24.1661   23.5372   77.666   102.343   49.4065   79.2023   91.2634   71.1688   51.1566   14.1421   54.4059   34.1321   65.4599   33.0606   42.0595   33.0151   63.1981   90.7855   83.4865   54.0093   2.23607   30.3645   37.3631   92.3472   89.8944   77.026   104.202   54   43.6005   64.0312   85.1469   22   65.123   49.2443   10.198   33.5261   84.22   80.895   13.6015   66.6108   50.9215   73.2462   104.848   72.4431   0   61.9418   81.6108   45.5372   106.17   53.8137   70.6015   126.433   123.859   97.837   79.3833   109.804   53.4003   97.845   34.8126   37.8035   59.2884   104.758   87.6003   108.847   68.2445   57.7194   103   
5.65685   46.0977   37.8021   50.4777   54.2033   38.2099   59.8164   49.0408   62.9682   48.9183   50.8035   52.2015   29.7321   52.345   52.9245   47.5079   66.4003   32.0156   21.587   29.1548   47.8539   43.566   50.2494   44.2832   14.2127   32.249   50.636   46.9574   44.7772   62.2415   50.9902   46.0977   47.4131   42.638   38.0526   36.1248   32.573   41.2311   59.0593   41.3401   52.8015   29.5466   34.0147   38.3275   43.6005   62.2013   36.0555   42.9418   0   49.0147   72.5767   67.5103   38.083   34   85.6398   82.4775   68.6777   58.9303   69.3035   41.9722   61.6952   50.2062   63.0454   70.8402   82.7744   49.6377   71.0289   27.1655   66.8402   80.6465   
38.0526   78.848   67.3573   81.7068   84.5813   52.345   45.0999   83   92.6984   35.0571   80.0562   44.1022   53.2541   86.093   85.8662   78.1601   96.6075   30.4138   55.4437   54.1295   43.0116   21.2132   39   67.624   46.3249   34.9857   54.5894   42.0595   67.1193   43.9318   40   80.1561   25.2982   31.7805   51.225   63.1585   65.4905   60.8276   91.0824   35.1141   77.1751   54.3783   1   71.4493   68.4763   48.0937   56.0357   67.2012   34.0588   0   97.7774   45.1575   48.7805   67.7849   66.5341   64.9318   94.3388   40.1555   55.4423   75.0571   75.8303   72.6975   71.2178   102.817   108.895   38.4709   47.6228   40   99.5594   106.436   
52.3259   14.0357   57.0701   5.09902   2   80.0625   111.732   35.9026   68.0661   101.139   63   72.5603   31.4006   40.5216   15.2643   57   13.8924   61.5224   34.4093   63.561   98.0816   96.0208   75.1066   23.0868   38.4187   57.2189   96.3846   97.3088   74.4648   114.63   75.1665   30.4138   83.7257   94.7629   43.2897   62.3618   44.1475   31.7805   12.083   92.6984   75.5381   29.6142   82.3468   43.1856   69.6348   113.899   73.0068   21.587   52.6308   82.7647   0   119.965   71.0722   73.3534   137.026   134.602   93.0928   97.4658   121.524   53.9369   98.2079   46.9258   59.3905   37.8806   96.4003   101.083   123.66   79.7963   38.0998   95.2645   
52.4786   96.8969   71.4493   101.833   105.603   45.5412   16.4924   94.5569   94.0479   10.8167   82.0061   73.6817   77.9872   96.3016   103.446   82.2982   117.801   59.808   71.6938   56.3205   23.3238   8.94427   68.3593   92.957   65.6049   64.0781   38.0789   22.8254   63.5059   14.1421   69.3542   93.4077   53.0094   14.1421   79.2591   65.123   75   87.4185   110.136   19.4165   73.8241   78.5684   30.8058   80.7775   67.1193   19.4165   53.0848   92.0978   51.4004   29.8329   104.019   0   71.777   74.4417   37.6861   35.1421   86.9162   69.9884   31.2018   86.1126   67.8899   96.0634   100.338   116.175   105.639   39.0972   29.1623   57.0122   112.602   103.455   
17.4929   47.676   48.7955   49.98   52.8015   49.8197   66.242   55.5428   73.4098   55.0727   61.6198   40.4599   22.6716   59.4811   54.7449   57.8014   64.846   20.5183   26.6833   41.1825   56.3205   46.6905   38.9487   37.6431   16.1245   20.2485   61.0737   55.3624   56.8243   67.6757   39.6232   51.6236   38.6005   49.1935   27.1662   47.8017   41.6773   32.6497   59.4811   49.0408   64.6375   23.3452   31.3847   46.9574   55.4707   68.884   48.1041   36.7967   12.083   31.7805   50.9902   55.3173   0   46.083   91.0592   88.5951   79.5134   56.0571   74.4191   47.0685   73.305   44.5563   53.1361   68.037   94.4513   52.237   73.6282   29.7648   67.04   91.6399   
14.4222   46.0977   19.3132   53.2541   57.9828   23.4094   57.9828   39.5601   44.7772   48.7545   32.2025   72.2011   44.0454   41.2311   51.6236   30.0832   69.4046   52.0096   22.8473   9.48683   42.638   49.4975   70.1783   56.4358   25.02   52.1536   39.4462   42.0119   25.0799   62.1772   70.9366   38.9487   66.0303   42.5441   55.7853   16.2788   19.9249   56.0357   59.4643   38.9487   32.8024   43   48.3839   25.7099   23.6008   59.6406   18   54.5894   20   48.0833   56.9386   55.0818   31.9061   0   82.7968   80.9651   47.6155   73.5496   69.1397   43.2325   44.1337   57.0956   82.0454   68.9318   62.9285   61.3456   81.2409   41.7849   64.9318   62.1576   
70.0071   113.701   81.7068   119.604   123.762   52.2015   10.8167   107.824   100.807   21.2603   89.9889   96.1769   98.4733   108.688   119.808   91.7061   135.831   82.2192   88.6172   67.1193   26.9258   31.3209   90.7965   113.464   84.22   86.3771   38.1182   27.313   69.4262   8.544   91.7878   107.703   75.1066   27.5862   101.079   74.6726   88.193   108.559   127.142   30   78.7718   98.813   53.3667   93.4773   74.2159   9.48683   61.0328   112.414   70.1783   52.3927   122.332   22.561   76.0066   68.7968   0   17.1623   89.7449   86.7298   34.6433   103.006   70.7186   113.358   122.637   132.026   110.131   55.1488   44.3696   77.0246   128.026   109.202   
67.1789   110.752   78.5493   116.726   120.917   49.0408   7.81025   104.709   97.6729   18.6011   86.8332   94.7629   95.9635   105.551   116.825   88.5438   132.966   80.3617   85.703   63.9766   23.7697   29.6142   89.4539   110.941   81.4678   84.4334   35.0571   24.1661   66.2873   7   90.4489   104.623   74.0068   24.8395   98.8989   71.5122   85.0882   106.174   124.197   27.0185   75.6637   96.2601   51.788   90.3549   71.0634   6.32456   57.8705   109.859   67.4759   50.8035   119.503   21.095   73.5731   65.7343   3.16228   0   87.8122   80.0692   33.3246   101.027   68.7859   112.474   120.694   129.28   109.139   52.4896   37.025   74.2778   125.28   106.14   
48.0208   65.307   22.0227   74.1485   79.2465   25.9615   66.0303   47.4236   26.4008   61.5224   19.2094   105.683   75.4321   45.2769   68.0074   24.1868   88.3233   85.4459   50.636   24.4131   50.04   69.5701   103.407   85.5862   56.921   85.7555   37.3363   50.0899   9.21954   72   104.202   50.9215   97.6217   57.2713   88.6002   18.6815   35.0571   87.0976   76.5376   51.9711   4.24264   73.9797   76.844   35.9026   10.4403   66.1891   20.2485   83.4865   53.535   76.2758   78.9177   71.3863   65.5134   33.6155   75.4255   72.3395   0   106.341   81.9075   65.1961   37.0263   84.8842   112.244   75.3514   39.2795   75.5238   90.1485   75.4004   76.9714   36.1172   
47.1699   82.2192   78.7147   83.3607   85.3756   67.3573   60.075   90.2552   104.202   50.636   91.7061   30.3645   52.2015   93.9415   89.2749   89.0505   96.8401   23.3238   61.5224   66.8506   59.1354   36.1248   24.7386   64.8845   51.1566   28.3019   70.6612   58.1893   80.9197   58.0775   25.7099   86.5794   9.21954   47.8017   45.4863   75.4718   74.6324   56.8243   93.2148   51.264   90.6035   53.8516   15.2315   80.3617   81.6088   63.0714   70.0928   65   42.0595   16.1555   83.4326   44.0114   35.0571   59.5399   66.2722   65.0692   90.1388   0   71.0211   79.3273   90.8425   75.0628   63.0408   103.094   121.898   54.6264   63.7783   45.7648   100   120.493   
53.9073   98.0051   68.884   103.586   107.629   41.0122   8   93.6216   90.1388   5.38516   78.5175   81.2219   81.8413   94.921   104.293   79.4292   119.754   66.2193   72.8011   53.8516   16.4924   16   76.0592   96.8349   67.8823   70.214   31.0161   16.2788   59   8.48528   77.0584   93.0215   61.2046   11.6619   84.5813   62.1691   73.9256   91.9239   111.4   15.5242   69.0652   82.201   38.1182   79.4796   63.1269   11   49.2544   95.8019   53.7587   37.1214   106.151   8.94427   59.3633   54.1295   16.6433   14.3178   66.2722   52.0865   0   86.5612   61.3433   99.3211   106.474   116.102   101.11   39.2737   30.8995   61.1003   112.102   98.0236   
19.4165   26.8701   24.0416   33.8378   38.5876   42.4853   76.2168   26.0768   45.3431   66.2873   34.9857   68.4105   30.8707   29.6142   32.8024   30   50   49.7393   5.38516   26.2488   61.5224   64.2573   67.9559   40.1995   15   48.0104   58.8303   60.8276   39.0128   79.8812   68.5055   23.1948   68.6222   59.9083   45.4863   27.0185   12.8062   42.0595   40.3113   57.0088   42.9535   29.1548   57.0088   17.2047   35.1283   78.1025   35.7351   38.1182   23   57.0351   37.5899   71.1126   30.0832   19.4165   87.0057   84.0238   45.3982   64.3273   71.5612   0   60.8957   38.5372   66.6063   43.5539   69.5894   68.1732   92.2496   50.1655   39.5539   66.886   
40.4475   70.6612   29   78.7909   83.7735   8.48528   47.0956   57.3149   44.1475   42.5793   34.0147   95.2733   72   56.6392   74.9466   36.8917   94.3663   75.2396   50.2195   19.6469   31.0161   51.4782   92.1792   84.4808   53.0094   76.5506   18.9737   31.0644   13   53.0094   93.0591   59.203   84.0238   38.6005   82.8734   22.0227   39.9625   84   83.3547   33.2415   22.0907   71.0282   61.5224   43.4166   18.3576   47.3814   10.198   82.6075   45.1221   60.8276   83.006   52.6308   57.0088   28.0713   56.7186   53.6004   19.0263   75.8222   47.2652   45.8803   0   84.4175   107.71   85.0144   58.1191   61.0488   78.1647   64.8807   85.2529   54.9568   
30.4138   24.3311   47.5395   24.5153   26.9258   62.5859   89.0225   39.8246   66.888   78.1025   57.7754   52.5547   9.43398   44.6878   31.1448   52.3259   38.9102   38.0526   18.2483   48.0937   76.6616   71.7008   53.8516   17.0294   15.6525   34.3657   77.4919   75.8024   62.1289   91.351   54.1202   34.4093   60.0083   71.8401   25   50.3587   35.4683   18.7883   34.3657   70.4557   66.4906   7.2111   57.2713   38.0789   58.5491   91.4002   57.3149   15.1327   29.2062   57.6975   25.0799   79.9812   25.9422   39.4588   99.3579   96.6747   68.884   58.8558   82.8794   23.5372   67.4759   0   47.434   49.7924   93.1266   78.1793   99.5705   55.7071   45.7924   90.1577   
48.3735   50.6063   74.2496   46.8188   46.3249   82.2192   97.4987   68.6804   95.4411   86.3771   85.5862   29.0689   20   73.5935   56.3649   80.455   55.1453   26.1725   45.2769   71.0634   89.0505   75.591   32.7567   21.3776   37.3363   21.2603   94.1913   88.0738   86.4002   97.9898   32.5576   63.1269   45.6508   80.9568   6   75.6108   63.2851   12.6491   56.3205   81.4923   92.477   22.0227   55.2178   66.6108   83.8153   100.305   79.2465   22.8035   44.0454   56.0357   44.3847   84.534   33.1361   61.6117   106.513   104.389   94.2444   49.0408   90.0777   50.6063   88.8144   29   0   75.6825   119.422   83.9682   102.633   62.9009   71.8532   117.094   
48.1041   9.21954   40.7063   16.5529   20.8806   68.0147   104.862   15   47.1699   95.1893   43.7379   85.0941   41.7852   19.2354   7   37.855   27.2947   70.0357   29.1204   50.9902   89.6437   93.2309   86.4002   40.3609   38.2099   66.7083   84.9588   89.0225   58.5918   108.757   86.6833   10.4403   91.444   88.8369   56.7979   47.1699   29.2062   47.4342   15.2971   85.703   57.5674   39.5601   84.1724   25.9422   53.2259   106.607   59.8164   38.2884   50.6952   84.3445   21.5407   100.18   54.037   47.0106   115.676   112.645   61.3514   89   100.499   29.0689   69.0652   32.573   59.6825   0   77.3424   96.8607   118.913   77.8607   26   75.0999   
62.9365   67.3647   31.4006   76.3217   81.2219   46.0977   86.0058   46   14.5602   81.7435   19.6977   120.416   85.4225   42.107   68   25.2982   88.0909   100.449   59.9416   41.0488   70.1783   89.56   118.802   92.9731   68.5055   100.005   57.0351   70.2567   28.4605   92.0489   119.52   51.0882   114.809   77.4661   99.985   32.6497   42.0476   96.2549   76.0592   72.1803   18.0278   83.6301   95.3834   39.8497   26.4197   86.0233   39.5601   90.7579   68.593   94.8947   81.3941   91.5915   79.9812   48.9183   95.1315   92.0869   20.2237   107.898   86.4696   54.5894   39.2046   77.4726   105.19   61   0   93.8332   110.372   90.7032   76.131   23.1623   
32.7567   77.1751   54.037   82.201   86.0523   32.7567   29.0689   75.4321   78.0897   17.8885   65.6201   63.3877   59.6406   77.4661   83.7257   65.0692   98.2344   46.1736   51.9711   39.2046   22.2036   13.1529   58.8558   74.6324   46.0977   49.6488   33.121   21.2132   49.3964   30.6105   59.8415   74   46.6154   12.3693   62.9682   48.3735   56.0892   69.8355   90.4268   14.1421   59.808   60   22.3607   61.9839   51.923   31.7805   38.2753   73.6003   31.8904   21.4709   84.5044   19.7231   37.2156   36.3456   38.833   36.3593   58.1808   37.5766   22.2036   51.4782   41.0488   60.8276   68.6222   80.5295   77.8332   0   40.8254   44.4722   91.032   88.6759   
55.5698   99.985   74.5453   104.862   108.6   48.3735   16.5529   97.719   97.0206   13   85.0235   75.1332   80.7217   99.4585   106.55   85.3756   120.801   61.8466   74.793   59.4138   25.4951   11.4018   69.7209   95.6713   68.6003   66.2118   40.2492   25.0799   66.3702   13.0384   70.7107   96.566   54.037   17.0294   81.6333   68.1836   78.1601   90   113.208   22.2036   76.6551   81.3449   32.573   83.9345   70.0643   19.3132   56.0357   94.8472   54.4059   31.6228   107.005   3.16228   58.0517   58.2409   21.095   20.025   74.1485   45.1774   9.89949   74.2496   55.3173   82.8794   86.8332   103.315   94.3663   22.8254   0   60.1745   113.803   105.638   
16.1245   57.9396   46.9574   61.7738   65.192   39.3954   51.4782   61   72.45   40.3113   59.9416   47.927   37.2022   64.1249   64.846   57.3847   77.3886   28.1603   33.7343   35.4683   41.9762   32.6497   44.7772   52.2015   25.4951   30.2655   48.1664   41   50.2494   53.0094   45.6508   58.2151   38.4187   34.4384   41.2311   43.8292   43.7379   47.4131   70.6824   34.4819   59.4643   37.6431   22.0227   49.6488   50.3289   54.1202   40   51.225   12.1655   22   63.5138   41.0122   14.7648   27.7849   61.2944   58.8303   59.4138   31.7648   44.6542   35.0571   47.4131   39.0512   47.0744   62.8172   76.4003   22.4722   43.8634   0   73.9406   89.8018   
44.3847   6.7082   39   15.2971   20.0998   65.437   101.607   15.5242   47.676   91.8096   43.1856   81.3449   38.0789   20.2485   8.06226   37.2156   28.1603   66.0984   25.2982   48.4149   86.5563   89.5545   82.5651   37.4833   34.2345   62.8172   82.3286   85.9127   56.8595   105.394   82.8613   10.0499   87.4643   85.44   53.2353   45.1774   26.9258   44.2041   16.5529   82.4197   56.5155   35.8469   80.2309   24.3516   51.6236   103.407   57.4282   35.3553   46.8402   80.4114   20.3961   96.6023   50.04   43.9318   112.414   109.403   60.1664   85   97.0979   25.5539   66.888   28.7924   56.3028   4   61.131   76.922   99.7296   58.9406   0   75.6241   
60.1082   66.1211   28.8444   75.1066   80.0562   42.9535   83   45.0999   14.7648   78.6384   17.72   117.686   83.1925   41.4367   67.0671   23.5372   87.2812   97.6729   57.6975   38.0132   67.1193   86.4002   116   91.0934   66.0379   97.3088   54.0833   67.1863   25.2982   89.0225   116.726   50   111.826   74.3303   97.6166   29.7321   39.9249   94.1541   75.2396   69.0507   14.8661   81.4371   92.2822   38.0789   23.3238   83.0542   36.4005   88.8876   65.7647   91.7878   80.1561   88.459   77.2334   46.0109   92.1954   89.1403   17.1172   104.862   83.3847   52.3259   36.1248   75.3923   102.883   60.075   3.16228   74.6726   91.2414   73.4098   60.0083   0   
