15
70
999999 9 13 14 7 13 8 7 5 5 9 11 12 9 12 7 15 14 11 7 16 12 14 10 10 10 16 12 11 10 11 11 8 8 15 11 16 17 15 17 15 12 15 16 8 13 11 10 12 7 14 7 16 9 11 11 6 16 8 11 12 14 8 14 5 11 6 5 14 17 
0 6 11 7 3 12 5 4 3 4 6 8 1 3 5 2 9 2 10 2 15 9 13 5 8 7 8 4 2 2 9 4 3 6 3 2 3 10 3 3 12 8 5 10 3 11 10 7 9 4 11 3 10 6 2 9 5 4 6 6 7 6 5 11 4 8 4 2 9 16 
20
0   0   0   0   0   0   0   0   0   0   0   0   0   0   0   0   0   0   0   0   
0   7   -6   -1   0   -1   -8   2   -3   5   -1   6   -7   3   -4   9   -8   6   -3   8   
-10   3   -3   7   -3   11   -9   6   -3   0   0   1   0   4   -2   5   -4   8   0   -3   
-6   0   -1   4   -8   2   -2   3   -1   -5   1   0   -5   4   -3   0   2   -2   -3   3   
-6   5   -3   4   -3   3   -5   4   -3   5   -6   6   -5   3   -5   4   -1   5   -6   5   
3   -5   11   -1   1   -2   11   0   9   -2   -3   -10   -1   -8   2   -3   1   -3   2   -2   
-2   0   1   4   2   0   -1   -5   -1   2   -1   0   -1   3   0   0   2   0   -2   3   
-1   1   -2   1   -3   0   -3   0   -3   0   -3   0   -2   3   0   0   -2   1   -1   1   
-5   3   -4   4   -1   3   -2   4   -2   2   -3   3   -1   3   -4   3   -3   2   -3   3   
-1   1   -1   3   0   2   -2   2   0   3   -1   3   0   0   -1   2   -1   1   -2   2   
0   -4   5   -2   2   -3   2   -6   8   -4   7   -2   8   0   -3   -8   2   -6   3   -4   
6   -5   4   -4   2   -2   7   -2   3   -8   9   -3   3   -10   2   -2   3   -1   5   -8   
0   0   -1   4   5   0   0   2   2   0   -2   12   0   -3   -1   5   -2   -1   -4   -3   
-3   2   -2   6   -3   0   4   4   -3   3   -5   4   -3   2   1   3   -3   3   0   2   
0   3   -10   -1   -5   7   1   1   -7   0   -4   1   -1   -1   -1   -1   2   -3   5   6   
1   3   -2   2   0   2   -1   4   -2   4   -4   2   0   -1   -4   4   -4   0   -4   0   
-13   9   -4   12   -10   3   1   4   -7   0   -3   2   -7   4   -9   -1   -9   10   -11   7   
-1   0   2   4   -5   7   -5   2   -4   3   -7   3   -3   1   -4   0   -5   1   0   2   
2   1   0   2   2   -2   -2   2   0   -3   -3   -2   0   -1   4   -9   1   1   -5   -1   
0   -2   3   -4   3   -1   0   -1   1   0   3   2   -1   -2   -1   1   -1   -1   4   -3   
-6   -7   -7   9   0   1   -8   2   0   5   0   6   0   3   -8   5   0   1   1   0   
1   1   1   4   3   -2   5   2   -2   2   -6   1   -1   5   8   0   1   -2   0   5   
-4   12   -4   10   -4   8   -9   11   -6   12   -12   11   -9   12   -9   8   -13   7   -6   5   
-1   0   0   0   -1   2   -1   0   2   4   -3   9   2   2   4   0   -6   5   -1   0   
-3   -3   5   -1   2   0   4   -4   3   3   3   0   4   -1   3   -2   2   -5   5   -7   
0   0   2   -3   2   -3   3   0   -2   -4   2   0   3   0   -2   0   -1   -5   -1   -3   
-5   3   0   6   1   11   3   5   0   13   -5   -5   -1   9   3   11   -6   14   -6   0   
0   0   6   -6   -1   -1   0   -8   0   0   1   -2   0   -10   5   -1   2   -8   2   0   
-1   2   3   -3   4   -2   4   -1   2   -1   3   0   0   -2   -3   -3   0   0   0   -4   
-2   0   -4   1   -7   8   1   1   -4   3   -1   2   0   0   -2   1   -1   -1   0   1   
0   5   -3   3   -7   10   -6   1   -5   2   -7   2   -3   0   -6   1   -8   2   0   4   
-1   -3   5   2   -2   3   4   0   -1   0   -2   1   0   -3   0   0   0   4   -1   2   
-2   0   -1   0   0   1   -1   -1   -3   -2   -1   0   -1   0   -4   -2   2   0   -1   0   
0   0   2   -1   0   0   3   -4   -2   1   -2   0   1   -1   1   -5   4   -5   4   -3   
0   6   2   6   -7   -5   -6   12   -9   3   -2   -1   -11   0   -4   -1   -5   -2   -4   3   
-4   3   -4   11   -11   6   -4   6   -2   1   -10   5   -2   5   -3   3   -9   4   -4   3   
-4   4   -6   5   0   4   -2   5   -7   7   3   6   -14   9   -3   13   0   13   -9   3   
-6   1   -8   -1   -8   -2   -5   9   0   1   -6   2   -4   7   -2   1   3   2   4   0   
-9   4   -6   1   -5   0   0   -6   3   1   -4   4   0   9   -4   11   -11   6   -12   2   
5   -10   3   -10   9   -3   -2   -13   0   -14   1   -7   3   -13   6   -14   7   -11   6   -8   
-13   4   -10   9   -12   7   -13   2   -8   6   0   11   -6   7   -14   1   -12   15   -4   12   
-3   -3   7   -6   -9   2   0   -4   4   3   -1   -1   2   -1   0   7   0   -3   -5   3   
8   3   9   3   0   2   0   4   0   6   -8   6   -5   -8   -7   -2   -4   3   -3   0   
6   -4   10   -10   8   -5   9   -15   6   -14   6   -10   4   -12   13   -7   8   -9   12   -11   
0   4   -3   2   0   -1   -4   2   -3   4   -4   0   0   3   -1   5   -2   1   -2   2   
-9   2   -7   11   0   4   -7   8   -8   2   -8   12   -4   6   -11   10   -3   8   -5   7   
3   0   1   2   0   1   0   0   0   -2   -5   1   -7   -6   1   0   1   3   3   -1   
3   -2   0   -4   2   3   4   6   2   -2   2   -2   -4   -2   1   -4   5   2   0   -4   
8   0   3   -4   -1   2   5   -5   10   -9   2   -1   5   -5   4   -5   4   3   4   -6   
5   -2   5   -5   1   -5   3   -3   2   -7   3   -3   3   -5   2   -3   4   -2   4   -2   
-3   0   -10   1   -9   1   -11   4   -5   7   -6   4   0   0   0   6   -5   4   -6   6   
3   -3   2   -3   0   1   2   -4   3   -3   3   0   2   -5   0   -1   1   -1   -1   -2   
2   -8   1   -1   0   0   0   -4   -1   -4   8   4   13   -4   -3   -3   6   -8   -4   -3   
1   -1   3   -4   -3   -4   0   -6   4   -3   5   -3   -4   -6   4   -1   9   0   1   -4   
1   1   -4   2   0   3   -7   4   -2   -1   0   0   -4   0   1   2   -1   5   0   3   
0   4   0   -3   -2   0   -2   5   -6   4   -1   -2   0   -1   0   1   1   0   -5   2   
0   1   -5   2   0   3   -1   1   -2   2   -4   0   1   0   0   0   0   1   0   -1   
-3   6   -5   9   -9   6   -10   11   -5   11   -1   7   -5   10   -9   15   -12   7   -2   9   
2   -3   0   -4   0   -2   0   -1   0   -1   2   0   -1   -1   0   0   0   -1   0   -1   
-3   2   0   5   -2   -2   -5   7   -3   4   -6   4   -2   10   -3   7   -5   4   -2   1   
3   0   -3   3   2   -4   2   -4   0   6   -1   0   4   8   9   3   1   0   -10   -6   
-1   -11   2   0   6   -2   -3   1   -1   3   -1   -5   -1   5   5   -5   1   2   0   3   
-4   5   -3   6   -4   3   -4   5   -5   3   -4   6   -4   3   -5   7   -6   4   -3   4   
1   5   5   -4   3   -3   11   -4   -2   -11   4   -3   2   -11   5   -6   5   1   3   1   
-2   0   -1   0   -1   0   0   2   0   1   0   1   0   1   0   0   1   0   0   2   
-11   4   -5   5   -1   11   -6   2   0   8   -5   7   -3   6   -8   7   -5   9   -8   6   
-3   3   -2   1   0   0   0   2   0   0   -1   0   0   1   0   3   -2   4   0   1   
1   -2   1   -1   1   0   2   -1   1   0   0   -1   0   -3   2   -1   2   -2   0   -1   
2   -1   -3   -2   2   -9   4   -1   1   3   1   -6   -3   -4   6   3   3   -4   1   0   
1   1   3   12   -1   -1   -1   10   -1   3   -4   4   -5   4   -4   6   -5   0   -3   2   
0   27.8062   41.7082   67.3574   63.5128   38.7147   39.6815   37.8537   74.4055   67.8818   54.0135   74.6688   54.6989   25.4721   74.1563   70.0091   59.9119   49.7795   66.6192   57.2878   30.6525   24.6023   71.9054   39.736   70.9119   38.3452   59.2449   60.8931   40.6982   68.6063   45.1496   21.7082   48.1061   74.6212   47.3883   70.0241   71.8035   35.8121   53.249   54.3178   41.2594   66.2277   32.2066   61.5079   67.6454   62.0122   59.4838   85.121   44.0208   68.0744   44.4094   61.025   50.531   65.6878   62.2049   22   53.1307   47.249   91.0928   21   54.8717   64.1699   57.4166   58.4726   54.6356   67.676   69.2803   29.3178   43.1555   43.2312   
12.8062   0   35.1529   64.0919   76.319   43.8341   45.9606   30.3693   63.904   56.5793   64.9142   85.9794   58.5239   31.3137   86.3137   75.6127   60.2588   41.4764   61.0476   67.3625   36.3417   27.3417   67.848   37.4018   61.5206   50.0834   57.1448   57.5933   52.1207   70.6127   56.1622   28.2801   47.1059   77.1245   60.1945   64.6206   56.833   34.1108   63.5159   55.3178   48.7859   65.927   35   74.3141   64.7214   52.7567   42.2029   86.121   38.6433   54.054   37.6155   66.1258   51.531   57.6497   61   26.3137   54.5253   60.0553   83.1378   32.0416   54   75.5918   60.2791   57.4838   45.1108   74.725   61.7922   30.3178   49.0799   44.6586   
23.7697   13.1529   0   48.2025   86.2718   44.0928   55.5298   33.2361   54.3557   61.4072   73.5423   92.7214   51.1248   38.2588   94.7854   88.4999   71.7971   49.3571   62.1272   76.311   39.8369   33.4407   57.8482   16.2361   53.2818   57.6801   48.2126   69.6162   64   83.6529   61.6943   38   59.9912   87.1135   71.158   65.9271   47.6328   37.0711   76.0425   66.2029   46.4842   57.4264   37.3026   85.2776   66.5668   36.6469   32.4012   97.0062   22.0711   43.3311   37   70.8402   62.4161   47.9422   74.1529   38.8403   64.0918   71.0188   74.1597   41.8035   50.6956   87.9396   71.2029   66.0106   24   85.6101   65.2966   41.2029   62   57.8116   
50.6952   44.2945   32.2025   0   113.791   53.833   82.7551   65.4386   63.0416   87.6616   92.9384   105.383   50.6007   67.811   112.125   119.907   104   80.3817   88.0616   105.285   63.0119   58.7551   36.9317   48.4386   67.6525   69.9351   64.5395   100.01   80.514   114.907   68.7083   67.7695   91.4004   118.813   98.0834   87.1196   61.6525   60.1214   91.5242   98.4054   64.8121   49.4795   63.4588   112.203   96.2122   32.6525   54.6168   129.209   51.7308   42.0868   53.4764   68.8722   94.6186   67.2719   105.294   70.6082   96.2942   97.9442   90.0077   69.7293   79.6259   97.9178   101.608   97.492   53.3196   117.813   86.4251   73.4054   90.7608   88.9531   
48.5077   59.9083   72.1803   97.1854   0   75.6657   45.0644   80.7732   117.915   101.703   41.8395   56.8044   93.0233   63.6104   50.0689   48.0156   44.8869   83.8776   99.4812   29.7279   75.1495   73.1101   105.761   85.4822   113.881   63.9157   101.823   81   54.6962   55.296   69.2488   67.4683   64.6711   75.4003   35.1245   100.703   111.315   79.075   43   67.8615   74.6657   104.339   76.8992   44.3848   93.3409   104.36   101.439   75   86.2496   111.52   88.9069   88.3502   62.8615   104.505   74.6825   66.4975   66   43.9317   127.475   65.4975   88.5195   71.2701   77.7322   81.2993   92.1038   38.0333   102.882   63.8905   49.4683   69.5782   
23.7065   29.0172   29.5466   38.833   60.6383   0   50.249   58.062   80.7536   85.5966   57.1327   67.3176   41.3576   44.76   74.0599   92.7008   77.2868   70.4936   88.0454   70.7798   25.0623   35.1164   55.311   43.8568   79.3612   32.1327   73.2339   82.9638   44.0969   87.7008   30.6433   43.1603   71.2464   98.3278   60.8803   88.1785   73.6825   28.0454   57.0128   77.6962   23   50.4307   34.0357   71.5835   91.0237   61.0132   61.9478   107.028   47.8537   62.5079   41.6918   38.0278   72.8014   69.4617   85.802   40.8473   76.2944   56.3192   103.706   44.2594   78.25   53.2353   81.1231   81.8509   53.5466   78.846   90.3542   52.6962   54.4833   66.9377   
17.72   29.9666   41.4849   66.4831   31.0644   32.249   0   53.6179   89.4977   78.7772   39.6627   63.5467   68.7423   32.3576   61.052   60.4447   43.6816   58.7772   78.1772   39.0868   47   38   77.5059   57.2938   88.6319   47.2036   76.9649   66.6392   43.4924   61.3609   49.6531   39.4282   43.9434   72.8769   34   81.0041   86.7996   51.789   38.2485   48.5254   50.3847   69.4707   48.277   51.6105   76.2211   74.3054   72.1696   79.8111   56.1947   79.7343   60.1191   68.4166   49.0147   80.1289   64.3967   37.6469   54.3465   38.5563   105.187   38.72   66.2316   58   57.1856   65.2592   65.4849   48.6956   80.5938   41.6008   27.1803   51.5753   
23.8537   12.3693   17.2047   48.8365   66.7083   41.0488   39.0512   0   51.5874   45.2655   77.2835   98.3488   65.9357   43.683   98.01   77.7518   62.5421   36.664   45.421   72.0353   48.711   39.711   73.4853   31   47.1781   62.199   35.095   52.3026   64.49   72.7538   68.5315   40.6494   49.5875   71.6754   68.7579   46.5104   46.8408   46.4801   75.8852   52.108   59.1662   72.3678   45.1662   85.3616   49.1674   53.3844   41.3452   82.2827   39.2757   49.4401   43.7321   74.0762   47.3544   39.7697   58.7123   38.683   49.6381   71.1028   68.4236   44.4109   31.2788   87.6824   54.4708   53.8329   38.5183   78.4952   46.4429   34.088   53.305   39.7386   
58.6003   45.8039   37.6431   48.0416   103.87   66.5733   75.4718   37.1618   0   49.7521   109.671   129.974   83.1678   71.3204   131.071   111.757   95.3941   57.0119   54.2049   106.774   77.2938   70.5685   84.1028   53.7207   21.099   91.2494   32.1164   74.2312   96.0777   107.216   96.0711   66.8641   83.2495   94.7542   102.931   50.4384   21.0711   72.72   109.32   86.2567   81.1193   92.2462   72.9516   120.108   70.6408   54.2956   41.9545   109.775   57.72   44   69.3137   102.866   83.4164   30.4164   78.6297   72.1176   83.0308   105.849   32.0294   77.8455   58.0135   119.671   90.4118   74.6004   56.6699   115.657   55.7805   71.2498   87.4471   76.9004   
52.811   42.5793   44.4072   70.6612   86.4523   71.2531   64.6607   30.2655   33.541   0   102.32   126.204   95.532   68.3806   123.709   84.6571   73.3095   41   26   87.9867   78.921   69.921   102.128   60.6433   47.6531   91.1562   43.637   41.6472   93.5092   80.0892   97.9606   66.1736   60.4004   64.1327   92.5862   25.0645   51.7297   75.208   100.906   60.0643   86.4282   101.834   72.4282   111.923   31.1327   73.5204   57.697   80.2317   66.4783   67.1308   73.9976   104.342   55.8167   44.6586   49.087   68.893   53.6621   97.2338   51.0644   72.7427   36.6583   116.981   53.853   38.0416   65.4101   98.5578   22.2361   58.1825   77.4059   60.8782   
37.0135   49.8197   59.5399   78.6384   24.8395   40.05   21.6333   60.1082   95.6033   86.2844   0   40.7124   69.9258   52.8975   37.4009   66.0057   57.7108   80.4105   97.7793   40.9258   51.3169   54.3244   83.7209   71.3606   106.321   39.435   94.7217   85.0562   30.4475   65.063   40.9258   57.1874   60.1356   89.475   32.8785   99.7943   102.606   57.1754   15.4142   66.345   63.05   76.439   63.2039   33.0416   96.2433   92.8143   90.2859   96.5328   74.8238   98.8765   75.2115   66.1545   68.1507   96.4899   85.2551   52.8021   74.3686   34.0711   121.895   51.8021   86.2537   39.1868   78.5224   85.2813   83.5399   59.8469   100.616   61.6247   47.2025   73.2086   
58.4123   70.9366   78.6448   91.1811   40.8044   53.2353   45.1885   82.201   115.974   109.659   24.0416   0   81.0312   76.9392   41.1421   88.1803   81.7524   103.966   121.821   64.6378   68.6208   75.5031   94.1665   91.4853   127.596   54.4081   116.173   109.098   49.9706   87.6528   59.6742   79.3584   84.1772   113.517   56.9201   123.836   123.837   79.5349   39.4558   90.3866   68.3546   82.7647   84.3075   38.561   120.285   114.046   111.046   114.147   96.0556   115.743   94.9271   70.564   92.1298   117.722   107.984   74.0339   98.0583   48.0483   143.127   73.0339   110.295   43.105   102.374   109.323   102.645   76.109   124.658   85.6663   71.2441   95.2168   
39.6989   41.2311   36.1248   28.6007   77.4919   17.4929   49.7393   51.6624   68.3081   80.5047   55.4437   64.0312   0   60.5234   86.4166   107.511   91.3654   81.8982   95.2375   88.2726   42.5551   49.4842   31.3178   49.3565   84.1306   49.4997   76.0157   98.1148   56.4536   103.232   43   58.72   85.3249   114.32   78.3731   94.6245   78.6889   42.4131   70.8579   92.6942   35.3576   33.7082   46.0179   88.4853   99.7725   49.8855   63.4983   121.193   43.2747   64.1774   36.2036   40.3576   89.6003   76.6825   101.904   57.0512   92.8295   73.8121   100.338   56.0512   82.9412   63.2217   97.1155   98.1714   57.0555   96.3388   98.1053   69.0167   68.5619   82.9301   
4.12311   11.7047   24.0832   52.811   48.2701   27.7308   18.3576   21.2603   57.1402   49.3964   38.8973   61.0328   43.4166   0   76.208   69.3273   53.3255   47.5941   61.98   57.4444   34.7756   27.0416   69.3403   36.0227   68.4384   42.4683   56.3553   57.7733   44.8213   64.3593   49.2727   23.4721   40.1725   71.6508   51.5114   63.0694   68.1011   33.105   54.3115   51.198   45.3825   69.2262   34.5563   65.631   64.5256   57.935   53.9076   78.7024   46.1543   62.4854   42.8328   62.3847   46.2324   61.03   58.0813   26.1231   50.4055   51.3721   82.593   25.1231   47.8378   65.5964   54.4462   55.3528   43.0689   64.1736   66.1605   26.198   35.1421   43.1661   
58.4123   71.218   80.7775   97.7446   29.0689   58.9406   42.45   81.3449   117.004   106.607   21.4009   14.1421   72.2496   60.208   0   77.0845   71.4891   101.227   119.18   58.7968   72.7178   75.7253   102.052   92.5493   127.722   58.9659   116.123   104.132   51.8484   79.274   62.3268   78.5883   81.5365   104.269   54.0147   121.195   124.007   78.5764   36.8151   87.7459   72.9741   93.3157   84.6048   36   115.24   109.462   111.687   99.0241   96.2248   120.277   91.4648   74.0803   85.7743   117.891   103.751   74.2031   95.0689   52.9072   142.801   73.2031   107.655   54.0832   99.6356   103.917   103.277   62.0114   119.603   83.0256   68.6034   86.1969   
55.0091   61.4003   74.4648   105.109   32.0156   75.6042   43.8634   62.2013   96.5194   70.5762   52   72.1803   93.0054   52.3927   61.0737   0   31.083   68.8197   80.327   42.5372   83.2028   78.1692   121.078   86.8011   105.701   81.482   94.2396   59.2778   73.3214   19   86.7703   71.3624   48.9217   50.45   48.4819   83.6419   106.265   85.4977   66.4782   41.3059   94.2481   113.334   86.9491   74.6488   71.8311   110.328   99.4751   48.0227   96.4919   111.641   95.2256   101.046   46.257   101.971   51.2156   77.0091   50.0156   72.0652   117.688   76.0091   77.0167   91.1868   52.8707   67.6154   95.4616   44.1172   92.8123   69.2969   64.9487   62.0132   
38.5876   44.643   57.7235   88.3912   30.8869   60.1415   29.6816   46   81.3941   58.3095   43.1856   66.0681   77.3369   35.7771   57.4891   16.7631   0   57.8965   69.0833   39.9737   69.24   62.8187   104.319   71.7998   92.0215   72.3066   79.9384   48.6554   63.8595   33.083   77.3084   59.2492   37.0694   53.8052   39.02   73.7481   92.8408   68.0833   58.5999   29.4536   74.4138   99.1524   66.774   64.7214   63.5099   93.712   86.846   46.8869   79.7945   95.4401   78.6099   96.2817   40.8494   85.7697   47.8948   60.5876   36.8494   55.3456   106.213   59.5876   68.9325   82.3724   45.6333   51.4683   78.846   33.4391   78.1808   55.5941   44.8035   46.8035   
34.3657   26.4764   33.2866   64.3817   67.0075   55.3263   44.7772   16.1245   42.0119   20   66.3702   89.8944   67.3573   30.5941   86.6083   54.7449   40.4969   0   35.4642   71.7425   62.0416   53.8181   89.6098   47.1245   54.054   72.7109   46.9722   33.8045   75.0639   63.8431   79.5153   45.0713   44.7374   55.2906   72.3318   39.4165   57.9428   60.5872   81.7844   42.5372   73.3038   88.4923   59.3038   89.027   33.2483   67.5782   55.8469   70.3109   54.8246   65.5646   59.8567   90.2007   37.5372   51.3467   39.1661   52.7901   39.0217   79.9632   60.6154   52.2345   25.3852   96.1906   47.3059   41.2127   54.6428   73.936   42.2361   44.5407   54.4093   34.8885   
51.4198   42.0476   45.3542   73.0616   82.7587   71.007   62.1772   30.0167   38.0789   5   83.7257   107.331   81.2158   47.8017   103.73   65.9242   54.0833   17.4642   0   88.1197   78.3893   69.3893   103.202   61.0167   50.1059   89.7651   40.8701   39.587   92.118   78.5338   96.5695   62.5356   61.0904   62.7387   85.8721   25   55.3246   76.1584   96.4943   58.8167   89.1828   102.384   75.1828   105.323   36.1327   73.4543   62.0397   77.759   67.4252   71.617   73.7488   104.093   54.6197   49.1448   46.6142   68.3613   54.9337   91.1775   52.0555   69.6987   33.1421   112.372   52.1141   39.3132   68.4986   87.5224   25.3246   62   65.6236   51.2415   
39.0512   49.366   62.1289   89.2693   12.7279   55.0364   23.0868   55.0273   92.1141   73.7564   26.9258   48.0937   72.45   38.0526   38.6394   25.0799   18.9737   54.4059   70.0357   0   68.7032   61.0868   100.593   74.0753   101.846   62.1861   90.1223   67.4309   53.739   43.5372   66.1664   56.19   42.5862   72.7789   28.8995   90   101.868   70.4252   42.34   48.4273   70.1295   92.5575   66.8197   46.0768   82.4836   95.9875   91.5689   65.8606   78.0714   100.538   80.8854   78.8905   59.8231   94.797   62.4131   59.3588   55.8231   45.095   114.344   58.4191   79.1376   66.1126   59.2492   70.442   81.1215   37   92.2462   55.7533   41.3311   55.8782   
15.6525   22.2036   25.6125   42.0119   55.4437   8.06226   25.632   34.5254   63.2535   64.7765   37.108   53.6004   24.8395   19.6977   57.3847   68.2422   52.4976   48.0416   64.195   48.7032   0   26.2213   52.0789   38.6008   76.2161   32.2127   66.0324   75.131   40.1896   81.2028   32.868   36.9488   59.8702   90.2737   59.632   79.9307   71.5341   26.2213   52.5222   69.1544   22.6158   47.1127   22.6158   65.0306   81.2899   55.1118   56.8062   98.4001   41.1591   63.4165   34.088   44.1794   65.9301   68.0416   76.7694   30.8661   68.7832   61.0571   91.6981   36.6525   65.8042   61.2976   73.0691   74.1251   44   74.3276   80.9683   44.9703   49.7321   58.8837   
8.60233   13.3417   19.4165   42.7551   55.0364   16.4924   24   25.7099   56.5685   55.9017   40.2492   59.4138   31.4006   12.0416   61.4003   63.5295   47.1699   39.0512   55.2268   46.5296   9   0   61.0789   35.6526   71.3497   41.2127   59.2666   67.4976   48.5314   76.1692   41.868   30.3105   52.2141   83.2236   55.9906   72.2203   67.0493   25.2111   55.6634   62.9201   31.6158   56.1127   21.6056   70.1102   72.2995   55.5106   51.8177   90.744   39.4642   62.7475   41.2788   53.1794   58.2019   65.4796   68.5619   28.8102   61.733   55.8514   88.5979   27.8102   56.9887   65.793   66.0189   67.0749   43.4165   72.6956   72.1528   37.9201   45.5967   51.8335   
51.8556   50.8035   42.5441   21.9317   91.7606   31.3847   63.5059   59.4811   68.3593   86.1278   69.7209   77.1038   14.3178   55.2268   86.0523   106.231   90.2109   75.591   87.5957   86.406   38.0789   43.2782   0   58.7802   83.029   63.5175   78.6297   106.114   70.7714   117.55   57.3178   70.4637   95.3993   126.477   92.265   102.763   83.3945   56.7309   85.1351   104.391   49.6754   28.4018   55.6989   98.7543   107.128   54.5842   68.163   133.929   55.3035   64.0185   48.2324   45.5941   101.459   80.2013   111.804   68.9449   104.864   87.0928   100.376   70.3691   89.2396   77.5395   109.272   108.287   65.8044   110.231   99.9345   81.1214   82.8797   95.0868   
21.587   11.4018   2.23607   33.2866   70.0357   27.8568   39.2938   17   39.6989   45.1774   57.3062   76.4853   35.3553   22.0227   78.5493   72.8011   56.0446   33.121   45.8912   60.075   23.6008   17.2047   42.4853   0   54.4817   54.1084   49.4125   66.9255   58.8019   82.0145   56.4688   35.0278   58.3847   87.0321   68.0126   63.5104   48.8326   33.4929   70.849   66.632   46.2166   56.7886   36.2788   82.8912   66.1674   37.3776   33.6011   96.7775   24.3071   45.5671   28.1529   63.3542   61.8911   50.1783   72.2871   33.6469   64.0104   68.8361   71.7283   42.587   48.2788   81.0081   69.8958   65.6154   26.2361   85.0661   63.4429   41.632   57.0139   54.2753   
55.3173   42.5206   35.5106   49.4975   99.7447   64.8845   71.8471   33.121   5.09902   28.6531   92.3147   113.172   67.9117   53.6004   113.701   91.6624   76.6877   37.054   33.1059   87.8465   61.0328   53.9073   69.029   37.4433   0   88.8995   28.3716   70.0247   93.2104   100.897   93.9007   63.3076   77.784   89.6644   99.0327   44.5296   21   69.1764   104.955   79.5912   79.8012   87.1642   67.7287   116.555   59.0813   52.7612   36.9379   104.685   55.8526   46.3717   62.7968   96.3495   74.5912   23.8995   73.5399   67.8145   75.075   102.566   34.088   71.5619   53   118.112   82.3191   66.5077   57.1059   108.184   49.8328   67.0899   81.4127   67.9351   
23.3452   34.0147   39.6232   53.9351   46.8188   15.1327   22.2036   46.2385   77.2334   75.9605   25   39.4081   30.8058   27.1662   43.9659   65.7951   51.8652   57.7062   74.7329   43.0116   14.2127   21.095   45.1221   37.5366   74.8131   0   80.245   84.2384   35.2195   76.482   22.0711   44.8329   66.147   95.0805   56.2036   90.2356   85.7467   36.6155   40.4142   70.729   29.1421   57.4683   36.8284   54.0135   90.9544   67.9107   71.0189   98.7521   53.609   75.7454   46.8869   44.2603   71.2183   82.2543   85.2475   45.0787   76.4759   46   105.911   44.3452   75.004   43.6982   79.3246   81.8178   58.2127   70.8992   92.6255   52.6631   49.3839   66.5764   
43.8406   31.1448   26.2488   47.5395   87.6641   55.7136   60   21.095   16.4924   23.6008   80.7217   102.069   61.2046   41.8688   102.069   80.2247   64.9384   26.1725   26.8701   75.7694   51   43.2666   64.6297   27.8568   12.083   64.3506   0   59.977   83.2655   89.3467   83.868   59.4249   70.3209   81.4631   86.603   41.2074   25.0454   61.3496   94.6607   68.0408   72.1698   82.2804   61.4166   105.349   50.805   45.9669   29.8114   96.4834   47.7567   42.9443   56.0097   89.0821   63.0408   20.4721   65.3386   57.4585   64.0408   91.0897   46.1711   63.1864   45.587   106.737   73.4784   61.6425   48.1794   95.3204   39.4009   55.183   66.3546   60.8337   
45.8912   41.5933   50.448   82.0244   65   68.9638   50.636   33.3017   56.8859   26.4764   70.8802   94.921   82.7647   41.7732   89.0505   44.7214   34.6554   17.8045   21.587   52.4309   61.131   52.4976   92.1141   50   51.788   68.1836   42.3792   0   82.5328   57.0774   90.2546   59.5753   45.1803   40.1868   73.6754   41.4951   67.4246   74.8782   86.2944   40.2178   83.7468   105.669   72.3624   91.0592   35.0384   82.6248   72.1906   55.2071   72.5191   80.0379   77.0338   104.123   38   62.8514   24.0623   64.4414   34   81.0127   72.4282   64.0977   43.0698   105.499   40.8924   25.6056   67.7587   68.0945   42.1662   49.5753   55.4588   37.105   
24.6982   37.0135   45   62.514   37.6962   24   16.4924   48.5489   82.0731   77.0779   16.1245   33.9706   40.025   27.7308   36.2491   58.4123   45.618   57.8705   75.2728   34.7131   21.1896   25.6125   54.3415   42.8019   79.2086   9.21954   68.1175   66.1211   0   74.8228   31.2906   45.3847   60.4358   89.3694   42.5161   90.8002   91.6345   45.8351   31.5387   65.0178   38.3617   62.5982   43.8054   46.0757   91.1188   76.3014   76.4029   92.5049   60.0595   84.5082   55.2776   44.2062   65.5071   88.3187   80.8892   46.6982   70.8389   30.8114   110.324   45.6982   75.5687   39.3452   73.6781   81.7516   65.0918   65.188   91.6439   53.9289   43.6728   67.0425   
50.6063   56.6127   69.6419   100.464   32.249   71.7008   40.3609   57.2189   91.5478   65.9242   50.2892   71.4493   89.0225   47.8539   61.0328   5   12.083   49.8197   61.327   23.5372   64.2028   59.1692   102.078   68.0074   86.7006   62.482   75.2396   40.3113   55.4707   0   84.5531   67.45   42.1868   49.9666   46.311   80.5562   100.285   80.1663   65.7034   41.5367   86.4968   109.832   77.8799   63.8203   67.6307   104.29   96.5012   36.3607   88.3369   106.659   89.8876   99.6769   50.3059   95.7118   47.0151   67.4782   48.9325   61.0114   110.435   66.4782   73.109   89.4759   53.4197   63.5513   89.4656   31.2627   82.4774   57.45   52.6699   58.8866   
30.1496   40.1622   44.4072   54.7083   50.5371   16.6433   28.6531   52.4976   82.0061   82.4621   26.9258   36.6742   29   34.0588   43.4166   71.7008   58.3095   64.4981   81.3941   48.1664   18.868   26.9258   43.1045   42.4382   79.8812   7.07107   69.8355   75.2396   13.4536   68.6003   0   50.4966   72.5965   101.53   54.3578   96.3368   90.3258   43.6866   40.2488   77.1785   33.8114   48.5576   41.4837   57.9174   96.3275   73.9798   75.6742   104.185   57.6232   79.1512   52.956   42.8114   77.6678   86.105   90.3127   44.4138   79.7611   42.6531   110.566   49.2655   81.8966   37.799   85.342   87.1548   62.868   77.3487   94.7775   58   55.8334   73.3808   
6.7082   7.28011   20   49.7695   52.6308   28.1603   22.8254   17.2047   52.6972   46.1736   43.1856   65   42.72   4.47214   64.5368   55.3624   38.6264   28.0713   44.911   42.19   20.3961   11.7047   53.7587   18.0278   49.2037   29.8329   37.5366   40.8044   31.3847   50.6952   36.4966   0   44.6446   75.2047   51.6879   59.8803   62.4792   34.3704   57.7732   52.7131   43.0119   65.4347   30.7648   68.2161   61.3196   53.3192   49.4831   83.1746   38.1359   61.3341   41.4131   61.8948   50.1448   55.4081   62.5535   22.0828   52.2053   53.9572   80.3506   23.3246   48.4835   70.0686   58   59.8249   44   64.04   61.5982   30.6702   39.6143   47.6382   
29.7321   33.1059   45.8803   77.3692   40.3113   53.0094   27.1662   33.0606   68.2495   46.4004   45.8912   69.857   69.4262   26.1725   63.561   29.1548   13.1529   27.7308   42.5206   27.5862   45   38.1838   81.3941   44.3847   63.561   47.7598   51.788   25.4951   43.566   24.1868   54.7083   28.0179   0   47.6998   52.1729   61.2426   76.8334   59.2775   60.833   26.2801   67.6158   92.0208   57.8156   70.0973   51.7596   79.4625   74.4058   56.2658   66.1538   82.5006   69.0053   84.9779   21.2801   72.2602   41.2036   47.4138   32.1803   54.833   88.3463   46.4138   53.116   82.9113   34.0312   48.5689   64.5964   46.592   62.0435   45.2711   40.7631   30.8489   
60.5392   60.1415   70.9366   103.078   61.4003   84.22   58.6941   54.4059   79.8311   48.0416   75.0267   98.1275   99.8649   56.6039   89.2693   32.45   32.0624   40.2492   43.0465   50.636   76.1577   68.5055   110.752   70.0928   74.7329   79.712   65.4599   23.0868   75.1864   29.9666   86.6487   57.2014   31.9531   0   71.0824   64.5819   90.5053   89.7089   89.0608   42.4242   98.7735   121.586   86.9177   93.787   55   105.712   94.3029   40.72   92.0065   103.125   95.8857   115.81   42.6915   85.932   39.1245   76.8713   39.0356   86.7861   95.102   76.4381   64.0349   114.015   33.2047   46.5707   90.8455   61.2293   65.2529   62.2246   66.7032   47.8024   
32.3883   43.9659   56.0892   81.3941   16.1245   45.8803   15   51.4782   88.5494   73.6614   18.2483   41.1947   63.1585   32.28   34.0147   34.4819   25.02   53.7587   70.4344   9.89949   40.025   39   77.2528   53.9351   84.5991   33.2866   72.5603   55.0364   24.8395   32.311   38.2884   36.6879   29.5466   57.0088   0   88   97.6057   63.2427   33.6625   50.171   58.9444   84.4707   59.7784   40.0238   81.3062   89.3054   86.1688   68.6717   71.1947   94.7343   71.786   69.0456   50.8267   91.2479   69.2445   49.3766   61.7269   28.7047   114.374   48.3766   77.7027   57.4351   63.5778   69.5894   75.3489   38.8494   90.8438   53.6699   42.1803   54.4433   
52.4976   42.4264   44.5533   71.1196   85.703   71.1758   64.1405   30.1496   34.4384   1   85.7555   109.179   80.6226   49.0408   106.019   69.6419   57.4543   19.4165   4   73   64.6297   55.7315   86.4002   45.2769   29.5296   75.6902   24.2074   25.4951   76.6942   65   82.2253   45.8803   45.607   47.0425   73   0   49.2528   76.208   100.494   61.0643   87.2455   101.98   73.4282   108.408   31.1421   70.1743   54.0188   80.7022   66.6244   67.1518   73.4299   104.226   56.8167   44.6796   49.5574   67.963   54.6621   95.1775   52.0624   69.2048   37.1421   114.637   54.853   39.0416   64.607   90.8934   23.2361   59.1825   69.6236   54.305   
51.614   38.833   30.6105   43.566   97.3088   59.6825   68.6003   30.6757   7.07107   32.0156   88.6002   108.904   62.0967   50.2494   110   91.1373   75.6637   37.2156   36.0555   85.703   56.2228   49.4975   63.0317   32.6497   6   70.1783   11.0454   53.1601   75.0067   86.1452   75   45.793   62.514   76.243   81.8596   32.8024   0   66.1425   102.204   79.0862   77.0946   88.0369   67.9003   113.122   61.8504   49.9112   37.1095   107.527   52.6815   39.6155   60.8026   96.0038   74.0862   24.0711   76.3817   65.1467   75.0862   98.863   39.1005   65.8035   56.5576   112.641   84.5215   70.0573   52.7849   106.167   50.4463   61.7598   77.3999   70.4144   
15.6205   18.1108   19.4165   37.1214   60.075   11.0454   29.4279   30.0167   57.0088   60.208   43.0116   60   24.4131   19.105   63.561   70.3278   54.0833   44.5533   60   52.3927   6.40312   7.07107   36.2353   17.4929   54.9181   20.6155   45.1885   58.8727   27.313   66.0379   25   18.3576   45.2548   75.452   44.2832   60.1332   50   0   58.4258   69.5091   27.1803   51.0644   23.6056   71.4337   77.8016   51.9531   51.0939   97.8074   38   55.3113   37.1803   46.0689   65.273   62.2769   75.633   32.8661   68.4309   58.1244   86.6938   31.8661   61.2955   62.799   73.0371   71.9732   43.4165   78.1234   76.4596   44.9383   52.6678   58.8517   
35.609   48.4149   58.1808   77.5242   25   39.0128   20.2485   58.6941   94.2019   84.9058   1.41421   25.2982   54.5894   37.4833   22.8035   51.4782   42.2966   65   82.365   26.4008   35.9026   38.9102   68.884   55.9464   90.9065   24.0208   79.3095   69.6419   15.0333   49.6488   26.2488   41.7732   44.7214   74.0608   17.4642   84.3801   87.2009   41.7612   0   67.6353   53.163   74.8065   58.5184   34.4558   95.8499   91.0144   88.8843   86.0094   73.4223   97.0725   69.9907   59.2395   66.0015   95.0884   80.9104   51.4005   71.9017   24   120.076   50.4005   84.3831   40.601   77.4341   85.5077   79.9026   56.3137   98.7917   58.8292   47.4288   71.8238   
37.0135   39.1152   51.4296   83.3547   43.8292   60.4649   34.5254   37.108   70.2567   45.1774   52.345   76.1183   76.6942   33.3017   68.9493   26.3059   13.4536   28.4429   40.8167   31.3847   52.4309   45.3431   88.3912   50.1199   65.3758   55.3624   54.037   21.2603   50.9902   21.3776   62.2977   34.7131   7.61577   24.3516   35.171   44.2945   65.0077   52.4023   51.2445   0   75.0467   99.2122   64.607   72.9732   47.9706   85.2118   74.5428   44.8058   70.614   86.548   74.0588   90.5844   19   74.5092   32.1555   54.6431   28.4031   60.2769   89.0584   53.6431   53.8281   90.3354   36.2195   38.0227   72.0156   46.8927   63.4264   40   47.3516   33.3693   
23.2594   29   29.9666   39.8121   59.6657   1   31.3847   41.1096   67.1193   71.3442   39.0512   52.3546   18.3576   27.313   57.9741   74.8131   59.4138   55.2268   71.0282   54.1295   7.61577   16.2788   32.311   28.2312   65.3682   14.1421   56.0803   68.6804   23   70.9366   15.8114   27.8927   52.4309   83.7257   44.9444   71.2531   60.208   11.1803   38.0132   59.9083   0   41.2074   30.2315   67.0882   88.4751   57.833   60.2562   104.714   40.4131   63.5079   41.7038   33   73.0939   70.4617   84.3852   38.4818   75.3776   53.8114   97.6097   41.8473   72.3884   50.4683   80.676   81.732   47.45   79.846   84.4622   52.5772   52.7967   65.4782   
46.2277   47.927   42.4264   30.4795   82.28   23.4307   55.4707   58.2409   73.2462   86.8332   59.439   65.7647   6.7082   50   75   99.0202   83.5464   74   87.6641   77.8974   31.1127   38.0132   11.4018   41.7732   73.1642   35.4683   67.0298   89.4707   44.5982   95.1315   32.5576   49.3964   75.9276   106.508   68.4251   86.977   67.2681   31.0644   58.6941   83.2406   24.2074   0   51.6699   89.4818   106.353   53.2173   66.469   127.901   49.9829   70.8856   42.9118   38.2354   95.2278   83.3907   106.575   60   99.3584   74.407   105.276   62.7595   88.4648   60.6905   103.644   103.038   63.0119   102.277   98.7172   75.5455   75.2701   89.4589   
12.2066   15   18.3848   39.4588   58   14.0357   27.074   27.1662   55.9732   57.4282   42.1545   60.3075   28.0179   15.5563   63.0635   67.1193   50.774   41.3038   57.0351   49.8197   7.61577   3.60555   39.6989   16.2788   53.6004   21.2603   43.4166   55.3624   26.9258   62.7694   26.4197   14.7648   41.7253   71.8471   42.0476   57.3149   48.9183   3.60555   40.8534   48.8365   14   34.6699   0   72.6464   74.552   53.0622   49.8799   93.6423   35.2315   58.9168   32.0384   47   59.9114   63.8292   71.8041   32.4158   62.9056   57.7372   87.6884   31.4158   58.445   64.2187   68.6982   67.8529   42.3848   75.7695   73.6091   38.6982   45.178   55.4377   
47.5079   60.208   70.6824   90.6697   18.3848   52.0865   30.6105   69.6563   105.948   94.0213   12.0416   22.561   67.2681   48.8262   13   49.6488   44.7214   74.027   91.022   26.0768   49.0306   51.6236   81.4985   68.4471   102.416   37.0135   90.6035   76.0592   28.1603   49.0918   38.4708   53.2541   50.5668   76.6551   21.0238   93.4077   99.0202   54.8179   13.1529   55.9732   51.0882   71.0211   53.7587   0   102.326   103.993   102.037   85.3442   86.3846   110.129   82.9697   72.3664   71.8469   108.241   88.1287   64.5535   81.5708   32.2643   131.419   63.5535   93.7501   51.2284   83.146   90.6132   91.8951   55.5576   108.112   69.1211   54.6989   75.4671   
52.0384   44.7214   50.5668   80.2122   77.3369   73.5527   60.0833   33.8378   48.1041   15.1327   81.1542   105.109   85.44   48.0937   100.24   57.7062   47.4236   18.2483   10.198   64.6607   66.1891   57.2189   93.1075   50.6952   43.0813   75.2396   35.805   13.0384   74.5252   53.3385   82.1523   46.0109   37.2022   33   66.3702   14.1421   45.6508   62.8013   79.8499   33.9706   73.437   92.0489   59.5399   87.3212   0   81.7054   65.6164   67.7604   72.6379   78.7494   77.57   106.035   51.0384   56.2772   36.6155   67.0096   47.0384   92.0351   62.2536   66.0096   43.3402   113.69   50.9258   38.644   66.8394   80.8627   35.5226   57.3275   68.4972   50.1434   
42.0119   32.7567   19.6469   15.6525   90.3549   38.0132   59.3043   34.6699   34.3657   55.0091   74.9466   91.0659   34.8855   43.1045   95.462   94.1116   77.3692   49.5782   57.4543   81.0062   38.0789   35.5106   34.0588   21.3776   35   51.8845   31.9531   67.3573   59.2368   89.2861   54.6443   39.3192   65.4599   89.0505   74.2428   55.4707   29   31.9531   73.6817   70.7743   38.833   39.2173   32.9848   86.6833   64.8151   0   40.1555   115.22   33.1108   30.2956   43.7321   71.833   80.2956   45.8617   87.7643   55.0244   82.2046   89.0325   66.3951   56.5247   61.4236   89.3013   87.3896   79.1154   28.8661   103.359   66.7731   60.8498   75.2189   74.4085   
39.3954   27.2029   16.4012   31.7805   87.0919   44.6542   57.0088   23.3452   21.9545   38.9487   75.8024   95.0158   47.0744   38.8973   97.0979   85.4751   69.1158   35.8469   41.6173   76.2955   41.7253   35.805   49.163   18.6011   20.8806   55.8659   15.8114   53.535   61.4003   80.5047   60.3075   34.4819   56.3205   76.0592   71.1688   39.4462   15.2315   35.3836   74.4312   60.4152   45.2217   52.469   34.7131   86.7698   49.5177   16.1555   0   104.559   34.8685   34.53   41.6723   75.2727   70.6996   36.0384   75.013   52.248   72.9834   86.6445   53.9839   54.4649   49.8024   94.0744   76.0983   64.93   26.8062   97.4585   55.2123   53.0512   68.9711   63.0839   
67.1789   69.8928   81.9878   114.057   54   90.0278   60.5392   66.7083   95.7549   65.0692   72.5328   93.771   106.794   63.7024   83.0241   22.0227   30.8869   54.5711   60.075   45.8912   82.134   75.6902   118.929   80.7775   90.6697   82.6801   80.604   39.0512   76.4788   22.3607   89.1852   65.437   37.5366   17.72   54.4059   64.0703   91.5915   82.7587   71.8401   30.8058   89.3756   113.217   79.2465   71.3442   50.2494   101.074   89.5377   0   101.42   116.148   104.865   120.685   49.8058   98.9954   53.1448   83.6222   48.1059   83.1106   111.479   83.9505   73.0339   111.72   50.9247   64.2907   102.133   53.6234   81.2174   70.8058   74.6308   64.1752   
24.0208   16.6433   7.07107   27.7308   72.2496   23.8537   41.1947   23.7065   42.72   51.4782   57.3847   75   29.0689   25.4951   78.2624   77.4919   60.7454   39.8246   52.3927   63.0714   21.4009   17.4642   35.7771   6.7082   41.1461   35.609   32.7567   56.6127   42.0595   72.8011   39.6232   22.1359   49.6488   76.3806   56.1427   51.6236   35.8469   15   56.0803   55.7584   24.4131   35.3553   15.2315   68.9493   57.3847   18.1108   20.8087   86.5332   0   47.4951   28.0711   57.4131   68.1743   45.9531   77.6433   40.3551   70.7186   71.2699   73.1808   45.0208   54.9854   74.8814   73.5483   69.2541   30.0623   86.1759   64.366   46.9611   60.4096   60.9835   
48.0521   37.054   24.3311   23.0868   96.5091   47.5079   65.7343   35.4401   25   50   82.8553   100.125   45.1774   48.3735   103.755   97.1648   80.6226   48.3735   53.1507   86.3713   46.6476   42.72   43.566   26.4764   26.4764   60.7454   26.4008   66.0379   67.5352   92.228   64.0312   44.1814   68.0661   88.5889   80.4114   50.6063   20.6155   40.3113   81.5414   72.5328   48.2701   49.3964   40.7185   94.3398   61.5549   10.2956   12.53   101.951   25.4951   0   53.5662   81.2701   82.7945   44.6866   87.5396   60.1233   85.0782   95.3011   57.0294   66.1346   62.3324   98.7384   88.6282   77.434   39.1617   108.221   65.8017   65.534   81.5011   75.1787   
24.3516   20.6155   14   26.4764   71.007   17.6918   40.1123   29.7321   49.2443   58.3095   54.1202   70.1783   22.2036   26.8328   74.4648   79.2023   62.6099   45.6946   59.0339   62.8013   17.088   16.2788   30.2324   13.1529   47.927   30.8869   39.8121   61.9112   38.2753   74.686   34.0588   24.4131   52.4309   80.7217   55.0818   58.4209   42.4853   11.1803   52.8867   59.0339   18.3848   28.6356   13.0384   65.9697   63.5689   21.0238   27.2947   89.8109   7.07107   30   0   51.3848   72.0793   52.9077   81.6049   38.4094   75.1408   67.6236   79   37.4094   59.8803   68.8531   78.6553   76.3252   28.8661   86.5594   71.437   50.9333   54.4969   65.2742   
40.2616   47   46.8402   46.8722   66.242   18.0278   43.4166   59.0762   82.7345   89.2749   42.1545   46.5296   18.3576   44.3847   56.0803   87.046   73.0068   73.171   89.0225   63.8905   25.1794   34.1321   30.5941   45.3542   81.5414   21.2603   73.0821   86.122   29.2062   83.7377   15.8114   45.5412   67.9779   99.8098   54.037   89.202   76.0592   29.0689   41.6293   75.5844   18   19.2354   32   53.1601   91.351   51.225   60.8358   103.73   40.4969   61.4003   33.6155   0   89.258   86.45   101.949   56.0454   93.3776   58.4645   112.615   56.025   90.355   50.4591   97.6782   98.7342   62.4665   92.1122   102.462   69.5795   70.5969   83.4782   
34.1321   35   47.0106   79.0759   46.8615   57.8014   34.0147   32.28   65.2763   40.8167   53.1507   77.1298   73.6003   30.2324   70.7743   31.257   17.4929   23.5372   36.6197   34.2053   49.7393   42.2019   84.8999   45.793   60.407   53.8516   49.0408   18.3576   50.2494   26.3059   60.8769   31.1448   7.28011   26.4197   36.7696   39.9625   60.0083   49.2037   51.9711   5   57.3062   80.2122   45.607   57.7754   30.4795   66.2118   55.5428   34.9857   51.614   67.72   55.2268   73.5391   0   69.5129   29.0333   50.6699   29   60.0977   84.1527   49.6699   48.9224   88.2348   31.4868   36.4391   70.445   50.805   55.7063   40.2132   38.1948   26.6158   
45.4533   32.6497   25.9422   44.2719   90.471   55.4617   62.1289   23.7697   13.4164   27.6586   82.4621   103.276   59.6825   43.8292   103.856   84.0952   68.593   30.4138   31.1448   78.7718   51.3128   44.0454   62.2013   27.7849   9.89949   65   4.47214   46.8188   69.3109   79.1012   70.1783   39.4081   55.4437   69.8928   75.1332   28.3196   7.07107   45.2769   81.0555   58   55.9017   65.2763   43.8292   92.6553   40.2244   28.8617   13.0384   84.9294   31.9531   22.4722   38.8973   72.45   53   0   69.3697   58.9318   68.5129   92.7023   43.9875   62.7327   50.0592   105.627   74.1357   58.3244   39.8447   99.6463   43.8731   57.8577   70.8267   63.5084   
47.1699   45   55.1725   87.2067   59.6825   70.7743   49   38.4187   64.6297   34.5254   68.0661   91.9837   85.5862   43.0813   85.0941   37.2156   28.8444   24.1661   29.6142   47.4131   62.7694   54.5619   95.8019   54.4518   59.5399   68.2495   49.7293   8.06226   65.123   33.0151   75.3127   42.9418   22.2036   16.1245   51.2445   33.541   60.6383   61.2944   66.9104   16.1555   70.3847   92.2822   57.7062   72.111   20.6155   73.0068   59.9416   31.1448   60.8769   72.4707   65.6049   87.2812   15.0333   54.1202   0   61.927   29.0421   75.131   80.4905   64.7032   48.1603   103.268   23.2111   31.0454   74.8982   62.2835   50.2284   54.3959   53.2281   39.9737   
2   11.3137   21.8403   48.7647   50.4876   22.8473   19.6469   22.8254   57.0088   52.2015   38.6005   59.6657   38.4187   5   60   56.7979   40.3113   34.1321   50.9902   41.0488   14.8661   7.07107   50.3289   19.6469   53.8145   23.7697   42.45   46.3249   25.807   52.3546   30.4138   6.08276   31.1127   61.5873   34.3657   51.923   50   14.1421   37.2022   38.2884   22.4722   45   10.6301   49.2443   52   40.0125   37.5766   68.6222   22.0227   46.0977   22.4722   39.8121   35.2278   43.9318   47.927   0   52.5876   49.249   86.4334   22   51.8782   65.1522   58.8661   58.0208   45.8403   64.6488   64.5964   28.8661   36.0278   45.0689   
37.5899   37.5366   49.0918   81.2712   50   61.2944   38.0132   33.6155   65.0308   38.9102   57.0701   81.0247   76.844   33.6155   74.4648   32.0156   19.8494   23.0217   34.4819   37.4433   53.2353   45.4863   87.8635   48.0104   60.075   57.7235   49.0408   15   54.231   27.2029   64.7611   34.2053   11.1803   23.0217   40.4969   38.0132   60.075   52.4309   55.9017   6.40312   60.8276   83.4865   48.8262   61.4654   27.5862   68   56.6127   33.1059   54.037   68.9493   57.9828   77.2528   4   53.1507   11.0454   38.5876   0   64.0977   83.6372   53.6699   44.1603   92.2348   30.831   35.6205   67.3385   53.2885   57.1662   44.2132   42.1948   30.6158   
32.249   44.9444   55.5428   77.0584   21.9317   39.3192   15.5563   54.5619   90.6973   79.8812   7.07107   31.0483   55.7853   33.6006   26.9072   46.0652   36.3456   59.9083   77.1751   21.095   35.0571   36.6879   70.0928   53.3104   87.2009   25   75.4321   63.8905   15.8114   44.0114   28.6531   38.0132   38.833   68.0661   11.7047   79.3221   83.7616   40.4475   6   45.2769   38.3275   60.407   39.0512   15.2643   74.3236   72.0347   71.5542   66.0984   54.1202   79.3788   51.6236   44.4185   46.0977   77.4209   61   34   50.01   0   116.194   53.249   81.4384   46.2578   72.742   77.9682   76.6695   50.5541   96.1502   57.1572   42.7367   66.148   
70.7672   58.1378   52.3546   65.0077   112.681   81.8413   86.4523   47.4236   17.0294   31.0644   107.49   129.074   84.8999   68.593   128.763   100.688   87.0919   46.6154   36.0555   100.344   77.6981   70.214   85.3756   54.2033   17.088   91.2634   27.0185   57.4282   95.1315   95.8801   96.566   64.3506   74.3236   79   98.2293   32.0624   22.8035   71.6938   106.075   74.6324   82.2982   90.0278   70.1783   117.034   46   51.3517   37.9473   96.1301   58.1808   42.0119   65   98.6154   69.8928   26.4197   65.4905   69.4262   68.6804   101.98   0   87.6752   58.2311   132.022   84.9175   69.1061   64.7536   120.531   45.2655   78.6003   93.3731   81.504   
1   12.0416   22.8035   49.7293   49.4975   23.2594   18.6815   23.3238   57.8014   52.4976   37.8021   59.0339   39.0512   4.47214   59.203   55.9017   39.4462   34.2345   51.1957   40.05   15.2315   7.81025   51.0882   20.6155   54.5619   23.5372   43.1393   46.0977   25.2389   51.4782   30.2655   6.32456   30.4138   61.0574   33.3766   52.2015   50.8035   14.8661   36.4005   37.6431   22.8473   45.607   11.4018   48.3735   52.0096   41.0122   38.4838   67.897   23.0217   47.0744   23.4094   40.025   34.6699   44.6878   47.5395   1   38.0789   33.121   70.0928   0   52.108   64.5841   58.4166   59.0208   46.8035   65.6488   64.9215   29.8661   37.0278   44.2312   
37.3631   28   32.6956   62.6259   72.2011   57.0088   49.0918   16.2788   37.0135   15.6525   70.7248   94.0213   67.9117   33.8378   91.214   60.0167   45.8803   5.38516   14.1421   59.6406   50.0899   41.1096   75.2396   32.8938   32   60.6383   21.587   21.0238   61.4654   55.109   67.2681   30.8058   33.1059   44.0114   58.6941   15.2315   32.5576   46.0435   69.3397   33.7343   57   74.4648   43   78.7464   17.8885   47.4236   32.8024   59.0339   39.5601   45.2217   45.8803   75   28.8617   25.9615   28.1603   36.8782   28.1603   64.405   41.2311   37.108   0   99.4343   47.0644   32.4642   54.7971   79.3194   28.4222   43.5539   59.7945   40.2737   
47.1699   58.5918   64.0312   72.9178   48.2701   36.2353   39   70.6824   101.671   99.96   24.1868   19.105   45.2217   50.5964   30.0832   76.0592   65.9697   81.0432   98.3717   50.9902   38.4187   45.793   58.0517   62.0081   99.4032   24.6982   89.0449   89.3588   23.3452   74.0945   19.799   53.8516   66.0681   97.0155   41.7852   99.6243   94.6414   44.6878   24.5967   73.2462   35.4683   46.6905   45.8039   31.241   97.8621   74.2024   80.0562   96.1353   59.4138   83.7377   53.8145   27.4591   73.0068   89.627   88   47.927   77.0065   30.0832   115.935   47.5395   84.4334   0   96.1856   104.259   82.4187   80.6346   112.461   76.4877   66.1803   90.3878   
43.4166   43.1393   54.4059   86.6083   52.4786   67.1193   43.1856   38.4708   68.0661   39.8497   61.5224   85.3288   82.662   39.4462   78.1089   30.8707   21.6333   26.3059   35.1141   40.2492   59.0593   51.3128   93.6056   53.4135   63.0317   63.3246   52.469   13.8924   59.5399   26.4197   70.342   40   16.0312   17.2047   44.3847   38.8973   63.5059   58.2495   60.407   9.21954   66.6483   89.3085   54.6443   65.146   26.9258   73.0616   61.0983   28.4605   59.5483   73.5391   63.6553   83.006   9.48683   56.7186   7.2111   44.4185   5.83095   54.4518   70.406   43.909   31.0644   82.0975   0   32.8114   73.1695   55.0724   56.0586   49.2195   47.6817   35.6205   
43.4166   38.4838   47.0106   78.492   65.2993   66.2193   49.2443   29.8329   53.6004   24.0416   69.8928   93.9202   79.7057   39.3192   88.5494   46.6154   35.4683   14.2127   19.3132   52.6308   58.4637   49.7293   88.8369   46.6154   48.5077   66.0303   38.8973   3.60555   64.3817   42.0476   73.0616   38.0789   25.2389   26.5707   54.5894   23.0868   49.7293   55.9732   68.6222   22.0227   65.9697   86.406   52.4976   75.591   12.0416   63.7809   49.93   42.19   53.2541   62.434   58.6686   83.5464   18.4391   43.3244   11.0454   43.7379   15.6205   62.9682   54.7449   43.566   17.4642   87.6926   15.8114   0   66.2494   68.9074   38.5153   45.1548   55.1161   34.72   
28.6356   18.1108   5   28.3196   77.1038   31.9061   46.3249   20.5183   34.6699   45.3542   63.9531   82.4621   36.0555   29.0689   85.0882   79.3095   62.5859   36.2353   46.8188   67.1193   29   23.7065   40.8044   7.07107   33.1059   43.1856   25.1794   53.7587   49.0918   74.4648   47.5079   25   50.5964   74.8131   61   45.607   27.7849   22.6274   62.6099   55.9464   32.45   42.0119   22.2036   75.2396   52.8394   14.8661   12.8062   86.3539   8.06226   19.4165   14.8661   48.4665   51.4296   24.0416   58.8982   26.6833   53.3385   60.1664   50.1597   27.6586   34.9857   67.2681   58.5235   50.2494   0   89.04   58.1741   46.2029   60   60.2569   
47.676   57   70.0286   98.27   15.0333   64.846   32.6956   61.1882   97.8008   76.5506   35.8469   55.109   82.2982   46.1736   44.0114   17.1172   18.4391   58.1378   72.4224   10   58.3095   55.5428   96.1769   68.0661   93.3006   53.0094   81.3204   53.0377   44.6878   17.2627   58.1378   50.04   30.4138   46.8188   19.8494   75.7166   91.6788   61.6847   35.5106   31.8904   63.9531   87.818   58.9406   32.5576   65.8559   89.2749   83.3847   39.0128   71.5681   94.0213   71.8053   73.8783   35.805   84.6463   46.8615   49.6488   38.2884   30.6105   104.695   48.6621   63.5059   60.0333   39.6989   53.9073   75.0267   0   91.5113   60.4846   46.0624   60.2492   
51.264   40.7922   42.2966   68.4251   85.9127   69.3542   63.5138   28.4429   31.7805   2.23607   85.1469   108.407   78.4092   47.927   105.603   70.8378   58.1808   19.105   6.32456   73.2462   62.9682   54.1295   83.9345   43.1045   26.8328   74.3303   21.4009   27.1662   75.6439   66.1287   80.7775   44.5982   46.0435   49.163   72.8629   2.82843   30   58.3095   83.7616   45.1885   69.4622   84.7172   55.5788   93.086   16.4924   52.7731   36.7151   66.0076   49.366   47.8017   56.2228   87.367   40.7063   25.4951   35.2278   50.5964   39   78.8162   30.2655   50.9215   14.4222   98.4327   40.2616   24.5153   43.1741   76.3217   0   57.9761   71.7966   51.4005   
14.3178   14.3178   27.2029   58.5918   49.6588   37.6962   23.6008   17.088   54.231   41.1825   45.2217   68.4763   52.6972   10.198   65.9469   47.2969   30.5941   21.5407   39   37.9473   29.7321   21.4709   63.7024   25.632   50.0899   37.0135   38.0132   31.5753   36.4005   42.45   44   10   18.7883   47.2017   34.6699   40.7063   47.7598   28.3019   43.8292   25   37.3363   59.3633   24.6982   53.7401   38.3275   46.8402   39.0512   55.8032   30.8869   50.1597   34.0588   54.5711   21.2132   40.8534   33.1059   14.8661   24.2074   39.0512   63.6003   14.5602   25.5539   59.6657   30   29.1548   32.0156   44.4072   39.9625   0   40.4222   32.4222   
16.1555   25.0799   38   66.7608   35.4683   37.4833   11.1803   31.305   68.4471   54.4059   32.2025   56.0803   54.5619   14.1421   52.2015   38.9487   22.8035   34.4093   51.6236   24.3311   29.7321   24.5967   67.424   36.0139   64.4127   31.0161   52.3546   39.4588   27.074   34.6699   37.9473   18   16.7631   48.7032   20.2485   53.8238   61.8466   31.3847   30.8707   24.3516   36.7967   60.8276   28.178   39.6989   49.0408   57.2189   51.9711   52.6308   39.6232   62.1289   40.4969   51.4782   23.1948   55.0364   38.0526   18.0278   27.1662   25.5539   78.0064   17.088   39.0512   50.04   32.5576   38.0789   43   32.0624   53.4135   14.4222   0   41.3961   
28.2312   27.6586   39.4462   71.5612   49.5782   51.8941   31.5753   24.7386   58.6941   36.8782   52.2015   76.2168   67.1193   24.1661   71.1969   38.0132   22.8035   17.8885   33.2415   36.8782   43.8634   35.8469   77.9872   38.2753   53.9351   49.4975   42.2966   19.105   47.0425   33.0151   56.5685   24.4131   9.84886   32.8024   37.4433   36.1248   53.1507   42.72   50.9215   12.3693   51.4782   73.7835   39.1152   58.3095   29.0689   58.6003   48.0521   42.5441   44.2041   60.1664   48.0833   68.3081   7.61577   46.0977   18.9737   29.0689   9.89949   45.31   64.4748   28.6356   23.2594   70.2567   15.6205   17.72   43.8292   40.2492   36.4005   14.4222   20.3961   0   
