15
40
999999 14 12 14 17 6 12 14 14 8 15 16 14 7 7 6 11 7 17 17 9 14 6 5 14 5 14 8 13 16 11 10 14 14 12 13 15 11 17 6 
0 5 3 12 5 4 7 2 2 7 9 15 3 6 4 3 10 1 15 12 6 6 4 4 2 2 5 7 12 4 4 1 11 10 1 7 10 3 3 2 
20
0   0   0   0   0   0   0   0   0   0   0   0   0   0   0   0   0   0   0   0   
-1   0   -1   0   1   -1   -1   1   2   2   -6   0   1   -10   3   0   -6   1   1   0   
-5   0   -3   -4   0   8   -10   4   -6   -2   -4   0   -7   9   -4   4   -4   4   -11   4   
-3   -4   2   9   -3   5   -3   -1   -2   4   4   1   -2   0   0   1   0   -6   0   -4   
2   7   7   0   0   12   -4   2   3   8   8   0   -9   2   0   14   0   7   15   -1   
1   0   0   1   -1   0   0   0   1   0   -3   3   2   1   0   -1   -1   3   -1   -2   
0   5   1   -1   0   1   -8   6   -6   1   -3   5   -3   7   -3   6   0   1   -9   2   
-6   2   -12   7   -2   3   -10   0   1   6   0   3   -3   2   -3   7   -5   3   -4   -2   
2   0   3   6   0   6   0   3   2   -1   0   7   0   3   -4   7   -10   7   2   7   
-4   3   -5   2   -5   3   -4   7   -3   5   -8   1   -4   6   -3   3   -5   7   -6   4   
3   1   5   0   -4   -9   3   -4   6   -15   3   -9   9   -8   14   -2   8   -6   11   -7   
3   2   -1   6   -5   1   0   2   6   5   -1   -8   -2   -3   -7   3   0   -6   0   -4   
-1   -6   -1   3   2   1   3   0   4   2   2   6   9   -4   1   -2   -4   2   0   0   
-1   0   0   0   -1   2   0   -1   -4   0   0   -2   -2   3   0   0   -3   0   0   2   
0   2   1   -2   -1   -1   -1   -2   -3   -4   -1   -1   0   -1   1   0   -1   1   2   0   
0   -2   0   0   3   -1   6   -5   4   -2   2   -1   2   -4   4   -2   1   -2   4   -1   
0   -2   4   -3   1   -1   -2   2   -1   -1   0   -5   2   -2   -3   0   -1   0   0   -1   
0   0   0   0   1   -2   1   -3   3   -3   3   0   1   -1   0   0   0   -2   4   -4   
6   -3   -9   -1   2   -1   3   -2   1   -4   5   -3   0   -4   -6   -4   9   -5   0   -3   
-1   7   -4   5   -8   -2   -15   7   -7   4   -4   5   -5   10   -2   12   1   3   6   8   
0   -1   -4   0   -2   4   -5   5   3   0   -5   3   -2   4   -8   0   -2   4   -6   5   
0   -3   1   -1   8   -2   6   0   8   0   0   0   8   -7   6   -3   6   -7   2   -3   
0   0   0   0   0   -1   2   1   1   0   -2   0   0   -2   0   -2   2   0   0   -1   
0   0   0   0   0   0   0   1   0   0   0   0   0   1   0   0   1   0   0   -1   
-8   8   -8   4   -3   3   -8   6   -4   1   -6   6   0   0   2   13   -5   5   -7   3   
-2   0   0   1   -1   1   0   1   0   0   -1   2   -1   1   -2   3   -1   1   -1   0   
-7   -2   -6   -1   0   2   -2   5   -1   1   -2   11   2   7   -7   1   0   -1   -2   1   
0   -1   0   -1   0   -1   1   -1   4   -1   -1   -3   0   -4   1   -1   2   2   0   -2   
3   -5   5   0   -1   0   5   0   4   0   -1   0   -4   -2   -7   0   0   0   -5   -4   
-7   9   -13   0   -10   6   -10   13   -5   11   -13   12   -14   11   -11   13   -15   9   -7   14   
-6   6   -8   8   -9   5   -6   11   -6   3   -5   6   -10   8   -8   10   -8   11   -8   4   
0   -2   -4   -6   0   -1   3   -5   -2   0   3   -6   0   -2   0   -2   4   -5   4   -3   
0   12   -9   6   -1   8   2   2   -10   1   0   -1   -4   7   0   -1   -5   5   -8   5   
-13   6   -12   12   -7   12   -8   4   -11   8   -12   6   -8   5   -8   2   -5   10   -14   7   
-11   5   -10   5   -2   4   -2   -4   0   7   -3   0   4   5   -7   5   -1   4   -7   10   
1   -4   3   1   3   -1   0   7   4   -7   -2   -3   1   -3   5   -3   2   -4   0   0   
-2   1   -7   5   -15   7   -1   0   -6   11   -5   11   -11   0   -12   14   -3   12   -4   11   
-7   7   -5   7   -6   8   -4   1   0   6   -6   10   -7   3   -8   3   -2   5   -3   7   
-1   6   -4   5   -7   14   -4   1   -4   4   -1   6   -12   3   -6   4   -13   -1   -10   -1   
-3   -1   -3   3   -5   0   0   0   -4   3   -1   2   -2   4   -3   0   -3   2   -1   2   
0   62.4599   74.1507   72.2457   62.607   69.5926   73.855   63.7189   58.6742   65.9889   66.2719   71.4358   56.2099   67.4018   57.4708   52.2956   54.0132   80.5282   78.4309   28.0416   70.3964   67.3847   49.662   73.7979   29.2956   78.6468   29.4018   68.2769   49.7386   42.318   28.4018   51.0657   31.0416   54.6611   49.6327   53.2484   54.4599   66.9418   33.6015   64.4342   
46.8722   0   121.023   83.0679   87.8415   23.2801   93.1298   99.4067   37.2354   87.4793   45.7893   43.4951   44.0167   81.8316   54.0288   88.2471   32   105.141   119.254   67.3431   105.831   42.6271   50.2036   66.9775   69.7955   40.7426   69.6782   110.828   90.2013   84.7564   69.6293   85.9438   68.264   89.111   83.1692   88.0848   28   84.208   71.2701   26.53   
53.1507   99.8098   0   90.6937   93.0069   122.743   96.1012   76.0384   103.833   75.6604   112.058   124.587   102.221   105.895   104.55   59.0999   107.164   108.149   30.831   72.9464   38.5967   113.021   94.4402   108.548   70.9711   119.769   72.4236   44.4642   59.7351   64.7852   73.2455   69.5258   71.0094   82.4282   72.2897   67.2897   107.611   101.69   73.6656   114.615   
56.0803   69.0652   76.4199   0   115.671   87.0361   129.935   116.723   65.2316   32.0333   103.801   107.986   54.0512   122.753   101.606   57.8938   81.192   136.608   97.0671   67.134   75.0833   104.122   86.3092   38.4307   63.0109   67.3289   85.4821   75.1354   66.0977   98.0065   84.4821   57.7044   87.1219   110.741   58.121   55.4683   95.1809   115.473   68.5206   84.6941   
45.607   67.7422   72.0069   101.671   0   91.0223   36.3137   40.6008   85.6021   107.871   60.9414   74.9764   93.8406   24.8167   54.0588   90.2171   76.2401   35.4009   88.6111   71.921   100.628   67.3676   54.2173   115.81   69.8606   107.023   49.2521   93.1868   79.9782   50.1403   50.0739   86.1132   47.8378   37.8661   92.0694   96.9178   82.639   30.2462   79.2085   94.2721   
53.8516   7.28011   106.607   71.7008   74.4312   0   98.6575   106.687   44.08   93.2168   53.0694   44.6586   51.2968   85.0928   56.2311   91.665   39.2801   109.832   124.086   67.6236   113.111   49.9072   56.3363   69.2353   74.0574   46.2511   76.9583   111.177   89.5391   92.0366   76.9094   87.9161   75.5441   96.3911   86.483   90.0987   35.2801   87.7533   70.4518   32.0384   
56.8507   77.1298   79.1012   112.929   11.3137   83.5464   0   50.6586   96.0435   119.185   67.3225   82.195   104.282   36.1304   59.088   100.476   86.5389   28.2956   97.3303   82.7677   111.782   70.2094   64.6588   127.124   81.1743   114.525   60.5658   104.501   91.2919   61.454   61.3876   97.4269   59.1516   45.2036   100.006   97.6481   85.4808   33.088   90.4344   103.66   
45.31   81.4985   52.0384   98.4073   23.6008   88.6848   27.6586   0   96.7364   101.693   79.327   93.2961   98.7103   48.4175   71.4138   88.2624   87.3744   53.1403   71.0106   73.3516   90.6352   79.6946   65.3517   117.528   74.0965   118.236   56.9285   83.1354   75.2388   41.4009   57.9026   86.3506   61.2053   36.2956   86.8559   86.0692   97.8066   45.4138   72.3062   104.023   
36.6742   19.2354   86.8332   50   70.2638   23.2594   80.9506   78.6384   0   71.643   58.0602   56.7551   28.1803   87.3397   61.493   68.4998   31.8114   105.665   101.711   45.8869   90.8871   58.1652   55.3847   54.3412   50.8922   36.2483   60.0465   89.0598   66.3916   77.0737   59.0465   64.7509   67.7158   91.3353   63.3179   66.9335   37.6469   90.0078   47.2866   37.0416   
48.7545   72.2772   61.6604   15.0333   93.8136   76.2168   104.848   87.6926   53.1601   0   103.256   108.906   69.0845   113.858   99.3607   42   84.9715   129.11   86.8035   53.6306   66.0512   100.094   84.483   53.464   53.4838   82.3622   75.4152   67.2832   50.3644   81.5761   75.4683   40.185   75.5065   100.276   37.0227   40.8035   85.7107   106.904   50.4683   86.6946   
44.2719   29.6816   94.0479   87.8009   42.4264   34.9285   50.04   61.327   41.3401   86.2844   0   32.6525   69.5204   52.1248   26.9443   91.7393   46.7631   75.4138   108.831   69.2494   112.653   23.1623   40.6469   90.5376   73.5675   69.3223   60.463   104.051   91.1891   72.4518   61.2848   89.5164   59.0488   66.0784   86.3542   93.8354   49.3452   48.2345   77.8734   55.1096   
56.4358   25.4951   108.074   92.3472   57.4891   27.6586   64.195   76.9675   42.7551   93.2631   15.6525   0   69.5118   66.1597   42.5967   100.394   47.1662   91.0663   120.217   80.0833   120.96   38.6015   52.2025   92.4726   77.3939   66.2377   69.1507   118.268   99.5295   85.7192   68.1507   98.6536   69.2268   81.7308   102.007   104.861   49.1948   63.887   86.2456   52.0251   
38.2099   30.0167   83.9345   39.0512   77.1751   32.9848   88.2043   82.7103   11.1803   43.4626   51.8845   53.9351   0   92.4661   72.6734   60.4289   42.9917   112.576   99.7369   43.2746   84   66.3241   57.6232   44.6982   51.3766   32.8885   63.9219   85.1141   68.4171   79.0002   64.7438   59.8365   62.5077   92.871   61.6005   57.6005   45.8058   93.6101   56.8058   36.2485   
50.0899   63.8905   82   105.394   10.8167   70.0928   14.0357   34.4093   69.3397   98.8433   36.1248   50.1597   77.4661   0   42.8617   98.8854   77.7754   42.3313   99.4277   78.1315   111.445   59.2871   57.0132   122.164   76.3738   104.633   59.6316   103.006   90.3577   60.957   60.4534   95.4919   58.2173   48.6827   99.7226   96.0569   82.6729   30.2801   83.6914   90.4205   
38.4708   35.1141   86.2844   86.3771   34.0588   41.2311   42.4264   52.3927   43.1393   83.3607   8.94427   24.5967   52.8015   28.8617   0   85.0071   45.7308   69.4597   98.6048   65.0977   101.361   27.4018   42.2971   96.5122   67.7664   72.8218   46.2025   97.5818   80.6813   65.0109   47.7805   84.0303   48.541   61.1545   88.072   84.0661   41.7308   44   72.0408   59.2769   
32.3883   67.2309   45.0999   32.8938   75.5844   72.6705   86.3539   67.897   49.8197   20   74.5453   84.2021   43.2782   81.5966   70.0071   0   76.4376   110.106   70.0848   39.3755   42.9258   88.9863   70.2279   67.4306   39.8188   76.1667   61.79   55.273   32.6015   60.8615   60.79   26.1231   61.7083   86.6386   23.3852   27.8284   79.561   92.649   36.2132   79.5266   
38.0132   8.94427   91.0494   65.192   60.6383   16.1555   70.5195   73.171   15.8114   66.7533   26.2488   27.1662   26.9258   57.7754   29.6816   59.9333   0   96.0392   106.443   57.2022   97.8248   43.5183   45.2036   70.1526   57.8299   45.2062   57.1622   95.9976   73.3293   74.8437   56.1622   71.6886   64.3792   87.1249   70.2556   73.8713   23   73.6816   54.2244   34.6525   
66.5282   87.0919   84.1487   122.577   21.4009   93.3916   10.2956   32.1403   91.2414   114.039   59.4138   73   98.4784   23.3452   52.1728   95.1893   80.6536   0   99.4994   93.0634   115.732   77.514   74.9545   135.211   90.5768   124.821   70.653   108.291   98.7647   65.2443   71.4749   107.514   69.2388   46.5466   110.302   107.944   93.9036   43.3836   100.13   111.45   
52.4309   99.2975   5.83095   80.0625   67.6831   106.231   74.3303   47.0106   87.2353   65.5134   91.8314   106.217   85.0706   77.8845   83.8153   48.0416   90.4434   79.0253   0   72.5159   44.4277   108.002   89.4209   109.492   68.3927   117.959   67.4044   44.9317   52.4833   65.4708   68.2263   72.2361   65.9902   70.9528   71.4268   70   106.891   86.7844   79.4966   112.838   
12.0416   45.3431   55.9464   44.2041   57.4891   51.6236   68.7677   56.7979   30.8869   37.9473   50.2494   60.0833   29.2746   61.4003   46.0977   24.3311   37.2022   78.5175   56.4624   0   62.7627   66.6488   53   59.31   22.7678   62.1631   41.4433   60.5533   38.2673   54.3596   40.4433   36.6265   43.0832   65.614   35.1935   38.8092   54.4969   75.3783   19.1623   65.523   
49.3964   91.8314   24.5967   54.0833   82.6075   97.8366   91.7824   67.4166   75.6637   39.0512   93.6376   105.551   70   91.0879   87.3613   26.9258   83.8153   98.7623   29.6816   46.6154   0   111.009   91.3955   89.1249   60.661   102.889   75.1205   26.6023   42.0599   77.4876   77.7981   45.6368   80.438   96.6348   48.4008   43.4008   101.112   99.0238   63.139   106.248   
44.3847   26.6271   95   86.122   45.2769   31.7805   53.0848   63.6946   38.9487   85.0941   3.16228   13.6015   49.6588   39.2046   11.4018   73.9797   23.6008   62.514   92.957   49.6488   93.7763   0   36.6977   93.2899   72.4166   67.3697   56.6079   105.053   87.916   72.5043   58.248   84.214   56.0119   69.2406   84.8423   88.4579   44.5183   51.3968   68.811   53.157   
24.6982   30.1496   75.9276   71.3092   39.2173   37.3363   49.6588   51.3517   31.3847   68.0661   19.6469   32.2025   39.6232   38.0132   15.2971   55.1453   22.0227   59.9333   74.2496   31   74.0945   19.6977   0   84.3214   46.249   62.8467   39.2603   87.7711   66.3356   56.9232   38.2603   66.479   40.4307   66.0119   65.0459   68.6616   42.2036   51.6497   49.0147   56.6752   
56.7979   52.3927   91.5478   23.4307   99.8098   53.2353   111.041   102.044   35.3412   35.5106   76.5376   77.4919   24.6982   101.139   77.4209   46.5296   51.0784   121.211   94.1329   45.31   72.1249   74.2428   63.7809   0   67.8272   50.1548   83.0955   92.3127   74.3871   95.3449   85.1996   64.2077   87.2059   110.924   61.0454   72.2597   70.504   111.921   64.2217   60.9466   
10.2956   48.7955   51.9711   46.0109   55.8032   55.2268   67.0075   53.7122   34.8855   38.4838   51.788   62.3939   33.3766   60.3738   47.0106   23   40.4599   76.5768   52.3927   4.12311   43.566   51.4198   32.249   48.7032   0   65.9894   36.2036   56.0366   36.7105   52.6136   38.6974   34.0263   41.3372   64.9567   33.1108   37.2524   58.62   69.2353   17.6056   60.6476   
54.1479   26.6271   101.769   50.3289   88.0227   25.2982   98.4886   96.8762   18.2483   58.2495   55.1725   51.9711   17.8885   86.3539   58.8218   60.803   29.2062   108.747   102.786   46.5725   87.6584   52.3259   48.8467   29.1548   50.6952   0   77.2046   103.003   83.4889   94.8861   76.2046   77.7251   80.3963   107.843   77.3028   75.489   47.8277   100.162   64.3839   31.2127   
12.0416   49.98   54.4059   68.1175   33.6006   57.2451   44.8219   34.9285   44.0454   60.4152   39.6611   53.8145   47.8017   38.6264   32.2025   43.0116   41.1096   54.4885   52.4023   24.0416   55.9017   40.6079   22.0227   68.0955   22.2036   62.2013   0   69.2892   52.0606   36.72   24   56.2299   28.4142   54.178   55.3144   58.5216   63.5441   48.3847   39.8092   75.7621   
45.2769   89.8276   17.4642   59.1354   75.1665   96.1769   84.0119   59.1354   74.8131   44.2832   89.0505   101.71   70.3278   84.006   82.28   28.8617   81.4678   90.7083   21.9317   44.5533   8.60233   89.4427   69.7711   75.3127   41.0366   88.193   50.2892   0   46.6716   58.0465   70.5964   48.1548   75.0408   88.8142   50.311   52.0031   98.5044   94.0584   58.6421   101.684   
24.7386   67.2681   35.7351   46.0977   63.9062   73.5391   74.3236   54.5619   52.2015   33.6006   68.9638   80.5295   48.3322   70.8308   63.1506   13.6015   59.0339   82.7647   37.4833   21.9317   25.0599   68.9493   49.3356   57.0088   18.6011   66.2118   33.0606   22.6716   0   47.8378   53.0151   31.7703   54.1403   78.3385   36.9866   36.8167   76.4286   81.4453   33.105   79.2487   
25.318   67.6757   41.7852   77.0065   32.1403   74.9466   41.4849   21.4009   61.0737   66.4831   54.4518   69.527   63.5059   41.1096   46.0109   46.8615   58.8218   49.2443   38.4708   36.0555   50.4876   55.9732   38.9487   81.3449   32.6956   79   17.72   43.0465   33.8378   0   33.6815   63.2815   37.4924   42.6977   65.8063   61.0454   75.1664   48.3657   50.3011   89.7521   
11.4018   49.0408   55   67.4759   34.2053   56.3028   45.4533   35.9026   43.0465   59.9416   39.1152   53.1507   46.8402   39   31.7805   42.72   40.1622   55.1725   53.0754   23.3452   56.0892   40   21.2603   67.2309   21.6333   61.2046   1   50.5964   33.0151   18.6815   0   55.6596   18.2361   43.0689   54.7441   55.2616   63.1622   49.3847   39.2389   71.345   
28.2843   64.3506   44.5533   35.3412   71.5542   70   82.365   64.3506   47.4236   23.3452   70.7107   80.6536   41.6173   77.4919   66.0303   4.12311   56.8243   91.2688   47.0425   20.6155   28.4253   70.214   51.2445   47.0956   19.0263   59.3633   38.8973   29.1548   10.7703   43.1856   38.6005   0   53.2753   78.2013   27.5083   26.2361   74.3738   87.282   36.6318   77.8658   
12.0416   51.264   53.0094   68.0147   33.8378   58.5235   45   34.2053   45.0111   60.0333   41.0488   55.2268   48.5077   39.2173   33.541   42.3792   42.3792   54.5619   50.9902   24.0832   54.7449   42.0119   23.4307   68.4763   22.0227   63.1269   1.41421   49.0408   32.1403   16.4924   2.23607   38.2753   0   45.305   55.1335   57.4977   64.9583   49.7989   39.4951   68.4518   
39.6611   72.111   57.4282   94.7945   14.8661   79.2275   22.2036   10.2956   70.6116   85.276   51.0784   66.7083   75.6108   25.4951   42.1545   66.0303   64   29.5466   52.9528   51.614   69.6348   53.4883   42.0119   96.2549   49.0408   88.8426   28.178   61.8142   53.3385   19.6977   29.0689   62.2013   27.7849   0   78.2535   78.2456   83.8853   44.6155   66.6464   94.3135   
27.8927   61.9112   47.676   33.121   72.0694   67.424   83.006   65.8559   44.6878   22.0227   69.3542   78.848   38.6005   77.6209   65.0077   5.38516   54.5619   92.0869   50.0899   19.105   31.4006   68.7314   50.04   44.0454   18.1108   56.3028   39   32.311   13.3417   44.5533   38.6264   3.16228   38.4838   63.2535   0   29.3983   73.6019   87.3461   35.7163   74.849   
30.1496   66.5733   43.2897   35.4683   72.9178   72.2011   83.6481   65.0692   49.5782   22.8035   72.8354   82.8613   43.6005   79.0569   68.0661   2.82843   59.0593   92.4392   46   22.8035   26.4008   72.3671   53.3385   48.2597   21.095   61.2944   40.5216   27.5136   10.8167   44.0454   40.2616   2.23607   39.8497   63.2456   5   0   76.6099   88.9063   38.7006   79.8489   
40.4599   8   93.6056   69.1809   59.8415   15.1327   69.3758   73.5527   19.6469   70.7107   23.3452   23.1948   30.8058   56.3028   27.7308   63.561   4   79.404   92.8009   40.4969   87.0919   20.5183   22.2036   54.7814   43.6005   31.8277   42.5441   84.5044   62.2013   60.1664   41.6293   60.3738   43.8634   64.1249   58.1808   62.6099   0   71.3927   58.2244   32.8045   
42.9418   60.208   75.6902   98.4733   8.24621   66.7533   17.088   30.4138   64.0078   91.6788   34.2345   49.2443   71.6101   7.28011   26   74.3303   53.4509   27.313   71.7844   54.3783   84.0238   37.1214   32.6497   94.921   53.2353   81.4371   31.3847   77.0584   63.561   34.3657   31.7805   70.2282   31.9531   20.6155   70.3847   71.7844   52.3927   0   70.8409   85.1972   
13.6015   48.2701   53.6656   42.5206   59.203   54.4518   70.4344   57.3062   33.2866   35.4683   53.3385   63.2456   30.8058   63.5295   49.0408   21.2132   40.2244   80.0562   54.4243   3.16228   43.6005   52.7731   34.0147   45.2217   3.60555   48.3839   25.6125   41.7732   19.105   36.2491   25   17.4642   25.4951   52.6308   16.0312   19.6469   43.566   56.4358   0   59.2217   
47.4342   12.53   98.6154   58.6941   75.9605   13.0384   86.0349   87.023   12.0416   63.6946   41.1096   38.0132   20.2485   73.4098   45.2769   61.7171   15.6525   96.2081   98.8383   42.72   87.6926   38.2099   36.8782   40.4475   46.6476   14.2127   53.3385   86.8332   64.2028   70.859   52.345   59.4138   54.4518   78.3135   56.6392   61.5549   17.8045   68.9493   45.2217   0   
