15
60
999999 15 11 5 14 12 15 15 15 5 13 16 16 10 8 12 12 8 15 17 9 7 15 10 6 13 8 16 11 9 14 6 5 13 16 7 6 9 15 6 9 15 14 14 10 17 10 12 16 17 12 14 13 6 14 15 17 17 14 17 
0 12 6 4 7 6 11 1 1 2 1 13 9 3 4 10 10 5 5 11 4 4 2 4 5 5 2 1 5 1 9 5 4 2 8 5 1 3 2 1 3 9 12 11 4 5 6 10 14 16 7 5 9 1 13 1 13 9 1 10 
20
0   0   0   0   0   0   0   0   0   0   0   0   0   0   0   0   0   0   0   0   
1   -2   -2   -5   3   -9   0   -3   6   -12   11   -9   7   0   1   -1   -3   -1   3   -3   
-8   7   -5   0   -7   8   -9   3   -7   4   -1   4   -3   7   -7   5   -3   6   -4   6   
2   -1   2   -2   3   -2   1   -1   2   -2   2   0   1   -1   1   0   1   0   2   -2   
8   -10   1   3   3   -3   11   -5   8   0   8   -2   9   -11   2   -2   4   -4   8   -3   
-8   4   -5   4   -8   4   0   4   1   0   -6   2   -2   9   0   11   -8   8   -3   0   
-5   6   -2   2   -7   4   -7   0   -12   5   -3   0   -10   2   -8   4   0   5   1   4   
-3   3   0   5   4   -4   -9   12   0   7   5   8   -4   -1   -5   5   -8   -4   -4   8   
0   0   -2   -5   3   -6   5   -4   -7   -8   1   1   -3   1   -2   7   -1   0   -4   6   
-1   1   0   0   0   3   -1   2   0   1   -2   2   -1   0   -2   1   -1   2   -1   3   
-3   13   -6   6   1   5   -9   6   -12   5   -1   0   -6   0   -6   6   -9   6   0   3   
-12   7   -5   11   -6   7   -7   12   -11   8   -4   5   0   13   -2   7   -6   3   -3   -4   
-12   10   -9   5   -9   15   -14   14   -15   10   -8   11   -9   14   -12   6   -3   8   -10   1   
-4   2   -6   1   -6   7   -4   8   -9   5   -5   3   -2   3   -9   5   -6   6   -4   2   
1   -3   7   -3   4   -4   5   -3   2   -4   2   -3   4   -5   2   -5   5   -3   4   -5   
-2   6   -11   7   -12   8   -6   8   -10   9   -11   3   -4   6   -7   12   -7   6   -7   9   
-9   5   -4   8   -8   -3   -5   2   -4   0   -3   10   -8   6   -11   10   -2   4   -5   0   
1   5   -1   4   -3   5   -2   -1   -1   6   0   7   -3   6   -1   2   -4   1   -2   6   
6   -6   1   -3   4   -4   10   1   1   -3   7   -15   6   3   6   -1   8   -2   4   4   
-3   -6   12   -3   9   -6   6   -4   8   6   -3   -8   0   0   -1   -3   4   -4   0   0   
0   -2   0   2   -2   5   0   6   0   0   -3   4   -3   0   0   0   0   0   -6   -1   
-2   2   -4   0   -2   -1   -2   -2   0   1   -1   3   1   0   0   -2   -3   1   0   1   
4   0   6   -4   9   -3   11   -3   10   -14   9   -8   15   -3   5   -6   7   3   1   -3   
0   8   -3   3   -7   4   -6   4   -5   7   -1   4   -2   5   -2   6   -4   3   -1   4   
2   -2   2   -3   1   0   1   -2   2   -4   -3   -2   1   0   6   -2   2   -5   2   0   
1   -2   3   -10   1   0   7   2   2   -7   5   -8   7   -2   4   1   1   -8   5   -8   
1   -5   3   -3   2   -3   5   -5   4   -6   5   -5   7   -2   2   -1   3   -4   3   -6   
0   -4   8   -5   2   -8   -2   -8   3   -5   12   3   0   -1   8   -7   3   -9   10   -6   
-2   5   0   0   4   3   0   2   -4   1   1   0   -7   1   -1   0   -3   4   2   0   
0   9   -5   5   -4   3   -1   1   -6   0   -9   3   -5   2   -4   2   -5   3   -3   5   
-7   11   -7   7   -13   14   -4   11   -9   11   -13   7   -13   11   -6   3   -7   8   -8   12   
0   1   3   -1   1   -3   2   -1   0   -2   2   0   3   -1   2   0   0   2   2   -1   
-3   1   -2   5   -1   2   -2   3   -3   3   -1   1   -3   2   -3   3   -4   4   -3   2   
-1   -7   0   -4   7   -2   3   -4   1   -4   2   0   6   -4   1   -5   0   -9   8   -5   
0   1   7   -3   -1   2   -3   0   3   0   7   -1   -8   -11   0   -2   1   -4   4   -2   
0   -1   2   0   0   0   -1   2   -2   0   -1   2   -3   1   1   2   0   -1   2   -2   
-3   3   -3   -1   -3   3   -1   1   -3   3   -5   3   0   0   -5   1   -3   2   -5   4   
2   -4   4   0   4   1   0   -4   6   -4   1   -4   1   -7   3   -1   3   -6   5   -4   
2   1   -2   0   -4   5   -10   15   -5   10   -3   -1   0   4   7   0   -7   5   0   11   
-3   5   -2   6   -6   4   -1   5   -4   4   -5   3   -3   6   -1   2   -4   5   -4   2   
-2   0   0   -5   -2   -1   4   0   2   0   0   -6   3   2   0   0   0   -5   0   0   
-8   4   -14   10   -2   12   -12   10   -11   4   -12   7   -10   11   0   4   -6   9   -14   4   
3   5   0   5   0   0   -2   5   1   -1   -8   0   -7   1   1   -1   6   0   -6   7   
3   -3   6   -5   4   -5   3   0   8   -7   7   -12   -2   -4   10   -3   12   -7   5   -10   
2   0   2   2   3   1   1   -1   1   -4   2   -5   4   0   1   0   -2   0   -2   0   
-3   1   0   -1   5   -9   0   -1   12   -2   12   -1   1   -7   6   -7   4   -4   8   -2   
-6   9   0   8   -3   0   -6   6   -6   1   -3   2   -1   3   -5   -1   0   -3   -3   4   
0   9   -2   7   3   2   5   10   -2   -1   0   0   -3   2   -4   3   0   -1   0   0   
7   3   1   6   1   2   0   0   2   -10   -6   -5   5   0   2   3   1   5   2   -6   
-11   14   -3   8   -5   13   -1   5   -6   8   -4   9   -11   14   -3   9   -12   4   -6   12   
-8   12   -9   3   -9   8   -9   12   -9   7   -8   1   -4   5   -9   0   -6   1   -12   4   
-3   -3   1   -1   9   -2   -4   -1   5   0   2   3   4   -7   -8   0   10   5   1   0   
-5   7   -10   0   -13   7   -4   12   -4   5   -11   8   -13   0   -11   3   -8   7   -12   8   
-2   3   -5   4   -4   4   -3   4   -6   6   -6   4   0   2   -5   3   -4   4   -4   2   
-2   1   3   -4   -1   -7   1   -4   -1   -2   2   4   0   4   4   2   4   -1   3   1   
-4   10   -12   6   -10   13   0   6   -13   7   -3   9   -4   -2   -11   14   -4   5   0   5   
-15   12   0   13   -4   7   -14   4   -5   12   -10   9   -14   3   -13   15   -10   3   -11   9   
-1   1   0   -4   -13   0   2   10   -11   4   0   8   6   10   -3   -1   -2   10   0   6   
-2   1   -6   6   1   3   -7   10   -7   5   -6   1   -11   4   -12   5   -9   5   -4   4   
-10   13   -2   8   -8   6   -6   15   -7   1   -8   12   -13   3   -11   7   -11   10   -12   7   
0   59.9419   67.8395   26.2462   78.2145   70.5894   45.3059   61   81.4492   29.898   76.633   57.6232   62.3376   68.774   57.1185   39.8062   55.5241   65.9244   58.7152   67.4135   63.8904   55.1096   57.807   75.9216   61.8754   38.8537   71.3387   60.1603   48.8938   86.0681   56.0763   54.6274   59.3207   64.1755   57.8688   55.7151   56.6563   62.4138   65.788   83.6236   79.8276   27.6619   40.5563   70.2195   64.6497   49.6931   45.4138   44.1603   52.4708   54.2753   62.0595   64.4342   68.8917   78.0086   32   55.0624   87.8013   50.0768   71.2033   42.088   
41.1096   0   61.6682   61.3192   59.1814   98.7096   69.8652   76.1522   115.299   53.8058   106.154   54.7372   65.8845   97.1782   71.4059   70.6952   34.0384   104.804   52.4832   102.751   58.2964   50.3209   60.6357   66.163   51.0784   44.4008   105.018   50.4131   38.8062   119.411   97.1859   55.5366   91.9539   105.285   49.3209   88.5252   97.766   78.6119   80.5346   55.1152   112.81   53.28   73.4247   53.8507   58.7064   31.6619   65.8365   70.0408   93.5804   65.0104   78.3128   90.8869   47.5261   66.4876   61.72   69.8652   72.0848   67.8652   107.404   61.3363   
49.6588   46.5188   0   56.2156   36.4642   66.3297   89.5762   40.0238   124.759   64.1221   123.809   31.53   102.096   66.0416   100.833   76.8014   72.4883   90.7599   90.0211   117.072   20   86.7422   26.2111   106.476   87.4105   72.0094   90.3092   37.0278   49.6757   128.124   83.8845   29.2956   78.0866   93.2694   86.897   74.4811   93.6525   107.459   110.788   37.1948   123.637   66.2969   62.1856   27.0623   19   70.8516   90.6877   89.1864   86.7248   102.388   106.272   113.933   29.1421   111.914   57.6197   44.4197   112.509   91.6324   120.862   59.6497   
8.24621   39.3192   41.5933   0   68.2479   62.8262   52.2345   56.2801   85.1034   30   83.834   54.6424   67.1601   65.4533   64.8229   43.5913   60.39   68.4296   63.3661   75.6597   50.3593   59.823   51.876   78.3842   65.3523   42.3311   66.923   51.1548   52.1548   88.9412   55.0132   47.972   55.6869   67.7547   60.5383   54.4776   63.9644   70.1182   73.4138   75.037   81.9412   30.1245   32.3417   60.638   58.2462   57.9393   53.1182   52.0139   56.05   62.5215   70.3057   70.6597   61.3449   85.6318   27.2801   44.3311   86.2642   50.2345   78.1772   29.9443   
59.8164   44.1814   16.1245   52.4023   0   81.0079   97.8721   56.1483   137.506   71.2451   136.236   38.5913   106.195   80.1249   106.445   89.3703   73.0789   106.884   92.8484   127.23   36.1245   89.2428   42.3356   109.088   89.4535   76.3618   105.6   47.0655   54.4966   141.161   99.8339   44.4008   94.2112   109.394   90.2608   90.6056   108.605   118.002   119.924   26.6023   134.343   80.4816   77.5607   34   35.1245   70.037   103.385   102.347   102.849   104.4   110.25   120.679   34.4164   110.669   65.9234   58.7852   116.266   102.596   130.579   59.8406   
54.5894   80.7094   47.0956   48.8262   63.0079   0   96.201   46.3059   106.457   78.8262   115.47   70.4904   115.986   27.099   111.708   80.7289   102.057   55.6611   112.192   106.272   67.0956   108.649   61.72   127.21   112.668   91.1573   54.0588   72.9115   81.9559   108.422   55.2616   59.31   53.9559   60.4185   109.365   54.5941   72.7191   117.003   120.377   84.2905   108.054   78.9507   60.9249   74.1579   66.0956   96.2683   100.003   98.7496   59.6807   108.865   115.691   111.648   72.4637   128.197   61.9617   44.8444   132.603   99.0607   120.005   59.2548   
26.3059   53.535   75.2728   34.5254   83.7257   77.201   0   87.2   60.2436   40.6271   53.0425   77.1348   44.0227   91.7952   39.8494   35.4924   66.8188   77.7271   56.2156   54.2028   84.8847   54.0143   80.846   60.5789   64.5799   50.2947   83.456   75.0286   67.9313   64.0813   66.4236   78.8964   67.8035   72.6281   57.7469   72.1536   61.0789   38.8473   47.178   100.235   57.0813   41.4131   60.6563   88.686   90.9555   62.382   34.8489   33.2801   67.6905   36.7231   39.0227   35.9545   91.3278   57.4166   58.3059   75.0345   62.3735   28   55.1448   64.4696   
44   57.9828   21.0238   36.0555   37.1214   26.3059   70.1142   0   113.921   64.9545   115.918   47.8924   103.216   48.0185   99.7186   69.2488   86.3546   72.0803   95.0781   108.396   37.3776   91.4726   34   114.25   98.1311   77.4093   67.8015   53.2053   67.0533   114.985   69.2143   46.1933   64.4009   74.6406   95.8015   61.2311   80.5678   105.201   109.469   58.2186   112.602   65.9902   51.0128   44.4398   36.3776   81.9242   88.2769   86.1045   72.5727   95.6308   99.5155   104.847   47.28   113.711   43   28.1655   116.39   86.29   114.233   54.6356   
62.3699   98.387   109.636   69.2965   121.655   91.444   45.5412   97.1288   0   86.0129   33.868   117.531   78.3115   100.348   70.5801   67.3287   107.462   75.0368   95.1507   30.1623   119.567   93.3232   112.858   98.2586   101.298   89.4261   79.0079   114.969   109.744   26.1623   66.4713   110.737   72.6437   71.2487   94.3169   75.9352   50.4401   66.3488   70.9877   138.877   19.1623   86.9543   85.2456   126.804   120.759   104.953   67.1507   69.8193   67.8539   75.6599   74.692   46.249   124.234   100.881   88.1095   108.755   101.475   64.4342   39.8806   92.8332   
11.7047   30.8058   50.01   15   57.2451   63.8201   26.6271   49.2443   68.7968   0   77.0415   50.6742   55.0555   74.4401   53.2504   36.6752   47.6142   76.8467   51.4776   74.1378   63.1475   47.9346   57.1995   65.3964   53.4639   30.4426   78.4992   50.3847   40   89.0669   63.7647   55.7194   62.8467   75.8802   48.6499   66.6096   65.2467   59.5398   61.7602   76.594   83.136   18.2361   47.3417   65.4665   69.01   42.1868   44.1266   41.2982   64.1755   53.0624   50.0555   62.5489   61.8292   72.7647   36.9545   59.3311   71.3385   44.5539   71.3847   44.9443   
59.6825   90   109.179   67.6018   119.281   99.1262   36.7967   99.93   18.868   63.0317   0   113.706   64.3542   111.379   58.1534   63.2501   98.1944   85.004   81.7148   29.4671   117.961   81.5578   114.678   84.0928   88.8838   79.6655   90.9533   110.065   103.032   36.8114   76.208   110.724   82.6108   81.2159   82.3759   85.9023   60.4072   53.6569   57.8784   134.474   29.8114   76.8837   81.8233   125.483   121.02   95.3221   57.8922   57.1674   75.7863   63.1418   59.3542   33.8224   122.096   82.123   89.2808   104.518   86.726   54.3065   21.6569   97.546   
39.6232   29.5296   17.088   32.6497   20.5913   56.3028   63.1348   30.8869   101.863   36.6742   98.813   0   88.2244   71.4678   87.2772   71.2278   55.2864   93.1956   73.4878   106.957   28.53   70.4391   34.7411   89.754   70.2941   58.8398   91.2292   33   32.4391   121.591   81.0984   30.1803   80.3901   96.0489   73.2228   77.2607   89.6704   95.9516   98.0148   44.1988   114.591   54.9103   58.0476   29.1655   27.53   53.8782   79.675   76.8466   86.8202   82.4906   86.7298   99.0893   30.2111   96.0173   47.7809   44.1548   101.614   81.2281   108.059   41.6982   
46.2385   51.8845   88.0909   53.1601   92.1954   100.648   27.0185   88.6454   64.0312   39.4588   48.6621   72.6911   0   112.596   27.1231   56.6133   54.4957   102.227   35.6155   69.0435   98.0975   35.2603   96.09   39.6265   46.0028   48.1039   106.924   84.7005   74.3912   85.4735   89.277   91.1294   92.2457   99.6466   38.9317   93.3197   79.8999   33.6301   34.7047   107   78.4735   54.2119   76.8354   101.857   100.221   57.2492   34.0623   35.5183   90.1304   24.0623   23   59.0624   99.4106   36.4642   76.4133   93.9052   47.1359   44.4951   69.1814   76.0167   
50.774   78.8923   48.0416   45.4533   64.1249   5.09902   72.7324   27.0185   86.3481   60.4401   94.0851   55.7853   96.6023   0   107.893   76.3028   100.44   50.6985   108.819   102.259   64.3961   105.276   61.0185   123.838   110.806   87.7843   43.6985   72.5847   83.1331   104.331   51.171   64.4091   50.1006   53.6611   105.992   46.4951   69.6389   111.58   116.562   85.2365   100.683   75.5778   58.7771   71.4583   63.3961   94.6515   96.1878   94.9343   56.6005   105.049   109.136   108.687   74.2985   126.58   61.8973   49.313   130.464   95.6878   115   57.638   
41.9762   54.4059   86.8332   49.4975   92.3472   95.6347   19.8494   85.4751   56   37.054   41.2311   72.2772   8.24621   91.3893   0   50.3553   58.484   96.0261   40.4838   59.3068   96.0928   40.3267   93.3377   42.8617   47.6528   44.0832   100.739   82.6599   72.2064   76.0119   83.0765   89.1865   86.0452   92.4776   41.1448   87.1192   74.4952   22.2111   29.8278   105.787   69.2166   52.2552   70.7545   100.688   98.5221   57.7842   30.9294   29.3178   86.8035   22.1231   18.1231   51.3311   98.8832   43.7099   73.9762   89.8241   52.3645   43.6011   51.4966   77.0789   
12.8062   50.6952   62.1772   20.5913   72.6223   60.7289   16.4924   54.5894   49.8197   19.9249   47.0106   52.4023   41.4005   56.3028   35.3553   0   62.384   65.717   62.618   64.4035   70.9506   59.9647   70.6132   77.0713   65.182   42.1603   67.225   70.1041   59.9249   68.6004   59.8378   67.4337   59.5584   60.618   66.4626   58.3491   53.1548   53.2173   60.3847   92.5391   62.1664   38.1609   36.2132   81.2293   77.4559   62.1116   43.8537   41.095   61   53.2155   53.4784   52.4469   78.5483   73.909   44.8062   60.4264   78.866   40.088   56.5933   50.5355   
41.2311   13.0384   58.1893   42.0476   57.0789   87.8635   46.8188   67.2012   92.358   29.6142   81.9878   41.1096   40.2244   85.4283   43.8406   48   0   106.37   37.1896   93.7725   68.5547   35.2354   68.2546   57.131   37.0312   36.9864   107.755   51.8793   39.27   110.9   93.3789   63.3162   92.4609   105.407   37.7883   91.2903   92.0584   66.0517   68.0075   68.1536   103.9   45.8509   69.1543   66.8891   68.6396   20.831   57.9745   55.1461   93.7018   52.4833   56.3609   79.192   60.5645   58.4833   66.5687   79.397   60.05   62.9444   94.5376   63.8019   
50.2892   89.8053   75.2396   50.4876   90.824   39.6611   60.1415   56.0803   56.0089   61.9839   68.1542   76.2955   87.1149   35   79.9062   47.1699   91.4822   0   109.004   73.9406   90.0083   105.399   83.3104   118.623   112.165   89.1429   24   90.4255   95.123   80.1402   30.4164   82.4976   30   32.099   108.158   41.2788   44.5967   98.9888   105.905   109.88   73.1402   77.9511   60.9127   100.52   92.4579   99.9823   84.527   85.005   33.4536   96.8646   98.0293   86.4763   99.4923   117.558   75   76.0408   122.515   79.6198   80.4599   78.0093   
44.5982   33.9559   75.9539   49.0408   77.1038   97.8008   37.2156   81.0247   80.7527   34.0588   67.3573   59.3043   20.6155   94.4934   26.4008   45.618   21.1896   92.6607   0   81.2703   85.0357   25.1623   85.4236   33.4924   21.2111   37.4009   112.255   73.0689   60.4597   99.1612   96.2591   80.3246   96.9055   106.236   24.1623   96.6151   91.0524   48.4821   50.4048   89.0711   92.1955   48.2415   81.3825   87.8065   86.8343   42.0206   44.8806   47.6869   97.069   34.8806   43.6155   73.1701   81.482   35.0294   71.0133   89.1969   36.6155   51.2278   77.8973   78.9851   
53.4135   86.6083   102.396   61.0328   113.23   90.2718   33.121   92.1141   14.0357   58.1378   9.21954   92.957   50.01   85.2115   42.0119   40.6079   79.7057   58.9406   67.082   0   111.352   82.3386   105.824   84.8736   88.2931   77.298   82.4475   106.029   98.1378   36   71.0882   101.921   73.0088   70.4059   83.1567   82.0083   60.2278   55.8102   60.0318   128.89   29   74.5341   76.8211   117.863   112.195   92.9017   57.4548   54.6264   75.2597   64.135   60.135   35.9758   114.125   82.1863   85.4135   101.034   87.4493   53.8855   23.8102   83.8928   
44.2945   41.1825   6   36.3593   17.8885   47.8539   69.6419   21.587   104.995   44.1475   103.942   11.6619   82.0975   48.1664   80.895   56.9386   52.5547   73.0548   70.0357   97.3499   0   82.101   20.7082   101.416   81.956   69.0096   89.3885   37.088   44.101   122.779   82.8576   35.2956   76.6143   90.7694   84.8847   73.0088   90.2238   103.106   105.908   37.1948   118.036   62.3835   59.1791   22.2462   25   65.5401   87.4699   85.4457   85.6018   93.9281   94.203   105.596   35.1421   105.065   47.5418   49.7526   106.651   84.2142   112.579   41.4591   
41.1096   31.6228   72.6911   45.4533   74.2428   94.2019   35.0143   77.4726   79.2465   30.4795   66.4831   56.1427   21.2603   90.9065   26.0768   42.5441   19.2354   89.4707   3.60555   65.7343   66.7533   0   82   37.098   24.8167   41.0065   106.962   69.1597   58.5054   98.4853   92.0592   77.9083   92.3886   103.162   23   92.4209   94.658   47.8337   48.9083   86.738   91.4853   48.6985   71.6392   85.3082   83.6726   40.0663   48.4862   50.0179   93.5804   38.4862   37.2036   70.9688   79.1489   38.6349   67.434   83.6279   40.2211   54.8334   76.3514   65.7393   
39   42.0119   10.8167   30.8707   24.5967   42.72   64.846   17   98.8585   40.1995   98.4124   13.8924   79.0253   42.5793   77.2334   51.4296   52.3546   66.4078   68.4105   91.586   6.7082   65   0   101.475   81.8401   67.2544   80.5368   39.6918   46.3315   118.292   74.635   32.099   68.3104   83.0797   82.6474   68.5701   84.8535   99.4445   101.731   43.903   112.812   58.4356   53.5117   28.9544   29.8167   62.4236   82.7533   81.4977   79.8715   93.2619   90.0263   100.8   39.9588   103.44   41.807   35.4642   104.022   81.1052   108.023   40.9317   
59.0339   49.163   92.3959   64.3506   93   113.159   45.618   97.3088   84.1487   49.3964   68.1836   75.6637   20.2237   109.622   28.4429   57.6281   36.1248   104.623   16.4924   70.1142   86.4928   19.9249   84.8999   0   37.7035   53.8934   124.853   86.7209   74.66   104.238   109.501   93.8123   111.606   118.246   36.6469   112.346   97.6481   48.0156   46.4429   104.278   97.6595   64.734   91.5641   103.014   103.194   56.9557   54.286   55.742   110.354   44.286   43.2237   73.3584   96.6891   25.1231   86.3509   103.553   20.1231   64.7188   79.9395   85.6642   
46.8722   29.0689   73.2462   50.2494   73.0274   98.4937   43   80.1311   87.2983   35.609   74.3303   56.2939   27.8029   95.483   33.541   49.6488   16.0312   96.1769   7.2111   73.7564   67.4463   8.06226   66.4831   20.0998   0   41.0217   114.108   65.4648   52.8556   106.372   97.7647   76.9018   98.4557   110.267   28.0711   98.6014   97.2385   55.6932   56.9706   84.1841   99.4066   50.2278   79.7015   82.79   83.4105   34.4165   52.0917   54.898   99.3429   42.0917   45.2659   78.9545   76.595   38.587   72.5635   91.6901   40.2229   58.4389   84.4137   73.8016   
23.8537   26.4008   58.0086   27.6586   62.3618   76.4003   27.2947   60.407   72.6154   12.7279   63.6003   42.5793   30.1496   73.1095   30.0832   28.1603   20.2237   73.5391   21.4009   60.4152   52.0096   17.8045   49.2544   37.1214   23.0217   0   91.2271   62.0499   49.4008   91.376   76.4927   68.4473   75.5746   87.7324   40.8045   79.3375   72.3149   52.2943   59.911   81.516   84.376   30.964   57.2046   71.7449   70.1093   33.1555   44.6716   48.6716   76.3245   48.0416   48.2063   63.2492   72.7904   51.7696   49.6824   69.0899   55.1461   43.5539   78.0086   53.2025   
52.8015   91.0055   72.7324   51.923   88.6002   34.0588   65.1153   52.8015   63.0079   64.4748   74.9533   75.326   91.9239   29.6985   84.9588   51.225   93.6376   7   96.2549   65.7343   71.0634   92.9624   64.5368   108.853   99.363   76.4788   0   91.0067   99.7217   78.08   32.6918   82.1022   37   26.0416   110.257   40.4924   45.9064   101.118   106.746   108.258   78.1249   80.4634   60.327   93.3096   88.3092   102.495   88.5453   85.8682   32.868   98.5108   101.001   93.4763   97.2105   122.16   68.5077   64.0744   127.131   80.4831   87.4599   77.3323   
35.4683   24.4131   22.8035   29.1548   26   58.6003   57.9828   34.2053   97.8366   31.3847   94.0213   6   66.7533   57.5847   66.4831   48.1041   35.4683   75.4255   53.3385   88.459   17.088   50.1597   17.6918   69.7209   50.448   36.6742   75.0067   0   38.4391   116.704   82.7153   27.6015   80.1484   95.4622   66.2721   78.1885   88.9007   88.6942   93.1449   45.4951   110.27   49.6155   57.856   35.1108   32.0278   46.0483   75.3847   72.6829   85.2047   79.6383   81.4402   93.9337   34.6491   88.3679   46.2187   50.1548   89.844   75.9386   102.769   40.1359   
32.8938   12.8062   35.4401   29.1548   36.4966   67.9559   50.9313   45.2769   93.7443   25   87.6812   18.4391   55.7853   66.242   56.4624   44.2945   22.8473   79.1012   41.0488   83.0963   29.7321   38   29.6816   57.3149   37.855   26.4008   79.7621   12.6491   0   112.637   84.1679   40.2506   84.8417   96.9094   55.6628   83.3973   89.5501   78.6735   84.7875   53.6155   106.461   43.2361   61.4964   47.6046   44.6769   35.4391   69.1266   66.2982   85.2047   74.4424   74.5855   86.8858   45   72.0775   51.257   54.1152   77.4003   69.5539   96.3847   46.4951   
66.0681   102.416   112.929   72.8629   125.16   93.4077   49.6488   99.985   4.12311   72.7186   21.9317   105.475   68.0074   88.3233   60.0083   53.6004   96.4624   57.0789   84.8528   18   108.374   83.3607   102.176   88.0909   91.4112   76.6942   64.0703   101.533   97.6371   0   67.1601   114.348   75.4811   70.0384   98.44   79.1913   53.6962   70.4719   75.1108   142.364   23.2854   90.9547   89.3687   130.291   124.622   109.076   71.2738   72.6264   71.9771   79.783   78.1314   50.3721   127.721   100.186   92.2326   109.752   105.449   68.5573   41.8102   96.3204   
37.108   77.2334   67.4166   38.0132   82.2982   40.2616   47.4236   50.2096   51.1957   48.7647   60.208   66.0984   74.2496   35.171   67.2681   33.8378   78.339   13.4164   79.2591   51.0882   64.4127   76.0592   57.7062   91.4002   82.7647   60.1664   17.6918   64.5368   67.0298   53.1601   0   71.4624   27.4544   28.0384   94.9768   31.022   30.644   83.4046   91.4838   101.608   65.9791   64.7699   44.0799   86.6589   79.4003   86.8011   73.6859   70.869   17.6056   82.5282   85.3912   83.3781   88.1848   104.84   56.4966   55.0488   109.797   71.7955   71.7186   66.5793   
34.8855   37.5366   14.8661   26.9258   26.4008   45.31   60.407   20.6155   95.6713   35.3553   94.5145   11.1803   74.0068   44.643   72.3395   47.5079   47.5079   65.9697   63.3246   87.9204   9.43398   59.9083   5.09902   79.8123   61.4654   44.1814   64.6297   13.6015   25   99.0858   56.4624   0   67.4976   83.9219   79.1664   65.1336   80.215   94.5506   97.1156   46.6288   108.867   53.5914   54.7478   31.6802   33.8661   59.6498   79.482   76.6536   74.0679   86.0671   85.4109   96.3615   37.5242   95.951   43.1105   32.0278   99.3275   77.1603   104.101   37.0278   
37.1618   75.9539   62.6498   36.6742   77.8781   33.9559   50.8035   44.6878   57.4891   48.8467   66.0681   62.5859   77.2334   28.8617   70.6045   36.0694   78.1089   14   80.7094   57.0088   60.0083   77.3886   53.3104   93.6056   83.7257   60.8276   15.6525   61.5224   65.123   59.4811   6.32456   52.4976   0   33.8114   93.1683   28.6056   36.9685   89.2867   96.4541   97.2032   72.3037   62.7545   46.3452   82.2545   77.4152   86.8549   76.5483   73.7274   23.9301   87.5266   88.7276   80.9365   86.8917   108.22   50   57.2353   113.177   72.0096   78.0432   64.0125   
50.01   90.2718   78.2624   51.0392   93.6216   44.4185   57.6281   59.6406   51.0392   61.6117   63.6003   78.339   84.6463   39.6611   77.2334   45.618   91.2195   5.09902   91.236   54.4059   75.7694   88.1419   69.0797   102.626   95.0789   72.7324   12.0416   77.1038   80.0062   52.0384   13.0384   68.3081   15.8114   0   106.545   35.7883   40.8087   96.443   104.516   112.964   70.2015   76.131   57.1183   98.0156   91.2457   99.7031   84.2012   82.5882   30.644   94.3512   95.3565   85.6607   100.03   115.045   65.8114   66.8941   120.002   77.203   78.0983   70.3263   
41.8688   31.3209   72.8354   46.0977   74.1687   94.8103   36.0139   77.8781   80.2309   31.1448   67.4166   56.2228   21.9317   91.5478   26.9258   43.4626   18.7883   90.3549   3.16228   66.7083   66.9104   1   65.2534   19.6469   7.07107   18.4391   93.8136   50.2494   38.0132   84.3445   76.9415   60.1664   78.2304   89.0505   0   93.4209   89.8401   48.6006   49.9083   86.0434   92.4853   49.3809   72.6392   84.5973   82.2771   36.2237   46.1662   50.8491   94.3396   38.0429   38.2036   71.9684   78.847   38.1917   66.8015   84.6279   39.77   54.3901   77.3514   66.7393   
36.7151   74.5252   59.4811   35.4401   74.8465   30.5941   52.1536   41.2311   60.8769   48.3011   69.0072   60.0167   78.2432   25.4951   71.8471   36.8782   77.2528   16.2788   80.8022   60.0083   57.0088   77.4209   50.3289   94.1116   83.5284   60.5392   16.4924   59.2115   63.3877   62.9365   9.84886   49.7293   3.60555   18.7883   78.2368   0   40.4928   90.0955   97.2629   94.2036   75.828   64.377   40.1359   79.255   75.3847   86.4083   78.6298   75.8014   27.4544   88.8767   89.9702   80.2534   83.2534   109.57   53.6056   57.1059   114.235   75.6152   81.5675   55.0526   
37.6563   78.6384   77.8974   41.7852   91.6079   56.0892   38.0789   63.0079   35.4401   48.0937   44.4072   73.4302   64.8999   50.9902   57.2014   29.1548   77.0584   24.5967   73.6817   35.2278   74.027   70.8802   67.4759   83.6481   78.339   57.3149   31.0161   70.6824   70.342   37.6962   16.0312   65.215   22.2036   20.8087   71.8401   25.4951   0   76.9262   82.1376   109.69   54.6024   65.3182   48.6228   96.2732   90.7539   87.3495   62.8869   60.2098   32.0384   72.8524   75.3245   59.909   94.925   95.4955   65.0465   66.4023   100.452   54.8246   56.2311   64.7647   
47.2652   61.6117   93.3809   55.0818   99.2975   99.93   22.8473   91.1373   52.345   43.4166   36.2215   79.1202   12.6491   95.5196   7.2111   39.2173   50.9313   81.5659   32.7567   38.3275   87.4757   32.8024   83.6002   32.0156   39.9625   37.1618   87.0057   73.3757   63.561   56.2228   69.4046   78.7718   73.2462   78.5175   33.6006   74.793   58   0   22.6569   112.998   66.0329   57.1918   74.1664   107.214   104.447   64.9953   33   34.105   87.0102   29.3342   25.3342   47.0998   105.246   43   79.2652   97.0352   52.1387   43.1359   57.8784   84.29   
51.788   62.7694   96.7471   59.4138   101.922   105.005   28.178   95.4254   56.8859   47.0425   40   82   11.3137   100.658   10   44.3847   51.4004   87.2067   31.8904   42.9535   90.7965   32.5576   87.2067   28.4429   39.0512   39.5601   92.6175   76.1577   65.7875   60.6712   75   82.2982   78.7718   84.1724   33.2415   80.2621   63.6553   5.65685   0   115.459   69.8114   61.6738   79.8233   110.169   107.944   67.7842   38.3776   39.3178   91.8783   31.5242   28.1231   41.7386   108.872   47.778   83.788   99.8241   46.0172   45.313   60.2215   87.0789   
60.8276   39.1152   23.1948   54.037   8.60233   70.2567   83.2346   44.0454   123.167   56.6127   119.474   21.4009   89.1852   71.007   90.0777   73.5391   52.1536   95.8801   72.8354   113.952   23.1948   70.214   29.6142   88.278   68.1836   60.0083   94.1488   25.4951   33.6155   126.811   86.539   30.0832   82.5409   98.3514   70.0357   79.6994   94.6678   97.17   99.368   0   135.705   74.8488   79.1348   32.0333   42.1948   63.8197   100.739   97.9109   104.145   102.934   106.668   119.162   32.7648   105.603   69.1819   62.111   108.401   100.098   127.997   63.0991   
60.8276   96.1769   108.6   67.9412   120.341   91.7824   43.0813   96.6023   3.16228   66.8506   15.8114   100.409   61.0082   86.6833   53.0094   48.1664   89.8888   57.1402   77.9295   11   103.856   76.4853   97.8008   81.0987   84.5281   70.2638   64.1249   96.2601   91.8368   7   51.6236   94.4934   57.8705   52.2398   77.4661   61.1882   35.6931   49.2544   53.7587   121.655   0   81.8999   77.434   126.102   120.637   103.419   68.4548   65.6264   67.7315   75.1325   71.1325   46.9758   124.899   92.2544   88.0069   99.0882   98.4493   64.8855   34.8102   94.8928   
11.6619   32.28   52.1728   16.1245   59.4811   64.8999   24.4131   50.9902   66.888   2.23607   60.8769   38.9102   37.6563   61.4003   35.0143   18.4391   30.2655   61.6847   33.2415   56.0803   46.3249   29.6985   42.2966   48.2597   35.2278   12.2066   64.405   33.6155   27.0185   70.8308   48.3839   37.4833   48.7545   61.131   30.4138   48.3735   47.0106   41.3038   45.0111   58.8218   64.8999   0   48.0185   67.7026   63.2969   42.02   46.3627   43.5343   64.1327   48.1496   51.1321   60.3676   64.0653   63.9761   37.2594   60.4556   67.1536   44.3238   70.2268   43.3607   
15.5563   52.6118   46.6905   13.3417   60   39.9249   37.6563   34.7851   63.2456   26.6271   65.146   42.0476   60.8276   35.7771   55.7136   21.2132   55.1543   37.2156   60.1415   57.3847   42.5206   56.6392   36.0694   74.5185   62.2013   39.2046   38.6005   39.8497   42   66.4003   25.0799   33.6006   23.3452   38.0132   57.3847   22.1359   31.6228   60.1664   65.146   63.1348   62.434   27.0185   0   64   59.1856   65.2495   60.9702   59.7166   42.6854   69.8317   73.8367   70.1427   66.1207   90.9741   29.7047   42.8473   94.1721   56.0789   77.8065   34.72   
50.2195   39.8497   8.94427   42.638   10   55.4437   74.686   29.1548   111.803   48.4665   109.836   12.1655   84.8528   56.0357   84.4038   63.0079   52.1728   81.2712   71.1126   103.6   8.24621   68.0294   14.8661   87.367   67.7422   54.7449   79.3095   18.1108   30.0666   115.278   72.45   16.4012   68.1542   83.9345   68.0661   65.192   81.6088   91.214   94.1488   15.0333   110.535   50.6952   50   0   22.0623   64.1591   90.9466   89.0121   90.0555   94.6561   98.522   110.641   27.3246   102.144   55.0533   48.429   106.444   91.7257   119.601   48.9706   
45.1774   42.0595   5   37.2156   17.4642   47.676   70.5762   21.3776   105.759   45.1221   104.809   12.53   83.0963   48.0937   81.8841   57.8014   53.4883   73.3894   71.0211   98.1835   1   67.7422   7.2111   87.4757   68.4105   53.0094   71.3092   18.0278   30.6757   109.124   64.8845   10.2956   60.4152   76.1577   67.897   57.3847   74.6525   88.459   91.7878   23.0868   104.637   47.2969   43.1856   8.06226   0   64.0761   88.4699   86.4203   82.4901   93.4199   95.1776   106.531   29.1803   102.753   48.5418   41.3516   107.599   85.2142   113.579   42.4591   
35.6931   11.6619   53.8516   36.2491   54.037   82.134   43.382   61.8547   88.7694   24.1868   79.3221   36.8782   40.2492   79.6492   42.8019   43.1045   5.83095   85.8662   23.0868   76.4788   48.0833   20.3961   47.4236   39.0512   19.4165   16.1555   87.9204   31.0483   18.4391   92.8493   72.7805   42.4853   72.4224   85.703   20.2237   71.5122   72   50   51.1077   49.8197   86.406   25.02   49.3964   48.3735   49.0408   0   55.1037   52.2753   88.1639   52.4005   57.5997   79.3365   59.188   54.0125   58.3401   72.5543   59.1744   56.5933   89.7835   64.0135   
30.4138   48.8365   76.6877   38.1182   83.3847   83.9345   9.84886   74.1687   53.1507   26.6833   41.6773   62.9682   17.6918   79.7057   11.7047   23.8537   40.3113   69.527   28   39.8497   70.8308   26.1725   66.7533   35.7771   34.2345   22.6716   74.2496   57.3847   48.5489   57.2713   56.5862   61.9839   59.5483   67.2012   27.1662   60.6053   47.8853   17   21.3776   81.8841   50.448   24.5153   44.0114   74.9466   71.8053   37.8021   0   23.8284   74.1918   25   27.8062   45.8034   88.5125   54.1561   61.7747   78.8994   55.9002   28.0623   57.2353   61.0109   
28.1603   49.0408   75.1864   36.0139   82.3468   81.3449   7.28011   72.0625   51.6624   25.2982   41.0488   61.8466   20.5183   77.0779   14.3178   21.095   41.1461   66.7083   30.0666   38.6264   69.3758   28.0179   65.1153   38.4708   36.0555   22.6716   71.4213   56.3649   48.0104   55.7853   53.7587   60.4152   56.7274   64.405   29.0172   57.8014   45.1774   19.105   23.7697   81.1234   49.0408   23.0868   41.4367   73.736   70.342   38.2753   2.82843   0   69.2635   27.8284   30.6347   43.2346   87.1274   53.3593   60.1603   79.9907   58.5939   27.3852   55.5106   62.1022   
38.4708   79.0569   70.7248   40.05   85.4751   43.6807   46.6905   53.7401   47.8539   50.01   57.4282   68.9493   73.6614   38.6005   66.468   34   79.6241   13.4536   79.6053   48.2597   67.6018   76.4853   60.9016   91.2634   83.3847   61.0328   18.868   67.1863   69.1809   49.7293   3.60555   59.5063   9.84886   11.7047   77.3886   13.4164   13.0384   68.2495   73.8783   89.5545   48.3735   49.4773   27.4591   75.591   68.0955   74.1485   56.0803   53.2635   0   81.0803   83.8865   72.9464   91.7904   104.107   57.1638   58.6543   109.064   65.1664   69.2695   62.1791   
38.2753   48.0104   81.3941   45.3542   86.4002   92.6121   19.7231   81.0494   60.208   32.0624   46.4866   66.4906   8.06226   88.5494   6.40312   33.4215   37.4833   79.511   20.8806   46.3897   75.4255   20.1246   72.0278   26   27.8568   24.0416   84.1724   60.6383   50.3289   64.2806   66.5282   67.0671   69.3542   77.201   21.0238   70.2922   57.8014   13.6015   15.5242   83.9345   57.3149   30.1496   52.7731   78.6448   76.4199   36.4005   10   12.8062   66.0681   0   24.5262   55.6776   93.8917   39.7065   67.409   84.3576   42.6531   38.0623   57.8997   66.469   
42.0595   51.3128   85.3756   49.2443   90.2497   96.2549   22.0227   85   60.0083   36.0555   45.3542   70.406   5   92.1358   4.12311   36.6197   40.3609   82.134   22.3607   46.0435   79.404   22.2036   76.0263   24.7386   29.5296   27.8927   86.977   64.5368   54.0833   64.0312   69.2965   71.0634   72.3464   79.6492   23.0217   73.4098   59.9083   10.6301   11.7047   87.6641   57.0351   34.1321   56.3649   82.5651   80.399   39.6611   12.8062   15.6205   68.6804   4   0   46.4429   97.1298   41.4642   71.3915   88.3576   44.8617   40.8685   55.6197   70.469   
47.4342   73.7564   96.933   55.6597   105.679   93.6483   21.9545   90.2552   32.249   48.5489   17.088   85.0882   32.0624   88.8144   24.3311   35.6931   65.192   68.4763   50.2892   18.2483   91.3893   49.3964   86.3771   52.0096   57.2451   47.4236   74.686   79.925   72.4707   36.1248   57.9396   82.0792   62.9365   64.6607   50.3289   65.2534   43.909   20.0998   24.7386   105.119   29.1548   46.3249   56.1427   96.6023   92.3093   62.8013   25   24.7588   55.9464   29.4109   28.4429   0   110.378   63.0998   79.4342   96.1195   70.7559   48.0217   29.1655   85.604   
46.7547   33.5261   14.1421   39.6232   13.4164   58.4637   70.3278   32.28   108.904   43.8292   106.019   7.2111   79.2465   58.5491   79.1202   59.5483   45.8912   81.4923   65.0308   100.125   10.7703   62   16.0312   81.2219   61.5224   49.2443   80.0625   12.6491   24   112.486   71.8679   15.5242   68.0074   83.8153   62.0081   65.2534   79.925   86.0233   88.7694   14.7648   107.49   46.0652   48.3735   6.32456   11.1803   42.19   70.0071   68.942   74.8465   73.2462   77.1298   92.2822   0   96.0775   50.8917   47.5519   101.345   88.3831   115.214   48.9093   
58.0086   50.4876   92.9139   63.6318   94.0479   112.361   43.4166   97.1442   81.2219   48.7647   65.123   76.3217   17.4642   108.724   25.7099   55.9732   37.4833   102.801   17.0294   67.1863   86.977   20.2237   85.1469   3.16228   21.587   36.7696   107.168   70.3491   58.0775   85.1469   89.6437   80.05   92.0217   100.688   20.0998   92.6337   81.4923   29   25.318   89.56   78.1601   47.5079   73.4098   88.1419   87.9659   40.0125   33.6155   36.3593   89.4036   23.7065   22.1359   49.0408   82.0549   0   84.7673   103.852   21   61.6777   77.2065   85.9631   
15   42.72   36.6197   7.28011   48.9183   42.0119   41.1947   29   73.1095   21.9545   72.9178   30.4138   60.4401   38.8973   56.7186   26.2488   47.1699   48   55.8032   65.8635   31.8904   52.2015   25.807   71.3442   56.5862   34.4093   48.5077   28.1603   31.257   76.4853   36.4966   22.6274   34   49.2544   52.8015   32.1403   43.0465   62.2013   66.6108   51.6236   72.0069   23.2594   11.7047   38.9487   32.6497   41.3401   45.2769   43.1045   39.0512   52.6308   56.5155   61.8466   36.8917   70.7107   0   32.1172   89.5554   57.5146   82.8421   30.0828   
32.0624   51.8652   26.4197   24.3311   41.7852   28.8444   58.0345   12.1655   85.7555   38.2753   87.9204   29.1548   77.3692   27.313   73.8241   42.4264   59.397   49.0408   71.1969   80.2309   24.0416   67.6018   17.4642   87.2067   71.0282   50.0899   47.0744   30.3645   39.1152   88.7525   41.0488   18.0278   36.2353   51.8941   68.0955   33.1059   52.4023   79.3095   83.7257   47.0744   85.0882   39.8497   22.8473   32.28   24.3516   53.7587   62.3939   60.208   44.4072   69.6348   73.5459   78.0897   33.1361   86.8159   17.1172   0   105.236   74.5655   99.0197   41.8885   
62.8013   53.0848   96.5091   68.2642   97.0052   117.047   48.3735   101.39   85.4751   53.3385   69.0072   79.7621   22.1359   113.464   30.3645   60.959   40.05   107.801   20.6155   71.4493   90.6091   24.0416   89.0225   4.12311   24.0208   41.1461   112.161   73.8241   61.4003   89.3588   94.6414   83.9345   97   105.683   23.7697   97.591   86.4523   33.1361   29.0172   92.1954   82.3893   52.1536   78.2432   91.444   91.5915   43.1045   38.5876   41.3401   94.4034   28.6531   26.9258   53.2353   85.2877   5   75.2928   91.236   0   66.631   81.861   87.3485   
26.0768   51.8652   74.6324   34.2345   82.7647   77.7946   2   70.0286   47.4342   25.5539   38.2884   62.1772   25.4951   73.3894   18.6011   17.088   44.9444   61.6198   35.2278   34.8855   68.9493   33.0151   64.2884   43.8292   41   25.5539   66.4831   56.9386   49.5782   51.5461   48.7955   59.7746   52.0096   59.203   34.0147   53.2541   39.8246   22.1359   27.313   82.0975   44.9444   23.3238   38.0789   73.8241   69.8928   41.5933   8.06226   5.38516   48.1664   18.0278   20.5183   23.0217   69.3542   41.6773   41.0488   58   46.6476   0   52.1873   57.7551   
54.2033   84.4038   103.769   62.1772   113.719   95.0053   31.1448   94.921   20.8806   57.3847   5.65685   93.2309   44.1814   90   36.4966   41.5933   76.5376   65.4599   62.3618   7.81025   98.4886   61.3514   93.0215   64.0078   69.2604   58.0086   72.1249   88.4081   82.0244   24.5153   56.7186   89.0674   62.3939   61.0983   62.2977   65.192   41.2311   32   36.2215   113.851   17.72   55.2268   60.1664   104.307   99.363   73.7835   36.2353   35.5106   54.1295   41.4849   40.6079   12.1655   100.439   61   67.624   82.8613   65.0692   32.6497   0   90.4048   
17.088   37.3363   32.6497   8.94427   43.8406   45.2548   43.1741   28.6356   77.8332   20.6155   76.5376   24.6982   60.0167   42.638   57.0789   29.5296   42.8019   54.0093   53.3385   69.8928   27.4591   49.7393   21.9317   69.3181   53.4135   32.2025   54.3323   22.1359   25.4951   81.3204   42.5793   18.0278   40.0125   55.3263   50.2494   38.0526   48.7647   63.0079   67.0671   46.0435   76.5768   22.3607   17.72   33.9706   28.3019   37.0135   46.0109   44.1022   45.1221   52.469   56.4358   64.5136   31.4006   68.942   6.08276   17.8885   73.3485   42.7551   71.1196   0   
