15
50
999999 9 16 14 15 11 17 17 12 11 7 11 16 16 14 10 16 14 11 12 12 8 7 13 7 13 6 13 6 12 5 13 14 12 9 12 13 16 12 9 12 9 17 11 15 12 9 11 14 8 
0 7 12 13 5 9 4 5 7 10 3 10 5 10 8 6 9 12 3 5 7 4 1 11 5 5 1 3 2 8 1 12 2 11 2 2 5 2 5 2 7 6 10 6 6 1 4 2 2 3 
20
0   0   0   0   0   0   0   0   0   0   0   0   0   0   0   0   0   0   0   0   
1   3   0   -2   -2   1   -3   -1   3   5   -1   2   -8   2   6   -1   2   -1   -6   1   
-9   15   -6   12   -3   6   -11   4   -9   10   -11   3   -13   11   -15   9   -12   7   -8   9   
-1   3   -4   6   2   -8   0   0   6   3   -2   -1   -5   2   2   -2   0   -8   -4   4   
-2   5   -7   5   0   7   -14   3   -4   9   -7   4   -12   3   -12   7   -3   0   0   2   
4   4   -6   2   0   5   0   -1   0   -1   3   -3   -4   -5   1   2   -1   -1   0   0   
-3   2   1   -6   4   -4   3   -2   -2   -8   0   -6   -4   8   3   1   7   -2   -7   -3   
4   -4   10   -6   3   -7   11   -2   -5   -7   6   -9   2   -5   -6   -6   2   -14   2   0   
-11   8   0   5   -10   7   -8   1   -11   7   -12   10   -8   10   -9   7   -12   10   -6   6   
0   -2   6   0   3   -1   -2   -4   1   1   2   -5   0   -3   3   -3   -1   -1   6   -1   
5   0   0   -2   1   -2   5   1   1   -2   -1   -2   3   0   0   0   0   1   2   0   
-5   10   -7   10   -2   2   -9   9   -6   9   -9   4   -6   10   -4   1   -7   2   -7   7   
6   -6   1   -15   4   -7   12   -8   9   -14   15   -4   1   -6   9   -7   6   0   12   -11   
0   10   -13   12   -10   14   -8   0   -13   9   -15   10   -2   4   -12   15   -14   10   -8   9   
-8   10   -8   11   -11   5   -11   9   -7   1   -8   10   -13   9   0   6   -11   12   -6   7   
2   0   3   -4   6   -2   1   -4   6   -3   5   0   7   -7   4   4   5   -7   -1   -2   
-1   -2   0   6   7   1   -5   -3   -1   1   1   4   2   3   -2   -1   1   -4   0   0   
-2   -10   9   -9   2   -13   12   -1   5   -5   3   -10   4   -4   9   -11   10   -8   10   -14   
-2   -1   2   2   0   0   5   -2   -1   -4   2   2   3   1   0   1   0   -4   0   -1   
12   -7   10   -6   8   -10   11   -2   2   -7   5   -8   4   -5   8   -5   11   -12   7   -1   
-9   -1   -1   8   -4   10   -8   4   -5   3   -3   12   -8   10   -11   10   -9   12   -11   12   
1   0   3   -2   1   -1   -2   -2   -1   -4   0   -4   1   -4   0   -2   3   0   3   -2   
1   2   0   2   -3   0   -1   -2   0   -4   1   1   4   1   -1   0   3   0   4   0   
-1   -1   6   0   5   -4   6   5   0   4   4   -7   0   -3   6   -5   1   0   4   0   
-2   5   -5   6   -1   3   -3   0   -4   4   -4   2   -2   0   0   3   -3   5   0   -1   
7   -5   4   -5   2   0   4   0   2   -4   1   -8   1   4   8   -7   6   -6   6   0   
2   -1   1   -2   1   -1   3   -1   1   -1   0   -4   2   2   3   -2   4   0   5   -1   
-5   -1   -6   3   0   -4   0   1   -6   5   5   4   0   -2   -4   3   -8   0   -8   0   
0   2   -1   0   -1   1   -2   3   -3   -3   -1   0   0   0   -1   4   -1   0   0   1   
-4   0   0   4   -5   2   1   4   -3   11   -5   11   -7   3   -2   0   -1   6   0   5   
3   -1   1   -1   2   -2   1   -3   1   0   1   -2   1   -2   1   -2   2   -2   2   -2   
-4   0   -2   -3   -5   0   6   5   8   2   2   0   -1   4   3   3   0   2   -3   -4   
-8   13   -1   10   -11   9   -13   3   -8   5   -8   6   2   10   -6   10   -1   0   -5   5   
4   -9   0   -8   -5   -5   0   -2   10   -1   0   -7   0   -5   3   -3   10   -7   3   -1   
4   0   1   -1   8   -1   3   0   5   -3   3   2   3   1   8   -3   7   -7   7   -1   
-2   9   -2   6   -8   2   -11   1   -4   12   -4   12   -9   0   0   9   -4   9   -1   3   
-7   7   -12   3   -8   4   -5   3   -3   7   0   3   -8   0   -9   10   5   2   -1   0   
-7   -3   1   13   -2   1   -8   -3   2   2   -4   2   -3   0   -1   2   -4   -2   -3   -2   
8   -5   7   0   2   -10   2   -6   7   -10   7   -6   9   -7   9   -3   5   -4   8   -2   
-9   5   0   4   0   3   -6   0   -6   5   -6   3   -3   7   -4   7   -1   3   -3   3   
4   5   -4   4   4   -8   0   2   2   2   -5   3   4   -3   2   0   0   0   1   0   
-4   6   -4   0   0   3   0   4   -6   0   -5   4   -6   2   -3   1   -7   0   -2   0   
-1   -1   -4   5   -3   0   2   5   -4   12   -3   10   -10   1   -7   6   -10   2   -4   11   
-11   6   -8   5   -1   6   -1   9   -8   4   -4   2   -1   6   -5   9   -9   6   -5   6   
6   -12   6   0   9   -11   9   -5   9   -5   7   -5   11   -9   5   -14   7   -13   1   -6   
-9   9   -3   7   -3   5   -9   6   -4   6   -10   11   -11   9   -10   3   -5   2   -7   6   
-7   4   -2   4   -8   0   -5   3   -5   5   -5   -1   -2   5   -5   4   -4   1   -7   3   
-9   2   -4   0   -9   3   -4   6   -4   -1   2   7   -4   2   -2   1   -7   3   -3   0   
3   -5   9   -13   11   -6   13   -11   6   -11   5   -9   0   -9   5   -12   14   -7   7   -11   
-6   4   0   6   -2   5   -8   1   -4   3   -1   4   -5   7   0   3   -3   4   -1   3   
0   59.9801   21.0828   75.5792   46.2488   63.2652   38.6495   41.0238   79.1487   83.2379   50.1361   23.3852   53.7648   47.9443   69.4023   68.8731   72.4358   61.6508   65.0784   53.8469   69.0832   55.8852   35   79.349   41.0227   48.4868   62.0521   67.1699   77.4319   70.2445   45.0198   58.2053   46.4008   49.8024   69.8243   61.7214   67.0408   64.4157   37.8087   57.2046   34.3178   78.0328   55.8915   74.4683   65.6488   61.3275   51.4966   39   70.8692   50.0606   
42.0476   0   61.9906   77.6346   44.095   69.8652   72.1182   62.1152   99.9842   78.7611   35.587   60.8803   78.9017   78.0959   92.8543   89.7262   104.573   77.6875   33.2195   57.3883   67.788   36.6015   59.1182   56   83.0703   76.6817   72.4449   103.539   107.167   71.669   80.8473   91.9605   52.6897   37.1655   98.6722   68.8394   109.088   106.463   76.41   99.2522   53.3883   119.728   93.6114   109.853   101.024   38   86.9146   74.3847   108.589   87.7805   
6.08276   38.8973   0   78.4952   36.6407   55.4437   32.6433   29.1381   73.5034   85.0681   48.2415   27.2111   59.8476   54.027   66.8846   64.1041   70.626   64.5668   65.1956   58.7359   68.0104   48.3005   23.0554   70.2928   44.0416   54.5696   59.6568   72.8394   79.7096   61.6155   47.0599   60.1618   35.6854   44.6531   72.8466   56.0512   68.3259   70.0745   40.9737   62.8634   23.6023   81.437   57.0135   73.6058   63.0306   61.0135   57.5793   45.0828   75.6236   56.1433   
57.0088   63.0714   61.2944   0   82.7579   115.073   92.1973   90.1902   133.412   33   57.0476   77.2119   39.5539   51.2521   123.983   123.22   127.437   37.9284   84.0984   47.8329   28.4164   89.7029   84.3498   113.167   88.8689   49.8378   118.2   77.208   131.779   114.713   99.3668   92.9855   87.0548   83.6201   124.171   114.843   103.002   86.5891   92.1557   86.707   84.8967   99.5862   104.478   86.0502   118.681   73.0899   58.9762   56.3113   122.47   107.069   
26.2488   21.095   21.2603   67.4463   0   49.8281   49.1434   38.5804   78.1691   86.7806   45.0179   44.4253   74.1536   71.5711   72.9741   73.3386   86.3443   78.241   46   59.5766   68.3415   28.6619   36.363   53.2053   61.3434   73.7853   54.261   91.2393   85.1518   53.2415   57.4975   73.8014   26.2111   25   79.2827   50.6554   89.5862   89.4522   53.0601   82.3643   30.0384   102.697   74.5711   94.866   84.2909   46.807   77.634   65.1041   81.2681   73.1413   
47.2652   51.8652   41.4367   100.319   34.8281   0   51.6705   46.2843   52   118.077   76.846   62.3167   97.153   94.5047   52.1954   46.3645   66.254   106.003   78.1559   85.9268   101.792   57.2753   48.3883   64   66.1473   95.752   23   105.259   57.7732   36.7703   47.121   77.6099   42.0179   59.8281   52.0755   22.2426   90.0066   101.695   56   96.6108   58.7351   112.719   75.6063   109.493   70.2015   81.6351   98.7618   86.2652   72.8032   72   
19.8494   51.0882   16.6433   76.8375   30.4138   32.9848   0   29.4164   56.4405   101.22   64.8849   40.2643   70.7122   65.0038   51.9758   46.1448   55.2753   81.2101   76.4138   73.6963   82.7809   56.7565   32   76.1003   34.3576   65.5461   47.1403   76.2939   62.1937   60.1927   29.544   50.241   40.632   55.4138   57.5576   45.4279   65.8754   72.1646   29   64.9535   36.105   83.5723   46.3516   76.648   51.0147   74.9711   68.5894   56.0595   56.0135   42.8537   
21.0238   39.1152   15.1327   75.1798   18.0278   26.3059   13.4164   0   64.4171   94.3221   58.6727   35.0112   69.8179   68.9681   56.4969   54.1214   62.5077   79.6995   64.0278   65.0145   77.1631   44.4938   21.0828   63.8376   47.774   69.1453   44.6472   87.5515   72.615   54.5941   42.9604   61.8634   28.3693   43.0278   63.3954   41.0416   79.2919   77.2944   42.4164   77.9962   34.6301   96.5697   59.768   88.7385   64.4311   59.1545   72.5204   60.0238   69.4299   56.2701   
61.0737   82.28   57.28   118.068   62.1691   34   41.2311   46.0435   0   138.937   103.785   71.7595   109.597   105.824   33.6924   34.3603   37.0319   121.333   106.141   110.584   120.553   85.2604   67.1262   93.2425   68.1584   106.403   50.7504   102.336   25.6301   61.9096   49.1321   70.3205   74.4128   87.1691   31.198   47.1448   78.3817   92.6604   65.3401   85.4493   72.4004   101.735   63.1123   104.398   53.0156   105.198   109.821   97.2905   58.7851   64.3982   
62.2415   63.1981   66.0681   8   70.0071   103.769   82.0731   79.3221   123.24   0   60.1741   81.2346   47.5539   57.4391   128.606   127.36   131.459   38.587   86.123   51.8556   32.4391   91.2691   89.1235   107.136   94.9813   56.4849   123.969   85.208   137.78   121.718   107.261   99.0979   94.0592   85.1863   128.56   120.364   109.114   94.5891   100.05   93.4397   89.6705   107.586   110.59   94.0502   124.724   71.2494   66.9762   62.4236   128.167   107.359   
33.1361   21.587   33.2415   42.0476   28.0179   62.8013   49.3964   41.6173   87.6584   43.1741   0   56.5212   53.9072   61.6699   97.4125   95.5412   103.868   54.6005   50.9258   27   52.2655   53.1244   56.2969   70.2494   73.0364   64.1393   82.2788   89.5046   109.471   80.8276   78.1558   89.2722   54.229   47.0416   100.623   78.6733   100.177   91.5684   70.9447   84.3573   56.8439   109.969   85.7209   92.7061   96.2721   34.434   70.0882   62.6611   100.998   80.1891   
5.38516   45.8803   7.2111   61.7171   28.4253   45   15.2643   19.4165   56.4004   67.1789   38.3275   0   59.15   51.1386   62.3814   61.4092   69.1077   67.036   70.4635   56.2311   70.7955   55.5116   30.2665   76.6712   37.2627   53.872   59.2769   68.5188   75.6432   68.8266   44.8083   56.0832   41.2029   51.8642   66.4236   60.4581   65.1885   65.9807   38.6205   58.7696   30.8134   79.258   55.4006   66.8262   63.2719   57.1045   52.0132   44.3852   61.5725   55   
34.5398   55.9017   39.8497   25.5539   52.1536   81.0247   53.7122   54.8179   94.578   32.6956   35.2278   38.4708   0   24.0554   100.852   99.857   104.003   38.0416   77.1471   42.9072   35.0312   79.6657   62.9051   98.8613   71.7547   36.198   96.5919   64.833   107.315   100.385   77.4652   65.4296   75.0357   77.1536   102.27   95.8595   74.8769   71.0416   70.2541   64.7214   63.452   84.0714   82.6259   67.3897   91.8375   59.6542   46.4165   41.7648   98.0101   77.2014   
33.2415   61.2944   39.1152   33.2415   54.5711   80.5047   50.9215   54.231   90.824   40.8044   41.7253   36.1386   9.05539   0   95.5054   95.5295   96.1246   42.3391   86.2025   51.9626   44.0866   81.6504   62.1706   105.357   56.5019   22.4142   95.2936   48.8568   102.761   100.109   71.7982   60.6185   74.1638   75.9154   95.1234   93.4065   70.6347   58.1152   64.6628   54.9604   62.415   73.4517   72.1107   56.5143   86.3141   68.7096   29.4403   23.9443   94.74   73.9313   
52.4023   78.8543   49.4065   108.977   57.9741   36.0555   32.8024   40.4969   12   114.56   81.4125   47.3814   84.8116   80.455   0   19.831   28.2066   111.828   101.491   102.092   111.178   80.6108   61.5797   95.9295   60.756   96.9874   48.3847   92.2955   27.0623   62.8188   48.6679   65.4072   68.8662   82.9741   23.8284   56.28   72.469   82.123   46.8277   77.5399   68.9074   94.859   51.1603   88.2462   45.6155   99.6514   99.3946   88.8619   49.7065   59.541   
50.9902   74.7262   47.4236   107.935   54.0833   30.3645   31.1448   37.1214   10.2956   113.217   78.5493   46.2277   84.3149   80.5295   5.83095   0   34.0375   111.064   98.6418   99.3537   110.415   79.1691   58.2042   87.632   54.8044   95.0759   39.632   93.5175   28.3818   59.1096   44.0018   62.0139   65.4907   77.6418   19.1623   50.6833   70.2939   83.0074   46.0644   77.0907   61.1699   91.7324   55.0644   91.0139   47.5539   96.2759   97.6293   85.5891   46.8444   51.0139   
56.4358   87.5728   54.626   111.288   66.4831   47.927   38.2753   48.5077   21.4709   117.444   87.6641   51.1077   86.2786   80.8084   12.2066   18.0278   0   116.845   111.425   107.339   119.02   92.8174   69.5905   103.051   58.8227   96.9197   57.6598   87.8079   34.4018   75.0254   48.7321   58.977   76.877   90.4255   36.035   65.0114   64.0999   73.6657   58.7771   74.0988   72.0088   84.0357   42.6982   88.5287   36.1655   107.662   95.1441   91.1667   35.0357   48.5287   
45.6508   60.1664   50.5668   13.9284   60.208   91.0934   65.192   65.192   106.254   21.587   38.6005   49.93   12.0416   19.3132   96.6747   96.0208   98.3107   0   83   49.2312   31.8995   81.2159   73.6222   104.68   75.8151   34.9249   107.703   68.17   119.356   109.376   89.5068   77.4712   83.4455   75.1332   112.005   105.377   86.9185   77.4284   82.2957   74.2736   71.3624   92.7649   91.4239   75.8275   103.879   67.7598   48.7535   43.2575   104   89.243   
51.0784   9.21954   48.0833   66.0984   30   58.5918   60.208   48.0104   90.1388   65.123   26.9258   55.0273   62.1289   68.2495   87.2983   82.9759   96.3328   65   0   53.9258   73.5441   38.8806   66.363   43.4605   91.3434   85.9013   81.5918   107.723   111.358   76.2015   87.0294   101.18   56.2111   44   102.138   78.0083   115.09   110.766   82.4981   103.554   60.0384   128.947   102.831   113.813   110.243   34.4929   96.1342   83.6042   111.268   97   
35.8469   32.3883   37.7359   31.0644   37.5766   71.8679   54.3783   48.7955   94.3663   32.573   11   41.2311   26.9072   34.6699   87.0919   84.8116   92.1303   28.2312   36.7696   0   41.4165   55.4475   59.5083   80.2046   74.5155   57.0841   90.7604   78.9398   109.131   87.7743   79.5671   86.4593   63.7877   54.7131   102.428   87.1985   96.0569   85.1404   72.356   80.8012   53.1838   100.775   87.7427   84.2282   99.44   38.6469   62.315   49.7851   102.72   81.9117   
43.9318   51.788   48.0104   13.4164   54.3415   86.9253   63.7809   61.7738   104.995   18.4391   30.2655   48.7955   16.0312   25   96.1665   94.921   99.0202   9.89949   55.9732   19.4165   0   74.0339   71.0658   94.5047   81.4197   40.0192   105.919   73.8568   121.364   101.361   88.9515   81.4608   74.7746   73.2606   113.756   102.428   90.9081   83.1152   81.7404   79.6712   71.6127   98.4517   91.3217   81.5143   107.869   54.0512   54.4403   48.9443   110.368   93.2326   
37.4833   13.6015   32.8024   71.4493   11.6619   38.2753   41.4849   28.4429   69.2604   72.7805   29.6142   40   59.6657   63.3246   66.6108   62.1691   76.0263   66.1891   20.8806   40.4475   59.0339   0   48.0249   45.7065   73.0053   84.7769   61.2753   101.024   90.5509   56.3017   68.6621   85.4633   37.873   26.0828   81.3314   60.518   101.128   98.7879   62.1736   91.5768   41.7003   114.239   86.233   106.408   88.6726   49.7065   85.2353   76.4833   92.93   84.3387   
15   38.1182   9.05539   69.4622   17.72   32.3883   13   6.08276   50.448   73.8173   37.5899   13.9284   48.7647   48.1664   43.8292   41.0488   50.6952   59.2368   47.2652   43.9318   56.0803   29.1548   0   69.9204   43.2029   63.4868   49.6888   81.8948   65.8845   59.3456   35.2132   58.6634   34.4521   40.4764   60.211   46.0832   73.2749   73.0308   32.2627   65.8197   31.3246   90.4924   59.3516   76.434   64.0106   58.2938   65.9415   54   69.0135   55.8537   
60.4401   29   55.2268   92.0489   34.2053   43   60.208   46.8722   77   92.1358   50.2494   62.2415   82.8613   86.9253   77.9295   72.5603   89.0505   88.459   28.4605   61.2046   80.5047   23.7065   49.679   0   90.8375   102.238   66   123.415   100.773   52.2415   84.8922   108.007   56.4683   45.5466   91.7226   64.0977   121.603   120.104   81.9416   115.283   64.2437   135.283   103.119   126.113   106.477   62.9534   108.942   99.3093   114.984   103.062   
22.0227   62.9365   24.0416   72.0069   44.2945   50.9215   18.3576   30.4138   50.9215   78.492   55.0364   17.2627   46.7547   41.2311   39.8121   40.8044   39.6232   58.7963   72.1249   56.5155   60.208   55.9464   27.2029   76.8375   0   55.4005   65.4979   57.1152   66.8743   76.5918   40.0263   28.6015   55.4005   67.6793   59.9667   62.1275   50.8444   51.9093   32.9284   44.6982   47.305   63.0454   36.2327   52.6005   46.2324   74.3672   57.4838   57.5576   47.7648   30.4018   
34.1321   62.6817   40.05   33.8378   55.7853   81.3941   51.5461   55.1453   91.2414   41.4849   43.1393   36.8782   10.198   1.41421   80.7775   80.9506   80.9197   19.9249   69.6563   36.0555   26.0192   64.622   49.0918   88.2383   41.4005   0   96.0366   45.6356   104.175   101.523   73.2124   57.8292   75.578   77.3296   96.5376   94.8207   70.2393   53.2099   66.077   56.3746   63.6523   73.0094   71.7426   57.2215   85.7107   67.4023   30.8545   25.3585   86.7203   65.9117   
48.0521   56.0803   42.45   102.416   38.1838   5   32.1403   27.5136   29   106.174   65.9469   45.2769   82.28   81.2158   31.3847   25.632   43.382   92.6984   63.0714   74.6324   89   42.5441   33.5261   48   49.4773   82.0366   0   103.284   51.8782   38.3704   52.121   78.0787   47.0179   63.1838   44.7924   23.6056   91.5588   97.3878   51.6931   94.1754   62.1438   109.256   71.7074   102.078   73.1859   82.7809   97.2901   87.0521   72.4764   68.5371   
47.1699   85.6329   52.8394   60.208   73.2393   89.2693   56.2939   65.5515   88.1192   68.1836   68.7968   46.5188   38.833   29.8329   76.2955   78.5175   72.111   47   93.723   63.561   54.4518   84.0238   60.4152   107.415   39.1152   28.6356   88.2836   0   97.7435   113.413   76.8229   51.0156   87.4834   96.5899   91.9295   101.243   51.1715   34.1421   69.6118   40.088   75.4003   45.5089   68.2701   28.2462   85.1119   96.0379   45.4165   51.1548   81.5063   67.7551   
60.3075   86.5852   57.4282   116.692   65.8027   41.7732   40.8044   48.4665   10.6301   122.381   89.4707   55.2268   92.3147   87.6584   8.06226   12.0416   11.4018   104.235   94.921   95.1315   103.966   74.1485   51.8845   84.3801   46.6476   87.9204   36.8782   81.7435   0   66.3927   48.6497   70.2173   74.9406   89.6834   28.2195   57.775   75.5016   85.0675   54.8899   85.2942   73.2115   95.4374   54.0999   92.0897   46.0217   107.621   104.131   96.8639   46.4374   59.2173   
51.2445   46.669   45.1774   100.578   33.2415   10.7703   40.2492   30.5941   44.1814   103.247   60.8276   50.01   83.3847   84.006   46.8188   41.1096   58.6941   92.5743   52.2015   70.7743   87.3613   33.3017   36.3456   33.2415   58.5918   85.0235   15.5242   95.8175   52.3927   0   57.8913   87.1933   45.6586   58.2415   60.2719   33.013   100.777   106.338   64.7772   102.165   61.0132   118.083   77.1415   111.192   80.9719   80.0485   102.023   90.2445   83.5736   80.0081   
27.6586   59   25.0599   84.2912   38.0526   33.121   8.544   20.2237   34.1321   89.8053   57.9396   22.6274   60.4649   56.7979   24.7588   23.8537   29.7321   72.2011   68.0294   62.7694   71.4213   48.6621   21.2132   65.7419   19.0263   57.2713   31.0161   58.1378   32.6497   42.0119   0   47.5466   48.5931   61.6896   43.016   45.0689   60.6011   69.3852   25.2111   62.1741   44.649   75.4152   34.6011   71.6268   43.0768   75.4152   74.6406   62.8539   47.2746   38   
34.2053   75.9605   37.1618   76.9415   57.8014   62.6099   31.241   43.8634   56.3205   84.0952   66.2722   30.0832   51.4296   44.1022   44.4072   47.0106   40.3113   63.1348   85.0941   66.1891   66.4831   69.4622   40.8044   90.4268   13.6015   43.8292   60.5392   32.0156   49.7293   71.0211   29.5466   0   69.002   79.7419   63.1736   74.6155   41.2643   35.095   46.5299   33.1327   60.7641   51.0644   35.2788   54   53.2063   87.1877   65.1838   57.6742   49.6007   36   
26.4008   27.6586   20.5913   73.0548   7.2111   28.0179   25.632   12.3693   55.0364   76.0592   34.8281   27.2029   56.0357   57.4282   51.1957   47.1275   60.1332   64.9384   36.2215   43.909   59.7746   16.1245   14.2127   35.4683   41.4005   58.5491   31.1448   73.4302   58.9406   27.6586   32.5576   55   0   32.2111   66.2898   44.5862   86.1164   85.4968   46.4753   78.4089   26.083   102.028   67.1587   90.6466   75.6345   52.0151   77.8973   65.4008   79.8142   68.4857   
32.8024   12.1655   28.6531   65.6201   9   41.1096   39.3192   27.0185   70.3847   67.1863   24.0416   35.8469   53.6004   57.3847   66.7083   62.6418   75.4255   60.1332   21   34.7131   53.0848   6.08276   26.4764   29.5466   52.3927   58.6941   45   78.7464   74.4648   37.4433   47.0425   65.7419   15.5242   0   81.8041   59.6554   96.979   97.2181   58.7391   90.007   39.0384   110.09   77.3482   97.7345   90.1193   39.2094   84.299   71.8024   90.2681   82.1413   
52.3259   77.3692   49.0408   109.124   56.6127   33.5261   32.5576   39.3954   10.198   114.56   80.6226   47.4236   85.2115   81.1234   2.82843   3.16228   15   97.0052   85.703   86.6083   96.2081   64.9384   43.0465   75.6637   40.8534   81.4923   28.7924   77.9295   9.21954   44.2719   24.8395   46.1736   49.7293   65.2534   0   48.8329   73.4561   81.2686   49.2267   79.3063   64.3322   91.4197   51.0167   91.0746   45.2594   98.5499   98.3372   87.6934   42.4197   54.1762   
44.7214   52.8394   39.0512   98.8433   34.6554   4.24264   29.4279   24.0416   31.1448   102.577   62.3699   42.107   78.848   77.9295   32.28   26.6833   44.0114   89.1964   60.0083   71.0282   85.4283   39.3573   30.0832   46.0977   47.1275   78.7718   3.60555   85.703   38.3275   14.7648   29.0689   58.6003   27.5862   41.6173   29.8329   0   85.8991   93.6954   51.2415   88.9542   52.0147   103.596   63.67   99.728   64.0104   75.3075   94.1202   83.7214   65.614   62.8774   
49.0408   91   52.3259   85.703   73.0616   76.0066   45.9674   58.8982   64.3817   93.3006   80.2309   45.1885   60.8769   52.4976   52.469   56.2939   45.0999   71.7844   100.09   79.0569   76.6877   84.7231   56.0357   105.603   28.8444   51.8652   73.4302   31.1448   56   85   43.0116   15.2643   70.214   80.9506   54.7449   71.8679   0   34.0294   57.0122   30.5529   75.9282   44.4391   50.5432   49.6982   48.0151   102.293   66.2832   72.6905   52.257   46.0217   
46.0977   87.367   50.9117   71.5891   72.1388   82.6378   50.0899   61.2944   77.1038   79.4292   73.1642   43.8634   48.0416   39.1152   65.123   68.0074   59.6657   57.8705   96.0417   69.857   64.0703   83.5464   57.0088   106.104   31.7805   38.2099   80.9568   14.1421   69.8713   90.3383   50   21.095   70.9366   78.8733   67.0298   78.7718   17.0294   0   59.6946   34.2111   74.514   39.8114   54.0135   33.2462   65.0445   97.7702   45.6142   49.3553   65.4866   57.095   
20.8087   55.3263   18.9737   77.1557   34.9285   37   5   18.3576   41.3401   82.7587   52.2015   15.6205   53.2541   49.6588   31.8277   31.0644   35.7771   65   64.4981   56.356   64.3506   46.1736   17.2627   65.192   13.9284   50.1597   35.6931   52.6118   39.6232   44.7772   7.2111   26.4008   30.4631   43.7379   32.0156   33.2415   41.0122   45.6946   0   58.6266   41.105   76.9738   41.8122   66.5289   44.2655   72.725   67.2443   59.8087   54.4857   38.868   
39.2046   80.7775   43.8634   69.2604   65.1153   75.6108   42.9535   54.0833   71.4493   76.922   67.3573   36.7696   44.7214   36.1386   59.5399   62.0725   55.0273   55.3624   89.5545   64.7765   60.6712   76.5768   49.8197   99.0051   24.6982   35.4401   74.0405   17.088   64.7611   83.1925   43.1741   15.1327   63.7809   72.0069   61.2944   71.7844   16.5529   7.2111   38.6264   0   67.4657   47.0225   46.4006   32.1421   61.8758   92.8465   48.7308   48.0161   60.4853   42.0768   
14.3178   32.3883   8.60233   64.846   13.0384   35.7351   19.105   10.6301   56.4004   68.7968   31.3847   15.5563   45.5412   46.0435   50.0899   47.1699   57.0088   55.3624   41.5933   38.1838   51.4296   24.6982   6.32456   46.6905   31.305   47.0956   37.5766   61.4003   58.1378   38.0132   27.4591   44.7772   12.083   21.1896   49.2443   34.0147   60.0333   59.4138   23.0217   52.3259   0   90.0393   60.4264   79.2028   67.2872   53.9848   65.8144   53.3178   73.0089   61.7067   
61.0328   102.728   65.437   85.5862   86.6833   93.5361   62.2013   74.411   82.7345   93.5361   88.955   58.258   63.0714   54.037   70.859   74.7329   63.0079   72.1734   111.508   85.6154   79.0253   98.2344   70.7107   120.283   44.0454   53.0094   91.236   25.4951   74.108   102.083   60.4152   31.0644   84.8646   93.8136   73.1642   89.4707   18.4391   15.8114   57.4282   21.9545   73.7564   0   66.3433   41.2627   66.4542   113.582   61.4256   65.1667   69   64.0313   
36.6742   74.8131   37.0135   88.0057   54.5711   50.6063   24.3516   37.6962   40.1123   94.578   69.7209   31.4006   62.6259   56.5685   28.1603   31.0644   24.6982   74.6525   84.0119   72.1249   76.3217   65.8027   36.8782   84.119   16.1245   56.5862   47.7074   48.2701   33.5261   60.1415   18.6011   16.2788   49.98   63.3482   30.0167   46.4004   26   37.0135   19.6469   31.4006   42.4264   44.2719   0   63.0999   36.2127   88.5052   68.4309   71.469   40.6525   28.831   
50.3289   90.4268   55.6058   68.3593   76.5768   89.493   56.648   67.1193   85.2115   76.3217   74.7061   48.8262   46.3897   37.3363   73.2462   76.0066   67.9117   55.0364   98.813   70.2282   62.2013   87.7268   62.434   110.752   38.6005   36.2215   88.0568   8.24621   78.0897   96.7729   57.2713   29   76.0263   82.7345   75.1066   85.7263   24.6982   8.24621   52.4976   14.1421   64.2028   17.2627   45.0999   0   72.7133   99.006   49.074   57.6016   73.7328   56.2189   
49.6488   85.0235   49.0306   102.201   64.1249   52.2015   34.0147   46.2709   32.0156   108.724   82.2253   44.2719   76.8375   70.7248   20.6155   25.5539   12.1655   88.8651   94.0851   85.44   90.4268   74.6726   47.0106   90.4765   30.2324   70.7107   48.2701   60.1664   23.0217   62.6817   26.0768   28.6531   58.5491   73.1095   23.2594   48.0104   33.0151   47.5395   30.2655   43.0813   53.0848   51.0882   14.2127   55.7853   0   101.376   82.2193   81.3699   28.6056   43.0436   
38.3275   13   37.0135   50.0899   25.807   60.1082   51.9711   42.1545   87.7097   50.2494   9.43398   43.1045   44.6542   50.9902   82.6378   79.2023   89.9889   47.7598   17.4929   19.6469   39.0512   23.7065   39.2938   42   60.2993   52.4023   63.7809   77.4209   90.6201   56.6127   60.4152   72.3671   33.0151   19.2094   81.5414   60.3075   86.8332   80.9568   55.4437   74.8465   32.9848   96.6644   74.027   83.006   85.7088   0   79.5221   69.4319   102.459   87.0634   
36.4966   69.6563   42.5793   41.9762   60.5392   83.006   51.4782   57.2189   89.3197   49.8197   51.0882   38.0132   19.4165   10.4403   78.2943   79.1202   77.1038   28.2843   77.1038   44.7772   35.1283   70.2353   51.3517   93.9415   38.4838   9.21954   83.0963   19.4165   85   87.6926   56.0446   38.1838   62.3618   64.4981   79.3095   80.025   44.2832   29.6142   49.2443   27.7308   50.448   44.0114   52.4309   27.074   66.2193   60.1415   0   27.53   84.6033   65.6154   
25   57.3847   31.0161   40.3113   48.1041   72.1734   42.0595   46.0109   81.8841   47.4236   39.6611   27.4591   14.7648   8.94427   71.5612   71.5891   72.1803   26.6271   65.0692   34.7851   30.0832   57.7062   40   81.4125   32.5576   9.48683   72.6911   29.1548   78.8162   76.1643   47.8539   36.6742   50.2195   51.9711   72.2011   69.4622   46.6905   35.3553   40.7185   31.0161   38.4708   50.9902   48.1664   35.4683   62.3699   48.4149   12.53   0   78.4114   62.9594   
51.923   88.0909   51.6236   103.47   67.2681   55.8032   37.0135   49.4975   34.7851   110.136   84.7231   46.5725   78.0064   71.5891   23.7065   28.8444   14.0357   90   97.1854   87.5957   91.9239   77.9295   50.01   93.984   31.7648   71.5052   51.8556   59.5063   25.318   66.2873   29.2746   28.6007   61.8142   76.2365   26.4197   51.614   31.257   46.4866   33.0606   42.4853   56.0089   49   15.6525   54.7083   3.60555   88.459   66.6033   63.4114   0   39.8087   
33.0606   72.7805   34.2345   82.662   53.1413   53   23.8537   37.2156   45.3982   89.3588   66.1891   28   57.2014   50.9313   33.541   36.0139   30.5287   69.2026   82   67.9117   71.1969   64.622   35.4683   84.0595   11.4018   50.9117   50.5371   42.7551   39.2173   62.0081   20   11   49.1935   61.6847   35.2278   48.8774   23.0217   32.0624   18.868   26.0768   40.5216   40.7185   5.83095   40   19.799   71.0634   46.6154   42.638   20.8087   0   
