15
60
999999 8 14 10 13 5 7 5 10 15 7 12 13 13 11 12 7 16 6 11 15 10 12 14 16 12 7 7 17 12 16 12 5 13 17 12 5 11 8 14 17 5 17 11 6 9 15 15 9 9 16 12 15 6 10 6 10 5 14 17 
0 5 13 3 8 3 1 3 2 11 2 6 4 12 8 2 5 9 4 4 6 6 2 6 7 4 6 2 2 3 13 11 3 11 14 10 1 5 1 1 14 1 10 3 1 3 1 14 2 2 10 8 6 1 3 5 8 1 10 13 
20
0   0   0   0   0   0   0   0   0   0   0   0   0   0   0   0   0   0   0   0   
-4   4   -2   4   -6   5   -4   4   -3   5   -3   3   0   2   -8   4   -4   6   -3   0   
-9   3   -3   3   -2   -1   -5   0   -2   -4   -5   1   -5   2   -1   9   0   8   3   5   
0   0   -7   4   -5   2   -3   4   -1   0   -2   1   -1   9   2   9   -2   0   -3   1   
2   -4   0   1   1   -4   7   2   1   1   1   -7   0   -2   3   0   4   1   4   -5   
-1   2   -2   2   -2   2   -2   3   -4   3   -1   3   0   2   -3   2   -2   4   -1   3   
-3   2   0   3   -2   1   -4   0   0   5   -3   6   -4   2   -3   3   -5   3   -5   3   
1   -2   1   -1   2   -2   0   0   1   0   1   -2   0   0   2   -1   0   0   0   0   
-4   0   0   5   0   5   0   4   -2   0   -3   9   -3   5   -4   3   -3   10   4   2   
12   -7   12   -5   1   -9   7   -9   1   5   6   0   0   -7   0   -2   1   -3   8   -2   
-3   2   1   0   -4   1   -5   3   -1   0   -2   2   1   2   -1   0   -2   2   -3   2   
-2   0   -4   11   -12   5   -8   10   -2   8   -6   8   -6   3   -10   4   -3   0   -5   6   
9   -10   8   -3   2   -2   0   -11   5   -8   8   -8   8   -6   11   -5   13   -1   0   -11   
-8   0   -2   0   -3   7   -4   5   -6   7   -4   5   -8   -3   -3   7   -8   4   -9   5   
6   -5   6   -4   3   -3   6   -4   5   -6   4   -5   5   -6   3   -5   3   -9   6   -3   
3   0   -3   1   1   -5   -2   0   7   4   0   -3   -2   -1   0   0   1   1   5   -4   
-6   4   1   3   -6   7   -1   5   -4   2   -2   4   -3   2   -2   5   -3   2   -4   4   
2   -3   -1   5   0   0   2   -4   -7   -4   0   -2   6   -5   0   -4   1   -5   10   5   
-3   5   -2   5   -5   2   -4   4   -3   2   -3   5   -5   4   -1   5   -4   1   -2   5   
2   -6   -1   8   0   5   0   0   -3   0   -2   3   1   1   -1   4   3   1   -1   0   
-4   5   -2   6   -8   1   -3   10   -6   -2   0   7   -3   2   -11   13   -2   2   0   1   
-1   3   -1   -3   6   -1   4   -3   6   0   2   -3   0   -5   1   -2   5   -4   2   -2   
4   -3   2   -2   6   -3   -3   -3   -1   6   1   -3   2   -4   0   0   -8   6   0   -1   
-9   9   -6   5   -14   14   -10   7   -10   8   -2   14   -11   -1   -8   13   -10   9   -5   12   
6   -7   -4   -1   1   11   1   2   14   0   12   1   9   0   -5   1   5   3   0   -12   
0   -11   6   -11   6   -4   -2   0   7   -7   3   0   2   -5   11   2   1   0   4   -1   
0   1   -4   1   -1   -1   -2   5   -4   3   -2   4   -4   4   -2   3   -2   2   -2   2   
0   1   5   0   2   -1   4   0   4   -1   -2   -2   4   -1   1   -2   3   -1   0   -2   
8   -8   8   -11   15   -12   10   -15   12   -3   10   -4   13   -2   6   -8   14   -9   11   4   
-5   12   -8   9   -6   2   -8   -1   -5   8   -5   8   -7   9   -8   9   -8   10   -9   4   
2   11   -9   8   -4   7   -3   1   -11   -1   -7   0   -9   7   0   8   -10   6   -13   10   
1   9   -4   6   -10   11   -8   7   -5   2   -1   2   -2   0   -6   8   -3   0   -8   9   
-1   1   -1   2   -2   2   0   2   -1   1   -2   1   -2   2   0   1   -3   2   0   1   
-6   8   -2   5   -11   3   -9   11   -4   11   -8   12   -3   4   -11   9   -6   4   -3   8   
0   11   -7   1   -12   -8   0   -4   -9   5   -7   4   0   9   0   2   -9   -1   -4   1   
4   7   -1   6   -4   8   -6   -1   0   10   -7   5   -5   6   -5   0   -8   6   -2   4   
0   -1   0   -1   0   0   0   -1   0   0   1   0   0   0   1   0   0   0   2   -1   
10   -9   8   -8   8   -9   6   -6   6   -8   5   -9   6   -5   7   -7   4   -5   6   -4   
-1   0   0   -1   0   0   -1   1   1   1   -1   3   -1   4   -1   0   -3   3   -1   1   
-7   14   -10   10   -10   9   -4   14   -9   6   -4   6   -12   14   -14   7   -12   12   -7   5   
15   -7   14   -5   6   -12   3   -1   3   -9   15   -8   9   -12   2   -5   10   -9   5   -5   
-2   2   -2   1   -1   2   -1   2   -2   2   -2   1   -2   3   -3   1   -2   0   -3   2   
0   -10   9   -4   7   -1   -4   4   -1   -2   0   6   1   1   3   -4   4   -6   1   -9   
-6   2   -9   1   0   5   -6   -3   -2   1   -2   7   -1   -1   -6   0   0   0   3   5   
1   -4   0   0   0   -1   0   -3   0   1   0   0   1   -6   3   0   0   0   1   2   
-3   -2   -2   -3   -2   4   -3   2   -1   0   -1   0   0   2   -4   -4   -1   -1   0   -4   
-12   3   -4   10   -8   7   -11   -6   -14   12   -10   0   -1   11   -15   7   -15   2   -13   4   
7   -7   9   -13   3   -10   13   -13   7   -2   4   -2   10   -6   7   -15   14   -12   15   -12   
3   0   0   -3   2   4   4   -4   3   -2   3   -5   5   -3   2   -7   3   -4   0   -4   
5   -5   2   -9   2   -2   4   -3   6   -1   1   -4   0   -4   7   -1   -1   0   4   -3   
-8   0   -14   11   -9   12   -10   8   -8   7   -15   10   -15   8   -14   11   -9   7   -15   13   
0   7   2   1   -4   1   2   6   -8   1   0   0   -4   12   2   5   -4   0   -12   4   
10   -7   7   -1   0   -3   9   -2   12   -8   7   -11   0   -5   4   -8   5   -6   -2   -8   
0   0   -3   4   3   1   2   1   0   -3   -2   3   -4   -2   0   3   -1   -1   2   1   
0   2   -1   3   0   6   -4   -1   -3   0   3   0   -2   0   -7   -1   0   0   0   2   
0   1   1   -1   -4   2   -1   2   0   -1   -1   0   -1   0   1   4   0   5   -1   0   
0   1   2   0   4   4   2   -5   -2   -2   2   -3   1   1   2   3   -3   0   -1   3   
3   0   2   -1   0   -1   2   -4   2   -1   2   -3   1   -1   3   -1   0   -1   1   -1   
-8   6   -6   8   -6   6   -9   7   0   4   -10   2   -4   7   -6   5   -1   4   0   3   
9   -8   10   -7   7   -7   11   -11   8   -13   6   -12   12   -6   14   -14   10   -15   4   -13   
0   66.8123   38.799   67.4146   32.0073   67.8652   47.45   67.11   29.0499   40.9317   52.9061   41.4951   31.0416   52.0606   63.5136   58.566   54.5106   51.2272   53.8281   46.2947   28.4018   62.1045   77.258   46.249   36   77.1378   83.6553   49.0147   73.3783   56.1214   36   40.2603   58.0813   43.6982   75.5685   62.6809   35.2788   77.0727   65.3249   47.8444   71.6308   74.7584   81.3699   67   28.2195   48   72.9727   53.7567   19   49   49.4006   59.0156   57.9418   42.1108   44.6531   64.4236   53.9102   74.3964   64.0512   64.643   
51.2445   0   59.2347   113.387   77.7983   111.339   86.4224   30   75.131   46.6047   45.2512   54.9555   70.3744   99.8124   47.5136   27.2462   43.1807   95.0609   64.4907   75.3824   74.5347   88.9667   120.453   36.5889   52.9102   65.7486   60.5328   33.2003   119.293   102.954   64.8126   49.3553   105.932   83   66.2195   84.8396   69.1202   61.5081   111.518   90.0191   47   57.2046   125.374   37.2971   62.8376   50.1728   110.693   80.422   66.8282   91.502   74.7507   65.8025   33.8494   69.4288   83.0074   66.0408   100.833   113.072   27.3693   105.202   
22.8035   43.566   0   81.9058   52.8393   88.8848   70.2535   60.9679   48.3681   41.1217   54.0275   19.099   29.1327   66   52.1603   53.3599   56.9085   71.0803   40.2643   30.8114   51.2053   47.6999   80.8016   37.8035   33.3246   61.2182   90.6277   46.2488   79.2892   63.0956   33.0828   51.0713   80.8848   42.6982   60.7696   79.9062   31.2361   87.4463   82.2353   49.5913   55.0135   52.6742   83.663   73.9444   37.0623   55.7131   94.6324   73.231   39.799   56.2029   29.8114   65.366   63.9444   29   66.3128   78.2944   76.2163   75.5685   55.0156   53.0694   
48.6621   99.0454   67.2309   0   52.1248   35.587   49.5106   113.088   58.6394   82.0817   90.3759   86.33   71.7697   45.5183   108.557   105.013   92.8249   37.494   94.2097   83   53.0128   86.0634   63.0918   94.9111   84.6621   118.73   115.51   97.6768   57.0488   47.6497   76.4388   82.6342   26.3137   70.6716   116.399   71.6081   72.5921   107.293   29.1623   67.6977   119.366   118.116   76.1722   113.747   76.8816   90.8203   60.2753   65.5079   67.6621   48   83.6977   79.8167   104.833   70.356   57.0132   95.6472   34.8114   56.5254   112.713   78.426   
13   63   34.7131   36.1248   0   58.2046   38.8035   78.5804   25.4721   48.6744   56.9686   53.8121   43.9571   46.7065   76.5136   70.0364   59.4176   42.4009   63.5177   55.8121   19.6056   72.7006   76.7454   59.249   49   90.1378   88.4046   62.0147   70.9902   53.4215   49   53.2603   54.0832   56.1403   88.5685   56.1275   46.1548   76.8276   48.0606   53.2415   82.7308   87.3874   80.0328   80   41.2195   54.7851   66.4194   47.9992   32   45.2094   54.8121   57.8024   70.9418   48.9258   38.0998   75.679   51.9422   66.1393   69.0882   69   
51.8652   97.0155   73.8783   21.587   39.2046   0   41.0799   111.901   59.2782   86.4166   90.0211   91.678   75.5549   54.7825   113.361   109.241   95.3303   39.505   102.722   92.2168   58.8101   99.8836   84.6788   98.1142   85.8471   128.756   102.645   100.88   77.1032   67.5538   86.0357   84.9004   33.3417   84.5299   127.434   59.3363   85.3594   95.1859   37.0907   82.0714   121.935   123.859   96.5728   106.444   80.0848   88.8886   39   63.1248   70.8652   62.577   94.0167   69.0392   104.498   84.3535   53.2746   82.5368   33.4222   78.1124   108.293   100.013   
32.45   72.4224   55.2178   35.5106   22.8035   25.0799   0   88.739   46.0145   66.4163   70.6044   72.4891   63.4916   53.5437   94.6   80.195   68.4773   29.2127   86.2781   76.0322   39.9317   93.505   87.1642   76.6648   68.45   109.588   82.846   73.0593   84.243   69.2892   68.45   60.0132   39.8221   76.1481   107.679   37.0278   67.7288   73.8516   48.8652   75.0364   98.8352   107.208   95.8276   85.3702   60.6695   64.5216   40.0416   39.083   51.45   57.4833   77.6156   48.3059   81.4358   71.7293   30.4721   67.2311   34.7231   76.1808   87.2415   91.8035   
51.9711   5   46.4004   99.0202   63.1981   95.901   71.0634   0   77.5136   47.4006   42   59.4851   75.1928   101.546   52.5136   25.544   40.8352   94.6341   69.4907   77.2118   75.1794   93.9667   123.997   41.5889   57.9102   67.7254   55.7462   38.2003   122.299   106.008   69.8126   50   105.594   85.4963   71.2195   82.3914   71.6039   59.0599   111.205   95.0191   50   59.1814   130.063   29.4403   67.8376   44.5941   107.495   77.0322   68.8867   96.502   76.2118   63.3543   31.4012   74.4288   88.0074   66.2769   105.786   118.072   32.3693   99.4698   
10.0499   61.131   30.6105   38.6394   4.47214   43.2782   27.2029   61.6604   0   50.9816   55.3113   49.7095   41.0915   43.6534   71.4624   68.6159   59.4937   39.4951   61.3463   49.9285   24.0777   63.8985   71.2478   56.2989   46.0499   85.6273   88.2405   59.0646   65.6322   48.0172   42.9072   49.5136   50.7807   43.0179   81.2681   60.5996   45.3287   81.2896   52.5106   46.6142   81.6807   83.2847   75.6853   77.0499   38.2694   50.4384   67.2446   52.4714   29.0499   33.8045   57.8139   59.9857   67.9917   44.4722   42.5719   69.614   45.6816   67.8688   73.5603   63.0454   
20.6155   31   23.7697   68.0661   32   67.4166   43.909   31.4006   30.2655   0   27.8924   37.2952   43.8626   70.9923   49.0588   37.0868   39.1421   68.8943   50.0555   53.9365   46.0689   71.2889   94.4295   36   31.4642   67.7731   64.1141   41.2315   90.1577   75.0531   43.5065   30.4031   78   57.1856   70.9245   63.4004   44.7471   62.6807   80.0606   63.0632   59.0132   74.4342   98.2285   47.4307   35.2603   34.0454   83.9506   57.1838   37.9317   64.07   53.5811   45.6356   37.4307   52.7697   56.4462   58   74.2939   94.3181   41.2354   76.8391   
31.9061   26.8328   37.3363   75.5381   40.8044   71.0211   46.0977   25   40.3113   13.8924   0   51.1876   57.7551   80.2573   54.8534   34.8699   19.6056   75.1227   63.948   67.8289   56.4037   85.0362   108.322   41.587   45.3567   79.4003   58.6155   44.0403   103.364   88.0211   57.3989   32.893   81.099   71.0781   77.3699   58.0116   58.6396   56.4138   88.865   76.9556   55.6173   75.0876   112.121   40.2132   49.1527   25.0828   85.523   55.6341   50.9061   74.1158   67.1477   40.6008   38.4018   66.3363   64.7732   48.9258   76   95.3019   38.2094   90.4057   
25.4951   38.833   5.09902   71.5122   38.0132   77.201   57.4891   41.8688   34.1321   22.0227   34.9285   0   34.2318   69.0294   50.3452   47.9411   52.8378   73.6272   37.3178   35.9104   53.8782   52.799   83.4684   37.3848   23.831   51.3553   86.1368   45.9317   81.9656   67.1577   26.1803   52.4258   83.5764   45.7321   51.2053   81.8845   34.2655   84.7034   85.2647   51.6879   59   47.7567   87.9758   62.0106   40.0916   56.0681   97.5308   76.4707   44.0217   59.2323   34.9104   67.2443   59.4535   32.0294   70.1482   74.0083   79.4053   80.6676   45.5862   58.1684   
16.0312   56.0803   15.1327   52.7731   23.7065   61.5549   46.2385   58.1378   19.2354   29.6985   43.2782   20.025   0   51.6186   59.2897   66.7853   61.8406   58.7305   42.4591   35.7585   41.3516   52.0334   70.6063   52.3528   34.4642   65.9711   91.6094   58.8409   72.8947   55.9824   28.6883   49.0644   70.016   36.8182   68.649   76.7321   24.8416   90.1196   68.7882   43.1968   70.1463   67.7817   75.3783   77.1292   29.6023   59.0416   85.9638   66.7158   30.0416   41.7697   35.9472   63.8539   67.1292   22.6056   60.6843   80.4548   64.917   68.2019   63.8634   50.1548   
33.541   84.7172   48.5077   20.5183   23.7065   36.4005   36.2491   85.5102   24.0416   54.1295   64.2573   53.1507   33.5261   0   91.1123   91.2163   83.1241   49.3311   74.4152   61.8489   43.3121   67.393   54.3238   79.0308   65.366   99.3735   107.914   82.5557   48.6918   31   57.0828   70.3208   46.832   49.5204   96.2982   69.1202   53.2361   100.071   42.6918   46.5466   99.7172   98.7598   64.4367   100.541   56.3192   74.48   73.04   66.2588   49.0606   26.8489   62.4863   71.2268   91.4828   51   56.3593   92.1803   47.0868   48.9317   92.7947   57.5441   
46.9574   27.5136   28.1603   94.5569   59.9333   98.6154   76.8375   32.28   56.4624   34.0588   40.8534   23.3452   43.2897   76.4853   0   44.598   54.0062   95.9575   42.3607   58.9716   75.3592   75.8602   104.201   43.1462   47.1762   36.4724   82.478   39.5407   102.835   90.503   49.5256   62.5464   105.039   69.0774   37.0868   96.5454   57.6107   83.736   107.635   72.4209   25.8489   27.9284   108.367   58.3194   62.3631   60.9983   115.79   87.1803   61.31   82.5776   57.9716   77.1289   56.2226   55.3746   87.4707   83.3833   100.866   103.729   38.1948   73.3095   
43.566   8.24621   38.2884   91.0055   55.0364   88.7694   64.195   8.544   53.3385   23.0868   18.868   33.9411   49.6488   77.1038   28.0179   0   32.2643   88.8097   58.3487   68.4536   69   85   114.652   29.5563   50.1366   64.4902   54.0128   29.0416   112.955   96.9938   60.1215   46.58   99.7697   76.1522   65.1046   76.8796   62.2597   58.4849   103.097   85.629   46.8753   55.9462   119.942   30.9284   58.3471   38.7697   104.237   74.5021   61.0185   87.143   68.0998   59.4688   30.9284   65.9705   78.7746   62.72   94.868   110.106   24.4031   91.3578   
33.541   23.2594   36.6742   78.3135   43.1741   74.3303   49.4773   21.587   42.3792   14.1421   3.60555   33.8378   43.8406   66.4078   37.9473   15.2643   0   78.6899   64.1976   67.4856   60.0092   84.3742   108.572   37.098   45.6064   74.4197   49.0147   33.4924   103.889   89.1953   57.6486   36.4986   84.7046   71.3278   75.0341   61.6172   58.8893   48.0624   91.2346   77.2053   54.2753   65.8757   112.371   34.434   49.4024   28.6883   88.1251   58.2362   52.0738   76.1837   66.4856   43.2029   24.434   58.2782   68.3787   46.7321   79.6056   98.9075   39.6675   89.7436   
34.1321   81.0494   56.0803   21.4709   21.4009   17.8045   14.2127   80.399   25.4951   50.6952   56.0089   59.4054   44.0454   24.3311   81.0062   72.8354   59.0762   0   84.9186   74.7243   41.0065   86.1249   78.5284   80.3811   69.0833   110.017   93.1857   81.8006   72.8964   55.2046   68.4023   60.7056   25.1803   65.2443   106.763   50.8904   63.679   81.6582   37.2249   64.1406   104.132   107.162   80.521   92.0298   62.3516   72.04   50.0828   47.4524   53.1321   44.4429   76.213   58.2173   82.0298   65.5079   37.5529   69.0091   23.0828   64.8803   90.4891   81.8751   
38.0132   46.2277   15.2643   80.1311   49.5177   88.459   70.4557   50.2195   45.2548   36.0555   48.2597   14.3178   27.4591   60.4152   22.3607   43.4166   46.6905   70.7248   0   34   63.0408   46.6816   82.7422   51.7026   36.9249   42.6757   95.7052   57.311   83.7403   70.9956   39.4391   62.4367   91.8907   46.257   38.2036   95.1705   36.9545   94.7529   91.026   54.2132   48.2095   49.1794   86.8516   74.345   45.916   67.0106   109.897   85.3542   50.8281   65.0567   33   80.6303   71.1245   37.8537   81.5771   88.3262   88.5185   86.195   59.904   59.0555   
31.257   59.203   16.4012   65   39.3954   76.2168   62.0322   62.3699   34.9285   39.3954   53.2259   20.5183   15.8114   44.6542   39.2938   54.4518   52.8394   59.0762   18   0   55.1622   39.4642   68.2279   54.2047   43.2793   60.4849   101.854   62.65   67.0848   52.3275   32.6491   56.72   79.3817   29.6015   56.2036   90.003   32.0454   96.8734   82.0081   37.2237   64.0408   59.1045   75.8867   82.5289   41.0998   68.98   101.775   79.9531   45.853   57.5811   26   79.6653   76.8262   37.1529   73.8218   92.71   80.6101   62.2709   66.1045   42   
11.4018   60.0333   33.9706   39.0128   3.60555   40.4969   21.9317   60.075   6.08276   29.0689   37.3631   36.8782   24.3516   27.2947   58.1808   52   39.8121   22.8254   49.0408   40.1622   0   69.3323   77.3305   57.6508   47.4018   87.4715   84.4145   60.4165   71.7149   54.0999   46.677   51.662   48.0058   49.1006   85.8122   51.1297   46.6806   72.8768   51.6661   52.6969   78.622   84.6349   78.405   72.4637   38.4307   56.5211   61.9733   41.0799   30.4018   39.8873   58.4176   49.4109   63.7647   46.9571   41.7053   60.2277   45.9082   69.7449   62.2597   67.0899   
47.0956   74.9667   33.6155   71.0634   52.7731   85.8836   75.505   78.5175   48.5077   56.8595   70.6824   37.2022   31.0644   50.8035   51.9711   70.9366   70.2353   70.0071   29.6816   17.4642   54.3323   0   62.9094   71.419   54.7134   66.5767   118.387   75.0339   62.2217   60.2627   44.0832   74.1843   89.89   36.8806   62.1045   105.462   48.6639   114.338   89.7571   45.373   77.82   65.6624   59.0454   99.2128   54.4901   85.3766   112.462   95.4122   60.57   64.963   43.4642   94.9184   93.5493   46.4279   90.8729   110.174   93.0899   64.3307   82.7884   29.8489   
60.8769   106.452   63.3246   49.0918   56.6127   70.0286   73.1642   108.706   54.6717   79.6304   92.4554   68.352   50.6063   37   89.2693   100.24   93.6002   61.131   67.7422   50.01   60   42.4264   0   99.5137   81.6571   105.006   139.861   102.752   29.0623   40.3238   71.4918   94.5183   75.2189   54.8516   103.07   106.12   66.3927   132.877   71.4331   47.7805   114.051   108.089   20.4721   126.924   80.2086   102.258   101.856   96.2982   73.258   62.3802   71.8692   108.227   117.061   73.2119   93.3593   120.228   74.8558   38.2971   113.938   51.0606   
32.249   21.0238   22.8035   80.895   44.911   81.939   58.8303   23.6008   42.2966   15   21.587   18.3848   35.1141   65.0308   19.7231   15.5563   19.105   64.846   28.7924   38.8973   42.45   55.4437   85.4283   0   38.8885   56.085   67.4198   25.6056   99.0794   85.5425   44.5651   41.2603   88.7262   64.1169   56.8099   75.8547   52.6502   66   92.9716   68.6656   38.0217   47.541   105.9   42.8444   49.9258   41.8254   98.8719   71.0754   51.249   76.1011   52.6149   56.4382   41.7386   50.4142   71.4462   65.8371   84.214   91.201   29.2195   73.7963   
20   38.9102   6.32456   67.0522   32.7567   71.8471   51.7397   41.3401   29.0689   17.4642   31.0161   5.83095   17.4642   49.366   27.5136   33.0151   30.4138   54.0833   19.9249   22.4722   31.4006   39.8246   67.5426   17.8885   0   57.1863   79.4285   43.4941   80.6381   67.2782   28.6301   42   78.0813   43.1548   57.0362   73.6986   31.2643   76.131   77.8905   55.8528   51.3553   53.5876   88.0147   60.733   28.0499   51.5096   90.743   63.6488   36.8885   59.234   36.1359   63.0999   53.833   35.3246   64.6531   75.4642   73.9102   81.8931   40.9258   55.7732   
60.8276   47.5184   38.4187   104.709   73.1095   112.294   92.7631   52.469   69.029   52.7731   61.4003   35.3553   51.9711   85   21.095   49.0102   58.6941   94.4934   24.5967   41.4849   72.1803   47.2652   89.0056   39.8497   41.0366   0   103.023   60.6357   107.025   93.8125   59.72   78.0593   116.487   70.8537   29.4721   114.735   61.5512   104.831   115.623   76.6117   46.9439   29.544   106.311   79.4145   67.0408   77.3939   131.78   104.685   74.1378   89.1532   56.5216   96.2879   77.3176   62.4505   104.732   104.478   113.115   103.756   59.2899   77.1141   
63.6553   41.5933   70.6824   99.5389   69.4046   88.6454   64.846   36.6742   70.2922   47.5079   33.6155   67.7791   76.6094   92.9139   67.0298   39.0128   34.0147   78.1857   80.0812   86.7698   65.8027   104.202   124.459   51.4198   64.405   88   0   66.1141   135.924   118.309   91.0144   63.607   103.366   104.211   104.117   71.3529   92.255   31.0416   112.17   110.571   82.7554   94.9582   144.208   53.3059   82.7682   57.8021   94.0253   76.3415   82.6553   104.097   100.494   62   46.6833   90.5506   85.6575   47.1868   99.5691   128.917   60.2832   120.152   
34.0147   18.0278   26.2488   82.4924   46.3897   82.6378   59.0593   20.2485   44.0454   15.2315   19.3132   21.9317   38.0789   67.1863   21.5407   12.0416   16.4924   65.8027   32.311   42.4264   43.7379   59.0339   88.5494   3.60555   21.095   42.2019   48.0521   0   101.733   87.3732   46.6228   44.8658   90.9831   64.2498   58.6275   75.1082   51.3593   64.5549   93.404   72.2712   41.6273   49.469   109.022   42.9556   49.1449   44.396   99.1009   71.2644   53.0147   77.8499   56.0602   56.2311   40.8587   53.9611   71.6777   63.2246   87.8195   94.8066   22.831   76.8682   
56.6127   104.178   61.8466   41.0488   50.9902   62.0725   66.2118   106.104   49.5177   76.1577   88.4816   66.9403   48.1041   29.9666   88.8144   97.5756   89.8888   53.7587   68.0294   50.04   54.4885   45.2217   8.06226   83.2166   65.4599   90.4489   119.754   86.1626   0   33.6918   71.7853   89.6386   63.366   57.4833   105.376   99.0869   72.6952   127.365   60.0125   55.8428   114.081   109.145   28.5344   122.044   76.4624   97.006   96.1957   93.1377   68.3783   47.8277   68.0392   100.738   113.588   70.7096   86.242   114.716   69.1957   34.0623   106.386   59.1228   
39.1152   87.9318   47.0956   32.6497   33.4215   50.9902   50.2892   89.5377   31.8277   59.0339   71.0211   52.1536   32.3883   15   75   80.9938   72.5603   39.2046   55.9017   38.3275   36.8782   39.6989   23.3238   67.1863   49.8197   79.8123   102.069   69.9214   17.6918   0   61.0766   75.9828   55.6563   45.7386   94.1053   83.0838   57.2299   108.069   49.4631   44.3848   100.095   97.4321   43.7959   106.115   61.9906   82.266   87.0308   73.0339   58.1152   38.2127   57.2938   85.2193   96.4646   54.9938   71.3593   97.1059   62.0868   29.2956   90.7455   49.4138   
20.6155   49.2443   6.08276   62.1691   31.241   70.0357   52.8394   51.8652   26.9072   26.8328   40.7063   11.1803   9.48683   43.0116   34.0588   43.6005   40.4969   52.3259   18.4391   12.6491   31.0644   30.0832   57.3847   28.3019   10.6301   42.72   74.3034   31.6228   55.7853   41.0488   0   46.0832   75.7214   33.7883   56.6427   77.6905   29.099   86.7612   73.0339   44.632   58.0465   58.757   77.8568   71.1464   33.2462   56.3363   90.4054   67.6742   31   51.2566   35.8942   67   64.2636   30.0828   65.2686   84.3771   72.0803   70.3444   51.556   54.6491   
18.868   35.3553   28.0713   64.0312   28.4429   61.9839   38.0132   35   27.5136   6.40312   13.0384   27.1662   31.0644   51.5461   40.4599   27.1662   14.8661   45.7056   41.4367   42.72   25.1794   60.0833   79.511   21.2603   22   59.0593   45.607   21.095   75.452   57.9828   30.0832   0   70.8859   62.5661   77.3276   59.8775   51.1502   60.3113   76.5035   66.7124   59.282   68.3882   99.9831   49.3   41.6634   34.8102   78.0548   49.8277   37.868   61.3181   57.8827   43.4722   39.3   53.67   50.541   55.2415   68.7883   85.2642   43.926   75.9416   
43.0813   91.6624   63.8122   11.3137   30.0832   13.3417   24.5967   91.1976   33.541   61   67.0075   67.6018   50.448   23.0868   89.9611   83.4865   70.0071   11.1803   77.801   64.3817   32.28   73.0616   57.2189   74.7262   62.6099   102.078   89.1964   75.9276   49.366   37.6563   59.4054   56.3205   0   67.2002   114.809   59.2311   73.321   92.8385   36.2956   64.2264   110.902   115.358   75.4003   103.21   69.9409   83.1079   46.4429   58.6328   60.7214   44.5287   79.0692   68.2892   93.2102   72.037   48.7333   80.1894   27.099   59.0476   94.5397   79.307   
28.4605   68   24.6982   52.4023   32.1403   65.5134   54.7449   70.4911   28.0179   43.1856   56.8507   29.7321   13.6015   31.8904   51.3517   62.1289   57.3149   49.2443   31.257   13.6015   34   20.8806   38.6264   47.0106   29.1548   55.0818   90.2109   50.2494   37.4833   24.7386   18.7883   44.6542   53.0094   0   66.8965   84.2676   33.8924   99.5991   67.6901   34.0711   76.8348   71.6672   57.0476   89.855   37.9317   72.4309   94.5594   75.0799   43.6431   40.6716   29.5602   77.4554   80.6164   34.2127   66.2398   92.8841   72.3271   53.0151   70.0806   38.2788   
59.4643   50.2195   36.7696   102.215   71.4493   110.535   91.6788   55.109   67.2681   52.9245   62.3699   34.2053   49.6488   82.2982   23.0868   51.0882   59.8415   92.7631   22.2036   38.2753   70.7248   43.1045   85.0529   40.7922   40   4.47214   90.0888   43.4166   86.7006   76.5376   40.6079   59.0931   100   51.8652   0   113.699   59.1581   105.552   113.23   74.2409   45.1548   34.0161   102.067   80.1355   63.3814   81.866   130.743   103.649   71.6079   87.2603   55.2036   97.2303   78.0386   60.0573   103.082   105.199   110.722   100.546   60.0109   67.0096   
42.7551   69.6419   63.9062   52.4976   37.2156   37.3363   18.0278   67.1193   41.0488   46.4004   43.0116   64.8845   58.4209   54.1202   80.4301   61.8547   46.6154   31.8904   78.924   73.9797   35.0143   89.1403   90.8735   60.959   59.0931   98.7927   52.1536   60.1082   84.0773   67.7791   63.0635   40   41.2311   69.0072   98.4886   0   77.0637   57.3113   66.893   87.6629   97.4386   107.814   111.346   75.1664   70.9747   61.2659   41.074   33.0499   61.7551   74.8532   88.1693   41.4165   71.0494   74.8276   43.0278   54.0179   52.7508   94.2085   81.221   101.094   
20.2237   54.1202   11.1803   58.1808   29.1548   67.2086   51.4782   56.6039   24.6982   30.2324   44.1022   16.2788   5.65685   38.6264   39.0128   48.2597   44.2041   49.679   21.9545   11.0454   29.5466   27.6586   52.3927   33.121   15.2643   46.5296   77.6981   36.3593   50.6952   36.0139   5.09902   32.6956   56.0803   13.8924   44.1022   62.9682   0   88.0068   70.8109   47.6155   63.1455   63.8546   70.94   75.9654   35.2592   55.2492   91.5198   70.6264   35.6984   43.7924   27.1803   67.2445   67.6632   28.2624   64.8768   79.2534   70.3798   61.3982   56.1902   52.1713   
56.8595   46.0977   67.4463   89   60.8276   77.1298   53.8516   41.5933   62.2896   43.6807   30.4138   65.307   71.1196   83.8689   68.7314   41.4849   32.0624   67.5426   78.6384   82.8734   57.28   100.305   116.932   51   61.131   89.8053   12.0416   48.0416   111.732   94.0691   70.2282   40.3113   78.3901   84.5991   91.351   40.3113   73.0068   0   100.77   104.704   84.0134   96.6597   135.685   50.3847   78.941   53.8938   81.3853   60.8039   75.8595   95.9062   97.2577   48.6197   45.6586   90.3406   70.1199   31.6491   88.5747   123.365   61.5412   116.253   
45.5412   96.0208   64.0781   3.16228   33.0606   22.0907   33.6006   96.0469   35.5106   65.0308   72.6911   68.352   49.6488   17.6918   91.3947   88   75.4255   19.4165   77.026   62.0081   36   68.4105   48   77.7817   63.8905   101.597   97.17   79.404   40.0125   30.4631   59.0339   61.0737   10.2956   49.5177   99.1262   50.9313   55.0727   86.7698   0   64.2384   114.622   116.109   68.0384   108.464   72.0833   85.9489   56.7386   66.8689   64.5412   44.5407   77.8013   73.1808   99.7647   68.6918   56.9694   88.4256   35.1421   59.6876   98.2597   75.2359   
32.249   74.686   31.6228   48.1664   33.2415   63.0714   55.0364   77.026   29.6142   48.8365   62.2415   36.6879   19.2094   27.8029   58.4209   68.6003   62.9682   47.8017   38.1182   20.2237   35.6931   23.0217   31.7805   53.6656   35.7771   61.6117   95.268   56.8243   30.4138   18.3848   25.632   49.679   50.1199   7.07107   58.2409   70.4557   20.6155   89.0449   45.4533   0   83.6785   78.2851   52.2526   96.2672   44.8029   75.4891   93.8067   76.773   49.251   38.6977   36.6313   83.0633   86.2672   41.2837   68.0377   95.6053   70.8844   47.6804   76.7029   40.5242   
53.7587   22   37.0135   102.108   66.7308   104.652   81.8352   27   63.6003   38.0132   41.6173   32   52.0096   84.7172   9.84886   25.2982   38.2753   87.3212   32.2025   49.0408   64.622   61.7738   98.9545   23.0217   35.3553   25.9615   63.3877   23.3452   98.3107   84.0952   43.0465   44.2041   96.7988   60.8276   29.1548   83.4386   48.0937   66.7608   98.9545   67.897   0   37.4642   116.922   56.2266   63.4052   62.5982   119.708   94.0317   71.1589   90.2131   65.2025   79.4599   55.8494   63.0102   91.3886   85.0075   107.236   108.434   46.1762   83.1584   
58.0086   39.2046   36.6742   103.87   70.7248   109.859   89.1403   44.1814   66.888   47.4342   54.7814   32.7567   51.264   84.7585   13.9284   41.1947   51.8652   92.0869   25.1794   43.1045   69.4046   51.6624   92.2659   33.541   38.0132   8.544   80.0562   35.4683   93.0054   81.0494   41.7852   53.8238   100.344   56.4358   12.2066   93.8136   46.1736   82.3772   100.722   63.2851   17.4642   0   110.708   72.123   66.063   74.9267   128.756   101.109   72.7852   89.9628   58.1794   89.9792   70.151   62.7598   101.399   95.5966   111.919   105.375   52.1232   79.2162   
65.0692   110.018   66.7083   53.0094   61.0328   74.108   77.6209   112.379   59.0339   83.6002   96.5401   71.6938   54.3783   41.4367   92.1792   103.942   97.6166   65.521   70.406   52.8867   64.405   44.0454   4.47214   89.0056   71.1196   91.0494   128.693   92.1792   12.0416   27.7849   60.8358   83.6301   61.4003   42.0476   87.0057   95.3415   55.9017   121.264   52.0384   35.3553   101.922   94.6414   0   130.17   77.9682   106.73   106.328   100.77   77.7302   59.8693   71.6078   107.814   121.031   73.9464   97.3886   124.633   79.3279   42.7692   112.045   51.0571   
52   15.2971   50.9902   96.7471   61.8466   91.444   66.3702   10.4403   61.0328   31.7648   21.2132   47.0106   60.803   85.0706   41.4367   13.9284   18.6815   77.026   57.2451   67.3573   58.4637   84.2021   111.221   28.8444   45.2548   62.1289   26.3059   25.2389   107.912   90.7855   55.8659   33.5261   88.0909   73.8783   64.4981   60.1664   60.208   31.3847   93.9042   80   37.1214   54.0093   115.109   0   67.0251   46.2947   101.24   71.2939   69.6965   94.8373   80.8016   61.4849   32   76.9597   77.2013   55.2353   97.0542   116.515   38.3315   101.028   
12.53   47.7598   10.6301   57.2451   24.0832   63.2535   44.9444   49.6588   20   21.2603   35   14.3178   8.60233   39.3192   37.3631   41.1461   35.3836   45.4533   25.6125   20.0998   23.4307   37.108   59.1692   26.9258   10.0499   49.0408   68.5055   29.7321   56.4624   40.2616   8.24621   23.2594   53.3385   21.9317   47.3814   54.8179   9.48683   63.561   54.0833   27.8029   45.3982   47.0106   62.9682   52.2015   0   55.3057   82.6003   64.5106   31.53   50.3721   36.6672   60.0476   58.691   31.2079   57.1831   70.7853   63.6488   69.5573   49.4683   58.7571   
26.4008   31.9531   34.7131   69.4622   34.7851   65.307   40.5216   30.5941   34.4384   11.0454   6.08276   33.0606   38.833   58.3095   42.5441   23.7697   9.05539   50.04   47.0106   49.98   31.3209   67.4166   87.2067   22.8254   28.4429   62.3939   37.8021   21.4009   83.006   65.4599   37.3363   7.81025   61   52.4309   62.9365   38.9487   40.2492   32.8938   66.6108   57.4891   44.5982   56.356   91.351   27.2947   30.8869   0   78.4582   48.249   44   68.2428   64.5245   44.8494   33.4894   61.4385   50.1386   47.0185   73.1227   93.0744   44.2319   83.7519   
56.2228   94.4299   79.0253   38.2753   45.2769   17   24.0416   92.477   49.7393   67.424   67.624   81.4678   68.9638   50.04   100.767   86.3308   71.1758   26.6833   94.2019   84.534   45.2217   96.4624   85.5862   82.4197   75.743   116.778   79.0253   82.3772   77.7817   65.0308   76.2758   61.2944   28.4429   75.6108   115.624   27.074   74.4312   67.0671   38.3275   74.4648   105.437   113.172   89.8053   86.4002   68.6003   62.6099   0   57.2191   75.2228   71.1263   100.089   60.9222   95.6098   90.2011   47.3196   76.0091   49.7661   87.4905   105.208   107.584   
32.7567   63.9766   54.231   47.5079   27.4591   36.1248   12.083   62.0322   31.1448   38.1838   37.1618   55.4707   48.3735   46.0435   72.1803   55.9017   40.7185   26.0768   69.3542   63.9531   25.0799   79.1012   82.2982   53.0754   49.6488   89.8721   52.8867   52.6308   75.8024   59.0339   53.1601   31.8277   36.6742   59.0339   89.3588   10.0499   52.9528   41.7852   45.4863   60.6712   75.9276   85.276   86.7698   56.2939   44.9222   32.249   30.4631   0   51.7567   59.31   80.1331   40.0333   60.5725   66.8035   33.8995   53.1548   46.8061   88.2638   75.3712   92.1698   
4   51.788   19.799   49.4773   15   54.2033   35.8469   52.8867   11.1803   21.9317   34.2053   23.0217   12.0416   33.0606   45.31   44.3847   35.5106   36.4005   34.8281   27.2947   14.2127   43.1045   58.258   32   17.8885   58.1378   66.6033   34.1321   54.3783   37.1214   17   21.2603   44.7214   24.6982   56.5685   46.6905   16.2788   60.208   46.3249   28.8444   52.6308   55.7584   62.3699   53.6656   9.21954   29   59.4054   36.6742   0   44.9848   43.4592   58.9026   59.3625   33.1421   48.6531   68.4236   56.862   61.4131   54.4588   58.8044   
26   76.4853   38.833   30   19.2094   43.382   37.4833   77.6209   17.8045   46.4866   57.7062   43.566   23.7697   9.84886   66.9104   69.1231   59.5063   28.4429   50.5668   35   22.6716   42.5441   37.4433   56.3205   40.05   75.1532   88.0909   58.6941   31.8277   14.2127   33.2415   44.7214   30.5287   22.6716   72.4707   54.4059   28.7924   79.9062   27.0185   19.6977   75.326   74.9466   41.8808   78   30.0167   51.9711   55.109   45.31   24.7386   0   52.2318   71.0096   83.8767   42.2029   57.3091   82.8993   51.5257   43.5083   79.1975   54.1141   
31.4006   58.4123   15.8114   65.8027   39.8121   76.8375   62.3939   61.6198   35.3412   39   52.8015   19.799   16.1555   45.4863   38.3275   53.7401   52.3546   59.6406   17   1   40.4969   17.8885   50.9902   38.1838   21.9545   40.5216   86.3134   41.7253   51.0392   39.2938   12.3693   42.45   65.0692   14.5602   37.3363   74.1485   11.1803   82.5409   62.8013   21.2132   48.0833   42.107   53.8516   66.7083   20.025   49.6488   85   64.1327   27.4591   35.805   0   78.4249   75.7875   38.1529   74.8218   90.4337   77.482   63.2709   62.8803   43   
32.0156   50.2494   49.366   60.5392   32.8024   51.0392   26.3059   47.8539   34.9857   28.6356   23.6008   49.2443   47.8539   55.2268   62.1289   42.4382   27.2029   39.2173   63.561   62.1289   29.4109   78.7718   89.4036   42.4382   43.7379   81.3941   39   41.2311   83.7377   66.2193   50   22.4722   50.2892   60.4401   81.5414   19.4165   51.2445   28.8444   58.1808   63.6946   64.4438   75.8024   93.8136   41.4849   42.0476   19.8494   44.9222   15.0333   35.9026   52.0096   62.0725   0   51.6369   69.0448   45.8035   33.9706   59.2217   95.515   56.45   94.7071   
42.9418   19.8494   44.9444   86.8332   52.2015   81.4985   56.4358   16.4012   51.6236   23.4307   11.4018   41.5933   53.0754   75.6108   41.1947   13.9284   9.43398   67.0298   53.4509   61.2944   48.7647   78.5493   103.005   24.7386   38.833   62.2896   26.6833   21.3776   99.3227   81.9878   49.2037   24.1661   78.1025   66.468   64.0312   50.9902   53.1507   27.6586   84.0119   72.2496   39.2173   54.7449   107.005   10   44.5533   17.4642   76.844   46.5725   44.9444   68.8767   60.7454   31.9531   0   67.7122   67.6029   44.2062   87.4018   106.357   32.0278   94.6062   
18.1108   54.1295   12   56.356   26.9258   65.0692   49.2443   56.4358   22.4722   29.2062   43.0116   17.0294   3.60555   37   40.1123   48.0208   43.2782   47.5079   23.8537   13.1529   27.313   29.4279   52.3259   33.1059   15.2315   48.3735   76.5506   36.2353   50.2892   35.1283   6.08276   31.305   54.037   14.2127   46.0435   60.8276   2.23607   71.5891   53.2353   20.5913   49.0102   47.7598   55.9464   59.6657   8.06226   38.9487   72.2011   50.8035   14.1421   27.2029   13.3417   49.366   52.345   0   62.7639   78.8476   68.1538   63.6343   56.1574   52.4915   
28.6531   68.0074   51.3128   38.0132   20.0998   29.2746   4.47214   66.7083   24.3311   39.4462   41.7732   53.4135   43.0116   36.3593   72.4707   59.7746   45.1221   16.5529   66.5733   58.8218   18.6815   72.8354   72.9178   54.3783   47.634   88.6172   61.6847   54.5894   66.242   49.7695   49.1935   33.541   27.5136   52.2398   87.6185   18.0278   48.1041   50.9902   35.8469   53.0377   77.3886   84.8646   77.3886   62.2013   41.1825   36.1386   28.3196   9.89949   32.2025   36.4005   59.1354   22.8035   52.2398   45.8803   0   56.7741   38.4722   79.0651   77.4203   85.7715   
47.4236   49.0408   61.2944   76.4788   49.679   64.5368   41.2311   45.2769   51.614   38   26.9258   60.0083   62.6259   72.1803   67.6757   42.72   29.7321   55.0091   74.027   75.71   46.2277   92.8924   106.212   48.5077   55.1453   88.3233   24.1868   46.1736   100.658   83.0963   63.1506   33.2415   65.7951   75.7694   89.2693   28.0179   65.2534   12.6491   74.3034   79.6053   67.5352   81.5966   110.603   36.2353   55.7853   27.0185   55.0091   29.1548   51.0784   68.884   75.505   16.9706   29.2062   63.6003   38.4708   0   75.9541   112.392   61.2339   109.183   
38.9102   86.8332   60.2163   15.8114   25.9422   14.4222   19.7231   86.2844   29.6816   56.2939   62   63.8122   47.3814   23.0868   85.8662   78.6384   65.0308   6.08276   74.5185   61.8466   27.8568   71.5542   58.8558   70.214   58.6686   98.6002   84.1546   71.3092   51.1957   38.0526   56.0803   51.4782   5.09902   51.1077   96.6747   36.7967   53.0377   73.4098   14.1421   48.8467   92.477   96.566   63.1506   83.0542   49.6488   56.0089   27   31.7648   40.8167   29.1548   62.482   45.2217   73.0616   50.9313   22.4722   60.8358   0   64.1466   90.1165   80.6309   
49.3964   98.0306   56.5685   34.5254   43.1393   55.0091   58.1808   99.7246   41.8688   69.3181   81.3019   61.6604   42.2019   21.9317   84.1487   91.1811   82.8553   45.8803   64.195   46.2709   46.669   44.2945   15.2971   77.201   59.6657   87.4757   112.161   80.0062   8.06226   10.2956   50.4876   68.2642   42.0476   33.0151   83.9524   76.0263   45.3982   103.947   33.1361   26.0768   93.4345   89.3588   19.6469   101.074   50.2892   75.7166   70.3491   67.7422   47.4131   24.0832   47.2652   75.8222   92.2822   44.7214   58.1808   92.7631   43.566   0   99.7575   51.4819   
39.0512   12.3693   32.0156   87.2067   51.0882   86.3308   62.2415   14.4222   49.0102   19.2354   19.2094   27.5862   43.8634   72.4431   23.1948   6.40312   15.8114   69.857   37.1214   48.1041   48.2597   64.5368   94.3663   9.21954   26.9258   44.2832   44.2832   5.83095   91.9239   75.5844   37.4433   24.3516   80.2309   56.0803   46.0109   61.7171   42.19   45.5412   84.1487   62.6498   22.4722   36.8782   98.0051   20.1246   35.4683   22.8035   85.0882   54.9181   39.4588   64.1327   47.3814   42.45   18.0278   42.0595   57.7754   45.1885   75.505   85.703   0   82.699   
44.643   79.2023   36.0694   62.426   48   78.3901   70.2567   82.3286   44.0454   57.6888   71.5612   40.4599   29.1548   42.5441   58.3095   74.3303   71.6101   63.3246   36.0555   20   50.0899   9.84886   33.0606   58.7963   41.7732   56.0089   105.152   62.2896   35.4401   30.4138   31.241   59.9416   65.307   16.2788   52.0096   85.0941   27.4591   100.18   59.9083   15.5242   68.1542   59.6825   35.0571   87   36.7151   67.6018   89.9889   75.1665   40.8044   35.1141   20.8087   76.6551   80.4301   28.6531   68.0294   91.7606   64.2573   34.4819   68.0147   0   
