15
70
999999 10 6 6 6 12 11 17 12 11 16 6 10 11 14 6 6 6 10 7 6 9 8 10 16 13 11 16 15 11 8 15 15 13 15 7 12 5 6 9 8 17 17 9 10 17 14 12 7 16 9 9 11 9 17 6 15 9 13 14 16 8 17 9 14 9 5 14 10 6 
0 6 4 3 3 5 3 7 7 10 3 1 3 5 2 3 3 5 5 4 1 6 3 1 3 7 4 6 3 9 3 4 5 4 7 3 2 3 1 4 6 7 12 1 3 8 10 7 6 3 5 6 2 8 9 1 2 3 10 4 11 2 13 4 1 2 2 13 7 2 
20
0   0   0   0   0   0   0   0   0   0   0   0   0   0   0   0   0   0   0   0   
3   4   3   1   0   -1   3   -3   -1   -3   0   0   -1   -1   0   0   1   0   1   0   
5   -1   6   0   4   -6   3   -2   5   -1   5   0   4   -5   0   -4   4   -4   2   -4   
0   1   -1   4   -4   4   -3   3   -4   2   -3   3   -1   2   -1   4   -2   2   -4   4   
2   0   0   0   -1   3   0   -3   0   0   3   0   4   -1   2   0   0   -3   0   0   
4   0   3   -1   10   0   0   -2   -2   -2   7   -1   -1   0   4   -6   10   -5   0   0   
-10   1   -8   5   -7   6   -3   8   -7   8   -9   8   -7   7   -6   8   -6   5   -3   2   
5   -6   10   -3   5   -4   -7   -2   7   -8   3   -7   3   -3   8   0   1   -9   3   2   
-2   11   0   2   -3   4   -9   2   -10   6   -1   3   -12   4   -6   0   -3   9   -8   4   
-7   3   -8   5   -8   5   -10   11   -7   4   -1   6   -7   5   -7   7   -9   1   -8   2   
-3   0   -6   1   0   -1   -3   5   -8   -2   -5   6   -3   1   -5   -6   -1   3   -6   -8   
-1   4   -4   1   0   3   0   1   -3   2   -5   2   -1   4   -3   4   -4   0   -3   2   
-7   2   -1   10   -4   3   -8   1   -4   8   -2   9   -7   7   -9   6   -1   4   -5   4   
-6   6   -5   0   -10   10   -5   1   -6   6   -7   7   -6   8   -4   9   -5   3   -10   9   
9   -5   3   -7   2   -6   1   -6   6   -5   0   -5   11   -5   7   -7   7   -4   6   -5   
-3   3   0   3   -3   1   -2   1   -4   3   -1   2   -3   5   0   4   -3   2   -4   0   
1   -2   0   -3   3   0   0   4   0   -1   3   0   0   -3   1   0   0   1   1   2   
0   -1   1   4   -1   -2   2   0   -2   1   0   1   2   2   0   0   1   3   -1   -1   
-2   1   -2   2   -1   5   0   -6   -2   -2   0   3   -1   -1   -3   -3   -1   0   -6   0   
-4   6   -3   -1   -3   1   -3   3   -2   5   -3   6   0   1   -4   3   -3   0   3   2   
4   -1   2   0   3   0   3   0   3   0   0   -2   0   -3   2   -2   -1   -3   0   -2   
-7   2   -9   4   -2   -1   -3   5   -8   9   -5   2   -7   0   -4   8   -3   3   -4   3   
-5   2   -1   2   -4   3   -3   0   -4   3   -6   3   -3   3   0   5   -1   6   0   4   
-3   8   -2   -3   -2   6   -1   -2   -4   4   -1   8   -6   -1   0   5   -5   0   0   2   
-3   9   6   -4   0   -5   -4   -6   -2   3   6   -2   2   3   -2   -2   0   -9   2   -4   
-1   -4   -5   -1   -1   6   -6   0   1   1   -5   3   -8   7   -5   1   -5   -6   -4   -2   
-6   2   -6   4   -6   2   -1   3   0   8   -3   4   -10   6   -9   6   -4   5   -7   6   
-13   9   -9   3   -10   14   -13   6   -9   9   -9   -1   0   9   -9   1   -5   8   -4   11   
-12   9   -12   14   -6   8   -4   11   -12   7   -13   3   -4   13   -9   7   1   12   -12   15   
-3   2   3   -4   -3   -1   0   0   0   3   0   0   -1   -2   0   4   2   4   2   6   
5   -5   4   -5   2   -8   8   -5   5   -4   1   -4   3   -7   5   -6   1   -5   4   -3   
-7   6   -5   1   1   -4   2   2   -7   0   4   7   6   0   -6   4   0   0   0   0   
3   -2   8   -7   11   4   -2   -8   1   -2   -4   -8   5   -11   8   0   11   -8   6   -6   
3   -3   3   0   2   -11   1   -6   9   0   2   -4   2   -6   -3   0   0   0   2   -5   
9   -6   7   -4   7   -6   6   -6   14   -5   5   -10   4   -10   12   -8   7   -13   9   -7   
1   -1   2   -3   2   -6   3   -4   3   -2   1   -3   3   -6   2   -2   3   -4   0   -5   
-3   0   5   5   -4   0   2   0   2   1   7   -3   -6   -10   -2   -1   -1   0   -1   2   
0   0   -1   1   -1   -1   -2   0   -1   1   0   1   0   1   -1   0   0   2   1   2   
-3   1   2   -1   1   0   0   1   2   0   -1   -1   1   -1   1   0   0   1   -2   3   
4   -3   1   -3   0   -1   0   0   0   0   0   2   2   2   1   0   0   3   0   -6   
2   -2   1   0   -2   -3   3   -3   0   -2   1   0   0   -2   1   -1   -2   -4   0   0   
-9   9   -6   11   -10   10   -5   5   -11   5   -7   2   -2   0   -6   2   -4   6   -2   7   
7   -15   7   -7   11   -7   8   -9   4   -8   13   -11   11   -9   10   -3   0   -11   10   -7   
0   -2   0   -2   1   -4   3   1   -3   5   0   2   -2   -1   -4   -1   2   0   -3   2   
-5   7   -6   10   -9   4   -6   4   -4   5   -10   1   -2   6   0   7   4   0   -5   7   
4   -4   12   -11   6   -2   2   -10   4   0   2   -8   12   -5   5   -4   -1   -1   11   -7   
-9   13   -2   10   -4   6   -4   3   0   5   -10   8   -6   11   -5   8   -2   3   -8   6   
-9   0   -2   0   0   3   2   11   -4   7   -6   0   0   3   -6   -7   -2   0   -2   7   
0   -2   2   -2   0   0   2   2   5   1   0   -2   1   2   6   -1   0   -1   2   -2   
-7   13   -2   12   -14   11   -7   10   -13   11   -9   13   -15   8   -8   15   -5   -2   -14   7   
-1   3   1   2   -1   5   1   5   -3   5   -3   3   0   4   3   3   -7   1   -4   0   
-7   0   7   2   -1   0   1   0   -4   -1   -2   4   -2   1   -8   4   -3   0   4   5   
0   -4   -1   0   3   -1   0   -3   5   0   4   -3   3   -2   5   -1   6   -5   3   -7   
-1   3   -3   5   -5   3   -2   2   -7   6   -4   0   -9   2   -6   5   -4   6   -6   1   
-4   0   -11   11   -4   6   -10   -1   -1   0   -12   4   -6   3   -4   10   -3   2   -10   -1   
1   4   -2   1   -5   5   -1   5   -4   5   -4   4   -3   3   -4   5   -2   2   -4   3   
4   -5   8   -4   11   -8   12   -8   6   -11   1   -7   4   -8   -4   0   -3   -7   10   -3   
2   -1   0   2   0   0   -1   0   -2   -4   -1   -1   0   4   0   3   1   1   0   1   
-1   -1   -4   7   0   -5   0   0   1   -3   0   1   0   2   0   -1   4   -3   0   -2   
0   4   5   1   3   -3   1   -1   -10   0   -2   7   -4   -3   -2   0   1   0   -1   2   
-9   2   1   1   -13   4   -13   7   -6   7   1   -2   -10   4   -8   15   -8   5   -9   13   
1   -3   0   0   2   0   3   -2   1   -2   -1   -5   1   -2   0   -4   3   0   2   0   
0   7   -3   1   -3   -8   -2   3   -4   4   -6   0   3   1   -5   8   3   5   5   1   
2   -3   0   0   0   2   5   -1   5   1   0   2   4   0   1   3   -1   -7   2   -8   
11   -7   11   -9   12   -6   4   -14   4   -11   8   -10   10   -10   8   -10   -1   -5   8   -8   
-6   8   -7   3   -5   7   -1   6   -5   6   -1   6   -9   8   -8   9   -7   8   -5   -1   
0   -2   1   -3   2   1   0   -2   0   -1   0   0   2   0   0   0   0   0   2   -2   
-2   0   1   -2   -3   6   -2   2   0   3   3   -8   -7   0   -6   4   -3   2   -4   2   
-6   9   -9   8   -7   8   -6   10   -10   6   -5   5   -1   6   -10   6   -6   4   -9   5   
1   -6   2   0   0   -1   2   -1   0   -2   3   -4   5   -3   2   0   2   -5   2   -4   
0   67.7404   39.4845   52.0768   80.8401   53.4638   69.8096   72.7999   34.4388   34.9284   48.5489   60.6792   65.2195   53.2522   56.8813   29.9284   75.3256   79.2757   80.6108   82.5553   70.6127   28.434   51.6601   53.8121   37.2485   66.9902   41.6158   49.0388   62.7515   52.9761   44.0768   39.5081   67.5668   53.5375   59.1543   42.1662   49.7131   81.0676   68.3584   78.2415   29.6227   64.5053   29.4222   73.8032   66.9327   43.6158   57.1856   25.5021   57.6319   67.4048   40.6716   56.5417   46.3454   20.4031   44.318   49.088   75.3847   72.6039   66.7547   71.3128   52.8646   81.5384   60.821   65.2163   26.6158   75.1904   68.3847   46.1548   88.2535   47.1725   
52.0865   0   47   34.5602   62.3847   99.3095   112.192   53.7802   85.8403   68.0521   38.1108   92.0069   104.581   49.8329   106.551   63.4731   62.9518   54.5449   53.0557   59.6272   115.903   72.2624   85.8961   29.2195   48.2415   24.4721   50.0167   99.1886   58.7092   102.339   42.3607   75.2865   41.7386   35.8403   103.522   69.6588   56.0122   59.3847   44.0208   67.8365   78.0078   113.98   80.0333   116.84   106.483   68.4665   86.7613   74.1202   76.0357   20   56.648   78.3404   68.0833   72.4896   46.0185   80.192   36.0263   110.547   64.4166   74.6102   86.2282   61.0119   47.3017   106.764   68.163   111.062   116.048   46.45   70.5395   90.3757   
21.8403   31.1448   0   28.4031   67.4763   69.7429   91.0864   60.2277   56.2791   41.3977   24.8753   66.6633   78.6912   39.4165   75.4542   36.4801   67.573   63.6813   61.669   68.4135   92.453   41.09   67.0595   33.1108   23.1623   45.7013   22.1623   70.8791   56.1096   72.0406   20.4031   53.6431   53.1218   29.6917   74.9085   45.4558   49.8113   64.8648   51.5848   72.6737   48.8391   86.3456   48.0611   87.6171   88.2474   42.4558   69.2634   47.1548   57.2156   43.5589   37.7697   62.2162   49.8469   42.2435   20.4721   55.5   62.7771   85.6585   66.2019   64.4975   59.2766   69.0833   43.7697   71.6283   33.0278   95   80.9682   46.3776   73.0106   69.0128   
34.0588   18.0278   13.6015   0   62.5533   81.0671   98.4721   53.6879   67.7729   49.8568   18.4721   77.1269   88.6795   44.2195   87.8493   45.1513   63.7279   58.6185   60.2486   64.1022   101.088   53.485   74.9593   25.8102   29.9277   34.0324   30.8353   82.4463   51   84.2523   25.4556   62.1168   47.016   29.831   85.8694   55.0472   46.0832   59.5533   43.8537   70.8539   60.2736   97.4691   60.4351   98.8646   94.0065   52.9517   73.8982   55   62.1664   29.5602   46.479   71.0735   59.0664   54.2679   23.2195   69.1014   52.5862   94.8162   63.1214   63.3982   72.878   69.3847   40.3059   85.2297   46.6292   100.098   94.5697   44.2354   67.3814   72.0803   
63.8905   47.2969   47.4236   47.5184   0   89.0548   133.7   96.2199   94.6448   67.0882   62.0977   71.8705   85.4622   44.3019   102.816   66.2096   105.392   95.0494   33.2047   100.983   134.442   76.8769   111.797   57.0122   62.9574   56.2616   63.4131   112   98.2192   103.321   65.0408   98.3801   84.1783   68.7731   90.4648   59.0465   92.9025   19.1623   81.5869   108.811   86.0928   127.217   82.2193   102.476   130.823   60.6542   116.675   88.8011   55.5601   57.566   84.9366   109.628   97.2586   84.2937   63.4342   70.1295   45.9666   86.0071   100.481   108.779   74.3095   104.685   39.2594   77   71.9732   132.046   103.092   81.7343   16   104.028   
38.2884   83.9345   53.4883   67.0671   74   0   86.1809   108.108   53.203   48.3209   76.6658   34.9345   32   71.1532   40.6205   58.5912   113.614   114.322   101.172   117.602   81.9242   47.4109   81.2456   85.289   65.264   94.4114   66.3289   67.0488   101.04   45.2485   73.8914   71.1714   103.042   83.1592   24.831   49.0624   88.0015   92.0821   103.405   116.187   44.6007   75.5711   51.0416   35.8885   85.0286   53.3954   93.45   61.7421   52.8114   96.3095   78.9599   92.0069   82.5853   56.6431   73.9396   41.2318   103.319   44.9535   102.082   109.361   36.1327   116.585   80.0762   30.8114   58.7151   89.1863   41.4222   81.2012   90   67.3542   
55.6058   98.0051   74.3303   82.0975   119.474   69.1809   0   97.0642   63.8521   88.7267   98   98.9294   100.951   108.858   71.2189   85.5341   94.026   106.272   135.999   105.278   32.3246   80.4624   44.5707   106.627   92.8354   115.86   91.8354   46.1603   86.2402   72.04   94.7335   56.6287   99.8435   94.3258   90.027   97.6698   76.4159   134.154   101.385   93.0065   73.4067   40.8885   73.4624   94.7817   24.0711   98.4145   56.0167   67.0977   109.554   111.658   73.1909   56.3275   60.3847   71.5311   94.8025   97.5728   128.202   111.294   89.6201   83.0081   96.7631   109.147   116.427   99.9923   82.2215   26   78.4003   87.7419   133.849   51.6816   
55.8032   36.6742   45.793   36.6879   82.0975   94.0213   79.7621   0   84.6824   83.8469   55.16   110.366   120.801   80.9074   109.771   79.3783   26.2195   25.2195   86.5643   32.0908   99.3303   80.0156   68.0465   62.4981   66.6156   57.2897   67.5232   92.1863   25   103.903   61.8246   66.0306   39.0416   59.1059   114.468   89.8025   41.0868   96.0589   39.1327   28.1655   81.0151   106.052   84.7967   126.102   90.0968   86.8025   67.01   68.5619   98.8543   56.6742   48   62.4368   57.4708   71.8014   59.9074   101.293   70.5788   128.402   35.1421   40.7231   102.149   28.4853   76.9938   114.26   78.8208   94.511   120.479   52.9072   98.0975   87.5368   
19.2354   71.2531   41   53.2353   79.3977   29.7321   43.6578   70.6824   0   47.7073   64.9383   57.5793   61.7321   70.761   51.8512   48.7588   89.2462   93.2063   99.8462   95.5988   59.5441   37.8219   47.5261   73.0474   54.2938   85.7895   54.5308   35.6918   76.609   44.2354   60.611   44.6125   82.4473   65.0496   54.5631   56.8281   63.8111   94.4661   82.8106   91.3585   28.6023   52.9706   39.0384   65.6207   65.7551   53.8281   60.72   32.1555   64.0652   82.7955   51.7696   65.1743   54.3836   29.0357   61.4721   50.5128   94.6201   71.8146   76.3633   87.7171   45.4138   95.9906   80.0564   60.5435   45.8512   65.7852   49.7321   60.607   95.3977   43.0312   
16.0312   52.6308   22.3607   35.8469   51.8556   31.3209   69.4622   65.8559   27.5862   0   45.5264   42.907   53.1421   43.632   56.1123   25   88.6865   85.787   75.7754   90.3474   83.4054   24   66.9711   54.1496   34.1246   67.5242   36.2354   61.2775   76.0762   53.3275   42.7638   55.5393   75.258   52.0524   49.8469   26.2462   63.8885   67.1552   73.9455   88.0608   35.105   78.1258   31.2643   64.8164   82.9639   23.2462   73.2169   41.5334   44.421   63.0521   51.8469   69.7859   57.4166   36.4343   42.8328   28.1421   66.345   59.5533   78.6973   84.1212   35.6011   91.4439   52.3847   47.4138   28.2195   91.2216   58.0119   60.2046   67.8556   63.2037   
30.2655   22.0227   9.21954   4.47214   46.3249   62.6259   80   39.9249   49.4975   31.3847   0   72.9405   83.6419   41.4939   83.5845   42.1787   63.8755   56.4879   56.4382   61.5702   96.7026   50.0474   69.4035   28.8489   27.0745   38.5045   27.9061   78.2467   53.2207   80.601   18.4721   61.638   43.6816   23.0711   81.2309   50.4683   44.8058   59.095   48.3259   68.0905   57.9775   93.8579   57.1995   96.2011   89.1665   51.6754   76.0095   54.7805   63.0454   34.0324   43.807   68.5373   58.2802   50.6686   23   59.5268   52.2062   89.607   57.5275   64.8071   64.6488   68.4102   38   75.4649   42.1662   96.2438   89.3966   36.6469   62.3249   68.2259   
42.1545   76.9415   49.5782   62.2013   57.8705   19.105   84.9294   94.3663   42.107   28.6007   57.8014   0   30.1529   60.5629   51.7738   47.4215   116.369   113.26   85   117.992   99.0335   48.8938   89.337   79.1785   62.7253   88.4522   63.4722   77.7988   103.658   57.5876   69.9813   78.7862   101.483   78.1269   40.5453   38.4722   91.8222   76.4282   100.02   116.661   52.2156   86.8679   49.0131   48.6142   100.548   42.9303   99.3401   66.1202   40.0278   91.1718   80.0091   96.2621   83.8928   61.0303   68.9073   30.7648   87.0634   40.2652   106.682   112.722   33.1655   117.825   63.2969   26.1231   56.8202   101.052   47.3017   85.8012   73.8705   73.0345   
50.2195   89.4707   61.0328   74.0945   70.4557   16   85.1469   104.652   45.1221   39.0512   69.6419   13.1529   0   73.7159   44.7321   59.1191   124.944   124.714   98.1529   128.899   97.9242   56.5421   92.6482   91.821   73.1759   101.605   73.0086   76.2542   112.297   53.6931   81.4359   86.714   112.356   89.6016   30.4018   51.6252   99.9326   85.1783   111.321   127.112   60.5982   88.214   54.6233   34.8885   101.029   52.781   104.641   72.8814   50.4868   100.978   88.2155   103.929   93.4579   67.7983   80.7952   40.6173   100.185   32.0711   112.128   117.152   35.5183   128.174   76.4152   28.4868   61.6905   98.1505   49.8328   94.7946   86.4557   79   
35.3553   34.8281   19.4165   24.6982   28.8444   54   90.7855   61.3514   52.1536   25.632   21.587   43.3244   56.3205   0   81.7444   49.2052   85.4625   78.0749   49.2317   83.1572   105.968   49.632   84.4514   42.0227   33.9737   43.1548   38.3132   84.3941   74.1246   78.9595   39.8196   73.0595   65.2687   44.6581   75.4789   44.0227   65.1803   43.926   68.5519   88.9857   60.737   99.8606   56.8963   89.3353   102.288   41.0227   88.4438   60.8575   43.4197   49.8329   57.1862   81.3966   69.0273   55.7585   39.8886   53.0147   46.6007   77.9823   74.8806   82.1603   61.2331   88.4998   22.831   63.8402   49.4253   107.54   83.6439   54   44.8444   79.5224   
41.1096   91.5478   60.407   73.8241   87.7268   15.6205   57.2189   95.7706   25.6125   40.1123   69.5845   34.7131   29.7321   65.1153   0   62   112.768   117.372   111.704   119.745   71.0094   51.4591   73.1386   93.5177   74.237   106.108   74.4757   55.1768   100.284   32.6158   80.8101   69.3757   106.697   86.8053   34.3848   59.6531   87.2462   100.842   107.061   114.543   45.1548   66.1096   44.4591   43.9646   80.2284   59.4166   82.0379   55.3401   62.0696   103.164   77.382   83.4759   77.959   54.6482   80.8791   47.7521   106.457   52.1386   101.976   112.16   42.6531   120.241   87.9462   46.4319   67.7254   79.2268   27.4721   84.857   101.816   60.2753   
13.9284   48.0521   17.4642   31.0161   50.9117   36.0555   69.0652   60.959   28.8444   5   26.5707   33.4215   44.0454   23.3238   44   0   85.0373   81.1455   72.5555   85.8778   84.5411   29   64.2946   50.575   34.3178   62.6416   33.3178   62.9672   73.5739   57.5933   37.8674   50.8782   69.5814   46.1513   54.8469   28.1421   61.6644   67.2498   68.0444   88.3397   40.105   78.4337   36.2643   69.1762   80.8611   28.1803   71.114   39.4305   39.1794   60.0185   49.6228   70.4701   60.2738   34.3315   36.9317   33.1421   69.9245   64.0016   75.2899   79.5392   37.6008   86.5475   46.1548   52.3553   30.3246   89.1187   60.1736   54.4093   66.9117   61.1009   
60.1082   45.8912   52.8015   44.911   91.022   98.3514   77.026   9.21954   73.2462   71.6101   47.8017   100.21   109.877   69.3758   98.737   66.8506   0   33.088   95.7838   28.083   99.1354   84.3141   70.7744   67.534   69.5619   66.5093   70.8092   92.6312   27.7279   107.701   66.2738   63.7695   42.2132   60.8044   119.263   94.9927   45.6125   104.023   40.3311   28   89.6699   102.145   89.5304   130.624   86.0974   94.8563   63.0106   76.095   106.03   65.2597   57.2195   59.1152   55   80.5114   68.1306   99.7522   79.7983   130.852   37.8924   35.0333   104.451   24.544   85.2169   119.024   82.5627   97   119.65   51.45   107.022   90.192   
62.2656   34.0588   49.5782   38.5876   81.0494   100.125   88.955   9.21954   78.1857   70.8378   42.4382   98.9949   109.877   63.0635   102.883   65.8559   15.5563   0   87   28.1496   108.55   84.9231   77.266   56.9678   67.3015   57.9251   68.0532   101.319   34.2195   111.635   58.7648   72.5731   32.9271   51.6965   119.743   91.2334   46.4006   92.0897   29.7648   34.544   87.8395   112.68   90.687   131.997   98.201   91.0067   75.2479   76.7352   100.754   54.0588   57.2195   66.6399   64.6435   79.0741   61.8071   98.98   70.0094   129.858   39.3452   47.8892   103.457   24.544   78.8935   116.178   78.2337   103.731   120.469   47.121   97.0494   96.7564   
66.6108   36.0555   46.669   42.0595   16.4012   84.1724   120.967   72.5603   84.22   57.7754   42.4382   70   83.0241   32.2025   96.566   55.4707   81.7435   70   0   92.0379   137.223   81.7754   111.636   52.8284   66.1762   45.3987   68.069   115.257   91.2187   111.103   60.9103   98.22   76.5954   65.5093   102.299   69.3927   86.0139   34.3669   73.4769   100.726   89.6637   131.116   89.0398   115.626   131.605   73.1601   115.439   91.6722   70.7647   49.7924   83.7127   106.65   96.3002   87.0139   60.4533   85.2172   33.0294   101.212   92.4919   105.458   84.0507   94.544   52.4008   92.2047   74.208   135.473   114.514   79.0851   31.2047   107.455   
65.4599   40.05   54.2033   43.8292   86.977   103.6   88.278   9.84886   80.5295   74.9533   47.5079   103.325   113.899   68.4471   105.589   70.0071   12.083   6   76   0   109.179   89.4195   77.8953   62.9678   71.6693   63.9251   72.45   101.556   34.8489   113.752   63.1198   72.6941   38.9271   56.0488   123.238   97.2334   50.9357   98.0897   35.7648   32.6015   90.864   114.163   94.6456   135.947   96.3963   96.6514   73.3095   78.4107   105.996   60.05   57.8489   71.04   67.083   81.6502   67.0488   103.095   76.0094   133.988   44.991   47.1163   107.606   25.6056   84.1351   119.958   81.3573   104.36   126.469   53.121   102.977   97.3857   
56.5685   101.553   76.4003   85.0882   120.341   65.9242   7.2111   85.2877   42.5441   69.4046   82.6801   82.5651   81.7435   91.9239   53.0094   69.527   83.0241   94.4299   122.788   94.0479   0   73.4054   47.2861   106.548   90.4321   117.529   92.6525   43.4443   89.9176   61.6909   92.2304   56.7185   103.074   97.1269   86.0213   95.6508   79.796   135.85   104.765   98.383   68.4777   27.1655   75.9506   96.171   28.9403   92.6508   51.3412   65.9228   106.609   114.648   76.3336   59.4428   63.7647   69.1262   95.492   91.9178   129.329   102.566   86.7004   83.3326   87.9579   106.377   114.755   96.7356   82.7249   21.3246   80.4816   94.953   136.341   57.4138   
9.43398   57.2189   26.0768   39.4588   61.6198   29.4109   59.5399   64.6607   17.8045   10   35.2278   32.8938   40.8044   34.4819   34.3657   11.1803   69.3109   70.7248   66.6483   74.2024   59.4054   0   59.4809   58.0761   38.0623   69.0364   37.0623   50.392   70.5862   48.5506   45.5995   46.0644   73.375   51.7944   51.8281   34.8885   59.1471   74.6657   72.6686   87.6671   24.2195   70.7751   30   65.2994   76.3667   31.8885   66.6196   34.9361   50.3597   67.0734   48.8951   65.9757   55.7793   29.8371   44.2659   38.1421   74.2638   61.1699   72.54   77.964   42.0238   88.1095   56.2675   57.4138   22.0623   79.9845   58.108   53.8021   77.6198   51.9666   
36.1386   71.8679   50.8035   56.7274   97.7548   63.2456   26.5707   54.037   33.5261   51.9711   55.1543   74.3303   78.5875   68.9638   56.6039   50   52.469   63.1269   97.1854   63.0317   31.4006   43.1856   0   79.3122   65.6186   88.616   65.0361   54.6992   58.6056   70.0918   66.5584   28.4164   71.3474   65.8297   88.0765   78.0742   47.9198   112.418   72.8885   70.6205   58.0779   54.7343   63.2647   96.5498   34.5913   75.0742   35.434   44.4764   89.1794   84.5193   44.6948   38.6015   31.8885   51.257   68.7397   77   101.847   104.356   55   61.855   78.9399   77.013   91.7947   90.8241   62.7544   51.9615   80.0574   55.4462   113.755   41.3576   
39.8121   13.9284   18.1108   7.81025   41.0488   70.0928   89.627   41.4367   59.0339   38.833   9.84886   63.1348   75.5844   22.0227   78.1601   34.3657   50.1597   41.7852   34.4384   47.4342   92.4392   44   64.4438   0   36.025   38.1803   37.755   88   58.8102   90.1513   28.321   69.9271   47.3652   32.9199   88.6799   60.3172   53.8935   58.0267   44.2029   68.1507   66.9499   103.64   66.1718   103.542   99.0153   60.5666   81.7085   62.8103   65.4424   33.9284   53.6558   77.7929   65.4236   60.2152   31.0298   66.9751   43.799   94.3313   61.7379   71.2085   71.9665   65.5077   36.9317   80.1891   51.1385   106.093   94.5393   46.4957   57.0488   78.0748   
20.2485   33.2415   2.23607   15.8114   47.4131   51.264   73.5527   47.7074   39.2938   20.1246   11.4018   47.4236   58.8218   18.9737   58.3095   15.2315   54.5619   51.6624   47.4236   56.2228   75.4321   24.0208   50.4777   20.025   0   47.9374   20   69.0364   58.3457   69.0091   22.6392   55.8791   55.0834   31.9277   69.9715   41.6125   52.0474   60.8016   53.8209   73.2713   48.2404   84.7537   49.6707   83.0797   85.069   39.3452   69.0364   45.7506   54.4109   45.3716   40.0058   62.3839   51.0555   40.6516   22.7082   48.2667   57.1618   77.8905   58.6807   66.7335   52.8324   71.3193   39.7065   67.5384   35.2638   93.1803   75.4051   42.8035   62.9574   67.421   
50.9902   7.28011   29.2746   17.8885   40.025   80.4114   99.8599   43.2897   70.214   49.366   20.8806   72.0902   84.8646   29.1548   89.0505   45.0999   52.469   41.1947   29.2746   47.1699   102.956   55.0364   74.2024   11.1803   31.1448   0   47.3257   99.1273   59.8803   100.154   39.3527   77.4679   49.0187   38.0217   99.2129   69.98   62.5357   52.108   46.1603   71.4552   76.7639   113.959   76.9255   114.182   108.794   67.0408   91.6666   71.4904   72.5744   25.4721   61.5534   83.2458   72.9886   70.7583   39.7099   77.5081   30.3693   105.512   71.6967   73.3847   82.7007   65.7387   48.1121   91.3695   62.3023   112.793   105.273   51.3553   56.025   89.1065   
19.3132   34.2345   3.16228   16.7631   47.8853   50.3289   72.8354   48.2597   38.3275   19.2354   12.3693   46.6905   58.0086   19.3132   57.3149   14.3178   55.0091   52.345   48.1664   56.8507   74.6525   23.0217   49.93   21.0238   1   32.1403   0   68.352   59.2719   70.0091   23.5654   56.8053   56.051   32.854   69.0823   39   51.2671   59.2769   54.7471   74.2713   47.2413   83.8185   48.7354   83.494   83.7677   40.3452   69.1516   44.8154   48.8855   45.0167   40.932   62.1045   49.7351   39.7163   23.6344   47.3775   58.1618   78.3194   59.6807   67.6598   51.9187   72.2455   40.7065   65.0408   36.19   90.4251   74.4914   40.0868   63.8853   62.4072   
34.8855   85.1469   56.4624   67.4463   97   41.0488   28.1603   77.8781   17.6918   45.2548   64.195   57.0088   57.0351   69.4046   30.0832   46.2277   78.4347   86.3134   101.242   87.5557   25.632   35.3836   29.0689   74   55.0364   85.0706   54.1295   0   81.1863   44.561   76.0962   42.8658   91.3729   78.8878   64.468   70.2722   68.9349   110.049   92.3494   93.6515   46.2941   33.2788   54.6105   70.9743   51.2746   67.2722   55.1266   44.5463   81.757   97.0065   60.4022   56.8808   53.5905   46.7275   76.1064   68.2046   108.25   82.2218   78.8878   79.2262   63.1056   99.1818   90.254   71.8601   56.0488   46.9566   54.4819   70.5273   113   27.3417   
47.3814   40.2492   41.1096   35   82.2982   85.6329   68.884   11   60.9016   59.0762   37.2156   87.6584   97.1854   58.6941   86.2844   54.3783   12.7279   20.0998   74.7262   20.3961   74.3303   56.5862   43.0465   41.3038   42.72   45.8803   43.0813   67.1863   0   95.1311   49.9026   52.3275   41.9706   50.1496   106.536   82.0813   30.0384   94.5533   40.8494   32   77.0041   90.1643   76.8036   121.185   76.1691   79.8845   54.5384   66.9444   91.9668   59.4367   46.8395   45.5941   47.6586   67.7846   57.0789   87.2184   75.1893   117.756   25.6056   35.6619   91.8375   37.2719   75.2156   105.202   73.2373   87.593   110.572   42.1246   98.2982   67.8516   
36.4966   88.0511   57   70.1142   88.193   20.2485   50.04   89.8999   19.2354   38.3275   66.0303   38.5876   35.6931   63.8905   7.61577   41.5933   92.4392   97.3088   95.8593   99.7447   46.1736   31.0644   49.0918   75.0267   55.0091   86.093   54.0093   22.561   80.1311   0   76.554   60.33   101.683   82.4679   42.0005   60.2945   82.988   103.298   102.046   110.544   41.3311   55.8398   38.0832   51.5803   67.788   61.5737   72.5907   51.3909   64.8303   98.1378   70.9464   74.538   71.0547   48.2711   75.3303   50.5128   104.673   59.7544   95.5987   96.6903   45.4138   115.226   86.7215   51.0598   53.1267   67.4981   35.0879   79.8424   103.321   44.8058   
26.0768   26.0192   6.40312   8   49.3356   59.6154   75.6042   39.8246   45.2769   28.6531   4.47214   55.9732   67.424   23.0217   65.9242   23.7065   47.1699   43.2782   46.4004   48.0104   78.2304   31.5753   50.9313   14.3178   8.60233   25.2982   9.43398   59.7746   35.9026   62.1289   0   55.2884   48.1538   27.5432   78.5   48.434   46.1603   63.5672   48   67.9026   55.2423   90.4384   54.4642   91.682   85.5226   47.9476   70.157   47.9531   58.3195   37.5602   37.9545   62.5296   52.6699   46.4799   26.8753   56.7952   51.6006   86.4929   57.91   59.0444   61.3074   67.8222   42.4721   74.4748   39.4309   98.4043   83.8801   37.0294   65.3356   71.7545   
23.1948   60.8358   37.6431   44.6542   84.3801   54.5894   37.4433   49.0306   25.6125   39.2046   42.638   63.3482   69.0797   55.5698   50.9117   36.8782   49.7695   57.5587   84.22   58.6941   40.7185   31.0644   13.4164   52.2015   37.2022   62.434   36.6197   28.8617   38.3275   43.9318   38.2884   0   63.7097   57.234   79.4203   65.0203   40.1725   95.8966   67.9893   70.0196   51.6371   62.1406   52.617   87   48.0077   62.4508   39.025   38.0357   76.0575   74.2144   35.9737   39.4642   29.7703   43.598   56.8973   67.3467   88.8401   92.2344   62.0555   61.8917   71.0263   74.3135   76.9087   83.3246   49.8106   54.3593   75.1725   52.1204   99.863   40.5242   
50.5668   24.7386   36.7967   25.9422   70.1783   87.983   83.2406   12.0416   67.4463   58.258   29.6816   86.2786   97.3088   50.5668   91.5478   53.2635   21.2132   12.8062   60.531   17.8885   88.0738   58.6686   56.7539   29.8329   38.8973   31.257   39.598   77.1622   16.9706   86.3308   30.4795   49.0408   0   41.094   108.105   78.598   43.5372   83.3649   19.1623   38.1868   78.3939   107.135   79.989   121.902   91.3451   76.2415   69.626   71.4545   88.1086   44.7386   52.0384   62.5647   60.8165   70.9699   49.1618   86.4002   60.7649   116.788   35.5183   43.4253   90.8643   37.3503   66.2481   104.639   67.3128   103.4   108.937   41.8403   84.2567   83.0312   
31.1448   21.8403   13.4536   5.83095   52.9528   66.2118   76.8505   33.1059   50   35.5106   7.07107   63.0317   74.4043   28.6356   71.8053   30.5287   40.8044   36.2353   47.8853   41.0488   80.0625   37.6431   51.225   13.6015   15.6205   23.0217   16.4012   63.3482   30.1496   67.6018   7.07107   39.4462   23.4307   0   85.3575   55.4012   38.3516   65.3843   42.593   61.2714   60.5435   91.9959   59.7654   98.7002   85.8163   54.9657   67.7277   49.5106   65.2867   35.3912   37.6144   59.3068   49.0497   51.5479   27.2195   63.6527   53.3017   93.511   48   55.5767   68.1295   60.7793   45.0711   81.442   44.7321   92.3009   90.7023   27.4164   68.9528   69.5461   
43.8634   88.2326   58.1808   71.6938   75.4321   5.83095   74.027   99.4887   35.4683   35.8469   67.2309   18.3576   11.4018   57.2189   18.3848   40.7185   103.966   105.437   86.4696   109.018   70.4557   34.8281   68.9493   74.3303   55.9464   84.4038   55.0364   46.0109   91.2414   24.3311   64.405   60.4152   93.1933   71.1196   0   50.2483   93.5765   91.4376   107.497   122.018   50.4317   77.8225   52.3533   39.3417   90.1665   50.511   93.7457   66.5156   52.6648   98.5225   83.7232   91.8267   87.3588   61.4166   77.6498   38.3473   100.435   32.1108   107.368   112.792   33.2483   122.416   77.0322   34.4222   56.8904   88.0278   32.8114   87.0321   91.4321   65.9608   
27.1662   54.5619   27.6586   39.8246   43.909   32.0624   80.0625   73.2393   37.2022   11.1803   35.4683   22.4722   34.9285   22.0907   44.2719   14.1421   79.7559   77.2334   52.3927   81.8352   79.6116   20.6155   63.1506   40.7063   25.6125   49.98   25   54.8179   67.5352   44.2945   33.9706   50.3587   64.4438   41.0366   35.1283   0   75.0688   58.4853   79.2435   98.365   44.8351   86.0689   39.2074   64.3735   94   28   84.3518   51.6742   37.0454   69.3848   63.0272   80.0076   68.5969   47.5693   48.1308   28.0416   68.6914   56.1152   83.0294   92.1561   38   96.7419   44.9217   48.5953   39.3999   95.5846   60.1221   65.0868   59.909   67.5668   
34.7131   41.0122   32.0624   30.0832   77.1298   72.8354   59.7746   23.0868   47.8853   47.4131   30.8058   75.8024   84.8116   51.0392   73.2462   42.9535   25.6125   31.4006   72.0139   32.8938   64.5368   44.0454   33.2415   37.5766   33.2415   45   33.3766   54.9181   13.0384   67.1193   28.1603   26.1725   23.5372   24.3516   78.492   56.648   0   88.2438   42.6995   45.0384   62.8219   87.9758   64.1353   108.516   67.8328   69.9576   49.966   54.7945   81.3573   54.6079   35.0416   41.0217   39.0312   55.1162   44.1803   75.5552   71.5808   105.215   37.0416   41.72   80.5543   50.1565   68.4701   94.7073   56.293   75.203   97.6174   25.1803   91.9025   65.5933   
61.6198   44.3847   44.7214   44.5533   3   73.0821   117.154   79.1012   77.4661   50   43.4166   57.4282   70.1783   26.4008   86.539   48.8365   88.0227   78.0897   14.7648   84.0119   118.14   59.6657   95.1893   38.0526   44.7772   37.108   45.2769   95.0158   79.3095   86.7698   46.4866   81.8352   67.1863   50.01   74.7329   42.4853   74.2159   0   78.2806   105.373   83.8853   126.125   81.2643   102.077   128.552   63.6542   113.814   87.1219   54.8121   59.5959   82.4911   106.938   94.5683   82.0229   63.9444   70.5269   42.8328   89.0071   98.01   105.531   77.3095   102.634   42.2594   80   74.9732   133.941   102.607   77.4264   19   105.923   
50.3289   21.587   35.3836   23.8537   67.2681   87.3212   85.0706   15.1327   67.6831   57.2014   27.8029   84.9588   96.2133   48.3011   91.4166   52.2015   24.3311   14.7648   57.4282   20.2485   89.7385   58.1378   58.5235   27.2029   37.5366   28.1603   38.2884   78.0256   19.8494   86.4002   29   50.2494   3.16228   21.9317   92.4392   62.9365   25.2982   64.2806   0   41.3491   79.0712   105.56   79.7511   120.616   92.7718   76.8054   72.7883   71.4423   85.8401   41.587   53.0156   65.4436   61   69.8516   47.0733   85.3435   57.6133   115.427   38.6806   46.5876   89.8024   39.3088   64.1347   102.321   66.6638   100.481   108.705   45.0026   82.3647   82.0077   
62.2415   48.8365   55.5428   47.8539   94.0213   100.419   77.0065   12.1655   74.8866   74.0608   50.6952   102.65   112.161   72.2772   100.439   69.3397   3   17.8045   84.7172   13.6015   83.1505   71.5052   52.9528   53.1507   57.2713   55.4437   57.6975   79.4796   15   94.0319   49.98   50.9902   24.1868   43.6807   106.066   82.365   27.5862   91.022   27.2947   0   86.8045   104.683   91.6637   131.897   87.5441   93.7629   66.0106   73.203   106.583   68.2597   59.1838   58.4588   58   79.1269   67.9857   102.203   82.7443   132.344   40.6056   38.0333   106.301   24   88.1598   118.202   80.0984   94.0584   120.403   48.9857   108.443   82.8516   
12.1655   64.0078   33.2415   46   70.8378   28.6007   50.9902   66.888   8.60233   19.105   42.0476   37.2156   42.5441   43.566   29.1548   20.2485   70.4344   73.7902   75.6637   76.6616   50.4777   9.21954   37.1214   51.3517   31.4006   62.514   30.4138   26.1725   57.8014   24.3311   38   26.5707   62.3939   43.2897   34.4093   29.1548   44.8219   68.884   62.2977   72.3464   0   59.4264   21   64.1421   68.3356   41.1081   62.2324   28.3186   55.6264   74.1408   47.0151   59.3582   48.6699   23.2195   51.054   43.1868   83.4833   64.3964   78.9202   83.4783   46.0799   90.1665   65.4871   59.4121   31.2818   69.8582   47.6497   58.3203   86.8378   41.8403   
50.4777   98.9798   71.5891   81.7068   113.217   54.5711   17.8885   87.1436   33.9706   61.5224   78.7909   71.8679   70.214   85.4283   41.1096   62.3699   86.1452   96.0469   117.068   96.421   12.1655   51.6236   33.7343   88.6397   70.3278   99.5389   69.4622   16.2788   76.1643   34.5254   74.3236   39.3192   88.278   77.1622   58.8558   71.0634   65.0308   111.198   89.56   86.6833   42.4264   0   63.4264   76.5035   36.6716   83.5122   59.8534   60.8251   98.0357   111.267   75.2929   70.2969   65.6228   63.0062   92.0612   84.4834   124.529   90.9665   88.7343   90.5891   79.3844   110.683   106.214   83.5701   72.3276   33.4901   60.0111   82.2495   129.217   43.6205   
14.4222   64.195   33.0606   46.3897   67.0075   24.0416   56.4624   70.214   13.0384   15.2643   42.19   31.257   37.1214   40.7185   27.4591   17.72   74.3303   76.6616   72.9178   79.8812   55.5698   7   43.1045   51   31.0161   62.0322   30.0167   30.6105   61.6198   24.0832   38.4708   32.28   64.846   44.3847   29.7321   24.2074   48.7955   65.215   64.4748   76.3806   6   46.8615   0   56.4005   71.1723   37.9317   68.2324   34.3186   51.1059   74.0734   53.0151   65.3582   54.6699   29.2195   51.2659   38.2483   81.2638   58.8634   79.54   84.964   35.105   95.1095   63.2675   50.0483   29.0623   71.6765   53.6497   60.577   83.0075   43.6586   
55.8032   101.533   71.3092   84.8646   87.4757   17.8885   77.7817   111.606   44.4072   49.0408   80.4114   29.6142   17.8885   70.4557   20.8806   53.8516   115.624   117.886   99.1817   121.248   73.171   47.1699   76.9415   87.6413   69.0797   97.7446   68.1542   50.9608   102.942   28.4605   77.4726   70   105.816   84.0952   13.3417   48.3735   90.0278   86.977   105.19   117.593   45.2769   61.0737   41.4005   0   96.2485   63.8526   101.051   73.5876   66.0064   111.864   92.1025   102.998   93.9468   68.4885   90.7834   51.689   113.776   43.2132   119.71   125.134   46.59   134.473   90.3739   46.3754   69.2322   90.8024   36.4924   99.0897   100.493   73.2663   
52.4786   92.4392   70.0357   77.0065   116.017   70.0286   7.07107   72.9932   42.7551   67.1193   75.1665   84.7172   86.0233   87.2009   59.2284   66.242   70.0643   82.201   116.692   81.3941   13.9284   57.3847   20.5913   84.6463   69.4262   94.6256   68.7677   29.2746   62.1691   51.788   70.8378   32.5576   76.844   71.6101   75.1665   78   53.4883   113.6   78.7718   70   49.3356   22.6716   55.0818   80.05   0   89.2732   44.0868   63.72   104.962   105.111   65.2861   58.5753   52.4798   68.3631   89.331   89.2462   121.398   107.277   75.5913   77.0364   88.1642   94   106.617   100.84   77.0333   25.6158   82.6827   76.0374   132.017   48.5136   
24.1868   53.3104   25.4558   38.0132   45.4863   32.0156   77.4145   70.8025   34.8281   8.24621   33.6006   24.2074   36.2353   22.0227   43.4166   11.1803   77.1751   75.0067   53.1601   79.511   77.1038   17.8885   60.208   39.3954   23.3452   49.0408   22.6716   52.4976   64.8845   42.9535   31.8277   47.3814   62.2415   38.8973   35.5106   3   53.8516   43.909   60.8276   79.7559   26.6271   68.7677   21.9317   48.8365   75.2396   0   81.3724   48.7343   35.0357   66.4665   60.0931   78.0321   65.6628   44.5899   45.928   31.0416   65.04   59.1152   82.0259   86.5122   35.2627   94.5391   44.8537   49.9258   35   92.6637   59.5533   62.7584   61.4863   65.5903   
43.1856   72.4707   55.0091   58.8982   102.416   72.45   30.0167   50.01   42.72   59.2115   58.0086   82.8734   87.6413   73.9256   66.0379   56.7186   47.0106   59.2284   100.439   58.3095   36.1248   51.0098   9.43398   66.7083   55.0364   75.6637   54.626   38.1838   39.2938   58.5235   54.0833   20.025   54.626   53.1507   78.1857   70.3491   31.9061   99.7296   56.7979   47.0425   45.7056   40.8534   51.6236   86.3539   23.0868   67.3647   0   53.9104   95.898   85.4493   54.1288   32.9443   41.3225   59.0128   75.4812   86.434   103.487   108.641   56.9026   52   86.7286   69.1453   94.7429   100.258   69.8014   47.0167   85.4911   57.0865   117.994   48.7849   
9.84886   57.2713   29.1548   39.5601   73.4098   42.2019   46.0977   54.5619   16.1555   25.4951   36.4005   49.4773   55.9017   44.6878   41.3401   23.7697   57.4282   62.0322   75.2861   64.405   47.5079   17.0294   26.4764   46.2385   28.0179   57.2451   27.2029   27.8927   44.9444   35.3412   31.9531   14.0357   51.4198   35.5106   48.0104   36.6742   31.9061   71.0634   51.788   59.203   13.6015   42.4853   18.7883   58.6941   42.72   33.7343   34   0   62.9491   69.1203   37.6155   50.0483   43.095   25.099   49.6269   49.3553   83.5537   77.6517   59.6005   66.6905   53.8933   81.9722   66.2494   68.6488   32.4642   61.5982   61.2511   51.6142   89.4098   36.2047   
38.0526   61.0328   37.2156   48.1664   40.5216   33.6155   89.5545   83.006   46.0652   22.0227   44.0454   18.0278   31.1448   26.4197   48.0208   25.1794   89.8944   86.4002   52.0096   91.2634   88.5889   30.8058   73.8241   47.634   35.3553   55.5698   34.8855   63.2851   77.8781   49.679   43.2666   61.2046   73.6003   50.2195   34.9285   11.0454   67.3573   39.8121   71.8401   92.5743   38.6264   79.3221   33.1059   47.2652   87.9204   14.0357   81.2219   47.3814   0   76.2526   73.8696   91.0529   79.4393   58.4557   57.6877   39.087   73.0204   48.5261   94.036   100.548   39.4165   106.269   49.2506   44.1509   49.0357   104.782   65.3294   74.9723   56.5216   76.7645   
48.3735   5   27   14.5602   43.566   79.3095   96.0417   39.1152   67.6018   48.0521   18.1108   72.0069   84.5813   29.8329   87.2812   43.566   48.2597   37.4833   33.541   43.4166   99.2975   53.0377   70.214   9.21954   29.0172   4.47214   30.0167   82.0061   41.4367   84   22.3607   58.6686   27.074   19.2354   83.5225   49.6588   40.6079   40.6079   24.0208   51.2445   60.1332   96.2081   60.0333   96.8401   90.6973   48.4665   71.4493   54.1202   56.0357   0   56.8498   78.5422   68.2851   68.7767   37.7798   76.1942   34.8415   102.589   61.3847   67.9245   81.1669   62.0273   44.4253   89.4087   60.0278   110.016   103.74   46.6518   59.566   86.3367   
22.6716   42.0595   23.7697   26.8701   70.9366   60.8276   55.9464   34   36.7696   35.8469   25.807   64.0078   72.8011   43.1741   61.7738   31.6228   37.5366   41.4367   68.2422   43.8292   59.6154   32.0156   30   34.6554   24.3311   44.2041   24.1868   46.0109   24.8395   55.9464   21.9545   18.9737   31.257   21.2603   66.468   45.607   12.0416   68.1542   32.0156   39.598   33.0151   58.0517   36.7967   78.1025   50.4777   42.72   32.2025   20.6155   56.5155   40.2244   0   42.5967   36.8062   42.8537   43.2594   63.989   72.4518   93.1855   39.0832   50.0689   69.2236   61.5817   63.807   83.192   49.2873   73.333   80.6648   26.198   86.5762   56.8202   
39.2046   63.7809   48.1041   50.8035   95.462   72.0069   38.3275   41.4367   42.72   55.0818   50.2494   80.5233   86.539   67.3573   67.4759   52.0096   39.1152   50.636   92.6499   50.04   44.0114   47.8539   13.6015   58.6003   48.3839   67.2086   48.0833   41.8808   30.5941   60.208   46.5296   17.4642   45.6946   45   77.8267   66.0076   23.0217   92.7038   47.8539   39.4588   44.0114   47.2969   49.6488   87.0919   31.5753   63.0079   8.94427   31.0483   77.026   62.9365   24.5967   0   26.3693   50.1386   61.8539   80.4037   94.6025   108.408   43.2947   50.3311   84.7537   63.4588   88.0904   99.6971   63.5126   55.9609   91.661   48.2021   111.173   53.7321   
27.8927   54.0833   35.8469   39.6232   83.2586   63.2456   44.3847   38.4708   35.3836   43.4166   38.6005   69.8928   76.9415   55.0273   60.959   40.05   39   47.1699   81.0247   48.0521   48.7647   37   17.8885   47.4236   36.0555   56.7274   35.7351   39.5601   27.6586   54.2033   34.6699   10.7703   39.4588   33.9411   69.0652   54.1479   16.0312   80.5295   41   40.2492   34.6699   49.0102   39.8246   79.3977   38.4708   51.1566   19.4165   21.095   65.192   52.6308   12.8062   12.3693   0   45.9422   56.0657   69.3624   85.2086   98.1699   42.2982   47.4008   74.9296   63.544   75.7621   87.835   49.2345   64.0865   80.1153   39.0043   99.0129   44.2488   
6.40312   57.4282   27.8568   39.4588   70.1783   37.6431   49.4065   57.8014   14.0357   20.8806   35.9026   44.3847   51   41.7253   38.0132   19.7231   61.2209   64.8845   73.0068   67.6018   50.2096   12   31.257   45.607   26.4008   56.7539   25.4951   28.6356   48.6004   32.573   31.5753   19.105   53.7587   36.0139   43.4166   32.0156   35.609   67.9412   53.8516   63.1269   9.21954   44.1022   13.8924   54.4885   46.5296   29.1204   39.0128   5.09902   42.5793   53.9351   23.8537   36.1386   25.9422   0   45.0483   49.0227   81.7878   72.7559   62.5079   68.0882   48.9974   82.0379   64.5562   59.5982   33.0189   66.6972   56.8692   50.0518   86.1783   41.3037   
25.318   27.0185   4.47214   9.21954   47.7598   57.9396   76.0592   42.0595   44.5533   26.8328   5   53.9073   65.4599   21   64.6297   21.9317   49.3964   45.4533   45.4533   50.2195   78.492   30.2655   51.7397   14.5602   6.7082   25.7099   7.61577   59.4643   38.0789   61.0328   2.23607   38.8973   32.6497   9.21954   62.6498   31.8277   30.0666   44.9444   31.1127   52.2015   37.054   74.2496   37.2156   75.7694   71.4493   29.7321   55.2268   31.7805   41.0488   23.0868   23.2594   47.8539   35.8469   31.0483   0   54.975   53.8367   84.5987   57.2195   61.2805   59.5326   69.2494   39.5153   72.6566   37.4999   93.2566   82.1053   36.636   63.7598   67.9851   
27.5136   65.192   36.0555   49.2443   55.0364   20.025   74.3303   79.9812   30.6757   14.1421   44.7772   14.7648   25   34.0147   32.6956   19.105   85.6037   84.9588   64.3273   89.0955   72.9178   18.4391   61   51.264   33.8378   61.131   33.0151   47.4131   73.0068   33.6006   42.4382   49.366   72.3464   49.4065   23.3452   12.0416   61.0574   53.8516   71.218   88.0057   24.1868   63.2851   18.2483   36.6742   73.2462   12.1655   69.1809   35.3553   16.2788   60.407   49.2443   66.2873   55.3624   30.2655   40.4969   0   77.2055   49.4998   88.3275   96.2943   23.099   105.139   54.0512   39.2788   40.5013   88.45   51.2415   72.2412   71.0364   61.9069   
57.3847   19.0263   35.7771   27.5862   29.5466   82.0549   109.202   55.5788   76.2168   52.345   29.2062   71.0634   84.1724   28.1603   92.4392   48.8365   64.7765   53.0094   17.0294   59.0085   111.772   59.6657   84.22   19.799   37.1618   12.3693   38.0789   92.1954   58.1893   90.4268   33.6006   71.8401   43.566   33.3017   85.3756   50.2494   56.6039   26.8328   40.4475   67.7422   68.0074   107.355   66.4906   98.6154   104.35   50.04   86.4523   64.8845   53.4509   16.7631   54.4518   78.2432   67.2086   63.561   33.2866   62.1289   0   101.977   78.1477   84.6875   85.2279   77.5534   46.7697   92.0004   68.8048   124.005   109.01   60.7181   45.5466   97.4321   
56.6039   93.5361   66.0681   78.8162   71.007   23.0217   92.0869   110.39   52.1728   44.5533   74.4043   16.6433   7.07107   59.6154   36.1386   49.4975   115.884   115.313   84.4808   119.503   88.5664   47.1699   85.6154   79.7559   63.8905   88.5664   63.1269   64.0078   103.233   42.4264   72.4707   75.9605   102.65   79.511   18.1108   39.1152   91.022   71.0282   101.415   118.229   49.3964   76.9415   43.8634   21.2132   93.0484   40.8044   94.6414   62.6498   33.5261   88.5889   79.0569   93.4077   83.6301   57.6975   70.4344   30.4138   86.977   0   118.14   124.223   42.5894   134.468   79.9403   35.5579   68.7615   105.222   50.8938   100.972   87.007   84.0715   
46.7547   43.4166   42.2019   37.1214   84.5931   84.8528   65.6201   14.1421   59.3633   59.1692   39.0128   87.6641   96.8297   60.2993   84.8764   54.5894   13.8924   23.3452   77.4919   23.0868   71.1758   56.0803   40   43.7379   43.6807   48.8467   43.9659   64.846   3.60555   78.5493   37.3363   36.0555   20.5183   32   90.5207   68.0294   12.0416   81.6149   23.3452   15.6205   56.7274   73.3348   60.8112   101.98   58.8558   65.307   35.9026   43.6005   78.5493   44.3847   24.0832   27.2947   25.2982   47.5079   39.4588   72.9452   61.0983   103.005   0   30.544   91.6094   37.3961   77.0128   104.408   65.9933   82.9193   104.377   34.8806   100.481   66.5461   
51.3128   51.8845   49.4975   45.3982   92.9139   88.7299   62.0081   19.7231   61.7171   64.8845   47.0425   93.0591   101.514   68.0661   87.3212   60.5392   15.0333   28.6356   86.0233   26.6833   68.0661   60.7454   37.855   52.1728   50.8035   57.3847   50.9902   64.8845   11.6619   80.604   45.0444   36.8917   28.4253   40.1123   94.4934   74.3303   17.72   89.9444   31.4006   15.1327   60.208   71.5891   64.8151   105.38   55.0364   71.5122   32   46.6905   85.0706   52.9245   29.0689   24.3311   26.4008   51.0882   47.0956   78.2943   69.6419   107.912   8.544   0   98.1401   39.1327   85.0425   110.686   74.0131   79.0167   106.516   42.9004   108.914   70.6496   
30.4138   70.2282   40.8167   54.1202   59.2368   15.1327   73.7631   84.1487   30.4138   18.6011   49.6488   12.1655   20.5183   39.0512   28.6531   23.6008   89.4986   89.3756   69.0507   93.3809   71.8679   21.0238   62.2013   56.3028   38.5876   66.2193   37.7359   46.2385   76.8375   30.4138   47.1699   51.1957   76.8375   54.0833   18.2483   17   64.6375   58.1893   75.8024   91.8314   25.0799   61.7171   19.105   31.5753   73.1642   17.2627   70.7107   37.3631   19.4165   65.4599   52.6972   68.4105   57.9396   32.28   45.2769   5.09902   67.1863   26.4008   76.6094   81.6333   0   107.732   58.0114   32.53   41.2488   90.7815   44.7924   74.3149   75.2368   62.7636   
64.2028   42.0119   54.0833   44.3847   88.5664   102.45   85.1469   8.48528   78.7147   74.3303   47.8539   102.825   113.137   69.0797   103.942   69.4262   8.544   8.544   78.0577   3.60555   91.0055   73.1095   60.1332   48.5077   56.0357   49.0102   56.6127   85.1645   18.0278   97.949   48.0208   56.3205   18.6815   41.1825   107.935   81.6088   30.8707   85.5862   21.3776   10   75.1665   93.6483   78.6003   120   78.2304   79.2023   55.1453   62.6498   91.2688   45.0999   42.19   47   45.607   66.0379   50.2494   88.459   61.0328   118.87   20.3961   23.3452   92.6337   0   84.6906   121.654   84.9628   102.162   122.816   54.3836   102.938   85.8794   
41.0366   33.3017   23.7697   26.3059   23.7065   59.0762   96.3328   62.8172   57.9828   31.3847   24   47.2969   60.4152   5.83095   70.6116   29.1548   71.1969   63.6946   26.4008   69.2892   97.591   40.3113   74.0945   21.9317   23.7065   26.9072   24.1868   75.213   61.131   69.5701   26.3059   60.7454   51.5461   31.0161   62.0322   27.0185   54.4518   21.095   49.0408   74.1485   49.3964   91.214   46.5188   75.1665   92.6175   27.2947   78.721   50.2494   29.7321   28.4253   47.4342   71.8679   59.6154   47.4236   24.5153   39.0512   23.7697   63.2456   63.0079   71.0282   44.0114   70.214   0   69.6711   55.2563   110.847   86.848   58.2897   39.2594   85.3533   
42.9418   80.0562   52.0096   64.8999   61.9839   15.8114   83.1865   96.2601   41.0122   30.4138   60.4649   4.12311   9.48683   46.8402   31.4006   35.3553   101.828   101.178   74.0068   105.361   80.5233   33.541   73.8241   66.1891   49.8197   75.3923   49.0408   55.109   89.202   35.7771   58.4123   63.3246   88.5268   65.437   14.4222   25.4951   77.1038   61.5224   87.3212   104.202   36.8782   69.5701   31.0483   25.4951   83.2947   26.9258   82.5651   49.6488   22   75.1532   65.192   80.6536   70.3847   44.5982   56.4004   16.2788   74.7329   14.1421   89.0505   94.1541   12.53   104.738   50.9902   0   53.7788   97.2158   47.2336   86.8449   77   74.707   
7.61577   49.163   18.0278   31.4006   56.6392   36.7151   63.0079   58   24.1661   9.21954   27.1662   37.2156   46.6905   28.4253   42.4264   6.32456   63.2535   63.6003   60.208   67.3573   63.7024   8.06226   43.6807   36.0139   16   47.0956   15   41.0488   50.6063   39.0128   23.5372   30.5941   51.3128   29.7321   41.8808   20   38.5876   54.4518   50.6063   65.6049   15.8114   57.0088   15.0333   54.5894   60.0333   17   50.4876   17.4642   31.0161   45.0111   26.8328   46.0109   34.2345   13.6015   22.2036   22.4722   52.2015   52.6308   50.4777   55.9017   26.2488   66.4831   34.2053   38.6005   0   79.0625   63.461   50.1127   72.6392   53.6689   
54.037   97.0618   73   80.9938   117.924   67.1863   2   79.511   41.7852   67.7422   78.8162   82.9759   83.1505   89.2749   55.2268   67.424   77   88.6848   119.604   88.1419   6.32456   57.8014   25.9615   88.4816   72.1803   98.7927   71.4493   26.1725   68.593   48.0416   74.4043   36.3593   82.7103   75.8024   72.0278   78.2943   59.203   115.624   84.4808   77.0584   49.1935   16.1245   54.626   75.8024   7.61577   75.6637   30.0167   44.5982   87.7268   95.0158   55.0091   38.1182   43.6578   47.8017   74.8131   72.45   108.005   90.0888   65.3758   62.0081   71.8401   85.0529   94.8472   81.2158   61.4003   0   76.1356   78.8845   131.29   48.0179   
44.3847   94.0479   62.9682   76.4853   88.0227   14.4222   61.4003   99.4786   29.7321   42.0119   72.1803   33.3017   26.8328   66.4831   4.47214   46.1736   102.65   106.438   97.5141   109.275   57.0088   37.108   61.0574   80.5047   60.8276   91.2688   59.8415   34.4819   90.1388   12.083   68.6586   55.1725   94.9368   74.7262   15.8114   45.1221   77.1038   86.977   94.7048   104.403   32.6497   45.0111   30.3645   16.4924   63.561   44.5533   70.4911   45.2217   47.8539   89.6772   65.5134   71.8401   65.1153   41.6773   67.2681   33.2415   94.1329   32.8938   88.8144   91.4385   28.7924   107.703   71.8471   29.6985   45.1221   59.4138   0   89.3291   101.092   56.8889   
29.1548   32.45   21.3776   19.2354   65.9697   67.2012   65.7419   26.9072   45.607   39.2046   19.6469   67.8012   77.7946   40   69.857   34.4093   32.45   33.121   61.2944   36.4005   69.6419   37.8021   39.4462   26.9258   22.8035   35.3553   23.0868   56.0089   20.1246   64.5136   17.0294   29.1204   21.8403   13.4164   72.6223   47.4131   11.1803   63.0635   22.2036   34.9857   40.7185   68.2495   43.566   84.8764   60.0333   44.7772   40.3113   29.6142   57.7754   31.1448   10.198   31.8904   21.6333   31.9531   19   53.2635   46.4004   83.6301   20.8806   28.1603   57.3149   35.3836   43.2897   69.527   31.1127   64.8845   73.3485   0   81.9697   65.8188   
63.2535   47.5395   47.0106   47.3814   1   73.0548   118.849   82.1523   78.6448   51.0882   46.0977   56.8859   69.4622   28.3019   86.8159   50.2096   91.0494   81.2158   17.2047   87.1321   119.67   60.8769   97.2471   41.0122   46.9574   40.2616   47.4131   96.2601   82.2192   87.3212   49.0408   83.863   70.2567   52.7731   74.4648   43.0465   76.9025   3.16228   67.3647   94.0479   70.0928   112.486   66.2193   86.4928   115.434   44.6542   101.98   72.8011   39.5601   43.7379   70.5762   95.0789   82.8553   69.527   47.4342   54.1295   29.9666   70.0071   84.4808   92.7793   58.3095   88.6848   23.2594   61   55.9732   117.29   87.0919   65.7343   0   105.028   
26.1725   73.3757   46.3249   56.0803   90.0278   45.3542   29.6816   64.5368   16.0312   39.8246   53.2259   58.0345   61   61.5224   38.2753   39.4081   65.192   72.9932   92.4554   74.2159   30.4138   29.9666   18.3576   63.0714   45.2217   73.9256   44.4072   13.3417   53.8516   30.8058   48.7545   15.5242   64.0312   51.5461   50.9608   50.5668   41.5933   87.7838   65.0077   66.3099   21.8403   25.632   27.6586   58.5918   27.5136   47.8539   27.7849   17.2047   60.407   70.5762   33.0606   29.7321   26.2488   19.8494   48.7647   45.8912   81.9878   68.0661   51.5461   51.8845   46.1736   71.8401   67.1789   57.0351   33.4215   28.0179   42.72   43.1856   89.3756   0   
