15
60
999999 12 13 16 10 5 5 12 9 15 11 9 16 10 16 13 15 9 12 15 17 8 13 6 5 8 11 12 8 6 9 16 9 11 14 17 15 7 6 5 11 16 7 6 17 5 8 14 5 16 11 8 10 13 13 7 7 17 10 7 
0 2 2 15 4 2 4 9 8 1 9 2 10 6 6 8 3 8 9 10 13 3 8 2 4 2 4 7 6 2 1 13 5 7 4 10 4 5 4 3 2 11 5 5 2 4 6 8 2 15 5 2 3 11 1 2 2 4 3 4 
20
0   0   0   0   0   0   0   0   0   0   0   0   0   0   0   0   0   0   0   0   
5   2   -4   -1   -7   -2   -6   2   -3   8   0   3   -1   -3   5   6   -5   2   0   1   
-3   4   -4   -1   -12   10   -5   2   -8   11   0   0   -2   8   -2   6   -6   0   -4   2   
-14   6   -13   7   -12   8   -10   12   -11   5   -8   9   -12   14   -13   15   -11   9   -14   9   
-2   6   -3   3   -5   10   -4   7   -3   1   -10   2   -6   2   0   3   -5   8   -6   5   
-1   0   0   0   -1   0   0   0   1   -1   1   0   1   0   0   0   0   0   0   0   
3   0   0   0   1   0   0   0   0   0   0   0   1   0   3   -1   1   -2   0   -1   
-6   9   -12   11   -9   9   -4   9   -6   6   -11   2   -2   5   -7   8   -11   8   -12   12   
-4   9   -1   6   -1   5   -8   -2   -2   4   -7   2   -8   5   -9   6   -8   5   -9   3   
0   -13   7   -9   3   -6   7   -7   14   5   8   -5   2   -9   7   -4   -3   -4   1   -9   
-4   3   -6   0   -4   1   -2   0   -1   5   -4   6   -1   3   -3   0   -3   0   -1   8   
6   -9   2   -6   7   0   8   1   2   -6   0   0   2   -5   3   4   1   -5   5   -3   
0   -8   2   12   -5   -6   0   -3   -1   1   -4   0   -9   6   -9   8   6   0   2   -8   
2   2   -3   -5   -3   -1   1   -6   2   2   -4   2   0   2   0   -2   -4   -8   0   0   
-1   14   -12   7   -7   15   -5   -3   -8   5   -8   6   -10   11   -4   3   -10   3   -11   10   
3   -11   12   -7   8   -5   12   -8   7   -8   7   -6   9   -8   12   -8   4   0   3   -11   
0   3   3   1   2   -1   1   -10   6   3   7   -3   10   -1   -2   -1   0   -2   -1   -7   
0   2   -4   3   -1   7   -7   6   -5   3   0   2   1   -1   -6   1   0   2   -4   4   
6   -4   -8   8   -9   7   2   -5   -7   -1   1   -4   -10   0   0   0   -4   0   -5   6   
-12   12   -8   12   -6   6   -3   7   -8   7   -9   10   -14   6   -2   9   -5   15   -7   7   
-11   6   -8   14   -3   12   0   2   -7   6   -6   1   1   3   5   15   -2   2   -13   5   
-3   3   -4   1   -2   5   -4   4   -7   4   -7   3   -6   2   -2   3   -5   8   -5   5   
4   2   -11   3   3   3   2   0   -3   4   1   4   -7   0   -7   0   -5   4   -5   1   
0   0   0   0   0   0   -1   0   0   0   0   2   0   0   -1   0   1   0   0   0   
-2   2   -2   1   0   1   -1   0   0   0   -1   0   0   0   -2   0   -1   2   0   0   
3   -2   6   -4   7   -3   4   -5   6   -6   3   -5   2   -4   5   -2   5   -5   8   -4   
-4   7   -1   5   -2   3   -9   2   -3   5   -5   5   -7   4   -11   4   -9   4   -7   0   
-7   1   2   -1   -4   5   0   2   -1   0   2   -4   -8   0   0   1   2   1   0   0   
0   0   2   0   2   -2   -1   0   1   0   1   -5   2   0   1   4   3   0   -1   0   
-1   -2   3   2   -3   0   -2   -1   0   -1   -1   2   0   2   -1   -2   0   2   -2   1   
2   0   3   -3   -1   -1   0   3   2   -2   0   -3   -2   0   1   2   4   -1   -1   4   
7   -8   10   -6   8   -14   10   -1   8   -9   10   -10   8   -7   7   -5   8   9   4   -8   
-5   3   -3   8   -1   3   -3   3   -4   4   -5   1   -1   6   -4   3   -1   2   -7   5   
-5   4   -3   5   -3   2   -8   7   -7   11   -9   10   -9   5   -6   6   -8   7   -7   5   
2   6   -3   3   5   6   -3   7   0   10   -5   9   -6   2   -7   3   0   9   -6   5   
-7   4   7   7   4   -3   -5   3   -6   0   -4   -1   -4   -3   4   -8   1   -1   3   -2   
-9   12   -13   0   -3   4   -8   13   -3   4   -5   4   -5   6   -1   0   -2   8   -5   11   
-3   4   -3   6   -2   1   -2   1   0   0   0   2   -3   4   -1   4   -1   2   -6   7   
-5   3   -1   5   -3   5   -1   6   -5   6   -6   6   -5   2   -2   3   -5   2   -3   3   
-2   4   -2   3   -2   3   -3   3   -3   2   -4   2   -3   2   -2   2   -2   3   -2   3   
-8   6   -6   6   -6   3   -7   6   -6   1   -3   5   -8   -1   -2   3   -1   9   -5   1   
-12   7   -6   10   -4   6   -3   15   -10   13   -8   10   -8   7   -5   1   -5   10   -4   10   
5   -2   3   -3   1   -5   5   -3   2   -3   3   -4   4   -3   1   -1   4   -7   3   -7   
0   0   0   3   -1   2   0   0   0   -1   2   -4   0   -3   -1   -1   -2   1   -3   1   
-3   -3   13   -2   7   -12   6   -3   -1   -4   8   -8   -2   7   2   -8   -3   -2   5   -5   
2   -1   2   -1   1   -1   2   -2   2   -2   0   -2   3   -1   3   -3   2   -2   1   -2   
-2   4   0   5   -4   4   -4   5   -4   3   -3   3   -6   2   -6   4   -5   5   -1   0   
11   -8   14   -5   8   -8   9   -5   6   -6   7   -8   12   -11   10   -12   11   -5   9   -5   
-3   1   -2   4   -3   3   -3   3   -2   3   -1   2   -2   4   -2   2   -3   1   -1   1   
-6   7   5   4   0   0   -1   5   0   4   -8   2   -4   12   -6   1   -3   6   -1   2   
5   0   2   -2   4   -6   2   -1   1   -4   2   -5   3   -4   -1   -5   0   0   5   -1   
5   -2   1   -5   4   -5   4   -5   4   -2   1   -6   4   -5   0   -5   4   -5   5   -5   
4   -9   1   -4   9   -3   6   -3   7   -9   8   -9   6   -3   5   -3   1   -9   2   -3   
-2   0   -2   0   6   -4   -7   2   7   -5   2   -9   3   0   -2   -4   -3   -5   2   -2   
1   4   -2   3   -2   1   4   -7   -7   -3   -5   4   -1   -3   7   3   0   2   -5   0   
-4   5   -4   0   -3   7   -7   3   -4   2   -7   5   -4   6   -5   4   -4   5   -6   4   
-4   6   -4   3   -5   3   -4   0   -6   6   -6   4   -2   7   -6   4   -4   5   -6   5   
-1   -5   3   1   4   0   0   4   10   -4   5   -8   6   -6   12   6   -6   -9   -2   2   
2   -3   0   -3   5   1   3   -1   2   1   1   0   5   -3   0   1   0   -4   1   -7   
3   -4   0   0   0   0   0   1   1   -2   0   0   5   0   0   0   0   -1   0   -1   
0   58.1538   57.739   31.4556   63.8525   76.8882   38.2627   57.9218   22.2361   61.76   55.3126   30.4164   46.4795   64.2958   57.0465   28.1803   78.9374   48.7805   62.5865   71.4447   61.4264   61.0478   73.0924   62.0104   31.7082   75.5362   41.3607   54.4475   34.5529   44.3607   65.3966   65.0176   63.582   46.3883   64.9512   48.2415   57.121   67.0096   61.0405   42.0791   66   84.9801   34.868   71.083   46.4253   59   58.1545   38.4971   52.5366   62.5079   56   48.6833   75.0737   34.025   63.2685   67.4782   82.8982   60.4401   63.4166   53.2062   
38.9487   0   73   69.2561   51.6054   79.8539   75.3783   73.154   60.0366   60.8803   29.4018   66.684   85.4282   103.245   78.1819   67.129   91.2069   71.3564   70.3263   33.4164   92.339   31.4164   91.0069   80.473   53.8024   39.0278   79.3976   47.0865   42.6008   51.108   101.977   99.2304   82.6203   48.1715   103.9   31.1421   72.5155   89.2245   99.9892   81.0277   95.6236   123.929   73.8166   97.1707   65.6236   93.0902   68.1741   50.3061   75.1479   101.457   83.0328   86.6318   37.2878   54.7759   96.3896   100.437   111.837   93.5612   25.2462   77.6118   
39.6989   59   0   58.4969   98.7752   113.822   52.4705   97.6207   56.3113   98.383   80.6108   64.2307   64.5296   60.6578   96.7454   63.9168   118.636   88.4794   99.8191   83.2278   89.1898   85.2833   32.9706   29.1529   55.5876   90.6645   70.7923   55.6264   63.8467   75.6117   77.0322   86.6496   103.281   86.0871   60.4866   77.0846   91.7008   27.53   60.1301   66.3653   46.5287   95.1025   59.4919   101.581   31.6301   89.4983   94.7775   49.2278   92.2355   77.1749   29.8284   50.249   84.1863   54.7133   83.074   104.051   86.7343   80.2456   80.5587   30.6301   
11.3137   50.2494   40.4969   0   72.3504   76.6188   31.2956   57.9168   26.5498   65.2815   65.7185   19.8416   35.2094   54.9712   55.7893   17.6056   81.9061   50.8637   61.8539   78.0593   48.5262   71.5279   73.4675   67.0784   32.8045   83.4713   26.1655   65.7612   42.4591   53.0713   54.8782   46.4074   62.6967   56.1123   57.1966   59.5552   49.8904   68.0269   51.3657   32.9443   54.833   77.7075   35.2462   55.5933   47.5296   50.9848   69.4682   49.8108   63.8504   55.2353   64.8333   39.1108   86.3874   45.3387   42.2843   67.6004   67.634   45.0768   74.7303   54.0167   
49.0102   33.6006   83.4865   57.4282   0   55.9595   82.4613   50.6711   69.4738   37.6333   45.2036   73.3862   92.3361   109.393   61.0463   71.7449   67.0883   63.0966   47.6292   59.4367   83.9504   47.4722   115.747   105.806   60.5296   54.3363   81.9872   80.6871   54.9285   50.3645   104.238   90.6259   61.4868   38.4642   111.619   45.2036   60.2782   110.859   105.788   82.8172   109.005   124.674   81.6201   74.1378   92.4983   77.6259   34.0278   71.6488   63.1248   111.518   101.77   94.1665   70.8884   71.3927   89.3278   79.8516   125.062   92.6018   58.8468   99.4648   
60   64.846   99.6393   62.6099   35.0143   0   88.9377   36.9737   74.6406   44.5373   74.0678   73.7062   89.1664   110.498   47.0192   77.3373   37.7648   54.3932   38.7648   89.4095   74.4909   70.4358   131.788   122.01   82.8485   89.3506   76.1664   105.932   74.1733   60.8566   94   77.131   49.1868   53.9701   111.306   70.0522   51.407   127.006   106.892   78.2456   114.73   112.626   84.0797   60.3528   105.202   68.1664   40.9317   96.2032   42.3516   98.5153   115.019   93.8499   95.0625   94.025   74   50.1548   110.022   77.0345   90.0922   104.202   
17.2627   54.3783   31.7805   10.2956   66.0303   72.8972   0   68.2125   36.8455   75.5772   72.5753   30.1372   32.0278   44.5106   66.0849   27.9012   92.0275   58.1064   72.1496   81.4334   56.6117   78.3105   64.7511   60.4274   43.1001   86.4017   34.4005   69.7647   51.8156   61.6234   54.081   53.9492   72.6484   63.6509   45.959   65.5042   60.0119   59.3105   40.9511   29.9284   44.1548   71.3101   28.0711   65.8889   38.587   59.4424   74.4891   53.6783   69.7993   48.8378   49.8869   23.4868   84.5307   49.2062   50.6089   77.896   61.8219   47.7805   72.4891   44.8403   
42.4264   56.0089   82.0731   43.909   34.6699   18.9737   54.2033   0   57.1547   39.9706   66.083   54.223   69.0473   91.5821   29.872   55.3709   46.7859   32.4268   30.099   85.3178   51.9473   70.9816   114.433   104.437   60.8821   84.4685   56.2878   90.9897   56.7857   39.0667   77.9438   60.2349   31.4305   44.4268   91.0958   59.0119   29.4405   109.436   89.0437   59.2825   96.7068   96.6282   65.1624   42.4079   86.1499   48.116   38.8243   74.2368   20.3852   85.9417   98.4264   77.6902   87.171   76.4514   61.4264   43.2354   92.4255   60.1995   80.0703   90.5052   
2.23607   41.0366   40.3113   9.21954   50.01   59.6406   16.0312   41.7732   0   59.8816   57.5487   29.0612   44.4289   60.5418   55.8808   26.8251   80.7667   51.0166   60.6796   69.1991   57.7457   62.4131   73.2819   64.2465   23.9443   77.7723   35.3851   56.6836   36.789   36.4722   64.0977   53.8582   62.6542   48.1361   61.9903   50.4776   52.9061   67.8413   56.9823   37.8045   60.186   85.9255   37.104   61.643   48.6614   54.0132   60.3905   40.7332   54.7727   63.4533   58.2361   39.5181   75.6486   36.2611   49.7351   66.0899   76.8536   54.2415   63.607   55.4422   
45.6946   45.8803   84.3801   50.9902   18.3848   18.9737   60.8769   16.9706   45.8803   0   50.7416   60.1849   79.0384   101.394   44.6241   62.0128   47.0161   45.2312   31.207   70.4358   67.7851   53.6611   114.955   104.289   59.7956   69.8454   66.0384   82.6056   50.8471   37.5304   90.7389   73.2473   45.0646   30.644   101.629   46.726   42.2312   110.901   98.6611   68.6056   104.098   111.013   72.9319   57.9168   87.4411   63.3986   17.6056   74.4885   37.3557   98.5784   99.1201   84.3638   83.1681   79.7196   75.2343   49.805   107.634   72.4059   71.1265   88.3034   
39.8121   11.4018   66.6108   50.6063   22.2036   54.3415   56.648   47.3814   41.5933   35.5106   0   61.0336   83.6419   101.159   70.8907   63.2611   82.5267   65.8483   62.2657   44.8182   86.531   31.831   94.7775   83.7982   49.7067   39.6155   73.0807   58.4883   37.8341   45.6678   100.273   89.1886   72.5492   38.1005   102.607   21.0711   65.1597   92.809   97.5991   79.3978   100.207   122.448   74.68   83.8506   72.2151   85.4166   50.1361   47.4006   67.7666   102.32   82.3699   80.1349   42.0192   49.1283   86.5088   85.3156   117.908   83.6804   36.648   82.0085   
9.48683   47.4236   44.2041   5.09902   52.6118   57.7062   15.2315   39.1152   7.28011   45.8912   46.8722   0   40.245   57.4663   54.5862   22.7046   74.084   47.5862   59.9418   75.4103   53.4694   69.6932   75.2994   68.8555   30.1555   85.0231   31.2645   63.9343   44.0398   43.7523   54.6232   49.5836   54.3609   50.2278   58.1216   57.7284   44.5862   70.616   54.2109   33.4018   59.3863   77.4085   28.0384   53.6264   47.0151   47.1448   58.5793   47.984   56.8378   60.3344   60.9318   38.7184   82.405   43.5118   45.4605   63.9444   65.0392   49.9615   70.8871   52.6006   
30.4795   69.4262   46.5296   19.2094   74.4648   72.7805   18.0278   53.9351   28.4253   65.0308   69.6419   22.8254   0   43.0907   66.1495   36.8149   86.7234   54.108   73.712   97.2687   43.9018   90.4718   75.0328   74.8535   52.0139   102.681   31   84.8326   61.6684   62.1475   43.3576   39.5396   68.6952   73.0533   40.0907   78.721   60.5754   72.0273   44.2485   29.7047   53.4795   55.7947   30.2066   60.1147   53.0132   48.0656   79.1289   68.9766   63.6621   43.0294   61.911   33.3178   102.558   64.5045   35.4165   66.6236   43.4253   38.105   90.5169   57   
47.4342   84.5991   43.6578   37.6563   95.0368   95.3415   30.4631   76.4853   45.8803   87.0517   87.0919   42.4264   22.561   0   85.5195   55.2619   108.024   74.0535   95.2465   110.964   63.888   106.975   73.2432   71.6338   69.8246   116.865   49.3553   97.3407   77.9062   79.192   44.7607   56.6079   91.2562   92.6542   29   95.6757   80.5859   67.4216   30.6056   52.2657   35.0333   52.1283   50.4279   82.5295   67.2244   70.4782   101.006   82.2735   86.1969   38.3576   56.1096   44.0238   114.994   77.8014   57.9775   89.1847   48   59.8246   102.952   66.6611   
43.0465   63.3877   81.6884   41.7253   45   26.0192   51.7397   10.6301   41.8808   27.5862   55.7853   37.5366   48.1041   70.5195   0   54.1838   44.4722   34.0416   32.2643   91.6306   42.5282   75.0968   112.836   105.057   65.8251   91.2461   53.2353   97.494   67.4159   49.6969   68.4526   49.2036   28.8284   48.5261   85.6419   69.642   35   108.153   86.1121   55.9625   95.8945   85.2342   65.5751   32.6015   84.5518   36.2036   45.1918   81.5436   31.0153   72.3095   96.88   75.2266   97.8012   77.0715   55.0147   25.0499   87.0075   58.1403   88.6339   86.0634   
11.1803   49.5177   43.8292   3.60555   54.7449   59.0339   13.8924   40.3113   8.94427   47.676   49.0918   2.23607   20.5913   40.3113   38.1838   0   75.7353   44.1725   62.1779   76.482   47.4596   71.3574   76.7998   70.6839   32.3916   86.7166   29.6917   65.6278   45.7333   45.4165   53.5038   45.2235   56.0122   52.4639   58.2801   59.4219   46.8223   71.3173   54.8435   25.2195   58.0472   76.3859   29   55.8625   49.2512   48.4138   59.4072   49.6775   59.0739   58.8409   60.1033   37.3793   83.4003   45.2053   41.3437   63.2336   64.0166   38.5153   72.5513   49.2866   
63.8905   75.9539   103.276   63.8905   48.6621   14.7648   74.027   21.9545   63.0317   31.0161   66.1891   59.4643   70.2638   92.477   22.4722   60.3075   0   48.5892   34.8806   101.452   62.3007   84   134.764   125.901   81.6397   100.862   72.6718   110.217   76.0145   58.2945   88.1485   68.7449   33.7231   61.6601   106.066   77.7421   51.395   130.08   105.471   78.4347   114.492   105.007   84.0652   47.2655   106.479   55.9762   48.6217   95.6053   42.3397   94.7817   119.352   93.6116   108.195   95.7559   70.5711   45.0998   104.701   73.1601   101.2   108.536   
31.7805   57.28   69.814   29.6985   45.607   35.6931   39.6989   17.0294   30.4138   31.0161   51.4296   25.6125   37.108   59.6657   12.0416   26.1725   34.4093   0   39   86.0831   42.0217   72.5835   100.789   93.7909   53.4005   87.0719   44.6982   85.3542   52.0555   46.2485   61.5412   48.0846   31.8661   54.6105   75.2386   59.7772   28   96.0065   72.3276   42.178   79.7419   82.5136   53.6509   42.1245   72.6276   41.0294   47.0689   67.6236   35.0416   68.4768   84.0197   63.1857   90.2861   65.8055   43.9615   37.0915   80.5333   48.5372   78.5368   73.203   
45.4533   55.3263   85.1469   47.8539   31.305   14.7648   58.1378   5.09902   45   13.0384   46.0109   42.9418   58.6941   81.2158   15.2643   44.2832   20.8806   22   0   83.4742   57.0464   66.6995   118.069   107.464   64.5527   79.6201   61.3868   93.1305   58.9275   41.2074   83.0429   64.4679   28.8661   43.6824   95.7527   59.7644   34.5396   112.463   94.1428   64.178   100.035   100.499   70.2614   47.5069   89.957   51.4679   30.644   79.3358   25.4842   87.5739   101.428   81.6246   88.0301   79.4783   65.9615   40.3142   97.5245   65.2985   79.5059   92.6525   
51.6624   13.4164   66.0984   62.9682   41.4367   75.1332   66.2193   68.1836   53.8145   56.4358   21.0238   60.4401   82.0244   95.9635   76.1183   62.482   87.2067   70.5195   67   0   105.202   35.9737   96.1105   82.0836   63.9333   28.2195   88.6885   48.0689   51.8917   64.5244   113.825   107.673   92.7817   59.1045   112.031   42.0949   85.9319   93.6284   106.6   87.7015   103.471   136.642   86.2753   104.874   75.2947   106.44   71.1599   48   88.5644   114.17   88.4471   89.7062   23   59.4708   103.55   100.145   125.253   100.997   31.9443   78.3514   
42.4264   76.4788   72.111   34.0588   68.6003   54.3323   40.5216   37.9473   40.3113   53.6656   72.4224   33.1361   27.8029   47.4342   28.4429   32.0156   47.5184   23.0217   43.0116   89.8944   0   93.801   102.141   98.9345   63.2916   107.65   39.9443   96.8739   73.9651   63.9704   40.6833   25.2801   54.0031   71.0377   60.793   82.799   44.5539   96.9782   62.2277   44.055   74   56.7551   50.6829   44.2627   79.1086   32.3246   70.0906   80.9235   58.0633   48.9531   84.9366   58.1933   112.894   76.4514   28.7727   45.4591   61.1721   25.9443   101.559   81.3023   
45.618   13.4164   71.2531   56.4358   22.4722   56.4358   62.3939   51.1957   47.4131   38.0132   5.83095   52.6972   75.4718   92.8493   60.0833   54.9181   69   56.4358   49.366   18.9737   77.801   0   100.608   89.6292   55.5377   35.2788   78.9116   56.6393   43.6651   51.4988   106.104   95.0196   78.232   43.9314   108.353   26.902   70.9907   98.6399   103.345   80.1377   103.269   128.279   80.4859   89.6815   78.0461   91.2476   55.6187   53.0555   68.5964   108.126   88.2008   85.8807   39.7697   54.9593   92.3398   85.1332   117.736   89.5114   34.799   87.8394   
56.6392   72.0069   16.9706   57.2014   99.0051   116.516   48.0208   99.0353   57.28   100.955   80.7775   61.0737   61.0328   53.0848   98.5951   60.6053   120.241   86.6833   102.069   77   87.7268   84.9294   0   32.0357   72.5581   101.252   82.4214   63.0416   80.8173   92.5822   93.4129   99.2193   115.435   102.833   73.2377   92.5055   104.617   31.0828   68.8114   77.9492   55.2099   102.204   73.5891   112.795   48.6007   104.453   111.748   64.6488   109.176   89.7446   38.2047   62.8188   97.1622   67.6154   95.6193   121.021   101.085   92.7909   92.1158   47.6007   
48.0104   58.4637   13.1529   51.0784   86.7698   106.775   43.4166   90.1388   49.0918   90.2718   67.6757   54.1202   59.2115   56.6127   90.9725   54.1295   111.826   79.404   92.6984   63.0079   83.9345   71.5681   14.0357   0   62.2769   91.2246   77.2439   53.0147   70.1492   85.564   90.1852   95.8946   108.481   90.3052   73.6395   79.9782   95.9938   37.7648   72.8517   73.345   59.6816   106.22   69.4488   106.672   41.587   100.848   103.112   52.1214   100.547   88.4557   34.5242   63.402   86.0079   51.6699   92.0149   115.182   99.8873   89.1864   75.2268   40.587   
6.7082   32.8024   38.5876   17.8045   46.5296   61.5549   21.9317   45   8.94427   45.793   34.7851   16.1555   36.7696   52.3927   47.0106   17.8885   66.8506   36.4005   47.4236   45.2548   48.8365   40.4969   55.2178   45.2769   0   64.8035   43.97   49.1321   32.0416   45.4165   70.7787   62.7677   64.1426   48.0161   67.8908   51.6356   51.3363   65.3317   62.8828   43.1081   66.0865   91.4846   41.5762   69.7819   41.7308   60.0977   63.3986   33.6143   59.2449   69.2161   62.3573   45.4185   66.9183   29.1421   58.6794   72.0605   79.1153   56.0595   58.0487   54.6356   
56.8507   18.0278   74.6726   68.1175   37.3363   72.111   72.4017   67.4685   58.8982   54.037   20.6155   65.0692   87.3212   102.577   76.243   67.2086   85.0529   72.0139   65.6201   9.21954   92.6499   16.2788   86.0233   72.0625   50.8035   0   93.3043   52.2099   58.0577   65.8914   119.69   109.412   92.7728   58.3241   118.106   41.2947   85.7753   102.203   113.098   92.4282   111.959   141.831   91.7186   104.466   83.6514   106.032   70.7516   57.2195   84.8753   119.359   94.1218   95.6333   32.2195   60.8803   107.124   101.293   129.864   104.296   37.1172   87.571   
22.3607   60.3075   50.1597   12.1655   61.9839   60.1664   18.3848   41.2311   20.1246   52.0384   59.0339   13.0384   13   35.3553   36.2353   11.1803   58.6686   24.6982   45.8912   73.4098   22.3607   64.8151   66.242   61.6847   29.0689   77.7946   0   76.8082   54.6246   51.6228   43.2029   36.7082   55.9487   63.2662   53.0907   70.6022   51.3428   76.5524   50.6218   20.4721   57.1825   64.7034   34.6619   49.6497   56.1622   41.6619   65.163   60.8578   53.9026   42.2312   65.9788   39.2603   91.4209   56.3857   32.8284   61.1096   56.4253   30   83.7316   55.1622   
40.4475   26.9258   38.6264   50   59.4138   86.8332   48.7647   74   42.5793   68.2642   37.8021   49.8197   66.6408   75.0067   78.6448   51.1957   95.6347   69.3542   74.8465   29.0689   82.8734   40.3113   48.0416   34.0147   34.1321   38.2099   62.0967   0   57.0555   66.923   100.971   96.2256   98.2747   65.9711   91.2334   55.5366   85.4684   66.1564   86.5007   72.8218   79.609   120.075   75.0974   103.446   49.609   94.2298   85.8697   39.0278   91.6045   97.6026   62.2311   72.2516   44.1548   40.6155   92.1025   103.695   110.066   89.711   46.8403   56.4005   
16.5529   23.6008   48.8467   27.4591   34.9285   54.2033   33.5261   39.9249   18.3576   36.7967   23.2594   24.0832   46.6154   63.9062   44.5533   26.2488   61.7414   36.0555   41.1825   36.8917   53.3104   29.0689   64.8845   53.6004   12.0416   41.0122   36.7967   34.2053   0   37.72   77.7024   68.8971   65.4459   37.8087   79.4851   31.7631   58.0139   76.3767   74.4772   51.4684   77.6809   101.492   51.4209   76.1536   53.7724   68.3356   52.2415   37.5771   54.4005   79.0279   66.3465   57.0129   55.5882   33.105   64.774   69.3323   89.1224   64.7641   43.5466   56.5601   
22.3607   37.108   61.6117   28.0713   30.3645   38.2099   37.6563   22.3607   22.4722   23.4094   31.3847   23.0217   44.1475   65.192   27.074   25   44.2945   20.2485   24.2074   50.2892   41.2311   36.6197   78.4092   68.593   23.3452   51.8845   31.6228   51.923   17.72   0   74.8257   58.5982   46.2746   36   81.1434   49.4831   34.4165   88.0786   77.2326   50.2195   81.8111   96.3262   51.0601   53.1386   64.4777   60.0555   41.015   49.3412   39.6815   73.854   78.3607   61.1432   69.0818   50.825   64.21   52.1238   87.5728   61.4187   60.5533   74.2801   
48.1664   86.977   62.0322   36.8782   88.2383   80   36.2491   62.2896   46.0109   76.1577   86.2148   39.6232   18.3576   24.6982   54.0093   37.4833   74.1485   45.5412   67.3647   99.8248   26.6833   92.0054   74.6726   75.1066   54.6717   104.69   27.2029   84.9706   63.7024   58.1378   0   35.4165   72.1248   89.8238   42.2036   95.4655   64.8617   83.593   50.3768   47.6751   59.7315   37.2603   48.5641   60.6982   70.9181   48.6491   90.7814   86.6635   72.5587   31.4031   80.2686   51.5941   118.586   82.1914   36   71.1295   40.1529   44.0907   107.249   75.3576   
42.0595   78.2304   68.1542   32.3883   73.2462   61.131   37.2156   44.1475   39.8497   59.2368   75.1665   32.573   22.3607   40.6079   35.1283   31.0483   54.7449   28.2312   49.2443   91.586   7.28011   80.7217   83.2166   80.4114   48.7032   95   20.2237   82.2253   54.7083   44.5982   19.4165   0   55.8331   73.0088   53.833   83.1175   47.0161   94.3879   57.6718   40.6959   71.2712   56.6768   49.4468   41.5153   74.8558   36.3701   74.2888   80.5566   55.8497   38.6982   84.2717   55.6785   110.296   76.0845   27.1231   50.7131   49.0624   24.7082   98.2549   73.8558   
45.793   65.192   84.5044   44.5533   45.4863   24.1868   54.5619   10.8167   44.6542   27.6586   57.2713   40.3609   50.6952   73.0548   2.82843   41.0122   19.7231   14.8661   14.8661   77.7817   30.1496   61.4003   101.415   93.7443   49.6588   77.6209   38.9487   81.0247   46.8722   29.2746   56.0803   37.0135   0   51.3545   88.4704   67.4782   37.8284   110.873   87.1937   57.0441   94.608   86.9047   67.4065   28.3178   87.376   39.032   45.2642   78.6158   31.2018   74.531   98.8858   78.0487   97.7345   78.801   56.1248   27.8783   86.076   54.3657   88.0616   88.0691   
32.3883   31.1448   69.3181   40.1123   17.4642   34.8855   49.0408   25.0799   33.1361   16.4012   22.3607   35.2278   57.0088   77.6466   33.5261   37.3363   44.911   30.6105   24.1868   43.1045   53.0377   26.5707   85.5862   74.4043   31.0161   42.72   44.5982   51.9711   20.8087   13   71.1126   57.0088   34.9285   0   93.3495   35.0294   46.8444   96.3478   89.4387   62.5559   93.1956   108.373   63.2662   60.1774   72.747   62.4236   30.0384   52.1838   45.465   86.8011   87.1552   72.5276   64.3799   53.9136   71.8676   58.576   100.267   69.0392   56.391   77.3687   
48.4665   86.093   46.4866   38.3275   95.5249   94.7259   31.7648   75.9539   46.8188   87   88.2383   42.9535   22.0907   3   69.6419   40.7922   91.4166   59.0339   80.7527   97.6524   45.793   94.0213   56.0803   59.4811   53.6656   104.101   35.0571   77.2334   65   65.4905   22.2036   38.833   72.1249   78.0897   0   96.708   77.9839   67.416   23.831   51.7954   35.0278   47.1403   45.0832   80.3483   66.72   70.1457   100.199   80.1379   85.7528   35.8114   58.9659   44.4722   115.856   75.6657   57.5072   88.7144   39   58.4838   103.814   68.19   
33.2415   14.1421   62.5859   43.8292   22.2036   50.9215   50.2892   42.0119   34.9285   31.9531   7.07107   39.9625   62.7694   80.6536   49.8197   42.19   61.8142   44.7772   41.1947   26.3059   65.4599   12.8062   77.4919   64.8845   28.6356   27.2947   52.0096   37.5366   16.7631   24.5967   79.2023   68.1175   51.4782   17.0294   81.7068   0   59.0132   90.1159   91.2402   67.4096   91.9295   116.463   66.8941   77.2068   70.3665   79.453   47.0678   52.5205   57.4475   94.2408   80.1327   73.776   48.257   48.0483   81.5371   74.8415   105.002   80.7053   39.3607   73.3231   
33.121   56.5155   71.7008   31.8904   43.2782   32.7567   42.0119   14.0357   31.9061   28.2312   50.1597   27.5862   40.025   62.5859   10   28.3196   32.0156   3   19   69.6419   25.5539   55.0091   88.6172   80.9938   37.3363   70.7743   27.5136   69.7209   36.0139   19.4165   48.5077   31.0161   12.8062   28.8444   61.9839   43.6578   0   98.2022   75.3276   45.178   82.7419   82.309   55.6246   32.7631   74.6014   38.4165   45.8367   66.1728   30.0554   69.7143   87.0197   65.4987   88.4982   66.4784   46.8617   35.0499   80.0786   47.4764   77.9531   76.203   
52.0096   70.2567   12.53   51.8556   95.8593   112.004   42.4382   94.2603   52.4976   96.8969   78.4474   55.9017   55.0273   47.1699   93.4345   55.3173   115.261   81.4678   97.4526   76.2365   81.8596   82.8734   6.08276   14.7648   51.1077   85.0941   60.5392   47.676   61.327   74.0608   68.593   77.2528   96.2601   81.8413   50.1597   74.7262   83.4865   0   60.0111   72.3666   51.3883   97.3001   67.6237   107.449   41.8035   99.6553   107.307   61.7578   104.546   81.1981   34.0416   56.8534   91.8307   60.6807   90.4438   116.581   89.1142   90.2187   89.9916   40.8035   
43.9659   81.0062   40.8044   34.3657   91.7878   92.8924   26.9258   73.9797   42.45   84.1487   83.5703   39.2046   20.2485   3.60555   68.352   37.1214   90.471   57.28   78.6448   92.358   46.2277   89.3197   51   53.8516   48.8467   98.9798   32.7567   71.5052   60.407   62.0725   25.0799   39.6232   70.9366   74.4312   5.83095   77.1622   60.1664   45.0111   0   49.9532   35.6015   52.9713   47.1725   77.5003   58.8917   65.4512   96.5286   77.6755   83.9106   35.9737   59.7152   39.4642   111.457   73.2033   52.8021   86.8721   42.1794   58.3534   99.415   62.3593   
20   58.6941   45.6946   8.94427   62.8172   63.2456   13.9284   44.2719   17.8045   54.037   58.2495   11.4018   11.7047   33.0151   39.9625   9.21954   62.434   28.178   48.7647   71.5891   26.6833   64.0703   61.7738   57.28   26.6271   76.4199   4.47214   58.8218   35.4683   32.5576   28.2843   24.0208   42.72   45.3542   33.0606   51.3128   30.8707   56.0803   30.1496   0   52.5766   64.7741   28.2111   54.1218   50.7351   43.8328   68.6268   58.4971   55.8973   42.3019   60.5518   33.2047   91.0565   54.025   37.3006   65.0124   55.13   34.4721   79.0149   49.7351   
46   79.3788   30.5287   38.833   95.0053   100.658   29.1548   81.7068   45.0444   89.822   83.7437   43.9318   30.4795   15.0333   77.4145   42.2019   99.8499   65.7419   86.0349   89.4707   58   89.2693   38.2099   42.9535   49.366   96.933   41.1825   65.6049   61.4003   66.7533   38.6264   51.8556   80.1311   78.1601   18.0278   77.9295   68.4471   32.3883   13.6015   37.5766   0   65.1681   47.6228   90.5942   52.2062   78.5451   101.609   72.5428   93.4739   49.573   46.7849   39.8806   108.571   69.0784   65.896   96.8413   55.7808   68.5845   96.5295   51.2062   
69.3109   108.19   78.1025   58   108.674   97.0155   56.3028   80.5233   67.1789   95.5196   107.448   60.8769   39.0512   35.1283   71.1969   58.7282   89.0056   64.5136   85.6154   120.967   42.7551   113.23   88.2043   91.2195   75.743   125.936   48.4149   104.957   84.9588   78.8923   21.2603   36.4005   72.8354   91.7878   32.1403   100.424   67.3573   82.2982   37.4833   49.5177   50.04   0   69.2578   75.1136   89.9086   63.0306   107.408   104.404   90.243   40.7711   91.1062   66.5849   139.836   103.336   52.6264   84.0652   29.3693   61.1088   128.505   94.45   
18.868   57.6281   38.6264   8.24621   65.6201   69.0797   7.07107   50.1597   17   58.5491   58.5918   13.0384   12.2066   29.4279   46.6154   11   69.0652   34.6699   54.4243   70.0357   33.5261   64.4127   54.5894   50.448   24.8395   75.6042   11.6619   54.626   35.3553   36   30.5287   30.1496   49.4065   48.2597   30.0832   51.8941   37.2156   48.8774   26.1725   7.2111   31.6228   51.225   0   61.3116   42.6356   51.0439   70.4072   57.3651   63.1084   49   54.5766   30.5579   89.5527   52.8929   44.4903   68.3259   55.6319   41.6619   78.9019   50.8617   
46.3249   73.2462   81.9878   41.5933   58.1378   38.0789   50.4777   24.2074   44.643   41.1096   66.8506   38.6264   42.2019   63.5295   13.6015   38.4838   30.2655   16.1245   28.8444   86.4002   17.2627   71.5891   98.4784   92.6121   51.6236   87.4643   32.6497   85.1469   52.1536   36.1386   43.9318   24.5153   14.3178   45.1774   62.1691   60.407   16.7631   92.9139   61.9112   37.0135   72.6223   59.2115   44.2041   0   85.6416   29.083   58.7152   82.9358   42.0227   63.2135   97.5653   67.7587   105.22   80.3499   42.6982   37.198   73.5777   43.2069   94.6613   86.7486   
28.4253   51.6236   11.3137   29.5296   73.4983   88.4081   21.587   70.7672   29   73.4302   58.0086   33.0151   38.0132   40.2244   70.4344   32.7567   91.9674   58.6003   73.8783   60.407   62.0967   63.0317   28.2843   21.8403   27.7308   68.4105   39.8497   35.609   38.6005   50.4777   54.9181   58.6941   73.2462   58.6941   42.72   53.3385   60.4401   23.6008   36.8917   35.4401   30   72.8011   28.6356   71.1196   0   79.0286   84.8355   43.2947   80.7647   70.4249   28.6619   45.0739   79.7637   41.0868   70.1951   95.0899   79.0711   67.3667   68.5461   26   
40   72.0902   72.4983   32.9848   62.6259   48.1664   40.7185   31.6228   38.0132   47.4131   67.4166   31.1448   30.4795   51.4782   22.2036   30.4138   41.9762   17.0294   36.6879   85.4927   6.32456   72.6705   88.5889   83.8153   46.0977   87.818   22.3607   80.2247   49.3356   36.0555   32.249   13   24.0208   47.4236   50.0899   60.5392   19.4165   82.8553   49.93   26.8328   60.959   49.0306   34   12.083   62.0322   0   64.0983   76.2013   49.4719   51.6982   87.3846   60.0375   104.924   74.025   31.6491   47.2535   62.0624   32.2688   92.8822   76.568   
42.1545   43.1741   80.7775   47.676   18.0278   21.9317   57.4891   16.6433   42.3792   3.60555   33.1361   42.5793   62.1289   84.006   27.0185   44.4072   33.0606   29.0689   13.6015   54.1479   51.9711   36.0555   97.3499   86.6833   42.19   52.2398   49.163   65   33.2415   19.9249   73.7631   57.2713   27.4591   13.0384   84.0238   29.1204   26.4197   93.2952   81.0555   51   86.4928   93.4077   55.3263   40.3113   69.8355   45.793   0   65.2222   32.4391   91.3942   96.5273   80.976   75.1553   66.3465   73.0304   52.0684   105.554   73.2015   68.4203   85.7107   
22.561   24.3311   35.2278   32.6956   49.6488   72.2011   33.3017   57.6975   24.7386   54.4885   31.4006   32.0156   50.4777   62.2013   61.4003   33.5261   79.6053   51.6236   59.1692   34   64.9384   36.0555   49.6488   37.1214   16.1245   41.4367   44.5982   18.0278   18.0278   35.3412   68.7968   64.56   63.8905   38.1838   64.0312   27.8568   52.1728   47.0744   58.6003   41.6293   55.5428   89.4036   38.2753   67.2681   27.2947   62.2013   50.9902   0   72.4283   82.1395   55.9566   56.7885   57   24.4721   74.4738   86.4502   93.9031   72.0414   49.0599   46.2843   
37.5366   54.1479   77.0779   38.5876   36.1248   24.3516   48.8774   5.38516   36.7696   19.7231   46.3249   33.8378   48.6621   71.1969   9.48683   34.9857   26.4008   12.0416   10.0499   66.7533   34.0147   50.5964   94.0479   85.4283   40.4969   66.7608   35.9026   70.6045   36.4005   18.6815   57.5587   39.8497   11.0454   24.0416   70.7107   40.4475   9.05539   89.1964   68.6586   38.8973   76.3217   76.243   44.7772   22.0227   65.7647   27.7308   18.4391   53.8516   0   77.6831   93.2997   72.102   87.7633   69.5055   54.339   34.5367   86.7384   51.5106   76.0322   82.4831   
47.5079   86.4523   57.3149   36.2353   90.1388   84.1487   33.8378   66.0076   45.4533   79.0759   86.5332   39.6611   17.0294   18.3576   58.3095   37.4433   79.0759   49.0408   71.0282   99.0051   31.9531   92.358   69.2604   70.4557   53.7587   104.35   28.2312   82.4924   63.6003   59.808   6.40312   24.6982   60.531   72.8011   15.8114   79.6116   52.0384   63.1981   18.9737   28.3019   32.573   22.4722   29   49.0408   50.9608   37.108   76.4853   67.0075   61.0737   0   74.4672   43.9258   118.369   78.0079   42.4031   73.788   30.4018   40.1725   106.327   74.0294   
40   61.0328   2.82843   40   84.7703   100   30.8869   82.2192   40.4599   85.0882   68.3593   43.9318   44.911   41.1096   81.4678   43.4166   103.238   69.527   85.4283   68.4471   70.9366   73.1095   17.2047   15.5242   39.3573   76.9415   49.1935   41.2311   49.98   62.1289   60   66.7608   84.2912   70.2638   43.9659   64.1327   71.5052   12.0416   38.3275   44.7214   27.7849   75.71   37.5766   81.3019   11.6619   71.5542   81.4923   37.054   77.1557   55.1453   0   46.5941   85.3858   47.2415   78.2456   105.902   80.5069   78.6674   80.208   33.4586   
26.6833   63.6318   32.249   18.1108   75.1665   79.8499   9.48683   60.9262   25.318   69.0507   66.1287   23.1948   14.3178   21.0238   57.1402   21.3776   79.6116   45.2769   65.192   75.213   41.1825   71.8679   46.8188   45.0444   31.3847   81.6333   21.2603   56.0357   43.0116   46.1736   30.5941   36.4005   59.9083   58.0086   22.4722   59.7746   47.8853   40.8534   17.4642   17.2047   20.8806   49.1935   10.7703   53.7587   24.3311   42.8019   65.7647   41.7732   55.5428   26.9258   30.5941   0   94.0176   58.693   49.1059   79.0962   57.3276   48.249   81.976   43.1868   
55.4437   18.0278   67.1863   66.7083   46.1736   80.0625   69.4262   73.171   57.6281   61.4003   26.0192   64.405   85.6329   98.813   81.0494   66.4003   92.1954   75.2861   72   5   94.3716   23.7697   77.1622   63.1269   48.9183   11.4018   77.4209   29.1548   41.1825   55.0818   103.586   95.8801   82.7345   48.0937   100.603   31.257   74.4648   76.7919   95.2103   75.4321   91.7061   124.652   73.5527   91.214   62.2415   90.0777   59.1354   36.6197   71.7008   102.552   69.6419   78.2432   0   61.0918   105.957   105.082   128.034   104.916   36.9443   82.9039   
20.025   28.6356   31.5753   29.4109   52.3927   73.1095   29.2062   57.8014   22.0907   55.9017   35.1283   29.2746   46.6476   57.8014   60.7454   30.5941   79.7559   50.448   59.6406   38.4708   62.3939   40   46.6154   34.6699   14.1421   45.8803   41.4849   20.6155   19.105   35.5106   65   61.6117   63.3246   39.8246   59.6657   31.0483   51.2445   43.6807   54.2033   38.2753   51.0784   85.4459   34.4819   65.7647   23.0868   60.0083   52.345   4.47214   53.6656   63.0079   33.2415   37.4833   41.0488   0   71.6952   85.7952   90.073   69.1094   53.5321   47.0832   
37.9473   74.3303   64.56   28.2843   70.3278   60   33.3766   42.4264   35.7351   56.921   71.5052   28.4605   19.4165   39.1152   34.0147   26.9258   54.5711   25.9615   47.5184   87.6641   8.48528   77.1038   79.8499   76.6877   44.5982   91.214   16.1245   78.1025   50.774   41.2311   20   4.12311   36.1248   53.8238   37.5899   64.4438   28.8617   73.9256   37.8021   20   49.5177   38.6264   26.3059   24.6982   54.9181   12.6491   54.7814   60.4401   37.855   24.5153   63.2456   33.1059   91.9239   57.4891   0   53.9443   53.1855   22.8284   94.3206   69.7351   
51.4782   73.437   89.0505   48.6004   53.8516   29.1548   58.1378   19.2354   50.0899   35.805   65.7343   44.9444   51.6236   73.3485   10.0499   45.2217   20.0998   19.6977   22.8035   86.1452   27.4591   69.9214   105.802   98.9798   55.9732   86.1278   41.1096   88.2836   54.3323   37.0135   54.1295   34.7131   8.544   43.4166   72.0902   59.8415   18.6815   100.424   71.5891   45.2769   81.8413   69.0652   52.3259   10.198   77.9359   22.1359   35.8469   70.8308   19.4165   59.203   88.6002   62.3699   91.0824   69.9214   34.7851   0   83.7755   49.6155   95.4487   92.9008   
58.8982   97.8366   65.7343   47.634   101.02   93.0215   44.8219   75.4255   56.8507   89.2693   97.9081   51.0392   28.4253   23   67.0075   48.8262   86.7006   58.6941   80.5047   110.345   39.2046   103.73   76.0592   78.8543   65.1153   115.745   39.3573   93.1933   75   70.7743   13.1529   32.0624   69.0072   83.7735   20   90.9725   61.6604   70.1142   25.1794   39.6611   38.0132   12.3693   40.3113   56.4358   60.5392   45.0444   86.8332   78.1025   70.7107   11.4018   63.3482   37.2156   113.846   74.027   33.0606   66.6108   0   51.5743   117.311   80.4024   
35.4401   71.5612   63.2456   26.0768   67.6018   58.0345   31.7805   40.1995   33.2415   54.4059   68.6804   25.9615   19.105   39.8246   32.1403   24.5153   53.1601   23.5372   45.2769   84.9058   8.94427   74.2765   78.7909   75.1864   42.0595   88.4081   14   75.71   48.0208   38.4187   22.0907   6.7082   34.3657   51.0392   38.4838   61.6198   26.4764   72.9178   38.2753   18.1108   49.5177   41.2311   24.7386   23.7065   53.3667   11.6619   52.2015   57.9741   35.5106   26.1725   62.0322   32.249   89.1852   55.109   2.82843   33.6155   35.2278   0   91.5674   67.8459   
43.4166   8.24621   57.5587   54.6717   41.3401   73.0821   57.4891   64.0703   45.607   54.1202   19.2354   52.4309   73.5935   87.0919   71.1758   54.4059   84.1724   64.5368   63.5059   8.94427   82.8553   19.799   69.1158   55.2268   36.8782   17.1172   65.4599   21.8403   29.5466   44.5533   91.5478   84.119   73.0616   39.3192   88.8144   22.3607   63.9531   68.0294   83.4865   63.4114   80.5295   112.61   61.5224   80.604   51.5461   78.7718   51.4198   25.0599   62.0322   90.5207   59.8415   66.4003   12.0416   29.5296   80.1311   81.2219   101.823   77.4145   0   71.3442   
29.2062   52.6118   10.6301   30.0167   74.4648   89.202   21.8403   71.5052   29.7321   74.3034   59.0085   33.6006   38   39.6611   71.0634   33.2866   92.6553   59.203   74.6525   61.3514   62.3618   64.0312   27.5862   21.587   28.6356   69.3758   40.1622   36.4005   39.5601   51.3128   54.7449   58.8558   73.8783   59.6154   42.19   54.3323   61.0737   22.8035   36.3593   35.7351   29.2062   72.45   28.8617   71.5891   1   62.3939   70.7107   28.2843   66.4831   50.6952   10.8167   24.1868   63.1585   24.0832   55.109   78.492   60.1664   53.6004   52.4976   0   
