15
40
999999 8 12 15 14 8 12 11 13 11 15 8 5 9 6 7 14 9 16 11 10 16 13 12 9 8 15 16 5 13 15 8 13 11 5 6 6 16 5 17 
0 5 6 11 2 4 5 2 3 4 10 5 4 1 5 3 8 6 13 9 6 5 5 11 1 1 8 7 3 12 6 3 11 9 4 5 5 12 1 13 
20
0   0   0   0   0   0   0   0   0   0   0   0   0   0   0   0   0   0   0   0   
1   1   -2   0   -1   0   0   4   -4   0   -2   2   0   4   -3   2   -1   0   0   0   
-4   3   -8   3   -6   8   -5   1   -9   3   -3   5   -7   5   -8   8   -5   9   -10   12   
2   5   0   13   -11   4   -5   6   -2   2   -5   1   -8   7   -8   5   -10   0   -4   -1   
-8   3   -3   5   -6   9   -8   7   -8   7   -1   4   -8   4   -5   0   -3   5   0   3   
1   0   -2   -2   0   -4   -1   -1   -1   2   -4   2   -1   -1   0   -5   2   -1   3   -2   
4   0   0   7   -5   6   -4   -2   -6   -3   -8   1   -7   -1   -7   6   -10   3   -2   10   
-6   -1   -4   -2   3   -3   -1   2   -3   3   0   -1   0   -3   -3   0   5   0   -3   1   
-5   -1   -3   0   -10   7   3   6   -1   8   -6   2   -3   0   -4   8   0   3   -1   2   
-7   4   -11   8   -8   7   -2   1   -6   10   -2   4   -4   1   -6   0   -8   8   -6   10   
2   14   0   8   -7   8   -7   12   -10   1   -5   7   -13   2   -3   4   -3   1   -5   4   
0   1   1   0   -4   -1   -5   0   -1   1   -2   1   -3   6   0   1   -1   1   0   0   
-1   2   -4   1   -2   2   -3   4   -4   2   -2   2   -5   1   -4   2   -2   2   -1   2   
3   -3   1   0   -1   3   2   1   3   0   -2   1   0   0   3   0   2   -6   2   -5   
5   0   3   -5   4   -3   1   -3   4   0   2   -3   2   -3   4   -1   4   -6   4   -5   
4   -5   7   -2   2   -3   7   -5   5   -4   6   -2   6   0   2   -3   5   -4   3   -1   
-3   2   0   -3   -2   -2   1   5   -10   9   -8   5   -6   8   -2   1   -1   5   -2   12   
2   0   0   3   4   0   0   1   0   0   -1   1   -4   -3   0   -6   2   -1   4   2   
11   1   0   0   0   -4   -1   -5   10   -13   -1   -1   0   0   2   2   1   5   10   1   
-3   5   -2   4   -3   6   -5   3   -1   6   -5   6   -5   1   -8   5   -5   5   -10   5   
-2   0   -3   -1   1   0   2   -9   0   0   -5   4   2   -5   0   2   7   1   2   -4   
-10   10   -10   7   -6   2   -7   6   -11   12   -4   14   -2   11   -10   8   -11   13   -15   6   
-5   0   5   -3   5   4   -1   1   2   -6   0   -1   3   1   3   -8   2   3   3   -5   
-8   -1   -10   5   -6   11   0   8   -12   5   -3   -2   -9   3   -10   6   -7   6   1   9   
-3   2   -1   6   -2   -2   -6   3   1   1   -4   7   -3   4   -6   -1   -5   7   -2   0   
3   -6   3   -5   3   -4   7   -6   4   -6   5   -3   6   -4   4   -7   6   -8   3   -5   
-3   11   5   -5   14   -8   0   -4   7   -2   7   -7   0   3   2   -3   1   -6   9   -3   
7   -12   7   0   8   -9   8   -6   13   -7   0   -4   0   -4   5   -4   1   -3   11   -9   
3   -1   0   0   3   -1   0   0   0   0   2   -1   1   -1   4   -2   1   -1   2   -3   
1   1   5   -1   -4   -1   -2   -5   -3   -2   -1   -6   1   2   0   -4   -3   1   -10   1   
-11   11   -12   10   -6   15   -11   12   -3   11   -13   13   -9   4   -11   10   -4   13   -14   7   
4   -1   1   -4   -1   0   0   1   0   3   -1   3   -1   4   3   -3   2   1   1   0   
6   -6   6   -6   5   -4   1   -2   6   -3   5   0   8   -10   0   8   7   -10   1   -5   
0   4   0   0   -3   0   1   0   -2   4   -3   4   -2   -1   1   0   1   0   -2   1   
-3   1   -2   3   0   1   -1   2   -2   2   -1   3   -2   0   -2   2   -2   0   -1   1   
-1   -1   -2   -4   0   0   1   -1   0   1   0   2   0   1   1   0   1   -2   0   -2   
0   -4   0   -1   3   -2   2   -3   0   -5   0   -1   3   -1   -1   1   1   -2   3   -2   
-5   11   -9   11   -8   9   -13   8   -7   7   -13   5   -5   13   -8   9   -11   9   -10   13   
2   -2   2   -2   2   -1   0   -1   1   -2   1   -1   2   -2   0   -3   1   -2   0   -2   
4   -5   9   -14   -4   -12   9   -2   5   -15   13   -10   9   -3   0   -9   9   -7   6   -3   
0   38.8924   53.2445   53.5106   55.0488   56.2893   43.5345   69.6076   61.8086   43.3043   61.8406   66.8365   69.2539   65.4059   60.2666   59.5534   72.7202   70.5949   47.0768   34.3576   68.9834   51.5576   57.8348   36.2237   61.9319   69.448   54.9567   54.879   49.634   43.2746   81.0317   59.2666   66.9245   45.6531   44.2488   38.4642   74.6624   72.0899   26.0416   71.356   
13.8924   0   63.1285   48.6333   51.7696   57.5221   37.083   79.6658   53.9559   52.8329   47.6105   80.4874   56.3113   68.1295   74.1591   54.177   86.214   80.5873   40.2594   48.25   76.5685   58.4588   67.1825   48.5261   51.0147   82.5925   60.638   45.4138   42.7588   54.2029   69.4975   73.1591   80.1532   44.1108   38.8494   48.0161   86.2415   79.9406   36.0998   85.2485   
38.4838   39.598   0   63.8565   34.2315   93.7122   43.9728   66.8246   50.714   26.2956   63.4735   88.8802   58.9213   98.9344   81.2977   39.5153   92.8465   46.5153   78.6658   72.8413   35.9706   86.5273   35.3137   60.1735   41.6586   95.8218   74.2268   84.0071   80.1561   28.4164   86.3877   80.2977   105.408   56.6228   78.4474   59.0128   102.414   101.988   43.2029   101.586   
35.5106   21.6333   48.7032   0   52.833   70.0206   37.0217   96.0555   40.2543   59.5933   26.0416   99.0522   48.0799   87.1758   95.0142   45.4138   106.988   88.0821   55.9559   66.8167   82.3405   75.3649   61.9444   70.1594   49.0689   101.157   79.2028   52.1321   50   52.4401   42.6007   94.7772   83.7314   36.088   50.4591   69.6494   101.302   96.4853   57.7331   106.867   
41.0488   36.7696   15.2315   38.833   0   94.2916   44.6982   79.0091   39.0227   41.5272   53.7481   97.4371   49.446   102.303   90.2428   29.0499   104.809   56.5758   77.029   75.4063   42.6833   87.437   29.3246   68.5282   34   100.845   78.8905   82.1834   79.5284   36.1655   64.0102   91.3553   107.973   42.6274   75.619   67.369   106.662   110.769   51.5576   112.112   
39.8246   40.1622   77.6981   50.2494   76.896   0   71.8224   107.359   86.5772   83.1289   76.291   81.7698   89.6241   54.3019   84.1083   90.213   88.4871   110.42   40.2627   40.9317   108.808   45.0263   97.6594   71   88.3485   74.5587   68.2969   41.418   35.587   83.0992   92.243   85.4003   35.6815   75.0701   48   74.93   56.4853   50.8378   65.8662   79.4243   
19.3132   12.083   28.6007   23.0217   24.6982   52.2015   0   77.9288   47.055   36.6977   45.2947   82.2053   54.5003   80.2125   75.4082   45.5075   88.0299   73.8941   49.3412   53.6708   60.4533   69.01   43.1548   48.2053   42.3452   88.0652   71.0501   56.0663   50.2353   39.5563   65.6224   78.5798   82.2495   30.8995   47.6228   54.5576   87.8802   85.7314   39.4929   90.6692   
53.4509   63.6396   39.8246   81.0555   55.0091   89.3588   58.0345   0   90.5386   58.2311   102.822   69.6578   98.7459   100.141   61.6578   78.6946   70.3587   42.4008   94.7078   83.0818   61.6005   90.6815   74.774   57.6084   81.4832   73.1893   70.9386   105.642   101.828   67.7647   117.39   68.72   111.26   86.6201   96.6362   54.4462   99.1577   105.609   65.566   90.5762   
44.7214   33.9559   36.3456   23.2594   22.0227   71.1758   25.5539   74.9466   0   53.0147   41.2127   106.52   27.9443   102.085   100.796   36.2177   113.584   78.5985   68.9679   79.0789   64.706   90.3485   51.3473   73.7591   33.0554   108.625   86.6705   71.5155   66.9902   53.4008   49.074   103.988   103.563   42.1555   62.2597   77.5846   113.434   106.892   61.7732   115.074   
28.2312   29.8329   10.2956   41.5933   17.4929   67.4166   19.6977   41.2311   34.0147   0   57.0477   79.7979   56.9535   86.9942   71.7979   45.8946   86.1891   55.2025   67.8556   61.4951   43.0185   74.587   39.2627   46.3645   47.6271   84.9283   63.0432   75.2467   69.9331   29.6158   76.1414   74.5408   95.1557   39.02   67.3205   47.0741   90.4742   90.4742   31.2627   93.4661   
43.8406   30.6105   47.1699   12.0416   34.4819   62.2896   27.2947   83.3607   14.2127   42.2966   0   107.655   36.3417   96.6378   102.703   49.1833   115.325   86.9447   61.167   72.3474   75.131   84.7791   54.8044   75.5   46.3607   111.844   90.0365   62.0435   59.844   50.0571   34.4165   102.992   95.7626   33.0278   54.4588   75.4054   109.179   102.846   64.7772   114.045   
48.8365   62.482   70.8802   84.0238   81.4371   61.0328   66.7083   51.2445   92.0054   64.0781   92.6553   0   115.125   56.2173   33   101.49   28.0554   93.6453   75.257   62.1041   100.399   57.0119   99.1767   51.8788   103.733   33.2111   34.8494   89.7237   83.8928   85.7711   125.866   33   82.2409   94.4896   84.9242   59.6699   50.6007   60.1214   69.4777   39.7231   
52.1536   40.3113   44.911   25.0799   30.1496   75.06   33.4215   83.8153   8.94427   42.9535   13.3417   100.125   0   108.441   108.83   42.3961   121.451   82.1175   74.5087   83.9046   72.833   98.1207   56.0139   81.6268   41.9997   117.569   95.6148   75.3851   72.037   52.3412   33.105   110.381   108.811   42.6008   67.8005   82.7951   121.302   115.837   70.7175   123.51   
46.0109   54.1295   82.7647   71.1758   87.0517   28.3019   64.2806   80.9197   88.0738   72.9932   82.6378   39.2173   93.9628   0   62.0573   104.894   65.6013   111.273   56.9493   49.1449   113.867   32.8661   103.846   64.8569   105.144   51.673   49.0588   69.5533   63.889   89.2854   113.777   62.6688   43.6786   91.664   70.9444   61.6946   30.6569   20.6569   72.0525   45.2947   
43.8292   57.6888   63.2456   79.3221   74.2428   61.2944   60.8112   43.6578   85.7963   56.7979   87.3212   8   94.1116   42.5441   0   92.9259   29.7279   83.1249   76.0441   62.8912   90.4493   61.7551   87.5391   45.4008   95.3196   28.5602   34.5242   87.7209   85.7097   77.7879   121.136   19   81.4222   84.7696   80.3246   42.3196   56.9706   58.4005   69.8708   47.7231   
40.7922   33.2415   24.5153   30.4138   10.0499   73.0068   22.0227   63.6946   12   23.6008   24.6982   85.235   20.3961   86.2844   78.492   0   107.445   64   71.3639   75.1497   52.7332   88.0278   33.2788   68.0559   26.1623   105.818   84.144   77.457   71.626   32.2788   53.5011   97.1926   104.272   37.1555   69.6455   69.6063   109.418   106.941   54.8635   112.148   
56.4004   70.214   74.8465   91.8368   86.4523   70.0643   73.5391   50.3587   98.4937   68.9638   100.005   9.05539   106.832   47.5395   12.7279   91.022   0   91.5785   84.3124   71.1594   98.9029   66.0673   100.069   53.8544   107.6   28.9284   42.9778   97.0381   92.9482   89.3649   133.496   27.4536   83.7083   97.4975   89.6726   55.0475   53.8395   63.8395   74.7274   40.8395   
56.5685   61.5873   24.5153   73.0821   38.0132   96.2601   51.8941   26.4008   60   32.2025   71.5681   73.1095   68.1175   95.2733   65.123   48   74.1687   0   100.058   88.411   33.8924   103.372   52.1403   64.4236   66.1739   93.404   88.9365   107.001   102.129   52.9317   101.223   84.123   123.493   71.2225   99.5169   76.6488   118.963   111.309   63.4652   109.082   
26.0768   23.2594   62.0081   33.9559   60.0083   17.2627   35.3412   78.924   54.037   51.8556   45.8912   61.0328   58.3095   38.2753   59.0339   55.7853   69.9214   82.2192   0   38.1529   94.2494   51.0832   78.4127   60.4239   73.0909   77.5063   66.4166   30.0454   26.9443   64.2494   76.5566   78.0339   52.9442   56.8121   31.7082   57.2616   68.2096   58.9322   51.8021   83.57   
18.3576   23.1948   56.7979   40.8167   58.0517   21.9317   34.0588   68   57.0701   46.5188   51.8941   48.1041   62.9365   31.0483   45.8912   56.0089   56.921   74.411   13.1529   0   87.341   38.2788   76.1923   47.7979   73.0351   69.0106   54.2655   43.1983   40.0972   61.6321   83.4174   63.7056   57.6133   64.0107   38.8885   44.6356   61.0555   51.0555   44.3992   62.7955   
54.7083   56.5685   16.9706   64.405   26.6833   94.3027   45.4533   38.6005   48.5077   27.0185   61.131   80.399   56.0803   97.4166   72.4431   36.6742   82.7647   13.8924   78.8733   73.0616   0   101.606   37.3961   71.3351   58.4588   101.003   84.6652   100.978   95.3204   45.387   89.1853   90.4493   121.633   66.0385   93.076   68.1728   114.153   114.17   58.2812   114.021   
32.5576   39.4588   70.5195   56.3649   73.437   19.0263   50.01   74.5185   73.3485   60.4401   67.7791   42.0119   79.1202   14.8661   42.5793   72.0278   51.0392   85.44   24.0832   16.2788   86.0058   0   90.3924   63.576   89.3139   57.6394   46.5466   54.1286   48.5576   75.8322   98.5991   61.5793   36.0227   74.5587   54.6105   60.9145   40.1725   35.5229   58.5992   55.7151   
43.7379   41.1825   11.3137   44.9444   6.32456   81.0247   29.1548   50.774   28.1603   17.2627   40.8044   80.9938   36.0139   89.4539   73.5391   16.2788   85.4283   32.1403   64.4127   61.4003   20.3961   76.2955   0   63.6271   36.105   102.099   80.3059   85.046   79.215   38.5602   69.1189   91.6114   110.662   45.4253   76.7775   64.3367   107.737   107.737   48.5254   110.729   
20.2237   33.5261   38.2099   54.626   47.5395   53   34.2053   36.3593   58.7282   30.3645   61.2944   34   67.1789   47.8539   27.2029   51.3128   39.8246   47.4236   43.4166   31.7805   50.636   38.9487   47.5395   0   73.8238   52.9473   32.0294   73.4619   68.6621   58.3666   95.7094   46.2029   74.959   63.0454   63.2769   24.1623   69.5184   68.5108   37.9706   73.7231   
42.45   34.0147   27.6586   29.0689   13   73.3485   23.3452   66.8506   9.05539   26.6271   22.3607   87.6641   17.2627   87.5728   81.0247   3.16228   93.6002   51.0098   56.0892   57.0351   39.4588   73.171   19.105   53.8238   0   105.079   83.4924   79.4115   73.5806   35.2094   50.3676   94.5862   105.595   35.2788   69.9608   67   111.225   108.091   57.8897   113.806   
50.448   63.6553   75.71   84.8999   85.44   57.5587   69.0652   58.1893   94.578   68.3081   94.1754   7.2111   102.416   33.7343   14.5602   88.5494   13.9284   79.404   59.5063   47.0106   86.093   38.6394   85.44   37.9473   90.824   0   40.9545   85.2892   86.4506   89.5472   127.501   33.5602   66.9528   96.1011   84.8845   54.0789   43.9545   54.3911   75.9179   38.53   
29   42.638   55.2268   64.2028   63.8905   47.2969   47.2017   46.8615   72.6705   47.0744   72.8354   19.8494   80.604   34.0588   15.8114   66.6408   27.7849   62.9365   43.4166   30.2655   67.3647   29.5466   64.3273   17.0294   68.884   21.9545   0   73.4619   68.9711   67.1766   106.804   29.5242   65.5693   73.9834   69.154   34.4924   45.0483   54.7156   46.7805   56.4138   
36.2491   30.4138   70.0071   34.1321   66.0379   17.8885   42.0119   89.5377   56.5155   60.1415   46.0435   71.3092   59.2115   44.5533   69.7209   60.4152   80.2808   91.4002   11.0454   24.0208   86.977   31.9061   71.0282   54.3415   60.1664   69.2892   54.231   0   29.831   75.2947   72.6941   83.7552   53.5701   67.2832   35.6301   68.307   72.0786   65.2102   62.2907   86.8163   
31.6228   24.7588   64.3506   29   60.208   21.587   36.2353   85.0706   50.9902   54.5619   41.0122   69.8928   54.037   46.2277   67.6831   54.626   78.7464   86.0233   8.94427   21.8403   81.3204   32.5576   65.215   50.4876   54.4243   68.4471   51.9711   5.83095   0   71.9229   71.6007   81.4685   57.2686   53.4838   31.3852   66.2059   72.7301   66.8846   57.6644   84.6358   
29.2746   27.2029   13.4164   35.4401   12.1655   66.6408   15.5563   48.7647   26.4008   7.61577   35.0571   69.7711   35.3412   75.1665   62.7694   16.2788   75.1665   37.6431   50.2494   46.8402   30   61.8142   14.5602   35.7771   19.2094   73.5391   51.8652   57.4891   51.7397   0   67.6308   77.9112   96.199   38.4391   63.1791   54.6898   96.9136   95.8233   38.8784   100.631   
63.0317   49.4975   63.3877   28.6007   49.0102   76.243   46.6476   101.39   27.074   60.1664   19.4165   111.866   19.105   99.2975   106.668   39.0512   119.331   87.023   61.327   69.3397   75.1665   84.5991   55.0091   80.7094   36.0139   113.146   92.0217   58.6941   54.7083   52.6308   0   121.546   111.921   52.4442   71.626   94.8219   124.772   119.954   84.1405   132.135   
43.2666   57.1402   62.2977   78.7718   73.3553   61.4003   60.1082   42.72   85.0412   55.9017   86.6833   9   93.3809   43.0465   1   77.666   13.4536   64.1249   58.8558   45.7056   71.4493   42.7551   72.6154   26.4008   80.2122   15.5242   15.5242   69.5845   67.4685   61.9112   106.042   0   78.7778   85.0362   81.3246   42.5862   51.7131   59.4005   61.2782   48.7231   
52.9245   56.5685   91.3893   68.7314   92.6499   18.6815   68.2495   96.2601   89   81.1542   80.7527   58.2409   93.3435   19.2354   60.9262   89.8053   66.7083   107.336   35.0571   34.7851   107.331   22.0227   96.1665   60.959   90.4489   52.9528   50.2195   36.4005   40.2616   81.6088   94.921   61.327   0   89.2428   64.3038   79.4207   49.0217   39.0217   78.9661   64.5301   
28.6531   18.1108   31.6228   17.088   22.6274   57.0701   9.89949   65.6201   16.1555   25.02   18.0278   76.5768   23.6008   72.1803   70.7107   16.1555   83.4386   56.0446   39.8121   41.3038   47.4131   57.5587   28.4253   44.0454   16.2788   78.8162   57.0088   44.2832   38.4838   18.4391   37.1214   70.0071   74.2428   0   51.7851   64.4571   95.712   92.3593   49.2029   100.009   
26.2488   19.8494   59.4138   27.4591   55.9464   23   31.6228   79.6994   48.2597   49.5177   39.4588   65.9242   52.0865   44.9444   63.3246   50.9215   74.6726   80.8022   6.7082   17.8885   76.3806   30.6105   60.7454   45.2769   50.9608   64.8845   47.5395   10.6301   5.38516   47.0106   54.626   63.0635   41.3038   34.7851   0   57.19   70.783   65.6013   52.2904   80.0681   
17.4642   31.0161   39.0128   52.3259   47.4342   49.93   32.5576   39.4462   57.4891   30.5941   59.4054   34.6699   65.7951   45.6946   28.3196   50.6063   41.0366   49.6488   40.2616   28.6356   52.1728   36.2353   47.8539   3.16228   53   38.0789   16.4924   51.1957   47.3814   35.4683   78.8162   27.5862   58.258   42.45   42.19   0   61.5408   62.0833   38.8114   67.8722   
51.6624   62.2415   85.0529   81.3019   91.6624   42.4853   70.8802   76.1577   95.8593   76.0263   92.1792   28.6007   102.552   14.5602   33.9706   92.4175   35.7771   93.9628   50.2096   40.4969   98.1529   26.1725   93.1343   47.5184   94.1116   21.9545   31.0483   57.8014   58.7282   79.511   109.836   34.7131   33.0151   79.712   56.6392   46.1736   0   34   77.704   31   
50.0899   58.9406   85.9884   76.4853   91.0055   33.8378   68.7314   81.6088   92.8924   76.4199   87.8465   37.1214   98.9798   5.65685   41.4005   90.6697   44.9444   97.3088   43.8292   36.0555   100.17   20.1246   93.1343   49.98   92.0706   31.0161   34.9857   50.2096   51.8556   79.0063   104.709   42.0119   23.0217   76.9025   50.4777   48.0833   10   0   76.1315   41   
12.0416   20.0998   27.2029   39.2938   32.5576   51.8556   17.4929   43.566   41.7732   17.2627   44.7772   50.4777   50.2096   55.7315   44.0454   34.8855   56.7274   44.5533   37.8021   30.2324   42.9418   43.3244   34   16.9706   37.2156   53.6656   31.7805   47.5079   42.4853   20.3961   64.1405   43.2782   64.405   27.2029   37.1214   15.8114   59.2115   59.2115   0   82.6847   
56.356   68.5055   85.5862   88.8651   94.1116   54.4243   75.5844   70.5762   101.074   77.4661   99.0454   19.7231   108.407   27.2947   26.9258   96.2081   24.8395   91.0824   60   48.7955   97.0206   36.7151   94.7259   47.3814   98.2344   12.53   30.4138   68.6003   68.8186   82.0061   117.444   27.8568   46.0109   85   66.0681   46.8722   13   23   61.6847   0   
