15
30
999999 9 10 15 14 7 13 15 13 10 12 16 7 11 17 8 14 13 16 8 15 8 17 16 14 12 11 6 17 15 
0 6 8 4 2 2 9 4 4 2 5 15 1 4 9 7 6 10 14 5 7 3 1 7 11 11 2 1 3 2 
20
0   0   0   0   0   0   0   0   0   0   0   0   0   0   0   0   0   0   0   0   
-1   0   3   4   1   -1   0   -2   0   -6   1   -3   0   -1   0   2   -1   0   -3   2   
3   -2   -1   0   1   -3   0   -6   7   -7   3   -3   1   0   0   -1   3   3   0   -2   
-7   7   2   -5   -4   2   -7   -6   -6   7   0   6   -7   7   -7   1   -7   1   -2   0   
3   -5   1   3   1   3   2   -3   -3   3   5   1   0   0   6   -3   -2   0   5   2   
0   3   -4   1   -3   4   0   1   -1   1   -1   5   -5   4   -2   4   -1   -2   -2   1   
-5   3   -8   11   -4   10   -8   11   -5   9   -12   5   -6   0   -12   6   2   8   -9   10   
-5   6   -15   6   -5   0   -7   0   -13   11   2   0   -4   7   -11   -1   -1   4   0   10   
-9   7   -9   8   -5   4   -2   7   -11   3   -3   13   -7   11   -11   3   -12   13   -13   2   
-5   0   1   1   -5   -2   -7   -1   -5   3   -7   1   -1   6   -2   4   0   2   -4   7   
-10   6   -4   11   -6   2   1   11   -2   9   -8   3   -10   1   -8   4   -3   4   -3   6   
-3   5   -8   -2   -13   5   -5   0   -1   5   -14   8   -8   2   -6   15   0   5   -1   7   
-3   5   -4   3   -4   4   -3   5   -4   4   -3   5   -6   5   -5   3   -5   4   -1   6   
-5   -3   1   4   0   3   -7   2   0   3   -5   2   -1   6   -1   0   -9   7   -3   1   
0   -5   -12   12   -1   8   -5   9   -14   9   -5   9   -7   9   -11   13   -11   10   -9   1   
5   -8   2   -4   3   -2   3   -5   6   0   5   -6   1   -6   3   -1   2   -5   6   -8   
8   -3   2   1   -2   -10   6   -8   5   -7   3   2   7   -10   4   -5   5   -5   9   3   
-7   13   -4   0   -9   4   -6   8   -4   13   -2   9   -12   6   -7   10   -7   4   -8   7   
-9   0   -4   8   -10   -5   -1   4   -9   4   -1   3   -6   14   -9   12   -7   7   0   10   
-2   3   -4   5   -6   2   -6   4   -4   4   -3   3   -6   5   -6   6   -2   6   -6   5   
8   -5   3   -3   0   -2   10   -2   3   -12   13   -7   -2   -3   9   -9   7   -6   9   -10   
2   -1   2   -1   4   -5   4   -2   0   2   4   0   3   -2   1   -1   3   -2   -1   0   
-10   -2   0   6   -1   6   -12   0   -6   8   -8   4   -9   12   -11   8   -8   6   0   -1   
-3   2   8   -8   8   -7   8   1   3   -4   7   -2   6   -14   7   -6   10   -14   5   -6   
2   5   -1   -1   0   1   -6   9   -2   1   -8   5   2   5   -4   0   -3   -1   -2   5   
0   7   0   3   -6   1   -11   -3   -6   8   -9   4   2   5   2   5   -2   4   0   3   
3   -4   -3   -5   -1   -5   6   -2   0   -11   2   -6   2   0   8   -4   2   -7   9   -5   
-1   -5   1   -5   5   -6   6   -2   1   0   3   -4   1   -6   3   -5   3   0   6   -1   
-7   1   -9   1   -8   13   0   8   -1   9   -5   0   -12   14   3   -8   -7   0   -7   1   
-8   7   -11   11   -4   6   -12   1   -12   11   -5   14   -13   9   -11   7   -5   4   -14   8   
0   65.0437   40.8035   45.5913   35.3766   55.3401   72.5395   66.9435   46.2132   58.1741   77.1082   39.8274   70.3546   47.4722   53.4253   29.7279   73.3735   71.8722   52.0185   28.1655   72.9205   47.6816   62.1825   69.2259   51.3059   45.6833   25   63.6431   68.9444   71.3847   
49.0306   0   78.3818   88.311   47.311   104.371   116.837   86.6045   87.6817   107.205   122.194   47.0768   111.189   94.0726   97.2309   70.0322   98.4003   116.377   94.9062   61.9209   70.2195   74.4236   56.2099   34   92.2422   47.3607   71.6004   99.1724   55.8782   67.2597   
22.8035   55.3173   0   37.9317   49.1184   78.1436   81.2236   85.884   52.0689   62.9473   91.6266   53.5692   59.1123   63.0789   64.4236   50.4384   91.4534   81.1264   59.6554   41.9072   89.6324   70.4852   43.5296   78.58   69.3858   50.7771   43.0799   70.4296   51   91.4661   
23.0868   70.0643   21.9317   0   58.4634   56   50.7705   76.5339   21.6158   47.2237   67.8516   62.0114   48   33.2483   50.2843   52.8147   83.7925   54.8378   34.7279   51.2523   96.0073   70.7684   65.4614   87.8053   59.6264   63.0104   43.5913   54.7805   72.9317   94.4715   
18.1108   32.311   33.9411   41   0   69.8556   87.2012   69.8803   58.0465   75.1882   92.6705   30.7703   87.605   64.4284   68.927   36.6129   65.5461   86.4709   65   25.2111   62.5933   50.0868   57.9078   55.1166   57.4833   27.3137   43.1108   78.8941   60.4475   62.8292   
41.3401   83.2166   59.203   42   51.8556   0   49.8857   55.1548   51.1283   63.439   38.5407   79.5224   78.9036   40.6399   31.281   63.4599   54.8444   51.2252   49.1291   69.5056   80.1354   60.2938   102.733   106.972   41.2315   79.1693   59.6881   27.0384   108.284   84.0692   
52.2015   101.139   57.4891   35.609   69.2315   34.4093   0   78.5632   49.7308   45.4094   54.0156   89.5844   58.1995   47.02   38.7386   80.8573   79.2456   22   49.0217   80.3671   108.53   85.7533   101.019   121.427   62.4344   96.5452   66.5395   40.8473   105.022   109.802   
46.2709   70.6045   68.884   59.4811   45.8803   29.1548   63.1348   0   70.0164   87.1095   67.6954   74.2476   102.431   61.1598   53.8246   58.1708   31.831   80.3799   71.8692   68.0012   55.7567   40.7065   103.788   100.997   36.4009   73.194   67.9318   56.1932   106.328   52.833   
25   73.6817   29.0689   7.61577   43.0465   35.1283   29.1548   54.9181   0   34.7231   61.2385   64.8274   46.6497   29   45.0238   50.171   71.7816   51.1548   32.3246   53.1655   92.2597   67.0208   72.5985   94.2259   47.6155   67.3517   45.2132   43.3311   77.0081   96.3847   
43.1741   90   37.9473   20.2237   61.1882   49.2443   26.2488   73.1095   19.7231   0   72.425   80.0312   38.5242   41.0955   48.8855   69.8941   89.355   40.4094   30.2788   71.3396   111.983   86.7439   81.477   108.029   67.3386   82.1175   63.1622   53.4005   88.9473   114.559   
60.1082   104.446   74.3034   53.8516   72.6705   21.5407   29.1204   47.0956   46.2385   53   0   99.9357   87.3199   57.2353   50.2644   80.0184   65.7214   51.1204   65.45   88.2738   93.1012   78.1006   117.833   126.618   53.7696   98.8153   77.1725   46.0217   123.247   99.9286   
23.4094   26.0768   31.305   44.0114   10.7703   61.5224   75.5844   56.6127   47.676   64.0312   81.8352   0   87.0928   65.6952   72.0804   39.0637   76.3164   89.4061   67.9351   27.6619   66.3356   47.541   50.5387   53.275   64.634   25.4721   48.4094   74.208   46.0666   68.5668   
52.3546   95.1893   40.1123   30   69.4622   64.622   40.1995   87.4185   32.6497   15.5242   68.1175   70.0928   0   56.6196   64.4097   79.6607   104.196   55.9336   45.803   80.5201   122.888   97.6492   83.642   110.021   80.0303   90.8894   73.4777   68.9247   87.1969   123.739   
27.313   75.9605   38.0789   18.2483   43.9318   24.1868   25.318   46.0977   11   27.0185   36.2353   50.6952   41.6773   0   25.0499   50.79   68.2597   47.318   32.8167   53.2353   89.5632   64.3244   81.6085   94.61   45.7588   67.7931   36.4722   39.6015   88.0081   94.1642   
33.4215   80.2309   47.4236   28.2843   47.927   14.5602   24.7386   39.8246   21.0238   34.8855   27.2029   56.0803   50.1597   10.0499   0   58   60.0366   41.632   40.6469   61.1884   82.521   63.0288   90.2184   102.563   38.6977   75.2407   44.4253   21.2426   94.3369   89.0634   
12.7279   43.382   34.4384   34.8855   11.4018   40.4599   59.3043   37.2156   35.171   54.4243   61.2944   21.4009   64.6607   34.0588   37   0   62.5793   78.632   64.3363   26.4018   59.0366   41.4642   61.3249   66.5183   45.2488   38.7155   37.3178   58.2426   67.4675   69.6878   
51.0392   76.4003   73.437   62.7694   51.5461   28.8444   63.2456   5.83095   57.7062   75.213   44.7214   62.2977   89.8888   48.2597   41.0366   42.5793   0   80   77.7002   68.9811   61.5876   46.5375   103.904   106.663   42.2319   78.8598   63.3735   55.8828   108.364   58.6639   
51.4198   100.439   55.6058   33.8378   68.7314   36.2353   3   64.6607   27.7308   23.4094   32.0156   74.7262   37.2156   25.02   25.632   59.0762   65   0   37.4709   78.2553   108.153   88.6608   99.1354   119.63   64.3297   92.8131   61.4922   43.8473   104.739   112.802   
31.0644   79.9062   34.6554   12.7279   49   34.2053   23.0217   56.8507   6.32456   16.2788   42.45   53.9351   30.8869   10.8167   19.6469   40.6079   59.0762   21.4709   0   59.23   95.4145   73.3454   78.1851   100.29   53.94   73.6763   47.2889   40.8895   83.3326   102.292   
12.1655   36.8782   26.9072   34.3657   7.2111   50.2494   64.2884   48.5077   37.054   54.5894   70.2922   11.6619   62.3939   39.2173   44.4185   11.4018   53.9351   63.561   43.1856   0   66.0208   42.2947   49.9285   59.6773   56.6506   34.5248   37.1655   65.5489   57.7285   67.6063   
53.7587   50.2195   74.6324   74.8131   41.5933   59.1354   90.2497   32.7567   73.2462   92.9624   79.1012   49.3356   104.809   68.0294   65.521   41.0366   37   91.0934   77.4145   48.0208   0   50.2389   97.5618   84.2195   62.0977   68.907   78.3544   86.1738   93.0897   26.0828   
29.6816   47.4236   51.8941   49.679   23.0868   39.2938   66.7533   23.7065   48.0208   67.7422   60.7289   33.541   79.6492   43.3244   42.19   17.4642   29.5296   67.2681   52.3259   27.2947   25.2389   0   77.131   78.2034   38.3311   50.4005   54.6816   63.4327   79.6076   44.9666   
41.1825   38.2099   29.5296   51.0392   38.0526   82.4924   86.6083   83.3607   57.6281   67.2309   100.424   28.0713   66.9104   65.0692   73.2462   46.3249   88.8426   84.8764   63.6003   34.9285   76.9025   61.131   0   56.7741   91.0989   53.5435   64.793   94.4888   28.4721   94.4919   
53.2259   13   54.0093   71.8053   39.0512   90.9065   105.109   81.3019   76.5376   90.934   111.606   30.0167   94.0213   80.5295   86.093   50.448   87.1321   104.062   82.8613   41.6773   62.9682   57.6888   30.8707   0   94.6507   50.8029   76.1378   104.225   43.3019   80.2046   
30.0832   68.2422   51.0392   38.6264   37.4833   15.2315   44.2719   21.4009   33.6155   51.7397   36.7696   47.634   66.0303   24.7588   19.6977   26.2488   24.1661   45.31   35.4683   36.8917   46.0977   24.3311   70.7743   76.4199   0   64.797   41.3059   39.587   93.2496   69.2977   
26.6833   22.3607   35.7771   48.0104   11.3137   63.1269   78.848   56.0803   51.3517   68.1175   83.8153   4.47214   74.4648   53.7587   58.5918   22.6716   61.8466   78.1025   57.5587   14.5602   46.3249   32.573   30.5941   27.8029   48.7955   0   45.3209   78.6801   50.5387   65.1699   
5   53.6004   25.0799   20.5913   22.0227   36.7151   47.5395   43.9318   21.2132   40.1622   55.1725   28.2312   50.4777   22.4722   28.4253   14.3178   48.3735   46.8722   27.0185   16.7631   54.5619   29.7321   45.793   58.1378   26.3059   31.3209   0   49.668   67.6488   73.6003   
37.6431   84.1724   51.4296   31.7805   51.8941   13.0384   22.8473   40.4969   24.3311   36.4005   23.0217   60.208   51.8652   13.6015   4.24264   40.8534   41.1096   24.1868   22.0907   48.5489   67.6831   45.0111   77.4661   90.2109   21.587   62.6498   32.6497   0   97.5659   89.3485   
44.9444   36.8782   34   55.4707   40.4475   86.2844   91.022   86.122   62.0081   71.6938   104.484   30.0666   71.1969   69.2965   77.3369   49.3356   91.6788   89.3085   68.0074   37.9473   78.0897   63.5059   4.47214   28.3019   74.2496   32.0624   49.6488   81.5659   0   97.2323   
57.3847   48.2597   77.4661   79.0569   43.8292   65.0692   95.8019   38.833   77.8974   97.6166   85.1469   50.5668   109.041   73.1642   71.0634   44.6878   43.0116   96.566   82.2922   50.6063   6.08276   29.9666   77.4919   61.2046   51.788   47.1699   58.6003   73.3485   78.339   0   
