15
60
999999 13 15 11 14 9 10 10 16 12 11 13 10 6 13 16 17 7 16 9 10 17 10 8 11 11 13 8 6 13 10 13 13 10 15 16 10 8 5 8 5 14 9 5 17 14 16 16 9 10 12 13 7 15 6 15 14 12 6 11 
0 3 10 1 7 3 2 7 12 3 5 12 4 1 4 6 8 5 6 4 2 16 4 4 10 4 5 3 1 12 3 7 6 3 2 2 6 3 2 7 4 11 6 4 13 7 7 7 5 6 6 3 2 1 1 14 9 10 4 9 
20
0   0   0   0   0   0   0   0   0   0   0   0   0   0   0   0   0   0   0   0   
-6   9   0   0   -5   3   -4   8   -8   5   -10   8   -6   11   -4   6   -3   1   -3   8   
-6   12   -5   8   -8   9   -6   8   -6   13   -3   4   -7   6   -9   8   -11   11   -7   3   
7   -5   2   -5   3   -1   1   -3   6   -2   5   0   5   -4   7   -6   7   -2   0   -3   
-8   6   -7   7   -2   10   -4   8   -9   13   -2   0   -9   0   0   -3   -6   5   0   5   
-1   -5   -2   0   2   -4   -1   0   5   -2   4   -1   3   3   0   -3   2   1   2   -1   
-8   1   -3   6   -2   3   -5   2   -8   5   0   9   -4   4   -3   0   -6   6   -6   5   
1   0   3   0   4   -1   -1   -2   1   -1   2   0   2   -5   0   -1   -1   0   0   -6   
-9   0   -10   -3   -1   6   4   5   -3   -1   9   4   -8   0   -7   1   -1   5   0   3   
-10   10   -8   0   4   8   -2   12   -4   11   -8   8   -4   8   -1   6   -9   8   -11   1   
-1   6   -1   8   -2   7   1   7   0   11   -1   -2   -1   5   -6   3   -4   3   -7   0   
-10   2   -9   6   -9   8   -3   1   -6   10   -8   0   -4   3   -6   7   -9   0   -4   4   
-2   -1   -5   0   -4   4   -1   8   -8   3   -2   10   -8   4   1   1   -2   6   -2   1   
3   0   0   5   2   0   0   5   0   3   -2   0   0   2   0   3   0   2   -1   0   
-3   2   0   2   -2   -1   -3   0   -8   2   -4   -4   -3   1   1   -6   2   -1   -2   2   
1   -4   15   -7   2   -9   7   0   13   -12   5   -13   7   -7   9   -11   8   -3   0   -1   
-15   8   -9   13   -9   5   -6   15   -12   10   3   10   -7   6   -15   12   -5   6   -6   9   
1   -4   2   0   3   0   2   -3   0   -4   3   -3   6   -5   1   -3   0   -4   3   -2   
-8   10   -8   5   -10   14   -2   13   -15   9   -9   11   -8   12   -6   9   -11   2   -5   14   
-3   4   -4   0   -5   5   -4   4   1   3   -1   1   0   0   -1   1   0   0   4   6   
-1   -1   0   -2   0   1   2   -4   1   3   -3   0   0   2   3   -1   0   1   2   -1   
6   4   7   -9   -2   -4   2   -6   4   -5   3   -8   7   5   11   -8   1   -1   9   -6   
-1   0   2   0   2   0   0   0   0   -3   -1   -4   2   4   -3   -2   6   0   1   -3   
-1   1   -3   3   -5   0   -6   4   -7   6   -3   4   -4   3   -3   3   -5   5   -8   2   
-10   7   -8   2   -8   3   -10   6   -6   7   -2   6   -8   6   -4   7   -10   6   -6   6   
-6   0   2   2   -3   3   4   0   0   1   -3   0   -3   -2   0   4   1   -2   -1   0   
-7   6   -3   12   -3   1   -5   5   -2   12   -4   4   -12   7   -1   4   -11   4   -2   3   
-5   -1   -6   3   0   4   -5   5   -4   7   -4   4   -4   4   -7   5   -5   1   -4   2   
1   -2   0   -1   -2   -1   -4   -2   -1   0   2   2   1   0   1   -2   0   3   -1   -2   
8   -3   0   2   -3   1   -2   -2   7   -4   6   -5   -3   4   -1   1   -6   1   -3   -6   
-9   6   -2   3   -7   6   -8   7   -6   0   -2   3   -8   5   -7   2   -6   0   -10   3   
2   -4   6   -4   0   -1   4   -3   9   -6   4   -3   6   -5   6   -9   7   -2   9   -12   
0   -4   6   0   -9   5   -4   -6   4   0   6   1   1   -3   -2   1   0   4   -2   1   
0   0   9   -2   5   -3   3   -3   4   -7   6   -4   0   0   0   -5   6   -10   2   -2   
-1   -5   0   -2   -1   -5   -5   7   -1   -7   -8   0   0   1   1   2   -8   -9   -3   -1   
-4   7   -13   15   -10   6   -6   9   -11   5   -8   10   -4   2   -4   11   -9   8   -4   12   
2   -6   7   -6   9   -2   8   -4   2   -2   4   -7   2   -1   4   -3   4   -2   2   -4   
0   2   0   -1   0   2   0   1   -2   0   0   0   -1   1   2   3   3   3   -1   3   
-1   1   -3   3   -3   4   -1   2   -3   3   -1   3   -1   3   -2   3   -4   2   -3   3   
5   -3   2   -7   0   -5   2   -4   6   -3   3   0   2   -5   1   -1   7   -5   5   -5   
-2   3   0   3   -3   2   -1   1   -2   3   -2   4   -4   2   -1   3   -2   3   -1   2   
5   -5   0   -1   -6   1   1   -8   -4   -4   -1   -10   7   0   -1   0   8   -3   -2   -4   
0   -9   2   3   0   0   0   2   0   -3   4   0   0   -6   5   -5   -4   -1   0   1   
-1   0   -1   0   1   1   0   -1   0   0   -3   0   0   1   0   1   0   0   0   0   
1   -1   2   2   -4   2   -7   4   0   8   -4   -4   -2   -5   0   -1   -2   1   2   0   
6   -4   3   -3   1   0   5   -6   10   0   0   -2   4   -7   5   0   8   -3   0   -2   
6   -8   10   -10   8   -3   12   -4   9   3   12   -9   10   -9   11   -8   14   -12   13   -12   
0   3   2   2   1   -5   -1   4   0   -4   2   15   0   14   2   4   -8   3   -8   4   
-2   -6   3   -7   2   -7   5   -5   2   -1   0   -3   1   -4   1   2   4   -5   5   -2   
-8   0   -2   4   -5   -1   0   0   4   3   3   1   -1   1   -2   -3   -2   0   -4   -1   
-7   0   -6   3   -6   1   -3   5   4   0   -5   5   -5   0   -3   4   -6   3   -10   4   
-8   3   -12   4   -4   -3   -2   6   -4   6   -8   10   -5   7   -8   3   -12   6   -13   4   
3   -5   4   -3   3   -3   1   -3   4   -3   2   -5   2   0   3   -3   3   -7   2   -6   
-14   8   1   0   0   7   -4   5   -11   14   -12   13   -1   9   -5   11   -1   6   -3   3   
2   -6   3   -4   2   -2   1   -4   3   -3   0   1   1   0   6   -4   4   1   3   -1   
5   -14   -1   3   -5   -8   0   3   2   -5   3   -8   5   0   0   -13   2   -10   6   -8   
13   0   9   -6   12   -8   11   -9   8   -9   12   -12   10   -3   10   -5   7   -7   6   -6   
5   2   0   2   1   0   3   1   -5   -3   -3   -1   -7   3   -4   -1   0   7   -1   0   
-4   4   -3   3   0   6   -6   2   -5   1   -5   2   -5   4   -5   3   -3   5   -6   5   
0   4   -2   4   -5   2   -7   6   -5   4   2   0   -6   1   -9   8   -8   1   -5   0   
0   65.9313   55.1841   62.9627   56.6608   75.72   32.7047   34.72   43.2289   76.1707   74.6002   45.0799   48.8035   76.7478   58.72   50.4802   62.4665   36.8119   48.9778   24.7703   55.2909   61.3553   59.8543   62.1461   60.4004   42.4253   73.0088   74.4123   87.2642   56.2426   59.2897   58.753   49.8473   60.8634   64.3926   69.2769   82.3699   55.7131   65.3478   77.8276   59.3905   64.2411   87.0846   48.1496   47.3196   63.3249   63.0476   37.8035   37.8403   51.9411   67.1001   56.8058   50.6142   35.2195   49.0217   55   67.448   63.3249   72.4243   27.7047   
50.9313   0   34.198   30.2195   28.8036   29.5602   66.8652   61.1499   67.8517   32   85.9711   90.695   81.8106   35.1421   31.1333   42.3153   63.053   52.4379   34.9737   57.4804   100.078   73.0339   45.7047   34   88.3303   93.3567   94.025   88.8376   33.4165   68.597   100.137   94.2961   88.8738   23.0711   97.9345   106.87   34.6619   39.2337   98.9582   94.5522   65.3897   25.198   40.2315   46.7567   74.3677   90.7527   41.0294   64.6578   53.5753   98.8646   80.0725   100.34   45.5753   64.8722   47.4253   104.609   118.379   114.256   119.754   73.6127   
41.1461   19.105   0   40.7147   27.6158   48.6652   60.6628   56.121   66.0623   45.2947   90.0917   81.6022   65.6575   51.8879   40.09   32.2462   52.0496   37.038   22.0623   48.5272   92.9911   57.7065   56.0562   45.6525   72.4338   83.0074   99.1873   74.7322   52.5215   74.3762   83.9841   93.4726   75.3075   32.6525   97.0542   89.7166   51.3961   34.1245   99.154   78.407   70.1202   31   56.2415   53.8869   58.2146   74.5996   52.5862   58.1856   37.4222   90.3238   84.1983   85.725   29.4222   60.3984   39.0208   96.1461   108.594   104.471   111.462   66   
46.8722   9.21954   23.7065   0   36.1245   37   63.0109   55.3344   59.7222   36   75.5399   84.3704   83.447   40.8924   23.2426   49.0404   71.3447   55.5389   38.2237   57.1508   93.5176   81.413   36.9509   25.2462   95.9427   89.2975   90.1441   95.6209   41.8102   64.5385   101.646   86.6359   84.4622   31.0623   90.8432   104.538   34   38.3417   91.8286   100.976   55.2156   34.4176   42.2094   42.6982   79.4506   97.5541   30.0623   50.2353   52.3766   96.802   75.0094   91.666   53.1287   63.2313   41.8537   100.931   112.316   108.193   112.072   65.9313   
42.2019   12.0416   7.61577   16.1245   0   41.6018   59.31   55.8121   63.5992   40.0446   86.0367   82.0979   68.7865   44.2976   33.1245   34.0333   59.4605   40.184   27.8102   48.2021   91.2451   65.3222   49.7604   38.0623   80.0496   84.6272   95.222   82.348   45.4581   70.241   88.5678   90.5129   77.3826   25.0623   94.7202   94.2668   42.0016   35.6412   95.7056   86.0227   67.5056   21.6056   51.9258   48.4006   64.0957   82.1992   45.6155   54.1123   37.0217   94.143   76.8172   93.3407   37.038   58.7967   45.8403   97.2019   109.65   105.527   109.8   63.6588   
59.6825   14.5602   33.541   13   26.1725   0   74.4217   66.5845   70.0357   31.6619   80.1158   96.4708   91.784   29   36.2426   55.5873   77.6132   63.1095   46.0647   65.4782   105.618   87.1096   47.8097   36.105   102.051   102.108   92.6836   102.883   39.3852   67.6546   112.083   99.6359   96.366   33.0263   102.577   117.198   37.7703   49.2488   103.362   109.112   57.7551   39.7583   34   55   88.8368   105.222   39.3848   63.2353   63.1942   107.443   82.0339   104.539   60.0444   72.0927   50.7151   113.032   125.316   121.193   124.173   78.0317   
11.3137   51.8652   46.0977   46.0109   45.31   58.0517   0   23.4868   34.0384   78.7405   69.3332   42.4307   55.1059   74.5483   60.084   60.2651   73.7802   48.1256   57.7065   36.084   52.5269   72.669   52.2491   55.6989   71.7141   45.6228   59.8039   85.726   85.2817   50.7321   70.6034   52.2415   49.0172   63.1075   55.6394   73.3356   79.397   53.9131   59.6232   89.1388   59.1283   66.9156   81.1186   44.5967   58.6333   74.4282   54.6989   41.1421   46.0689   50.7771   64.2156   49.4819   53.054   45.7231   41.7065   62   73.0833   74.6386   66.774   30   
17.72   44.7214   42.0119   38.0132   39.8121   49.5177   9.48683   0   36.198   67.9625   59.0366   51.9176   63.1553   64.9978   47.8378   58.6079   74.5456   48.4138   53.0588   36.8494   57.2311   73.9801   47.8328   44.4795   78.1205   55.1096   60.8634   90.8313   78.1378   47.0217   77.0098   56.3456   58.2099   57.6304   63.0488   81   70.9181   48.4109   69.0476   90.6942   51.6833   61.4176   78.5645   41.2643   59.9444   81.045   52.1448   30.099   54.2312   60.2639   56.8277   58.9687   58.7351   45.6008   43.1108   68.0918   78.5689   79.5395   76.2608   34.3178   
24.2074   53.1413   52.0096   45.618   49.366   56.0357   13.0384   10.198   0   78.1605   49.8638   46.0832   62.0652   72.9695   58.0359   68.8059   84.7436   58.6119   62.6152   47.0475   58.5766   82.1269   45.1127   54.6775   84.6045   58.6612   54   98.6198   83.8355   31.2627   80.5243   46.9258   54.4475   64.8499   46.257   84.7765   79.6099   56.7614   47.249   100.892   40.3311   70.7766   79.4981   39.5284   69.4976   87.4666   56.0789   27.4868   59.1073   63.8155   48.1868   62.5203   65.8803   52.8904   53   62.2385   83.9682   82.7459   68.345   37.5242   
60.8769   10   27.2947   16.1555   21.1896   11.6619   61.4003   53.8516   61.7414   0   91.3227   98.5848   89.594   26.9443   39.095   49.5563   70.2941   60.741   43.7528   65.7264   107.974   81.6021   51.0563   39.3516   97.0688   103.299   104.025   96.0787   25.3852   77.0971   109.375   102.791   97.032   33.0711   106.027   115.074   18   40.1725   107.984   101.793   69.417   32.4391   20   56.7567   84.3677   100.753   41.0416   66.3908   57.8292   108.865   90.0725   106.328   55.5753   70.8595   57.4253   114.609   126.95   122.827   126.071   81.2193   
57.4282   68.7314   75.7694   59.5399   70.5195   64.1249   46.3249   41.0366   33.2866   74.027   0   79.3699   95.2591   80.1211   73.0738   92.8461   110.607   85.6346   82.0294   74.8112   82.0322   109.483   56.4715   67.9749   117.829   91.8694   42.9706   129.694   96.2312   34.6011   111.693   54.9026   87.7341   80.8107   53.5398   117.02   90.5143   76.3738   58.9285   131.731   38.3607   90.7425   94.027   59.8121   100.981   118.73   68.788   51.7967   88.0413   93.2898   29.2195   95.8068   88.3303   83.5368   77.8516   95.5251   109.494   105.371   86.4105   68.3011   
25.0799   74.6525   66.2118   69.2965   66.888   81.4678   23.4307   32.45   30.0832   84.386   57.8705   0   49.8378   97.4477   80.2878   75.379   85.6478   61.8918   73.5399   49.8502   24.434   71.4523   75.1959   76.9295   75.1158   35.3602   64.0899   88.3035   108.069   61.3459   60.8813   53.4253   34.8045   83.6286   50.9706   57.3553   100.703   74.4343   58.6554   90.0662   69.3415   87.2196   104.386   64.7074   57.4166   80.2802   78.1296   56.2353   60.8188   29.0357   68.1597   38.8114   70.5255   48.9848   62.2277   33.6433   58.192   54.0689   52.4109   42.4391   
22.8035   65.7419   50.6063   64.195   54.7083   77.1622   33.1059   40.5216   46.0652   75.591   79.2591   31.3847   0   92.8332   75.7207   57.1856   57.8044   48.6816   64.0106   41.3065   54.8368   45   78.2702   75.2487   51.6271   41.0887   92.9098   59.3792   99.1584   77.3278   37.0238   76.0086   32.0333   75.1862   82.3553   45.4951   93.591   66.5287   86.7075   64.9418   82.1941   75.535   95.591   67.7814   36.0384   49.4951   76.2237   60.607   49.646   49.0666   88.4599   44.1868   53.2353   35.2237   56.5933   63.0526   52.2753   56.3553   81.0789   49.0644   
60.7454   14.1421   33.2415   13.8924   26.0192   2   59.4138   50.9902   57.6888   10   66.1211   82.807   77.8332   0   37.1351   56.4574   77.1952   65.1095   48.0647   67.4782   106.935   87.176   49.223   37.5183   102.189   103.171   93.6815   102.98   28.1529   69.6546   113.739   98.1591   97.3547   35.0263   101.864   118.43   25.9443   45.9258   102.821   108.694   59.7551   39.3402   30   50.6197   87.9698   104.355   38.8494   64.1278   63.041   109.443   75   105.558   59.1774   74.0927   52.7151   114.824   126.209   122.086   125.965   79.8238   
42.72   12.0416   22.8035   4.24264   15.5563   17   41.7732   33.8378   41.6293   20.1246   57.0701   65.0538   60.4401   18.0278   0   44   66.19   47.0217   33.2195   49.5539   89.2765   73.0306   30.7631   21.099   87.1981   85.1454   82.0074   90.1287   42.9053   58.7209   95.3092   84.4201   80.8595   28.0623   87.8863   100.322   35.095   24   88.8783   94.7775   55.9856   34.6433   40.1246   36.8806   74.1402   93.244   29.3852   54.478   48.0666   92.5503   68.1597   90.4983   52.2257   57.4969   44.7231   97.72   110.168   106.045   108.547   68.1557   
36.4005   27   8.24621   30.3645   15.0333   41.1947   43.0465   40.6079   50.8035   35.5106   77.4145   61.3514   43.1856   41.0488   28.6356   0   39.3607   28.7648   30.3085   48.7099   85.7854   47.0624   59.3987   49.7347   68.5184   77.8792   99.9362   68.2969   59.3847   75.1251   80.2094   93.438   68.8238   40.0956   97.0605   88.6807   53.5106   38   98.0526   73.7731   73.7109   34.1172   55.5106   54.6358   59.8855   69.01   51.7567   59.0051   37.5602   87.5965   84.9472   81.5138   33.2111   50.6356   39.7697   91.4005   95.461   98.4661   105.758   62.3897   
46.0977   48.0521   29.1204   52.5547   36.6879   62.5859   55.9732   56.8243   66.6408   55.1453   96.6075   68   40.8044   62.1691   50.9902   22.3607   0   40.4197   49.121   59.7324   92.434   33.9706   78.1218   68.2731   46.9061   81.1644   115.777   40.0192   78.9504   96.3858   68.8556   104.772   72.109   60.5982   110.411   84.0328   71.1402   56.19   111.367   57.0156   95.1159   56.4779   75.1453   76.011   51.2312   60.2278   73.0727   79.1112   48.6274   85.8439   102.658   79.7611   40.6274   55.8782   62.1304   92.2624   93.0797   94.7694   116.421   73.7235   
22.2036   36.4005   21.2132   36.2215   25.0599   48.8365   30.4138   30.4138   40.3113   46.0977   70.4344   46.8402   29.6816   49.2443   33.0151   14.7648   26.4197   0   35.6158   38.0112   71.2741   45.313   57.8534   51.1048   59.7126   64.6289   90.2177   66.4389   69.817   71.574   66.7054   80.9567   56.2046   46.0832   85.0357   75.1767   64.0977   39.0217   84.0357   64.0899   70.8556   45.088   66.0977   52.2236   45.1868   56.107   56.4536   56.5929   28.1623   71.5895   82.535   67.3967   22.6158   31.9284   37.3576   77.2036   81.957   85.5285   94.6279   49.9083   
34.6699   18.9737   8.06226   20.2237   7.81025   32.0624   38.6005   34.0588   44   28.6356   68.0294   59.5399   47.0106   32.249   18.0278   10.8167   33.121   17.4642   0   41.2074   83.9739   57.8791   48.7908   39.1268   75.0116   76.3699   91.71   73.1402   52.3902   70.5471   84.0344   90.4043   69.1725   27.0384   89.1066   90.4707   46.6356   29.2195   91.249   81.5542   60.6476   29.4158   48.6356   52.8661   60.7924   73.1378   41.9545   57.2354   36.2643   86.611   78.808   84.8609   32   49.3926   38   89.6699   99.286   97.9948   105.375   62.3746   
10.7703   41.4005   30.4138   38.4838   31.8904   51.4782   18.4391   19.8494   29.1548   51.4004   60.8112   35.8469   26.3059   52.3259   34.5398   25.7099   37.6962   12.0416   24.2074   0   60.2809   49.7131   53.1006   48.9786   59.9282   53.1957   78.243   72.4576   74.817   60.4174   62.2652   66.0483   50.4006   51.2458   71.6879   71.3044   69.4004   42.5036   72.0517   74.2203   64.2382   53.496   71.4004   45.1631   41.5707   66.3941   49.9439   46.0832   29.1803   62.7115   74.3954   61.5511   34.6574   26.0828   30.2971   65.7703   74.203   74.0953   81.1411   35   
34.4384   84.0238   75.5844   78.5175   76.3217   90.5539   32.5269   41.2311   37.5766   93.723   62.0322   9.43398   37.6563   91.9348   74.2765   70.5762   76.1643   55.9732   68.9638   45.1885   0   78.3817   81.676   85.7106   77.9682   35.4012   69.566   97.0356   117.182   68.8393   61.6074   53.7924   42.2501   92.235   49.541   56.2549   109.372   83.0831   61   96.6896   77.9076   95.8122   112.679   70.6958   66.8506   77.6229   87.2258   58.6542   70.2528   31.0554   69.1453   32.4012   78.589   58.4188   70.8882   23.0554   54.4429   51.7386   41.3961   42.5862   
39.6611   59.0339   40.1995   61.4003   47.0106   73.0274   50.8035   54.4518   63.1269   67.4759   95.483   57.2713   27   73   58.8558   32.0624   16.9706   27.313   41.1947   34.7131   64.3817   0   82.1592   75.6079   39.8114   68.0887   110.607   40.105   91.4471   93.2353   57   98.4141   59.0333   68.2331   104.054   71.4185   84.4622   64.5628   105.009   38.8254   93.3814   66.1797   87.4759   74.4631   41.0357   44.7883   76.6034   74.7963   44.4631   76.0666   105.795   71.1868   49.9288   57.241   60.618   83.0308   79.2753   83.3553   98.0536   67.3658   
41.5933   28.2843   37.8021   19.105   31.3847   26   36.2491   26.8328   31.1127   34.2345   40.4475   59.1692   63.0079   27.8568   16.7631   41.7732   63.6003   40.8534   31.1127   37.1214   67.6757   68.1542   0   27.7047   94.7775   81.8719   67.6962   103.62   56.0097   45.0103   99.3866   73.4223   80.1263   43.6982   77.3697   104.029   48.5254   40.7631   78.3617   104.943   35.1108   49.1059   54.2345   32.7047   78.6921   96.9604   36.4018   37.0217   55.0678   86.0139   49.0147   85.731   60.419   61.1811   39.8035   90.7311   105.402   104.918   99.4577   60.1461   
41.1461   17   26.8701   8.24621   20   19.105   38.9487   30.4795   37.5899   24.3516   51.9711   62.3699   60.208   20.5183   5.09902   31.9061   54.2033   34.2345   21.095   33.9559   71.4493   60.8769   11.7047   0   91.7109   83.5714   79.4009   94.2225   46.249   56.0555   96.2211   84.4748   83.9766   33.1613   82.6757   103.165   40.194   29.099   84.8389   97.1685   46.8155   39.4709   44.3516   37   75.2188   90.3415   20   48.7264   48.1448   89.7258   60.7194   88.4306   49.8938   60.0386   43.6815   94.5047   106.444   102.321   104.865   59.9318   
46.4004   74.3303   55.7315   76.0263   62.2896   88.0511   57.6281   63.2851   70.6045   83.0241   103.812   57.7062   26.6271   88.1419   73.171   47.5184   31.9061   40.4475   56.0089   44.7772   62.9682   15.8114   80.7775   74.6726   0   67.7157   117.432   35.0278   106.903   101.867   45.0016   102.636   58.6604   83.0473   108.677   55.1997   100.274   79.4692   111.748   35.7631   105.791   81.4838   103.024   89.3823   43.5792   24.6056   92.4148   84.2039   60.2745   73.6004   110.626   68.5395   59.0116   56.8246   74.9741   80.3922   76.3323   75.0377   104.364   74.1051   
28.4253   79.3095   68.0074   75.213   70.0928   87.9204   31.6228   41.1096   41.1096   89.2749   70.6116   13   24   89.0505   71.0282   61.9112   64.1327   47.1699   62.3699   38.2099   14.7648   51   67.7791   69.1158   48.3839   0   77.0899   83.3792   112.726   72.3723   55.1448   62.0488   31.0554   87.3464   60.4004   45.4197   105.785   78.1269   63.0106   83.4739   81.4407   89.6614   109.275   73.4555   60.0384   64.2385   83.9714   62.6074   66.2657   27.3246   81.1597   27   69.7857   53.6006   68.507   35.1421   37.4722   41.3848   52.1361   43.9258   
57.0088   80.025   83.7437   71.1126   79.6304   77.666   45.8039   43.8634   34   86.5794   16.9706   50.0899   76.4853   79.6241   68.0074   83.8153   100.623   74.2496   75.71   63.1348   51.923   96.6075   52.345   63.0317   102.533   63.0714   0   129.646   106.799   43.5304   108.65   42.808   82.5733   90.4878   37.0998   107.445   100.87   85.6046   36.0998   131.712   48.9285   98.9885   102.566   65.3043   99.0621   116.091   77.0714   59.1096   91.8728   79.1256   33.6815   84.3242   93.4796   80.8915   84.1664   74.9784   100.544   99.6551   74.3323   60.0109   
58.4123   73.8241   54.7449   77.6209   62.1691   88.2836   69.6563   73.5527   82.134   81.1542   114.586   73.736   42.3792   87.9659   75.5844   47.2969   26.0192   45.793   57.5674   53.8145   79.8123   19.105   86.3134   78.1857   18.0278   65.5134   115.421   0   104.97   110.336   56.6093   114.363   71.0088   84.6058   121.19   66.8073   97.1594   82.2093   122.773   30.3246   111.877   81.4142   101.154   92.7718   47.8869   36.2132   95.7084   91.8974   63.5681   87.0211   119.38   82.9384   64.31   64.2494   79.723   95.9177   92.1865   88.0634   117.159   86.117   
70.1783   19.4165   36.1386   24.4131   30.4631   15.1327   70.2922   62.426   69.8355   9.43398   79.2275   93.4345   85   13.1529   28.6007   44.3847   63.0079   55.4617   38.0132   60.803   102.728   76.1183   40.8044   32.249   91.7824   98.5951   92.7631   89   0   82.7874   118.809   111.049   106.466   41.4113   114.925   124.508   22.8102   49.6065   115.464   111.227   72.8879   41.8731   25.3852   63.7726   92.7718   110.169   50.4756   74.6485   67.2632   118.281   88.1529   114.896   64.9918   80.2935   65.8479   124.026   134.334   130.211   135.505   90.3444   
40.2492   53.0094   57.8705   44.1022   53.1507   51.2445   29.7321   23.0217   17.2627   59.6825   18.6011   46.2709   62.7694   53.1601   41   59.0339   78.0064   51.8556   49.98   42.5206   52.6308   77.2334   25.4951   36.0139   86.2844   58   27.0185   96.3328   66.2193   0   97.787   56.2415   71.7102   69.0623   52   99.8537   74.0205   62.5619   54.805   113.716   36.8995   71.7315   79.6825   46.8403   81.9559   103.574   56.0139   35.4391   65.6197   75.3066   33.8489   76   70.9709   68.6033   50.3553   75.6862   94.4491   90.326   85.6077   51.7567   
43.2897   85.44   68.884   84.6463   73.9256   97.5295   52.6308   60.8276   65.146   95.0789   97.6934   43.2782   21.0238   98.0816   81.0247   60.9016   51.8556   49.0408   66.4831   47.2652   45.607   35   84.0238   81.0494   23.7697   31.1448   92.6499   41.5933   104.389   82.28   0   91.0442   45.0768   93.5215   91.5453   28.198   111.364   87.5525   94.1555   55.6315   102.68   90.9675   115.079   88.0274   42.0768   36.3961   97.2092   81.0932   70.6697   53.6699   103.955   48.2062   71.6566   56.2475   77.5623   62.8184   50   46.2655   81.9262   70.0882   
42.72   80.0062   78.2304   72.2357   76.1183   81.8841   33.2415   36.3456   26.9258   88.3912   35.9026   28.4253   58.0086   83.6481   68.352   76.0263   88.7694   63.6396   70.3491   51.6236   28.7924   81.4371   56.0803   64.0781   84.6286   41.0488   23.3452   99.363   96.1769   33.2415   71.7008   0   63.2298   89.7636   20.831   85.0473   103.447   81.5134   33.7082   118.492   61.1393   93.4292   105.802   63.5395   85.8419   103.129   79.4748   52.4005   79.1108   57.461   49.305   61.1936   86.2554   67.929   74.9481   51.8477   76.574   72.4509   55.573   47.0483   
22.8473   72.8011   60.3075   69.4622   62.9682   82.365   29.0172   38.2099   40.4475   82.801   72.111   17.8045   15.0333   83.3547   65.3682   53.8238   55.109   39.2046   55.1725   31.4006   22.8035   42.0119   64.0312   63.9766   40.3113   9.05539   66.5733   57.0088   92.2009   57.7062   26.0768   45.9674   0   81.8745   66.7983   51.3311   99.9789   73.4775   69.345   76.0743   80.7785   80.7616   102.801   70.9969   48   62.4729   81.3446   60.6508   54.3609   36.3799   85.9642   32.8489   61.8204   42.1725   61.6977   40.1948   44.8029   49.0832   61.0476   50.0799   
43.8634   7.07107   15.6525   8.06226   8.06226   19.0263   44.9444   38.0789   46.8402   17.0294   64.7611   67.624   59.0931   19.2354   8.06226   22.561   44.5982   30.0832   13.0384   34.4093   77.0065   54.0833   24.6982   13   69.029   72.2496   75.06   69.857   26.4008   48.1664   79.0569   73.7631   65.8027   0   93.0972   100.581   35.0294   32.0623   94.0892   92.9087   56.8443   29.6678   37.0294   44.4164   72.158   85.1758   27.4164   56.3631   45.084   95.7215   73.7129   94.4263   45.0384   60.4921   48.4009   98.8634   108.612   107.188   111.718   68.6488   
48.3839   83.9345   83.0542   75.8947   80.6226   85   38.6394   41.0488   31.257   92.0272   34.5398   33.9706   63.8201   86.8159   72.1249   81.1542   94.3716   69.0507   75.1066   57.0701   33.541   87.2353   59.0339   67.6757   90.4434   46.4004   20.025   105.19   99.5389   35   77.2334   5.83095   51.6236   77.8781   0   88.6799   107.22   83.8824   17   124.037   65.8219   97.8976   109.835   66.6495   91.3872   108.202   83.4523   54.6079   84.7082   62.7772   51.4006   64.8262   91.6665   73.7599   80.3459   56.5964   76.0627   71.9396   60.3657   52.8793   
45.2769   91.236   75.7166   89.5377   80.1311   102.528   53.0848   62   64.7765   101.074   96.1665   39.3573   25.4951   103.247   85.703   68.0074   61.0328   55.0727   72.4707   51.2445   39.6989   44.4185   86.8332   85.1645   33.9559   26.4197   89.4427   51.788   110.476   82.0366   10.198   67.4166   24.3311   84.5813   72.6705   0   117.745   90.5266   89.4303   65.8295   104.594   99.533   121.074   91.7793   52.2748   46.5941   100.222   83.0075   73.6439   51.3196   102.801   48.8537   77.6885   59.2217   81.5416   55.2053   40.095   42.8806   77.8394   70.3455   
62.3699   11.6619   29.2746   17   23.0868   10.7703   62.6259   54.9181   62.6099   2   74   85.703   77.3692   8.94427   21.095   37.4833   57.1402   47.927   30.4631   53.0094   95.0158   69.4622   34.5254   25.0799   85   90.7855   86.8332   83.1505   7.81025   60.0167   96.933   89.1572   84.4038   18.6011   92.6984   102.859   0   42.1725   107.831   103.793   68.1536   34.4391   22   55.6293   86.0296   102.415   42.6982   67.2353   59.8292   110.527   83.5401   108.328   57.2372   72.8595   58.8537   116.271   127.212   124.827   128.071   82.9313   
34.7131   16.2788   16.1245   13.3417   11.0454   26.2488   35.8469   29.4109   38.6394   26.1725   59.808   58.4123   50.9215   26.9258   10   20   42.19   23.0217   9.21954   25.5539   67.8012   49.0306   21.9317   12.083   63.1981   63.1269   68.593   66.1287   35.4683   42.2019   71.3092   65.5134   56.8595   9.21954   69.8713   76.3217   27.6586   0   85.8884   87.1116   54.5011   32.0357   46.1725   35.3961   66.673   79.1287   32.083   51.2746   41.0998   84.6222   68.923   85.3288   37.8806   51.6366   34.2066   89.7131   99.7569   98.038   102.608   60.5539   
49.3356   84.8999   84.0536   76.844   81.6149   85.9069   39.6232   42.0476   32.249   92.9731   34.9285   34.6554   64.6375   87.7268   73.0821   82.1523   95.3362   70.0357   76.1052   58.0517   34   88.1419   59.9333   68.6222   91.2634   47.0106   20.0998   106.066   100.464   35.805   77.8974   6.7082   52.345   78.8543   1   73.2393   93.6376   70.859   0   124.378   62.2944   98.8976   110.835   67.6495   92.072   108.628   84.4523   55.6079   85.6921   63.2769   46.0156   63.4065   92.6515   74.6372   76.1332   57.0554   77.0627   72.9396   48.2345   53.7566   
60.8276   79.511   60.407   82.9759   67.7422   93.9042   72.1388   76.6942   84.8646   87.0517   117.686   74.2496   42.9418   93.6483   80.7775   52.7731   32.0156   50.0899   62.8172   57.2014   79.712   22.8254   90.8735   83.1685   16.7631   65.146   117.686   6.32456   95.0211   99.6393   39.0128   100.703   57.0088   75.3127   106.532   49.0918   89.0505   71.1688   107.378   0   116.207   84.3542   107.052   97.2885   47.6497   38.2354   98.127   97.6217   67.2885   87.342   125.096   85.3025   64.2892   70.5739   82.4251   97.1552   89.0128   85.2783   117.282   85.7008   
44.3847   46.3897   54.1202   37.2156   48.4665   42.7551   35.1283   26.6833   24.3311   52.0384   22.3607   54.3415   67.1863   44.7214   34.7131   56.6127   77.1038   51.8556   46.6476   44.2945   61.3514   78.492   18.1108   29.6142   89   65.3758   34.9285   97.4166   57.8705   9.89949   87.4757   43.1393   64.0312   42.45   44.8219   88.2043   52.1536   38.0132   45.607   101.242   0   67.2167   72.0384   36.105   85.8651   107.169   46.4279   45.3386   62.9183   83.3772   43.2788   82.8329   68.5567   69.3187   47.9411   84.4068   102.336   98.2217   87.7835   53   
45.8039   10.198   9   16.2788   3.60555   24.7386   48.8467   43.1741   52.6118   18.4391   72.8011   70.4911   57.9828   24.3311   16.6433   17.1172   37.855   28.3019   11.3137   35.4683   79.925   49.163   33.1059   21.4709   64.6297   73.6614   82.3893   63.6396   27.5136   55.7315   76.9675   79.4292   66.4831   8.60233   83.863   83.3547   20.3961   14.0357   84.8528   69.3542   50.5964   0   38.4391   49.4317   65.2646   81.6496   36.0187   57.7179   40.6273   96.9724   80.4227   91.6902   36.4722   57.3113   45.2982   99.8021   109.671   109.129   113.405   67.2644   
65.437   15.2315   33.2415   19.2094   26.9258   10   65.192   57.2014   64.4981   6   74.108   88.4138   80.9568   8   23.4307   41.4367   61.131   51.6236   34.176   56.3028   97.6729   73.437   35.4401   26.9258   88.955   93.8616   87.4757   87.1436   5.38516   60.8769   100.658   90.802   87.6584   21.9545   94.1541   106.452   4   30.8058   95.0789   93.0484   52.6118   24.3311   0   58.6197   89.5956   105.981   46.6982   69.2268   63.8292   114.096   83   110.875   60.8033   76.8595   60.7151   119.661   130.506   127.403   131.282   85.1407   
30.1496   32.7567   36.0555   24.6982   31.4006   35   24.5967   15.2643   21.095   40.8534   39.8121   47.7074   52.0865   36.6197   20.8806   37.7359   58   33.0151   28.2312   26.9258   56.4004   60.0333   11.7047   16.5529   71.5122   56.0803   48.2597   78.7718   48.7647   21.8403   73.0274   47.5395   52.3927   27.074   51.2445   75.4255   41.6293   20.3961   52.2015   82.8553   19.105   34.1321   43.4166   0   68.4965   87.8689   36   27.0416   45   75.3738   55.6892   74.0786   55.6309   47.5576   35.8661   79.4557   93.5525   93.4746   89.44   49.5296   
28.3196   60.1664   42.9535   60.407   48.3839   72.9932   39.6232   44.9444   52.4976   69.5701   85.6037   43.4166   13.0384   73.3485   57.1402   34.8855   28.2312   24.1868   41.2311   26.5707   50.3587   14.0357   63.1506   58.0086   18.3576   37.0135   85.0412   30.8869   78.7718   67.9559   26.0768   68.4763   28   54.1295   74.3034   33.9411   71.4703   47.1699   75.1798   32.6497   70.6824   51.264   75.2861   53.4509   0   40.9737   75.0944   66.1231   51.074   62.105   95.4197   57.2252   46.8025   40.4709   55.4475   68.1948   65.3137   64.5395   85.0286   56.0243   
46.3249   76.6551   58.2495   78.0064   64.6297   90.1998   57.4282   63.5295   70.4557   85.5102   103.73   56.0803   25.4951   90.3549   75.0267   50.01   35.2278   42.107   58.1378   45.5412   60.9262   18.7883   82   76.3217   3.60555   46.2385   101.863   21.2132   94.3663   86.4523   20.3961   83.4086   38.4708   71.1758   89.202   30.5941   87.4757   65.0308   90   19.2354   89.5545   67.082   91.4112   72.4224   18.9737   0   94.068   84.1284   63.2514   70.3044   109.578   64.2217   62.6172   56.3113   74.4212   78.6656   70.3961   66.6616   98.3746   74.0296   
42.0476   17.0294   27.5862   8.06226   20.6155   18.3848   39.6989   31.1448   38.0789   24.0416   51.788   63.1269   61.1882   19.8494   5.38516   32.7567   55.0727   35.2278   21.9545   34.9285   72.1803   61.8466   11.4018   1   75.6637   69.9714   63.0714   79.1202   31.7648   36.0555   82.0366   64.4748   64.8845   13.4164   68.0074   86.1278   24.6982   13   68.9493   84.119   29.4279   21.9545   26.4197   17   59.0085   77.3175   0   44.0416   49.1403   90.476   60.4165   89.1807   50.8806   56   43.6469   95.2357   106.316   102.193   104.499   60.9318   
22.8035   43.6578   43.1856   36.2353   40.1123   47.0106   14.1421   5.09902   9.48683   52.3259   36.7967   36.2353   45.607   48.6004   32.2025   42.72   60.208   33.8378   35.1283   24.0832   44.6542   58.7963   23.0217   28.3019   68.0955   45.607   41.1096   77.8974   60.5392   18.4391   65.9242   36.4005   43.1045   37.3631   40.6079   67.0075   53.2353   29.2746   41.5933   81.2158   21.587   43.2897   55.2268   12.0416   49.7393   68.4251   28.8444   0   53.2635   64.5522   49.6586   63.5144   54.4838   45.3019   40.2354   67.7096   83.0171   78.9032   77.8318   33.6815   
21.8403   34.0147   20   33.3766   23.0217   46.0977   29.0689   28.2312   38.2753   43.8292   67.8012   46.8188   31.7648   46.5725   30.0666   14.5602   28.8444   3.16228   15.2643   11.1803   56.0803   30.4631   37.6962   31.1448   43.566   48.0104   72.0902   48.8774   53.2353   49.2037   51.5461   62.2896   40.3609   27.5136   67.6018   57.2451   45.618   20.0998   68.593   53.2259   48.9183   26.4008   49.2443   30   27.074   45.1774   32.1403   31.3847   0   73.7815   72.8218   67.8197   25.7781   35.0907   36.2643   76.8403   82.4737   78.3506   92.3214   46.1803   
33.9411   84.8646   74.0608   80.4301   75.9276   93.0054   35.7771   45.1885   43.9318   94.7945   71.5681   14.0357   30.0666   94.2019   76.2168   68.0955   70.406   53.3385   68.2495   44.0454   11.4018   57.0351   72.0139   74.0608   53.6004   6.32456   62.6259   71.0211   104.062   60.2993   34.6699   39.8121   15.2971   77.7946   44.7772   28.3196   96.2601   68.6222   45.2769   70.342   68.2495   79.511   99.2472   60.3738   43.1045   51.2445   74.8866   49.3964   54.0833   0   80.547   31.0828   75.9543   57.4696   74.3425   34.4571   35.1564   31.0333   41.4591   50.2504   
48.2597   62.0725   67.6757   53.0094   62.8172   59.0339   37.2156   31.8277   24.1868   68.1836   9.21954   50.1597   70.2353   61   50.1597   68.8767   87.6584   61.4003   59.808   51.6236   55.1453   86.2786   34.0147   45.0999   94.6256   62.6498   18.6815   105.38   74.1485   9.84886   88.955   31.305   63.6003   57.5587   31.4006   87.8009   68.3593   51.923   32.0156   108.467   16.2788   65.307   68.884   31.6228   76.4003   94.578   45.0444   27.6586   58.8218   64.0703   0   79.6201   80.8197   72.9606   60.2042   78.2006   99.2267   95.1036   80.2501   57.3954   
30.8058   81.5659   69.814   77.666   72.1388   90.4268   34.4819   43.9659   44.1022   91.5478   73.5459   15.8114   24.1868   91.526   73.4983   63.5138   64.7611   48.8262   64.3817   40.3113   16.4012   51.0882   70.5762   71.6938   47.5395   3   65.7951   64.9384   100.896   61   29.2062   43.566   9.84886   74.5185   48.8262   23.8537   93.086   65.437   49.4065   64.2884   68.3593   75.6902   96.2133   58.8727   37.2156   45.2217   72.5603   48.5077   49.8197   6.08276   65.6201   0   71.442   52.0214   70.6083   37.0357   40.4722   37.1161   47.5418   46.9258   
29.6142   31.5753   14.4222   33.1361   19.6469   45.0444   37.054   35.7351   45.8803   40.8044   74.3303   54.4059   36.2353   45.1774   30.5941   7.2111   22.6274   7.61577   13   19.105   63.5689   28.2843   41.3401   32.8938   43.0116   54.7083   79.4796   45.31   49.98   55.7584   54.5619   70.2567   46.6154   26.0192   75.5381   61.2944   42.72   20.8806   76.531   50.2892   54.4885   22.4722   46.5725   35.3836   28.7924   45.1774   33.8378   38.4838   8   60.9016   65.5134   56.3028   0   37.5407   44.2643   84.6142   88.5107   86.3506   100.246   54.105   
9.21954   46.8722   34.4093   44.3847   36.7967   57.3847   19.7231   23.6008   31.8904   56.8595   64.5368   32.9848   20.2237   58.1808   40.4969   28.6356   36.8782   13.9284   29   6.08276   42.0595   31.241   43.0465   40.025   39.8246   33.6006   65.4599   50.2494   66.2873   46.6154   41.1947   51.923   26.1725   39.9625   57.5674   45.2217   58.5235   31.305   58.5235   53.1507   49.2443   40.3113   61.9112   32.5576   21.4709   40.3113   41   28.3019   14.4222   39.6611   55.3173   35.4683   21.5407   0   36.3798   64.2195   70.9754   70.6944   81.1201   36.9242   
23.0217   28.4253   24.0208   23.8537   21.8403   36.7151   23.7065   18.1108   28   38.2099   53.8516   46.2277   41.5933   37.7359   19.7231   23.7697   43.1856   18.3576   16   15.2971   55.6058   45.618   22.8035   18.6815   57.9741   51.4004   60.1664   64.1405   47.3814   35.3553   62.514   54.4518   45.6508   21.4009   59.1354   66.4831   39.598   12.2066   60.1332   68.4251   33.9411   25.2982   42.5206   14.8661   40.4475   59.2284   19.6469   19.2354   15.2643   56.7274   45.1774   53.8238   20.6155   21.3776   0   77.2415   87.2462   86.3467   90.4805   48.3019   
40   90.6091   80.7775   85.6329   82.201   97.949   40   49.0918   46.2385   100.449   71.007   16.6433   38.0526   99.2472   81.3941   75.1332   78.2624   60.3738   74.6324   50.4777   9.05539   65.0308   75.8024   78.8733   61.3922   14.1421   60.4152   78.9177   109.604   61.6117   41.5933   37.108   23.1948   83.5464   41.4367   34.2053   101.833   74.3303   41.7852   78.1025   70.214   85.8021   104.661   64.3506   51.0882   58.9406   79.6492   52.8394   60.9016   8   64.195   14.0357   67.9779   46.5296   62.2415   0   37.9249   39.0333   46.6469   51.6416   
50.2494   100.603   87.6926   97.0979   90.6863   109.932   54.0833   63.5689   62.9682   110.603   90.2718   33.1361   38.2753   110.982   92.9624   80.8084   78.2943   66.4831   82.8794   59.203   28.4429   62.6259   90.2497   91.3017   54.3323   22.4722   80.2808   72.3395   120   79.404   31   57.0088   27.8029   93.6002   61.3514   21.095   112.201   84.6286   61.6847   70.0071   87.2983   94.1754   115.434   78.5493   50.0899   51.1566   92.1792   68.0074   67.897   19.105   83.006   19.6977   73.6614   53.9073   73.2462   19.9249   0   18.1231   56.6554   66.398   
46.3249   96.8297   84.22   93.1933   87.046   106   49.98   59.4643   58.8558   106.827   86.3713   29.0689   35.3553   107.07   89.0449   77.4661   75.7694   63.0317   79.2465   55.4437   24.7386   60.4401   86.1626   87.3212   53.0377   18.3848   76.6551   71.0634   116.211   75.326   30.2655   53.4509   24.0832   89.8109   57.9396   20.8806   108.407   80.8022   58.3095   69.0652   83.1865   90.5539   111.606   74.4648   47.5395   50   88.193   63.8905   64.3506   15.0333   79.0253   15.6525   70.2922   50.2494   69.3397   16.5529   4.12311   0   51.8024   62.3106   
54.4243   102.626   95.462   96.4002   95.7131   107.815   50.774   58.4123   52.345   112.071   68.4105   29.4109   57.0789   109.343   92.2009   90.7579   96.421   76.243   88.5664   65.192   20.3961   84.0536   83.4506   88.8651   81.0247   33.1361   54.3323   98.4784   120.801   64.1405   60.9262   32.573   42.0476   95.7183   34.3657   52.8394   113.225   86.6083   34.2345   97.7446   73.7835   99.2975   115.603   72.9178   70.0286   78.5875   89.4986   60.8769   76.2168   27.4591   63.6946   33.541   83.8153   62.3618   74.4312   19.6469   34.6554   32.8024   0   62.9823   
11.7047   56.6127   50   50.9313   49.6588   63.0317   5   14.3178   15.5242   66.2193   48.3011   18.4391   31.0644   64.3817   46.6905   46.3897   57.7235   33.0151   42.72   21   27.5862   51.1077   41.1461   43.9318   56.5862   26.9258   46.0109   69.6348   75.1665   32.7567   49.6488   31.0483   25.0799   49.6488   36.6879   49.366   67.4759   40.4969   37.6431   71.7008   39   53.2259   70.0928   29.5296   39.0512   56.0803   44.6878   18.6815   32.0624   30.8707   39.3954   29.8329   40.05   20.8806   28.3019   35   49.3356   45.2217   46.1411   0   
