15
70
999999 7 14 13 5 8 11 17 8 5 12 15 7 10 14 11 13 6 14 14 17 13 16 5 12 7 6 16 9 12 16 16 10 13 17 12 13 14 9 9 17 6 8 9 15 8 14 15 14 7 11 10 15 15 16 16 6 6 9 9 16 7 8 6 5 10 17 11 16 6 
0 4 4 6 3 1 3 16 6 2 6 9 2 4 5 7 12 4 12 5 9 8 5 2 4 6 5 13 1 5 6 9 2 7 2 7 12 7 5 4 14 1 5 1 14 6 12 8 4 5 6 4 9 9 13 5 5 4 8 4 13 3 7 3 3 8 8 2 8 2 
20
0   0   0   0   0   0   0   0   0   0   0   0   0   0   0   0   0   0   0   0   
-5   1   -6   6   -7   6   -3   5   -4   0   -7   7   -3   3   -4   6   -4   4   -7   5   
-9   2   -13   9   -6   14   -9   12   -8   8   -8   11   -2   13   -14   9   -13   13   -14   9   
-3   11   -6   7   -10   3   -6   9   -7   8   -12   7   -8   10   -9   8   -8   5   -11   6   
-1   0   0   0   0   0   -1   0   0   0   0   0   0   1   1   0   0   0   0   0   
0   -1   -1   -1   -4   1   -1   0   2   4   0   0   0   0   3   0   0   3   -2   -1   
3   -9   5   -4   8   -4   6   -1   1   -6   5   -6   8   -7   5   -7   1   -6   4   -7   
2   0   0   4   -13   3   -7   0   -11   2   5   9   3   0   2   7   -5   1   -4   8   
-5   5   -4   7   -1   2   -7   4   -2   3   -1   5   -8   3   -3   0   -6   8   -3   4   
-4   1   -3   2   0   1   -1   1   0   2   -1   1   0   0   0   1   -1   1   0   0   
1   -5   0   -7   -2   4   -2   -6   4   2   -1   3   0   3   -1   6   1   7   5   0   
-7   6   -7   13   -13   7   -5   13   -9   6   -10   8   -11   12   -11   -1   -8   5   -10   13   
-1   0   1   0   3   -1   1   0   4   -1   5   -2   0   0   2   0   3   0   3   -3   
-1   0   4   2   -1   0   -5   4   5   6   3   -1   -2   8   0   3   0   0   -5   4   
-7   6   -10   10   -2   12   -8   8   -2   7   -8   10   -3   12   -8   5   -6   3   -11   13   
1   -3   1   -1   1   -4   -1   -1   2   -6   4   -6   1   0   0   0   -1   -2   0   -2   
6   -11   7   -5   1   -4   11   0   6   -6   7   -5   1   -6   2   -1   4   -11   6   -5   
-5   5   -5   6   -3   5   -4   2   -2   2   -6   5   -2   4   0   2   -5   1   -6   5   
0   0   2   -2   -1   -5   6   -3   3   5   -1   2   -1   2   -1   -5   4   0   3   -1   
-7   -1   -3   5   -14   7   -7   0   -8   3   -6   5   -4   4   -6   1   -5   7   -14   5   
-2   -5   -6   0   -1   2   11   0   -2   -2   -2   6   8   -6   -1   -6   1   -11   -2   -1   
-8   8   -3   13   -6   10   -11   0   -6   3   -7   6   -6   7   -6   7   -3   5   -6   6   
-1   0   -8   3   3   12   -1   -2   1   4   -7   -1   -5   0   -7   7   -6   0   -2   -3   
-4   2   -2   4   -1   3   0   3   -2   4   -5   2   -3   2   -3   3   -3   3   -2   1   
8   -7   6   -12   8   1   6   -7   11   -10   12   -11   7   -5   2   -8   8   -9   5   -11   
4   -1   3   -2   0   0   3   -7   2   -3   6   0   3   -4   4   -7   1   -2   4   -4   
0   -6   1   -1   1   0   1   1   0   0   2   0   0   3   -1   -4   -1   -3   -1   -1   
-3   13   -11   9   -10   10   -3   2   -9   5   -5   7   -7   6   -7   5   -3   13   -4   1   
7   -3   4   -5   3   -5   3   -6   0   -3   4   -2   7   -4   2   -2   6   -5   -3   -7   
5   6   -11   6   -8   9   1   6   -9   7   0   0   -5   1   -4   -7   -3   6   -1   1   
7   -15   4   0   5   -10   6   -5   5   -10   10   2   1   -9   2   -7   12   -7   4   -12   
-8   12   3   3   -9   8   -14   6   -8   1   0   9   -10   8   -5   -1   -7   2   -3   -2   
-2   -6   0   -3   0   1   2   -2   0   -4   2   2   -1   2   0   -3   3   -2   7   -2   
1   1   -4   -5   2   2   -1   5   6   -2   -2   5   0   0   3   4   -6   2   -4   -1   
-4   13   -6   11   -8   12   -3   6   -9   5   -6   3   -2   8   -5   9   -6   14   -6   13   
-6   2   -2   -1   0   3   2   4   -1   1   -5   6   -5   -1   -7   5   -5   5   -2   3   
6   -3   -1   -9   3   -10   0   -2   6   -1   -1   0   3   -4   -2   1   2   -4   0   6   
-8   2   0   0   1   2   -5   0   3   -2   0   -2   -4   -4   -5   9   2   5   -6   6   
6   -2   3   -3   0   -3   8   1   2   -1   2   -2   0   0   4   -3   0   -1   1   -2   
-4   5   -1   0   -4   1   -3   -2   -5   3   5   7   -9   1   -7   0   -2   3   -2   5   
-5   14   -14   5   -10   6   -7   11   -7   8   -10   7   -7   3   -10   2   -15   13   -7   11   
-3   0   -2   4   -2   5   0   1   -6   4   2   2   -4   2   -2   4   -6   4   -4   2   
-6   7   -5   5   -6   4   -3   5   -8   6   -4   5   -3   8   -5   8   -6   5   -8   3   
-4   9   -5   1   -2   4   -7   0   -5   4   -3   4   0   6   -4   4   -6   0   -6   1   
5   1   -4   8   -6   12   -1   7   1   8   -15   2   -7   6   -6   4   -8   0   -10   12   
4   -1   2   -4   0   -2   2   -2   5   -3   3   -1   4   -1   6   -5   3   -1   7   -2   
-3   -10   6   -2   7   -4   0   0   4   -2   1   -3   2   0   8   -3   3   -2   6   3   
-3   1   5   4   -4   -1   -4   -5   5   3   2   3   -1   4   0   2   -3   -1   -2   5   
-1   10   -6   7   0   5   -5   5   -7   10   -9   8   -2   3   -5   5   -6   6   -12   -2   
2   0   3   1   0   -6   3   -2   4   -1   -2   0   3   -1   0   -1   -4   -1   0   -2   
-3   0   4   -2   0   -3   0   0   1   0   -7   -1   -1   -1   0   -4   0   -1   2   0   
2   4   4   -5   10   -7   3   -5   6   -6   7   -6   0   -5   4   -5   1   -3   6   -6   
8   -4   7   0   -3   -2   3   -4   9   -1   -3   0   9   -4   0   -4   0   -6   2   -5   
4   -14   1   -5   5   -2   -3   -12   7   -7   4   -10   12   -7   14   -8   11   -14   4   -6   
5   -11   1   -1   0   -5   7   1   1   -12   2   -2   -1   0   11   -9   3   -3   -5   -8   
5   7   -3   2   -5   -1   0   10   -2   7   -5   10   9   -1   0   4   -3   1   -2   3   
1   0   0   -2   5   -1   -1   -2   1   -2   0   -2   -1   -1   0   2   2   1   0   -1   
-1   3   0   6   0   4   -4   5   -3   5   -4   0   -1   0   -4   -1   -5   4   -4   3   
-8   6   -7   0   -3   -1   -6   8   -8   5   -2   2   -5   7   -3   7   -2   7   -6   1   
4   -2   6   -4   5   0   0   -6   4   0   1   2   6   -3   5   -1   0   -4   6   -8   
-9   -5   -13   0   -3   11   -13   3   -11   4   -5   10   -10   1   -8   7   -12   4   1   8   
-4   2   0   3   -7   4   -2   6   -1   0   -4   6   -5   1   -4   2   -2   0   -7   6   
3   -4   4   -5   5   -3   -1   0   4   -3   5   -3   3   -3   1   -3   2   -4   4   -2   
2   -1   3   -2   2   -3   1   0   1   0   4   -2   2   0   -1   1   0   -1   3   -1   
0   0   1   1   0   1   -2   1   0   1   -2   0   0   0   0   0   -1   1   0   2   
-5   10   -2   1   -6   8   -3   5   -9   5   -1   1   -2   4   -2   0   -4   4   -5   3   
7   -3   10   -12   -2   -8   3   2   7   -9   8   4   6   -12   9   -1   7   -3   3   -8   
2   3   3   1   3   -2   -1   1   -2   1   -2   1   -5   3   -3   -1   1   0   1   0   
-7   11   -4   11   -4   4   -3   0   -10   7   -10   0   -4   9   0   5   -5   14   -13   0   
0   3   0   0   0   2   1   1   -3   1   -4   1   -5   2   -1   2   0   1   -1   5   
0   65.2096   53.3196   82.2086   64.5159   48.7226   69.0882   40.7065   33.434   49.5106   50.3848   39.3961   67.862   35.1327   57.9102   78.1148   64.6528   56.2835   54.6733   50.4006   33.6158   46.9047   67.3553   74.9351   70.0789   52.2485   59.8929   47.3234   55.3113   73.6531   66.4665   49.4006   47.6875   67.4149   82.0278   72.3104   85.1941   44.082   43   40.4764   47   77.9829   36.088   64.4166   37.0278   53.443   52   32   63.8197   70.4885   87.5891   44.0799   57.0789   49.9061   60.2945   56.8378   74.0133   64.5265   69.2473   39.0208   69.4976   54.6931   58.0132   53.257   57.566   66.8941   60.6476   77.2033   58.2019   67.6542   
50.2096   0   73.4292   131.834   104.104   51.9994   115.256   47.3019   64.1599   32.2565   55.6395   82.7166   75.4358   56.5441   88.5564   93.7621   103.122   103.201   92.924   70.9365   60.8923   91.8375   33.5563   106.654   97.6126   35.0454   54.1984   92.3103   79.3777   108.304   98.1036   69.9564   52.4966   90.2462   127.015   97.6057   130.181   47.1603   73.7055   53.9333   61.4459   95.0987   81.0681   98.5845   82.0147   93.0713   38.0838   49.4093   104.249   90.1146   105.108   54.6005   84.9536   35.6755   33.3178   64.1736   32.1655   29.099   36.0907   87.6419   91.0267   48.0179   75.0384   91.5242   38.0416   106.101   36.7047   118.691   25.0454   108.493   
28.3196   59.203   0   87.4915   86.9187   72.28   70.0273   57.7551   53.6431   57.4849   40.4862   58.4803   89.5156   55.683   82.5186   50.8281   87.0068   76.3618   77.0761   30.3246   46.249   58.9112   73.6205   47.9317   39   58   82.4105   53.9098   33.0416   50.5539   89.7432   29.3246   73.7814   92.4853   84.3081   40.6833   85.3636   68.4642   65.1041   67.8658   34.083   106.14   54.4308   40.5539   43.6142   75.8458   60.6742   47.2746   88.3494   45.3132   61   72.3995   26   58.833   75.0333   79.9016   85.7171   74.7083   78.9711   61.4236   97.8172   76.2713   86.3328   52.0799   81.1378   95.2137   79.2046   69.8394   74.3839   70.8188   
67.2086   117.388   72.45   0   68   111.443   35.3417   106.454   85.9016   116.719   104.735   67.0513   108.869   93.0856   79.5368   109.166   72.04   60.3275   68.1507   96.3303   91.2965   57.6173   133.6   78.4138   82   119.457   119.832   57.8469   96.0804   68.6023   80.1249   96.6324   106.246   94.4431   22   93.7216   26.6023   111.291   83.7308   107.685   102.394   102.99   74.8556   77.2643   74.8197   75.5711   119.209   99.2086   79   105.545   116.333   101.147   86.2315   117.115   127.503   110.946   140.036   130.549   133.201   75.4782   94.5047   115.473   109.163   72.0406   124.775   86.0294   127.856   44.0227   124.225   50.632   
49.163   89.8888   72.45   50   0   78.7343   59.8803   80.4249   62.2409   96.4114   96.0907   49.7716   63.6321   66.2883   37.105   121.317   24.1231   31.3137   29.1803   93.4919   70.0865   43.8444   113.719   98.0366   101.404   100.384   84.0164   63.0454   99.7735   90.6614   34.5602   92.4919   74.2224   42.2312   72   105.872   70.4437   75.8466   52.9572   77.5302   94.3316   55.1385   54.9291   90.3464   65.2941   32.3417   101.163   81.163   30   112.602   126.161   77.4782   93.4145   93.1038   97.2624   73.188   122.054   112.282   114.104   45.4951   51.0032   83.0078   66.8634   76.0088   103.202   37.1108   108.394   79.5428   107.365   74.5079   
34.1321   32.0624   57.28   95.4149   60.0333   0   95.716   29.2643   42.0175   49.58   60.3249   58.6055   43.0082   34.6902   56.0574   102.318   71.551   72.1545   63.6702   72.3678   43.0021   68.0304   60.9318   103.383   96.28   53.691   30.1803   75.4422   81.853   100.663   64.9117   71.428   19.6569   55.2161   107.734   97.9633   114.345   25.8102   48.7577   33.2462   62.7603   64.0448   66.3103   94.0584   68.6952   61.4342   55.8449   42.6356   72.5606   102.593   112.387   32.2956   83.28   46.4109   34.6815   28.1421   60   54.3977   64.3254   61.2041   63   25.1231   41   84.3758   40.2237   70.4198   48.8403   101.377   53.28   95.3217   
51.0882   101.237   55.0273   17.4642   45.8803   81.3941   0   89.3238   68.7083   99.6722   84.4414   58.0463   96.8734   78.5404   74.1476   93.6352   67.3356   56.9026   64.2769   75.0328   73.2776   53.0512   115.674   62.2217   66.469   100.057   106.022   37.4307   77.1457   56.1141   78.3104   76.4679   91.2116   87.1845   27.3417   78.2042   38   92.5493   71.7587   90.2928   80.0832   98.0625   59.1214   60.7037   58.2415   64.0977   100   83.0882   68.5964   87.0594   101.03   86.1126   68.17   96.0731   111.383   88.3303   122.467   112.98   114.265   61.0512   91.3348   105.781   100.733   45.0832   108.654   82.5859   111.736   31   106.655   34.2462   
23.7065   28.3019   42.7551   89.9389   62.3618   15.2643   74.4043   0   38.1868   40.098   51.0644   54.8246   54.2654   34.3178   66.0005   88.4692   75.4426   72.6975   65.2445   57.3244   30.1245   70.6112   50.3452   90.6868   81.7551   43.7725   40.0005   70.9711   71.032   87.8354   75.5509   60.6709   30.8353   64.8197   98.9588   83.4384   107.404   21.6158   47.4605   33.8102   51.6155   79.3091   59.7945   80.195   60.7343   65.0408   45.9264   38.6015   85.2502   88.0683   103.755   35.6015   68.7551   36.4924   36.8284   43.4065   54.1566   44.6698   49.1321   62.3401   72.6308   30.5602   54.8707   76.9635   34   85.0086   50.0217   91.8974   38.3452   89.2642   
9.43398   48.8262   37.6431   69.6563   44.1814   27.2029   54.7083   20.6155   0   51.6879   49.4683   34.2094   55.6047   31.6158   46.3516   87.1814   57   56.3863   47.0606   56.0366   30.0623   51.6211   69.9118   81.0896   76.6431   57.2485   51.4864   54.5261   64.7453   73.2115   56.3189   58.8346   36.3617   55.13   82.05   78.3264   85.267   41.703   26.7047   38.3337   54.1321   72.0096   40.8045   70.6333   46.4617   49.0161   54.1995   37   60.0114   79.7809   97.0231   31.2627   63.6431   51.2415   57.444   40.7386   74.7722   65.2853   68.4976   42.0238   67.6005   51.1757   48.6356   55.0128   54.6155   70.2719   57.1856   73.4423   58.9608   63.2443   
35.5106   17.72   41.4849   102.303   80.4114   30.8869   85.6329   19.105   36.6879   0   39.6283   69.0837   71.026   46.6744   79.6056   80.542   93.1436   88.7744   83.5298   53.3275   43.6056   77.1348   35.2111   88.7262   79.9862   24.8857   55.8155   76.2415   62.7678   90.7698   89.6125   52.3275   47.1726   83.1472   111.467   81.6368   114.482   39.56   60.8953   39.9615   44.7717   94.1431   66.3703   81.1744   66.5239   81.3943   24.6023   32.6011   94.0254   75.4761   91.3687   47.6888   67.4849   17.6056   36.1416   59.0116   39.0225   29.5357   34.2565   73.5847   89.3356   48.0179   66.3356   83.4649   33.3132   93.0584   40.8403   102.69   23.2111   92.492   
28.4429   41.5933   18.3576   87.2353   77.5242   46.3249   69.8355   31.0644   35.4683   24.0832   0   64.8103   85.3299   55.1648   80.8168   60.0476   91.7856   83.4163   81.8061   30.2971   45.7308   69.4439   51.0297   65.6248   56.7487   36.8806   71.065   61.8398   39   67.911   90.7841   29.4585   61.8998   89.5952   97.1772   57.4166   97.9339   52.6802   61.1699   58.6005   20.4031   100.608   64.5309   58.9114   55.2938   80.5758   43.3848   41.3848   92.2626   51.1386   77.5547   66.4264   44.3576   41.6887   60.2248   71.7587   59.8135   53.6188   49.6155   66.1536   95.3901   61.6247   84.1039   65.2311   57.3964   95.337   64.9235   86.1093   47.2943   75.9112   
20.3961   68.0074   42.5441   51.0392   30.0832   44.4185   37.3363   39.8246   19.2094   55.0364   48.0104   0   61.0106   43.711   41.807   90.6732   45.4631   41   43.5321   61.7965   41.4939   29.2888   87.3553   72.1843   71.6229   72.2485   67.6138   36.4999   68.1209   66.232   52.3017   61.4838   53.9232   58.9178   61.0435   76.4549   68.8941   59.3368   30.4924   56.7475   58.6716   68.4271   18.4721   66.1151   33.8661   42.4222   72.3961   52   54.9258   81.4166   103.544   50.472   68.5441   70.3022   76.653   54.108   93.4396   82.0379   86.7743   28   59.9418   69.5416   63.1182   57.3847   73.8246   53.4833   76.395   59.566   78.1699   58.3766   
47.8539   56.4358   75.4718   93.3006   48.0104   25.632   82.8734   38.833   38.4838   56.3649   68.593   47.0106   0   54.887   45.5296   125.327   59.4596   69.0784   60.7185   94.5203   63.199   71.1475   86.0766   116.881   114.472   76.0806   48.0907   83.5105   103.092   111.695   52.7869   94.3087   39.8537   40.4959   105.6   116.155   113.243   48.6497   53.4006   45.0644   88.3923   44.5091   65.4828   109.117   77.0339   63.3185   80.9672   68.2677   58.0454   118.265   135.443   49.3417   101.472   72.0429   59.19   38.1734   83.8696   75.0999   85.6805   60.1022   36.0238   46.1204   31.8489   93.4966   63.2622   57.4215   60.0999   106.577   75.8705   101.728   
15.1327   42.5441   41.6773   77.0065   48.2701   19.6469   62.2656   14.3178   7.61577   32.249   36.0555   26.1725   33.8378   0   50.9647   90.7304   63.5669   60.9995   54.1213   61.1193   30.434   54.0555   64.6631   86.0507   80.6773   55   47.166   59.344   70.444   80.8273   60.932   60.1248   32.0333   58   87.216   82.3607   92.8828   30.4012   31.3178   39.0384   51.0694   68.8216   43.2389   76.5491   49.0483   51.9285   56.8514   39.3848   67.3814   85.6213   102.677   36   67.6773   48.0689   50.1301   44.2354   68.4744   58.9876   63.4499   49.6396   62.2074   42.9317   39.2074   62.6286   47.3017   72.5412   53.0694   81.0581   52.6631   70.8601   
38.9102   72.5328   66.0303   64.5368   19.105   41.6293   56.0357   46.1736   31.3209   65.0308   66.7308   25.807   29.5296   33.0606   0   114.802   34.5387   35.8403   37.2859   85.4911   58.2938   54.6495   96.5188   97.217   96.9836   83.029   60.607   61.8606   93.0064   91.5363   36.0499   86.8445   60.2513   35.3417   83.3774   101.816   87.3593   63.4618   38.6469   63   84.0324   41.2053   43.8329   86.6705   59.673   35.0499   85.1996   64.8035   33.1245   105.831   123.467   58.9559   90.5935   81.1294   74.1664   50.0834   100.33   90.8434   95.3057   47.095   32.72   66.7524   43.7588   71.1402   80.1736   35   86.1299   85.1162   84.5188   74.9181   
62.9682   79.7621   34.8281   95.0474   105.991   88.193   79.1012   72.9452   72.1249   64.0312   42.0476   76.6616   109.018   75.2861   100.802   0   121.835   109.361   111.904   52.8106   81.0772   91.4726   82   59.4535   48.4605   78.9282   112.946   78.9634   43.6995   60.6905   124.571   53.6736   103.781   126.288   106.443   43.3793   103.662   94.561   98.8296   98.2621   61.6611   140.951   87.9964   55   77.9245   110.674   80.0892   79.6825   123.178   29.4868   29.0454   103.388   43.7924   77.9365   99.7263   108.202   94.0065   91.3753   87.0075   96.2518   132.466   103.505   114.494   71.4198   97.3445   129.862   103.078   98.4511   85.0507   88.2531   
48.6621   87.5957   73.0068   54.0093   4.12311   57.2451   49.3356   60.4152   43   78.7718   77.1038   30.4631   44.2041   46.5296   15.8114   106.944   0   32.8924   28.2777   92.2596   65.0416   47.9675   109.994   98.2558   100.464   96.4973   76.4184   59.9674   98.584   93.0592   29.2631   91.9469   65.8941   43.1208   70.5024   106.918   74.3043   74.7961   46.6571   71.2301   88.4034   50.559   48.9352   88.2765   60.1004   26.0416   97.1995   80   19.4142   111.88   129.232   71.0408   94.2324   94.2415   89.9778   63.1022   114.494   103.092   109.547   40.632   46.9281   82.3682   58.4599   76.7963   92.6942   33.0357   99.5989   80.3356   98.7605   70.5371   
41.1947   85.8836   62.3618   42.7551   11.3137   58.1378   35.9026   57.6975   37.9473   74.6324   69.0072   21   51.0784   43.382   21.8403   95.3415   13.8924   0   31.3191   82.5245   62.3542   31.8885   107.03   86.5679   92.2994   93.2485   79.5533   51.8024   88.3894   76.3699   43.1555   82.4838   67.1124   52.1698   62.3275   97.4549   69.3574   72.5261   43.6816   74.2715   79.6716   63.0457   39.4721   83.0737   54.8661   29.083   92.1468   73   33.3067   102.417   120.213   69.21   87.6408   89.1889   92.8193   61.8615   110.854   102.367   106.445   35.2627   54.5604   80.8466   63.9444   72.8039   90.6837   46.9281   93.492   64.8723   96.0427   54.6742   
38.4708   78.924   63.0714   53.1507   11.1803   49.6488   45.2769   51.2445   33.0606   69.2315   66.9104   20.5913   40.7185   37.108   11.4018   97.2471   10.198   10.4403   0   82.3878   56.4504   42.3289   100.152   92.7756   92.2141   86.8934   69.1751   54.8021   88.7122   86.5055   35.8924   82.075   60.2343   41   69.6621   97.0462   79.7531   65.6479   36.8035   66.7773   79.2629   50.3853   39.0634   82.8699   51   22.2361   87.2601   67.0377   29.6123   102.008   123.196   59.7063   89.0714   84.3021   84.24   51.4833   105.401   95.9143   100.377   39.6525   44.1218   73.535   52   67.2494   84.4096   32.3576   88.7107   71.1295   89.5897   65.1145   
32.0156   56.8859   6.08276   78.4347   77.7946   58.3095   61.0328   43.3244   41.0366   39.3192   15.2971   47.7598   78.0064   44.2041   70.4911   31.1448   78.1857   67.9117   68.1542   0   51.0588   64.994   65.7545   53.2491   44.6586   52.1386   83.3249   54.1995   27.4403   54.8329   94.8743   17   72.3708   96.1666   88.3744   46.7661   91.4463   64.9401   67.7413   65.1597   26.0499   109.999   60.3244   44.8329   49.6969   80.9769   58.5261   47.7321   93.4806   43.3238   60.1902   68.4786   32.0828   56.9248   75.4608   81.7752   73.3095   66.2157   64.9125   66.5547   101.513   71.8705   82.4105   50.0161   72.6324   97.3547   76.0083   75.9221   59.8912   75.811   
7.61577   43.1856   32.249   74.2496   52.0865   27   58.4123   16.1245   8.06226   29.5466   27.7308   25.4951   43.2666   9.43398   39.2938   65.9469   51.0098   45.3542   41.0122   34.8281   0   54.5204   62.6154   76.407   69.3624   50.5505   52.9053   49.8469   58.4991   72.0775   63.2443   48.0588   37.7806   63.0106   84.5539   72.9324   87.7202   37.7403   34.767   39.7526   44.0185   77.0762   43.7038   67.0899   39.5539   57.0784   47.3883   34.0416   68.0736   77.5622   93.249   32.6815   58.249   47.1521   52.8839   48.8009   68.5691   59.0822   63.803   46.6366   71.6414   46.6847   48.6414   60.8728   50.0555   73.3698   53.1152   81.5046   52.7577   71.3065   
27.7308   76.8375   44.911   41.6173   28.8444   53.8516   28.1603   48.8365   28.2843   63.1348   53.4603   9.43398   55.1453   35.4683   30.6757   77.4726   30.4795   17.8885   22.2036   50.636   33.8378   0   95.0862   69.3964   70.7787   79.8845   77.0478   35.6205   72.6597   63.3249   56.1672   67.636   63.3572   63.2036   52.6197   76.4406   66.1603   65.8695   39.9264   66.1814   68.0408   71.8692   27.9061   58.9401   34.2971   41.9545   79.7308   59.7308   49.8937   84.0677   99.266   59.5469   64.7545   77.637   85.5984   61.1736   100.453   90.9665   95.6873   37.434   63.3839   78.4   63.6905   43.3196   82.7699   54.5612   85.4699   51.0571   84.6419   48   
52.3546   15.5563   53.3385   118.6   97.2934   43.9318   101.671   35.2278   53.7587   17.088   34.9857   72.0902   69.3758   49.0306   81.3941   68   95.5249   91.7061   86.122   49.6588   46.6154   80.0625   0   100.611   91.1958   34.1917   63.3516   92.6411   72.6227   102.897   106.053   63.6024   61.3378   98.1617   128.229   90.8708   130.518   52.1182   77.9833   57.0495   55.3888   107.977   83.37   93.2066   83.3259   98.4823   31.0294   49.3553   111.113   81.6201   97.0454   64.7768   79.3385   34.6936   42.7707   72.0739   31.6123   27.6619   21.4142   90.6727   101.47   56.0668   80.0546   99.675   39.9422   110.146   49.6271   119.778   37   109.58   
53.9351   92.4446   33.2415   59.4138   82.0366   87.2812   45.2217   74.0068   62.8172   74.7262   51.264   57.4543   100.881   69.0507   83.2166   37.3631   84.1724   70.7248   76.0592   36.2491   60.407   53.9073   85.9069   0   37.4018   88.1446   112.858   53.0899   45   25.198   103.811   53.2491   97.7257   109.902   72.5633   35.1555   66.0384   95.0247   84.0071   93.7776   62.2217   122.63   67.7122   24.7703   58.1648   90.6042   87.6419   80.5161   101.285   48.9666   63.0135   93.0885   44.9317   92.0745   108.275   101.556   108.779   102.465   98.5813   77.1323   114.344   104.567   107.364   41.0768   108.007   108.417   112.257   61.4833   96.1403   64.4838   
49.7695   83.5464   25   68   84.4038   81.5843   52.469   67.4759   59.0931   65.9242   41.9762   57.3149   97.5756   64.5136   82.9759   27.1662   86.0523   73.2393   77.1557   26.6833   55.3624   55.6058   75.9605   11.4018   0   78.822   107.411   56.4969   37.2354   34.6469   106.554   43.6586   93.143   111.45   79.6578   33.0828   75.535   89.0917   85.7978   89.3485   52.7332   124.181   69.2666   36.1721   58.45   97.3806   78.7598   72.1479   105.459   36.9737   47.1204   88.044   31   83.5298   100.033   99.8318   99.9928   92.8543   91.5917   85.3149   115.696   97.8841   101.727   49.4591   99.2374   109.513   100.145   60.0109   86.5745   61.911   
37.1618   21.0238   39   103.005   83.7257   36.3593   86.0523   23.7697   39.6232   5.65685   20.8806   57.2451   61.7171   36   69.029   59.2284   82.2982   77.3692   72.5603   36.1386   32.0156   64.8845   15.6205   72.111   62.8172   0   61.4537   77.6259   59.8806   88.405   95.2599   50.3391   52.2884   88.5894   113.394   77.6498   118.667   43.0689   66.3279   45.6184   41.2837   98.0067   72.0271   78.405   71.5695   84.4557   21.1623   38.2579   99.6346   72.0192   88.2737   53.3456   65   23.2624   41.2947   62.1041   40.8114   31.3246   33.2127   74.1664   94.9924   53.6747   71.9924   84.6657   38.9701   98.7153   43.0278   106.843   25   96.6448   
45.0111   35.171   68.4105   103.832   64.6607   11.1803   90.6201   26   37.4833   38.9487   56.8243   53.3104   22.0907   30.1496   45.607   98.8383   61.4003   64.5368   55.1543   69.2892   38.0526   62.6498   49.2443   98.4124   92.7631   44.5982   0   86.6225   93.0333   110.13   73.3385   82.6083   30.8372   62.5867   112.884   109.094   119.19   33.3848   59.938   40.8814   73.9406   65.2652   71.7825   105.143   77.6065   70.0377   61.6439   53.816   78.6117   107.963   123.567   43.476   94.4105   52.2099   39.8806   39.3225   62.5962   52.7272   63.9633   66.3546   58.1145   31.6619   44.095   91.1643   38.4094   72.2259   43.5372   110.926   56.5876   100.728   
28.3019   78.1025   34.1321   40.4969   44.0454   60.7289   23.4307   51.9711   33.5261   62.2415   47.0106   20.6155   67.2681   41.1096   45.618   63.8905   45.9674   32.8024   37.8021   40.1995   35.8469   15.6205   78.2432   38.2884   40.4969   62.6259   70.8308   0   58.2897   49.8869   70.0178   57.1995   69.8878   72.6941   50.7724   67.7361   56.4239   71.5108   51.0278   68.7783   61.6613   86.8233   33.0278   48.3196   27.2956   56.1204   80.3019   60.3019   65.3816   77.4059   83.8767   64.7888   60.1252   77.6941   88.5964   71.1427   101.264   91.7771   95.8375   41.6982   78.338   82.5314   79.311   37.0384   85.868   70.1597   88.9466   44.5993   85.4526   34.4012   
40.3113   65.3758   12.0416   78.8543   83.7735   67.7791   61.8142   52.811   49.5782   48.0416   24   54.1202   87.0919   53.2541   78.0064   22.8035   84.5281   73.3894   74.7061   9.48683   43.8292   55.6597   56.921   30   19.2354   44.4072   78.7718   43.2897   0   51.0768   101.785   26.4868   81.6098   104.527   89.1559   36.2483   89.3757   74.4268   76.2829   74.6466   35.5367   118.182   66.4724   41.0768   55.6558   87.8874   60.5933   56.2173   100.391   30.2127   51.8489   76.5108   34.8489   65.6472   83.0176   90.3169   82.7964   75.7026   73.6155   73.4652   109.809   81.3574   91.8974   58.0624   80.1891   104.697   83.1158   73.8705   69.378   67.6004   
51   93.7763   35.5106   49.2544   73.6614   85.0529   35.1141   72.8354   59.2115   76.1577   53.8516   51.0784   96.3172   66.0303   76.4788   46.6905   76.0592   62.3699   68.5055   39.8246   58.0775   46.3249   88.8369   10.198   19.6469   74.2428   96.0052   30.8869   35.609   0   97.7813   54.6079   95.5732   103.476   62.4558   45.318   62.8189   94.4512   81.5708   91.4764   63.7097   115.991   63.9146   28   55.3631   83.8839   87.9323   74.8769   95.4734   56.6205   66.7673   90.4742   40.1725   93.1642   108.784   99.9501   113.134   105.567   103.467   69.4617   109.199   102.284   105.238   42.3961   105.956   100.863   111.193   47.2947   99.2428   45.6531   
48.4665   82   74.9466   64.1249   14.5602   50.5964   58.2495   56.0803   41.2311   75.0067   76.5376   33.3017   34.6554   43.1045   10.0499   109.554   10.4403   22.3607   13.8924   79.6492   49.2443   36.0555   91.2688   89.8109   90.5097   79.0569   53.3385   51.614   86.8217   82.3772   0   94.7854   62.7415   33.8924   76.0083   109.757   84.7446   71.959   43.6142   69.6584   91.5745   38.0227   51.7738   94.512   63.1041   29.2127   95.2495   74.8534   29.8545   114.718   131.825   63.7419   100.643   91.1734   84.2163   52.5736   108.381   99.3339   105.212   47.3196   32.7631   70.2699   46.249   79.3751   89.6045   31.4721   94.7553   85.0219   94.4255   77.0349   
31.4006   55.9017   6.32456   78.7718   77.4919   57.3847   61.3514   42.3792   40.3609   38.3275   14.3178   47.4342   77.201   43.4166   69.9714   31.8904   77.8332   67.6831   67.7791   1   34.0588   50.4876   48.7545   37.1618   27.6586   35.171   68.352   40.3113   10.4403   40.6079   79.177   0   71.2253   94.8123   88.6931   46.6886   88.5835   63.98   66.4004   64.7617   24.0554   109.384   60.0445   45.6105   49.2278   81.9769   51.573   44.7924   94.4806   40.1868   55.3401   66.7403   32.3246   51.0555   74.4692   81.0995   74.1313   66.1957   63.9333   67.5547   100.898   72.8705   82.624   46.3847   71.6407   98.2948   73.0085   73.0593   60.171   74.7125   
30.0167   36.4966   54.7814   89.8888   54.5894   5.65685   76.0592   15   22.3607   32.8938   45.4533   38.9487   23.8537   15.0333   36.4005   86.8217   51.8941   52.4976   44.1022   56.356   23.3452   48.3735   47.2652   83.7257   78.5875   38.0789   15.1327   55.7853   65.7419   81.0062   45.607   55.4707   0   52.272   99.9921   95.4647   106.742   30.2195   41.204   29.1701   65.6995   61.1007   56.1137   90.4352   61.8912   60.5534   57.3047   46.1407   69.5251   95.6575   110.811   22.099   80.7814   47.8707   40.3384   25.198   64.6956   55.3178   62.4007   53.6005   53.2046   30.78   41.4924   77.3735   41   62.6905   40.9258   95.803   51.3553   85.605   
48.4149   73.2462   76.4853   76.7919   28.2312   41.1947   69.1809   49.8197   39.6611   68.884   74.7061   38.4708   21.4009   39   13.3417   111.288   24.1661   34.1321   24   80.4301   47.0106   43.9659   84.1487   95.8801   95   73.5459   41.7852   58.6941   88.5268   89.4707   13.8924   79.8123   37   0   89.9008   114.926   98.4704   62.4905   45.4253   60.162   90.0694   26.9574   56.9429   100.012   71.8137   43.1051   91.1864   76.6611   43.5803   118.74   135.152   54.3456   102.485   83.9274   74.8371   43.074   99.4085   88.0068   98.9518   52.0147   18.4721   60.2769   41.3776   84.4818   78   32.0416   77.9258   95.023   88.1649   88.2598   
62.2896   112.45   68.3081   5   46.0977   90.4268   13.3417   84.9588   64.6607   97.4526   82.7345   46.0435   88.6002   72.0069   60.0167   92.0054   50.04   38.3275   48.6621   74.3303   69.2965   36.6197   113.811   57.0701   65.123   98.2293   98.8838   35.8469   75.1332   46.8722   60.0083   74.6324   84.9058   72.4431   0   90.4261   26.8489   102.408   76.5359   101   93.4249   98.031   64.5156   71.0096   63.1425   67.4106   113.342   94.2896   68.0882   100.401   112.243   95.9233   81.5117   109.415   121.787   97.7933   135.808   126.321   127.606   73.5296   90.9152   114.939   100.31   58.4249   118.959   81.0197   121.846   43.6469   119.997   42.587   
53.2353   83.6002   26.6833   74.0068   89.8721   83.9345   58.5491   69.4262   62.6498   66.1891   42.107   62.2415   101.074   67.624   87.7268   21.3776   91.4002   78.7718   82.3286   27   58.3095   61.0328   75   16.1555   6.08276   62.6498   95.0789   46.1411   18.2483   25.318   95.5249   28   81.2712   99.4887   71.1758   0   81.6178   91.042   89.3545   92.1597   52.0554   126.446   75.3494   40.9258   64.5327   97.4678   76.8415   72.7924   110.814   29.8924   44.0868   90.9911   37.0828   79.0555   101.266   103.388   100.31   93.2157   91.7225   87.8393   117.961   98.8705   106.831   55.5418   98.4374   114.686   101.008   66.0936   86.8912   66.9902   
66.0681   116.181   67.9779   8.60233   55.4437   96.1769   15   89.4036   69.6419   100.419   83.7616   51.8941   96.3172   77.1751   68.3593   88.3629   59.3043   47.0106   57.1402   73.8241   73.4098   42.5441   116.276   52.0384   61.2046   100.658   105.19   38.1838   73.3757   42   69.0652   74.2496   90.7855   81.0987   9.84886   67.1193   0   107.549   82.3865   104.211   95.0832   105.088   70.3663   70   62.1664   76.0937   113.489   98.0681   74.407   96.9135   104.051   100.905   77.6003   111.073   126.232   103.33   137.467   127.172   129.265   72.1413   99.5708   119.964   106.235   60.0832   123.404   89.171   126.414   37.5242   121.655   46.0227   
29.1204   28.1603   50.2195   93.4077   61.8466   7.81025   78.5493   7.61577   23.8537   23.7697   38.5876   42.5206   32.6497   16.4012   44.3847   80.5295   59.4643   58.5235   50.9902   50.9215   21.587   51.8556   38.1182   81.0247   74.8131   29.0689   18.3848   56.8595   60.407   79.404   53.9351   49.98   9.21954   46.0435   88.4081   76.9025   93.4933   0   42.8444   17.6056   56.2311   70.3202   56.6173   87.8108   61.1409   68.3297   48.3721   43.1896   77.5092   89.7262   105.32   31.3186   76.2195   40.9545   42.4918   34.4176   57.562   46.1603   54.2179   59.1856   62.3735   28.0711   46.7099   78.8665   41.4929   71.91   42   97.296   43.1725   87.098   
20   56.3649   48.1041   66.7308   33.9559   29.0689   53.7587   28.4605   11.7047   46.5296   47.1699   16.4924   31.4006   14.3178   19.6469   82.8794   32.249   29.6816   22.8035   52.0096   19.6469   25.632   63.3482   70.0071   67.7422   50.0899   37.1214   36.0139   60.1415   65   29.6142   51.4004   23.4307   28.4253   61.7738   71.8471   68.1542   28.8444   0   46.45   63.6654   55.3828   33   73.2368   46.6586   45.0396   65.9042   48.257   48.1361   90.3542   106.74   40.105   74.0088   61.2897   63.1534   36.6155   82.6171   73.1303   77.5926   39.2643   46.8975   54.192   44.0227   66.7175   60.3249   54.6469   62.8262   76.0585   66.8057   70.4151   
26.4764   31.6228   49.0408   90   58.3095   8.24621   75.2928   7.81025   20.5913   25.9615   38.6005   39.0512   31.0644   13.0384   41   80.2621   55.9732   54.9181   47.4236   50.1597   19.105   48.4149   41.0122   79.1581   73.3485   31.0161   19.4165   53.8516   59.6154   77.1622   50.636   49.2443   7.2111   43.1856   85   75.6902   90.2109   3.60555   25.2389   0   54.7159   68.3118   56.2773   86.1949   58.6588   64.1885   50.5638   34.5913   73.3749   89.3485   104.584   29.3101   75.0408   43.5671   41.7798   32.4091   61.1676   49.7658   56.05   60.8116   60.4157   27.2195   40.4094   75.6041   40.095   69.1536   39.6008   94.0336   46.1555   83.8355   
26   47.2969   12.083   81.3941   74.3303   48.7545   63.9531   33.6155   34.1321   29.6142   6.40312   44.4072   69.527   36.0694   64.8845   39.6611   74.2159   65.2763   64.0312   10.0499   27.0185   49.0408   41.3401   45.2217   36.3456   26.9258   59.6154   41.4367   19.4165   47.5079   74.4648   9.05539   47.1699   73.7835   76.9675   37.0135   77.6981   41.2311   45.6508   40.7063   0   100.741   56.1995   52.6369   50.3657   79.443   39.5967   37.1246   89.8197   49.2422   64.3954   59.7001   38.083   43.1662   65.7558   69.6717   66.2166   58.2504   56.0186   65.0208   92.2556   64.1757   75.1415   55.4401   62.9274   92.8781   69.9536   81.9224   51.9258   74.9464   
60.959   81.0987   89.1403   86.0523   36.1248   49.366   80.0625   60.0833   52.0096   78.848   86.6083   51.1077   25.1794   50.6063   25.4951   123.907   32.0624   44.2832   34.9285   92.957   59.0762   56.0803   93.2148   108.559   107.801   83.8153   47.2652   71.1126   101.178   101.966   22.0227   92.3147   46.0977   12.8062   82   112.294   91.0879   55.3173   41.0366   52.8867   86.0233   0   69.328   112.166   83.9396   50.6288   100.077   83.884   45.1807   129.278   147.655   61.107   115.045   90.7841   81.9417   49.9387   107.614   96.699   106.415   64.5296   26.4853   67.635   43.6142   96.6353   85.6746   32.0278   85.2792   105.01   97.4531   94.8123   
17.088   66.0681   38.0789   51.8556   34.4819   44.2832   37.1214   38.1838   17.8045   52.3546   44.0114   4.47214   49.2544   25.2389   29.8329   72.2011   34.9285   25.0799   25.0599   43.3244   23.0217   10.8167   69.3181   53.7122   53.1507   54.231   53.7587   18.0278   49.6488   47.7598   37.6431   43.0116   39   42.19   46.8615   57.9828   51.9711   41.6173   18   38.2753   40.1995   54.9181   0   62.0465   30.8167   38.8537   69.088   49.088   53.3598   77.5173   93.2041   49.0672   58.2041   63.7647   74.258   54.6155   90.2218   78.8201   86.3021   26.434   60.6622   63.0106   62.0125   47.7308   72.1838   55.7732   74.9901   60.45   75.2899   52.429   
43.4166   84.1546   25.5539   55.0818   72.3464   77.0584   39.2046   64.195   52.1728   66.4831   43.909   46.8722   90.1388   58.5491   72.6705   40   74.2765   61.0737   65.8559   29.8329   50.0899   43.8406   78.8923   10.7703   13.3417   64.405   88.1419   28.3196   26.0768   10   79.511   30.6105   73.3348   85.235   52.0096   19.4165   48.6621   71.0282   59.2368   69.0072   37.5899   97.9439   43.0465   0   49.249   81.9002   77.1866   72.8284   93.6907   49.3089   60.4621   82.469   33.4012   80.756   99.6147   90.9025   103.142   95.7295   93.5245   69.4805   103.707   93.0064   97.7566   38.6205   96.7863   98.2135   98.9294   49.2415   89.405   55.6531   
18.0278   68.0147   29.6142   49.8197   43.382   50.6952   33.2415   41.6773   23.5372   52.4976   39.2938   14.8661   59.0339   31.0483   40.6079   62.6099   44.4185   32.8938   35   35.3553   25.5539   15.2971   68.8186   42.9418   42.45   53.2541   61   10.2956   40.4969   37.3631   48.1041   35.2278   45.8912   53   45   47.4236   48.1664   46.6154   27.6586   43.6578   34.3657   65.7343   10.8167   32.249   0   49.6704   70.0278   50.0278   63.8327   70.7096   85.0652   54.7999   55.6142   65.9183   78.3222   61.0106   89.2757   79.7888   82.424   37.2506   71.4721   70.8773   68.4975   44.088   75.5938   66.5899   78.6691   54.8949   73.4643   44.6968   
36.6742   76.6942   61.7171   54.5711   13.3417   47.4342   46.0977   49.0408   31.0161   67.082   65.1153   19.4165   39   34.9285   10.0499   96.0417   12.0416   12.083   2.23607   66.7083   39   21.9545   83.9524   75.6042   76.3806   70.4557   53.0377   37.4433   73.4302   68.2642   14.2127   66.3099   41.8808   23.0868   50.01   81.4678   58.3095   48.7545   20.6155   45.1885   62.3618   34.4819   23.8537   65.2993   34.0588   0   85.2156   68.0098   31.4558   100.833   117.058   53.4708   82.0578   81.9052   82.1157   52.3553   103.089   93.6018   98.1729   35.4222   41.5589   72.408   53.8087   65.2741   80.9405   34.5936   82.8066   70.5522   87.2772   60.3542   
37   24   36.6742   102.078   84.3801   38.833   85   25.632   40.1995   8.60233   18.3848   57.28   64.0078   37.1214   70.1783   56.0892   83.0963   77.666   73.2462   33.5261   32.3883   64.622   17.0294   69.6419   60.1664   3.16228   47.3814   61.6117   41.5933   72.0694   80.2247   32.573   40.2492   75.1864   97.3499   59.8415   99.4887   31.3847   51   33.1059   24.5967   85.703   54.0833   62.1772   52.4786   71.1758   0   41.2034   99.1361   69.5234   85.1346   54.2173   62.6742   26.2079   44.457   65.2663   39.8185   33.363   29.6205   75.4152   93.4538   55.2353   73.5153   78.9577   41.9155   101.661   45.0662   104.494   27.0384   94.296   
17   34.4093   29.2746   83.7377   64.1249   28.6356   67.1789   13.6015   20   18.6011   18.3848   37   50.2096   18.3848   50.8035   59.6825   63   57.2713   53.0377   29.7321   12.0416   44.7214   35.3553   61.2046   54.1479   20.2485   39.5601   43.8634   39.2173   60.8769   60.8276   28.7924   27.2029   57.3847   78.8733   55.9017   82.0366   21.1896   31.257   20.5913   20.1246   68.884   34.0147   51.788   33.9706   51.0098   20.3961   0   79.3931   68.9791   84.1324   41.0416   55.2746   35   46.5753   52.401   55.3065   45.8197   49   56.0208   75.8568   44.1617   57.5922   58.382   45.0832   77.561   55.2415   85.2026   39.4951   77.208   
49.8197   88.2326   74.3236   55   5   57.6975   50.5964   61.1882   44.0114   79.6304   78.2624   31.7805   44.0454   47.3814   16.1245   108.301   1.41421   15.2643   11.4018   79.4796   52.0384   31.8904   96.3379   85.5862   87.4586   83.2166   61.6117   47.3814   85.8662   77.4661   9.84886   79.1202   52.3927   23.7065   51.0882   92.8009   60.407   60.0833   33.1361   56.6127   75.4321   31.1448   36.2491   75.6902   45.793   13.1529   84.0536   64.0078   0   113.197   129.453   66.6237   94.4532   93.4199   90.291   62.4224   114.339   104.506   109.573   42.0462   42.1787   80.1187   56.0979   75.21   93.3927   34.1529   93.3186   80.1366   98.5281   69.9386   
54.4885   76.0263   26.1725   86.209   96.6023   81.4371   70.0071   66.3099   63.7809   59.4138   36.1386   67.4166   101.257   67.424   91.8314   9.48683   97.6166   85.9069   87.983   23.3238   58.0086   68.0294   65.6201   29.9666   18.9737   55.0818   92.3093   54.4059   14.2127   38.6005   100.439   24.1868   79.6492   102.591   83.0241   13.8924   79.7621   73.9256   74.2496   73.3485   32.6956   115.278   62.9682   31.1448   53.2353   86.8217   52.0384   52.8015   98.9798   0   35.2047   90.6902   34.3132   74.8705   95.5554   102.367   91.6961   85.4014   81.4981   87.5961   121.064   95.1944   105.734   60.9762   92.727   118.741   96.0494   78.9845   79.0769   77.0725   
71.5891   90.7965   43.2782   96.3328   112.161   98.387   81.3941   83.1925   80.9197   74.9533   52.5547   83.6002   118.461   84.6286   108.467   11.0454   113.442   101.213   104.043   40.4969   75.213   83.3547   79.0063   37.0135   29.1204   70.214   109.165   68.8767   31.4006   47.0956   116.825   41.3401   96.7471   119.503   93.771   23.0868   89.0505   90.802   91.2414   90.3549   49.6488   132.231   79.2023   42.45   69.0652   103.005   67.082   69.7711   114.826   17.2047   0   107.895   51.5179   88.9818   110.772   119.247   105.052   100.445   96.7025   104.702   137.975   112.367   122.907   70.9464   108.267   134.975   112.148   89.1313   94.1204   90.077   
25.0799   38.6005   50.5668   85.1469   51.4782   10.2956   71.1126   13.6015   17.2627   32.5576   42.4264   34.1321   26.1725   10   33.9559   83.2346   49.0408   48.6004   40.7063   52.4786   18.6815   43.566   48   78.9177   74.0405   37.3631   20.2237   50.6952   61.7738   76.0263   43.566   51.6236   5.09902   36.3456   80.1561   76.896   85.8836   10.4403   19.105   7.07107   43.6005   46.4866   34.0147   68.469   40.7922   38.4708   39.2173   24.0416   49.6488   75.8024   92.9624   0   76.5668   45.0832   44.9772   30.2971   64.8197   56.6006   62.7336   58.3693   54.8177   34.2906   34.4929   72.2755   46.099   60.0999   46.0248   90.705   51.9467   80.507   
38.0789   70.8308   12   69.2315   77.4145   68.884   52.345   54.5894   47.5079   53.1507   29.4109   48.6004   85.8836   52.3927   73.5935   28.7924   78.5493   66.6408   69.0652   14.3178   43.0813   48.7545   63.9766   21.9317   13   50.2892   80.05   35.171   9.84886   26.1725   81.8352   15.2315   66.0984   84.9588   65.6201   15.2315   63.6003   61.9839   57.0088   60.6383   23.5372   97.7446   44.2041   16.4012   34.1321   68.0074   47.7598   41.1947   79.925   19.3132   35   61.6847   0   64.636   87.0333   88.2465   87.5784   80.5336   77.3803   70.6381   103.431   83.0507   91.6002   39.0868   86.2779   99.9773   88.24   65.6428   74.209   58.1814   
31.9061   20.6155   38.833   98.7168   77.1038   29.4109   82.0731   16.4924   33.2415   3.60555   22.0227   51.4782   54.5894   29.0689   62   62.9365   75.5381   71.1688   65.9242   37.054   26   59.5399   20.6155   72.0347   63.5059   7.28011   38.2099   58.6941   46.0109   73.1642   72.0069   36.0555   30.8707   66.2873   93.8616   64.0312   96.8762   21.9545   43.2897   23.7697   27.1662   76.5376   48.7647   63.5689   48.9183   63.7887   9.43398   15   76.4199   57.8705   73.7631   30.0832   50.636   0   39.7472   56.0687   42.4415   32.6433   37.6755   70.9269   84.0753   40.9072   64.1791   73.382   36.9188   90.1831   44.4459   100.203   26.6301   92.208   
44.2945   14.3178   60.0333   110.114   78.2624   18.6815   94.8683   20.5913   40.4599   21.9317   44.5533   59.4138   42.19   33.2415   60.1664   85.7263   75.6439   75.452   67.6018   59.1354   36.7151   68.6804   28.6531   92.6553   85.0235   27.2947   20.8806   72.5603   68.3593   92.4175   69.2604   58.1378   23.7697   59.6825   105.119   86.093   109.859   17.0294   45.8039   20.6155   49.0918   67.0075   58.258   83.3607   62.2656   65.3682   30.4138   31.5753   76.1577   80.604   96.566   26.9258   72.0278   22.8035   0   46.8237   43.0152   33.1462   43.3019   76.215   76.9743   34.9529   58.9408   89.9573   18.8284   86.4602   28.1623   112.489   39.3632   102.837   
33.8378   46.1736   60.9016   86.764   47.2017   14.1421   74.3303   24.5967   24.7386   43.0116   53.7587   37.108   14.8661   19.2354   28.3019   94.2019   44.1022   46.8615   37.4833   63.2456   28.6531   46.1736   57.4282   87.5557   83.5703   48.1041   17.6918   56.1427   72.4017   83.7257   36.7696   62.426   10.198   27.074   81.8596   86.8159   88.6002   19.4165   20.6155   17.088   54.6717   35.9026   38.3275   76.9025   47.0106   35.3553   50.1597   35.3836   44.4185   86.5332   103.73   11.4018   71.5891   40.8534   32.7567   0   74.1421   65.0106   72.5987   59.4683   45.5461   39.2483   27.3246   79.7515   51.198   51.3631   51.1239   96.674   61.5534   87.9829   
58.0086   12.1655   61.7171   124.964   100.578   44   108.301   38.2753   58.1378   22.6716   43.382   77.026   68.593   52.5547   83.7437   77.0065   98.4937   95.8541   89.493   58.3095   51.6236   85.44   9.05539   94.541   84.7585   23.0217   47.2969   84.8999   65.8027   97.1288   93.3809   57.3847   48.1664   85.0941   120.104   83.9345   123.069   39.4588   66.7308   42.7551   49.6488   93.1933   74.6257   87.2353   75.1665   87.2812   25.0599   41.2311   99.2018   74.6726   88   49.8197   72.6154   26.2488   26.4764   58.0345   0   36.7173   30.4696   96.1581   101.258   54.3113   78.2991   99.6131   38.1868   109.398   42.7697   124.713   36.8114   115.164   
47.5079   5.09902   54.7083   114.691   89.1852   33.1361   98.2904   26.9258   47.0106   13.4164   36.8782   66.0379   58.2495   41.2311   72.3671   74.6726   87.0919   84.5813   78.1089   52.1728   40.8044   74.6324   11.6619   87.9318   78.8543   16.1245   37.6962   75.0067   60.531   89.5545   82.0366   51.1957   37.0135   74.0068   109.786   78.7718   113.172   28.1603   55.3624   31.4006   42.72   82.4924   63.8201   79.8499   65.0538   75.8947   19.0263   31.1448   87.8009   71.007   85.7088   38.4708   66.2193   16.6433   17   47.0106   11.4018   0   33.0761   86.5287   90.2181   49.4423   71.81   89.5268   33.3178   98.3737   35   116.106   23.3246   105.908   
51   15.6205   51.9711   117.201   96.1041   43.1741   100.265   34.1321   52.4976   15.8114   33.6155   70.7743   68.6804   47.8539   80.3057   67.0075   94.3663   90.4434   84.9294   48.3322   45.31   78.7147   1.41421   84.5813   74.6726   14.2127   48.7545   76.8375   55.6597   87.4643   90.1998   47.4236   46.3897   83.2166   112.414   73.7631   114.865   37.2156   62.1691   40.05   39.9625   92.3959   67.9779   77.5242   67.424   82.7647   15.6205   34   95.1893   64.4981   78.0256   47.0106   62.6498   19.3132   28.3019   56.5685   10.198   11.4018   0   88.3791   99.5891   55.8377   78.8334   92.382   41.3565   107.111   41.4008   117.119   27.0454   108.303   
24.0208   69.6419   47.4236   51.4782   25.4951   44.2041   39.0512   41.3401   21.0238   57.5847   52.1536   5   44.1022   27.2029   21.095   81.6333   25.632   17.2627   15.6525   52.5547   28.1603   11.0454   74.6726   62.1289   62.2415   60.1664   52.3546   24.6982   59.0593   55.4617   28.3196   52.2015   38.6005   34.0147   46.5296   67.2086   53.1413   43.1856   15.2643   39.6232   48.8365   46.5296   9.43398   51.614   19.799   14.4222   60.4152   40.025   26.9258   72.4017   88.6002   34.0588   53.6004   54.0833   60.208   35.4683   79.1581   68   73.3894   0   52.4838   66.5079   58.6931   54.365   74.5046   48.01   78.0906   62.1025   79.5201   57.0139   
52.4976   75.0267   80.6598   80.5047   31.3209   43   73.3348   52.6308   43.6005   71.5891   78.3901   42.9418   21.0238   42.4853   17.72   115.434   27.2029   38.0132   28.0713   84.5044   50.774   48.3839   86.4696   100.344   99.4032   76.4003   42.45   63.1585   92.6984   93.9415   16.7631   83.8689   39.2046   4.47214   76.2365   103.856   85.0235   48.3735   32.5576   45.7056   77.666   8.48528   46.6476   89.6939   57.4543   27.2947   78.1601   60.8358   26.5707   106.794   123.746   39.0512   89.2749   69.1231   61.2046   29.0689   87   76.0592   85.5862   38.4838   0   64.7491   45.8497   88.8602   80.033   30.8924   80.1304   97.8469   90.5599   87.6489   
35.6931   28.0179   57.2713   98.4733   64.0078   4.12311   84.119   14.5602   29.5466   28.0179   45.1774   47.4342   29.1204   21.9317   45.6946   87.2067   61.2699   61.8466   53.535   57.8705   28.2843   56.8595   40.2616   88.0511   81.8841   33.6006   11.6619   62.9682   67.3573   86.2844   54.7083   56.921   9.43398   45.2769   93.4773   83.9524   98.9798   7.07107   32.5269   9.21954   48.1041   53.2353   47.0106   78.0064   52.811   51.3128   36.2353   28.1603   61.7414   80.7775   97.5756   13.4536   69.0507   26.9072   14.5602   18.2483   40.0125   29.2746   39.5601   47.5079   47.0106   0   45.1231   84.5594   31.1245   69.6114   31.72   102.989   43.7924   92.7909   
38.0132   52.0384   65.7343   86.1626   43.8634   20   74.7329   30.8707   28.6356   49.3356   59.5483   38.1182   9.84886   24.2074   24.7588   99.4887   40.4599   44.9444   35   68.4105   33.6006   46.6905   63.6396   91.0934   87.7268   54.4243   21.095   58.0345   77.4209   86.6833   32.249   67.624   16.4924   21.3776   81.3449   91.2414   88.6002   25.7099   22.0227   23.4094   60.1415   29.6142   40.0125   80.3617   49.4975   33.0151   56.4624   41.2311   40.6079   91.6079   108.812   17.4929   76.0592   47.1699   38.3275   6.32456   64   53.0848   62.8013   35.6931   23   24.0208   0   83.2873   55.1453   47.311   55.7409   97.6843   67.8132   89.4493   
31.257   77.5242   25.0799   47.4342   57.0088   65.3758   30.0832   54.1202   39.0128   60.4649   41.2311   31.3847   75.9276   46.0435   57.1402   51.4198   58.7963   45.8039   50.2494   31.0161   38.6394   28.3196   75.0733   26.0768   27.4591   59.6657   76.1643   13.0384   32.0624   20.3961   63.8905   31.3847   61.0737   69.8355   43.4166   33.121   42.9418   60.208   44.643   57.7062   35   82.4924   27.7308   15.6205   17.088   49.679   58.0517   43.382   60.208   41.9762   55.9464   56.0357   23.0868   57.1402   74.3303   63.3877   82.6196   73.7835   73.6614   36.0555   74.3034   66.9104   66.2873   0   88.1202   82.6069   91.7546   51.0179   82.8771   47.4396   
43.566   12.0416   58.1378   109.877   79.2023   20.2237   94.4034   20   40.3113   19.3132   42.2966   59.4138   44.4072   33.3017   61.3514   83.2406   76.6942   76.0066   68.4251   57.0351   36.0555   68.593   25.9422   90.934   83.0963   24.5967   23.4094   71.8679   66.1891   90.956   70.6045   56.0357   25   61.4003   104.89   84.0238   109.403   17.4929   46.3249   21.095   47.0106   69.0652   58.0517   81.7863   61.5873   66.1891   27.7308   30.0832   77.2528   78.2624   94.1116   27.7308   70.1142   20.3961   2.82843   34.3657   24.1868   14.3178   25.5539   60.4401   63.0714   16.1245   40.1123   73.1642   0   85.7288   23.1623   111.897   35.2788   103.556   
51.8941   83.1865   78.7718   68.0294   18.1108   51.4198   62.5859   58.0086   44.2719   77.0584   79.712   37.4833   33.4215   45.5412   13   113.464   14.0357   26.6833   18.3576   83.3547   52.2015   40.4969   93.0484   94.2019   94.7629   81.3019   53.2259   56.0357   90.6973   86.8217   4.47214   82.8553   46.6905   12.0416   64.0078   99.7246   73.171   55.3263   32.573   52.1536   77.8781   18.0278   41.7732   83.8689   52.3259   18.6011   82.6075   63.561   13.1529   104.403   120.88   45.0999   85.9127   74.1687   70.0928   37.3631   94.7629   83.4865   92.0217   32.5269   13.8924   55.5428   32.311   68.2495   71.5891   0   87.2628   89.1533   96.3539   78.9552   
46.6476   11.7047   61.2046   112.805   81.3941   21.8403   97.4166   23.0217   43.1856   21.8403   45.1774   62.2254   45.0999   36.0694   63.3246   85.8662   78.7909   78.492   70.7107   60.0083   39.1152   71.4493   26.6271   94.0479   86.1452   26.9258   23.5372   74.9466   69.1158   94.1116   72.4224   59.0085   26.9258   62.8013   107.815   87.0057   112.414   20   48.8262   23.6008   50   70   60.959   84.9294   64.6607   68.4763   30.0832   33.2415   79.3095   81.0494   96.7729   30.0167   73.171   23.1948   3.16228   35.9026   23.7697   15   26.4008   63.1269   64.2806   17.72   41.4367   76.3217   3.16228   73.2462   0   114.919   35.0278   105.999   
54.2033   103.6   52.8394   22.0227   55.5428   86.3771   10   77.8974   59.2368   87.2067   69.2026   43.566   90.1998   66.8506   64.4981   73.1095   58.8727   45.2217   54.1295   58.5918   61.7738   35.0571   102.533   37.4833   46.0109   86.977   96.1665   25.9422   57.8705   27.2947   67.4463   59.0593   81.2712   77.7817   19.6469   52   15.5242   82.7647   60.0167   79.7057   63.0079   89.0505   42.45   33.2415   36.2353   54.7449   85.5862   69.2026   60.1664   64.3817   74.3303   76.2168   48.0833   83.7377   98.4886   80.604   109.713   100.265   101.119   46.0977   82.0366   88.7694   81.6149   28.0179   97.7548   71.8401   100.846   0   108.698   29.198   
42.2019   11.0454   48.3839   109.225   85.6154   32.28   92.6553   23.3452   42.5441   7.2111   30.5941   61.2944   57.8705   37.3631   69.4622   69.0507   83.7437   80.4114   74.4648   45.8912   35.8469   69.6419   12   81.6088   72.5672   10   38.5876   69.2965   54.3323   83.2586   79.3095   44.911   35.3553   72.1734   104.35   72.5603   107.48   26.1725   51.6624   29.0172   36.4005   81.3941   58.8303   73.5391   59.4643   72.2772   13.0384   25.4951   84.5281   65.0692   80.0625   36   59.9083   10.6301   19.105   45.5412   15.8114   6.32456   11.0454   63.561   74.5453   28.7924   51.788   67.6757   16.2788   81.0555   18.0278   94.3663   0   99.7031   
44.6542   94.4934   46.8188   25.632   47.5079   76.3217   8.24621   68.2642   49.2443   78.492   61.9112   33.3766   80.0999   56.8595   54.9181   71.2531   50.5371   36.6742   44.9222   52.811   52.1536   25   94.2603   38.4838   44.911   78.6448   86.0233   16.4012   53.6004   28.6531   58.5235   53.1413   71.1688   68.2495   21.587   50.9902   22.0227   72.8972   49.8197   69.7782   55.9464   79.8123   32.28   31.5753   26.6271   45.3542   77.4661   60.208   51.8845   62.0725   73.9797   66.1287   44.1814   74.9667   88.8369   70.406   101.119   91.351   92.8493   36.0139   72.5672   78.7909   71.4493   21.8403   88.2043   62.9682   91.2688   10.198   85.5862   0   
