15
50
999999 14 5 9 9 11 5 6 15 13 12 7 8 17 5 6 9 17 15 8 13 13 17 9 8 10 15 7 8 6 15 5 16 7 10 17 14 15 10 11 7 15 8 17 6 5 5 9 5 6 
0 2 1 3 5 5 2 3 10 3 3 3 3 1 4 4 2 1 12 7 6 6 9 4 2 5 3 2 5 2 12 3 5 4 6 14 4 1 1 3 3 13 2 5 2 2 3 7 2 3 
20
0   0   0   0   0   0   0   0   0   0   0   0   0   0   0   0   0   0   0   0   
-1   -2   2   -3   4   2   -2   -2   -2   2   2   -1   -1   -4   0   -2   10   1   5   -3   
-1   2   -2   0   -2   1   -1   0   0   1   -1   3   -1   0   -1   2   -2   0   0   1   
-9   5   1   0   -9   7   -6   1   -6   5   -9   1   0   3   -6   9   -7   0   3   4   
-3   4   -5   5   0   6   -2   7   -4   -3   -7   3   -5   0   -6   4   -5   4   -4   2   
2   -7   4   -9   2   0   6   0   1   -1   1   0   0   -8   6   -6   0   -3   -2   1   
2   -2   1   0   1   0   1   0   0   -2   1   -3   0   -1   2   -2   2   -2   1   -2   
-6   5   -1   3   -6   3   -5   4   -6   6   -4   3   -2   2   -4   0   -5   4   -4   0   
7   -13   1   -14   3   -7   1   -2   3   -2   6   0   11   -7   5   -9   6   -10   6   -2   
7   0   6   1   2   0   3   -4   6   0   -2   0   8   -5   5   -3   3   0   4   -8   
-5   1   5   5   1   -4   -2   2   3   0   2   1   2   -4   4   1   -2   -9   3   2   
1   0   -1   0   2   -1   5   0   -3   -3   1   0   0   0   0   -2   0   -2   4   1   
-5   6   -3   4   -6   5   -5   6   -5   7   -5   5   -4   5   -6   6   -2   4   -6   3   
-6   15   -7   11   -15   15   -5   7   -11   12   -11   10   -15   9   -15   14   -5   13   -7   9   
0   1   0   -1   -1   0   0   3   -2   1   0   0   0   3   0   1   -1   2   -1   0   
-5   3   -1   1   -2   4   -1   3   -5   0   -4   0   -4   0   -3   5   -4   3   -4   4   
2   1   3   -2   4   0   4   -5   5   2   5   -4   5   -7   0   -5   6   -2   4   0   
-8   8   -2   9   -10   0   -1   6   -6   5   -4   3   -9   4   -3   3   -3   -4   -9   -3   
1   -4   1   -14   2   3   4   -3   -1   6   -3   3   2   -1   2   -6   -3   1   3   1   
5   1   6   -5   4   -4   5   -2   4   -4   4   -6   4   -5   4   -1   3   -2   3   -4   
0   3   -4   1   5   2   0   -2   -4   0   -1   5   3   -1   -4   0   3   0   -4   4   
10   -9   7   3   5   -6   5   2   5   -12   2   2   3   -3   7   -9   2   -1   10   -3   
-11   6   -13   0   -3   11   -2   10   -4   10   -9   11   -14   4   -11   1   -6   4   -8   11   
-6   4   -5   6   -4   9   -9   4   -5   1   -6   6   -9   7   -7   3   -8   8   -6   6   
3   -1   0   0   -1   2   -2   2   -3   3   0   3   2   5   -2   -1   -4   2   -1   -1   
4   -2   3   1   5   -1   6   -8   7   -4   2   -7   4   -5   7   -6   3   -5   3   -1   
4   0   4   -2   4   4   0   -13   9   -1   3   0   10   4   3   1   8   8   5   7   
-4   5   -2   3   -2   1   -2   2   -3   3   -3   4   -1   2   -7   1   -7   2   -4   7   
0   -2   1   -1   3   -2   0   0   -1   -2   0   -3   1   -4   2   -4   0   -1   2   -1   
0   2   -3   0   0   0   -3   1   -4   0   1   0   -2   0   1   1   1   1   0   0   
7   10   -6   0   -4   0   -11   4   -6   -7   -9   -4   2   9   -4   -5   0   2   -10   2   
0   1   -1   0   -1   0   1   -1   0   0   0   0   0   0   -2   0   0   1   2   0   
-7   0   -3   6   -2   -1   -13   7   7   10   -9   9   -8   0   -14   5   -1   6   -5   9   
0   2   -3   -4   -3   0   -1   0   -2   2   -2   0   -5   6   -3   2   -2   0   0   -5   
-7   8   -8   9   -9   5   -10   8   -5   6   -9   4   -8   4   -4   8   -7   6   -1   2   
0   -2   -8   -2   4   -3   -4   6   1   -3   -8   9   10   11   -1   -1   -2   -5   1   6   
0   -3   0   -2   -11   -3   -3   6   0   5   -7   3   0   -5   -3   4   -5   3   -6   -2   
4   5   5   7   -5   6   2   2   4   -8   -3   -8   -2   1   0   -4   7   -5   0   0   
6   0   1   -5   3   0   1   -5   0   -6   0   -3   3   -8   -2   -2   2   0   7   1   
9   2   6   -2   2   -8   8   -7   2   -5   5   -5   2   -7   2   -10   11   -11   2   -5   
5   -3   2   -4   3   0   5   -2   4   -3   7   -6   5   -4   4   -4   4   -4   3   -6   
-6   11   -6   10   -10   5   -6   7   -6   9   -2   7   -9   7   -5   6   -9   10   -7   8   
-6   7   -6   6   -2   5   -4   4   -2   3   -2   8   -7   5   -2   3   -7   8   -7   2   
2   0   4   -8   2   0   1   -6   0   5   -1   -10   6   0   0   0   2   -1   2   0   
0   1   -2   -1   -1   1   0   2   0   0   0   -1   -2   -1   0   0   -2   0   0   0   
-2   0   -2   4   -3   3   -3   1   -1   4   -4   2   -3   1   -3   3   -4   3   -3   3   
0   0   0   0   0   0   0   2   0   0   0   0   0   1   0   0   0   -2   0   0   
0   3   -4   1   -5   3   -9   2   0   0   -1   4   2   -1   -3   5   -5   0   -3   2   
-1   2   -1   1   -2   2   -3   2   -2   1   0   2   -2   2   -1   2   -2   2   0   2   
4   -2   5   -4   3   -4   0   -3   5   0   0   -3   3   -2   4   -2   3   -3   6   -3   
0   51.2345   60.1366   43.2494   48.9448   48.0554   32.3661   43.0623   58.9446   63.925   56.5645   48.3845   20.3246   58.7035   29.6023   66.4109   61.9184   43.4243   22.544   65.3964   23.3246   56.3954   58.5624   67.6256   48.3883   64.3636   43.6716   43.0004   59.8021   30   57.6931   58.388   41.5862   66.836   47.7386   59.6189   70.9732   44.0259   47.6006   55.6563   41.4929   51.4819   50.1321   49.5136   53.9706   29.3246   53.5407   69.5994   59.6807   35.5407   
34.2345   0   79.2535   77.4839   75.0772   72.2228   54.1139   70.4243   91.0409   93.1193   30.0384   82.619   54.559   61.0431   53.1548   100.645   86.3397   77.6588   56.7785   96.3772   57.559   87.0211   24.099   94.4536   64.0217   98.3095   39.0217   44.6271   83.7608   57.0147   64.5414   42.1359   43.9258   100.787   69.8262   93.8534   105.208   46.0655   81.5515   68.638   45.6469   85.7164   84.3666   72.4309   84.8845   57.0624   32.6491   69.7032   36.3137   45.4391   
45.3982   63.2535   0   70.3454   89.2315   28.5602   54.625   87.2701   90.6201   36.4391   77.3935   58.3401   58.6977   43.632   69.7859   76.9783   43.9401   73.4093   67.9422   70.9059   65   86.4192   83.2762   37.6155   93.5495   66.0311   81.4599   52.7967   91.7731   66.6586   34.4012   70.7083   54.7696   66.2311   39   67.7587   108.195   61.5533   57.1208   98.0243   75.9396   52.8782   69.4777   43.2354   54.0689   66.6236   77.4891   51.1868   99.5672   72.2217   
26.2488   59.1354   56.3028   0   40.3246   60.2778   58.2701   34   37.0915   63.0119   82.7788   36.2652   46.2386   79.0484   46.0167   46.4542   56.0119   22.1231   41.6331   43.0689   34.9249   34.6015   81.3435   66.0294   45.241   47.2127   64   69.2493   29.8114   49.4951   69.245   84.6368   67.835   58.5933   52.2156   41.6995   49.6155   70.2748   47.7377   65.1856   57.0125   43.4951   32.2127   64.5766   49   52.074   79.7895   92.9469   85.9295   61.7895   
34.6699   58.6003   75.1332   21.8403   0   75.6712   66.6972   21.3246   40.5   84.8522   87.9748   55.025   54.9944   93.3733   52.5576   56.6612   77.8522   43.9634   53.4008   64.5557   55.9666   35.4009   81.7772   83.3542   30.3178   69.053   58.0555   75.4401   34.53   57.2025   86.6004   93.0579   76.2561   80.1585   69.5711   60.4382   39.3516   78.6958   69.5781   53.2029   57.4462   65.3354   54.053   71.9017   70.8403   56.1448   88.2105   96.0625   89.3246   70.2105   
32.573   56.2228   14.5602   41.7852   60.6712   0   40.4198   69.7478   74.8073   38.2047   70.365   44.9385   41.76   45.5096   54.956   65.62   32.3178   54.5809   54.2026   58.0599   48.0623   70.029   75.5973   42.1217   78.0712   52.6977   68.1274   47.7722   71.5966   49.7209   34.4642   69.1091   48.5387   52.9249   22.0623   56.4005   91.2186   53.8121   36.6056   85.099   62.1699   40.8102   54.0696   20.099   33   53.8973   74.8021   49.0832   86.5343   56.8021   
18.0278   30.6105   34   41.8808   52.6972   25.6125   0   61.0518   73.7046   61.9487   48.024   61.3071   31.0416   38.4722   45.561   78.8466   54.9487   57.445   40.5718   73.268   37.3452   69.4707   53.2278   62.9772   66.416   68   53.5153   28.1845   71.6922   47.5913   45.2237   47.8654   26.7703   70.5717   41.3576   72.5966   89.001   42.0312   51.3363   73.6841   45.5153   62.7129   64.607   40.9545   54.9026   45.4722   44.8617   50.1603   63.9387   34.2066   
28.6007   54.4243   68.884   17   6.32456   54.4518   46.6154   0   39.2801   80.0119   81.8294   48.7851   48.9253   85.0877   43.2029   55.2244   73.0119   38.0238   38.5183   60.0689   46.7065   41.2195   75.8218   79.7199   36.6424   62.0435   58.5576   71.6011   32   52.2488   79.7694   86.1174   70.1869   75.5933   64.2701   58.6995   45.6761   71.7554   64.7377   47.7849   61.9285   60.4951   49.2127   64.6488   62.6905   51.4951   81.2701   96.7757   79.0167   63.2701   
42.5441   73.0068   72.9178   17.6918   19.6977   58.5918   59.203   20.0998   0   77.4805   98.8953   47.4063   62.8687   96.7127   61.2719   47.3593   70.7598   37.2485   58.618   53.4511   52.6167   26.099   91.666   76.0418   50.0155   53.1868   75.1536   85.5445   32.2801   62.1461   86.9368   100.932   84.1303   65.4876   69.9074   47.6736   41.7631   86.57   56.5715   67.8846   68.3667   52.747   38.1868   76.7083   66.6918   61.7852   96.0848   100.63   94.511   78.0848   
47.5079   73.4098   18.4391   49.0102   70.1783   17.2047   42.8019   64.3817   63.3482   0   87.3615   46.0187   58.9646   62.0711   72.1607   64.9874   26.5606   60.1162   70.0519   56.0411   65.2669   72.2797   92.8019   20.2361   93.7477   51.8916   85.3321   62.7647   78.7386   66.9255   51.6689   86.3138   65.7433   42.3238   39.2669   55.768   94.05   71.0167   39.6333   102.304   79.3746   38.7386   54.2938   37.3037   36.0278   71.102   84.2353   64.0119   100.646   72   
41.5933   13.0384   60.4401   67.6831   69.9714   56.3649   32.0156   65.2993   82.8734   73.3553   0   87.2783   57.0128   58.304   57.7267   107.899   86.9643   83.9537   64.1373   105.284   63.8539   97.9887   30.1655   91.7536   77.0601   100.016   52.0601   42.601   94.6562   63.6842   60.0454   33   41.1868   102.587   70.98   101.006   109.323   38.5787   83.3519   76.6491   47.5287   92.8273   91.7254   72.4883   86.9183   63.7887   25.1623   58.8808   45.0263   42.0238   
29.7321   63.561   41.3401   18.2483   40.025   27.6586   38.3275   34.7851   32.28   31.257   69.0652   0   50.0567   70.057   53.1623   39.4984   39.387   33.8497   52.2761   38.4839   46.0599   42.3245   82.6586   45.3711   63.4893   35.4331   65.774   64.676   48.0597   51.8707   59.0116   86.1929   65.0979   40.7192   45.445   32.7064   64.0117   73.7581   26.5228   80.4996   62.0106   22.2801   23.2195   41.8395   28.3417   50   83.1893   76.0357   89.4128   65.2728   
6.32456   33.5261   39.8121   30.4138   40.8167   27.7308   12.0416   34.6699   47.4342   43.6005   39.0128   30.2655   0   50   29.6227   69.7639   55.2099   45.7321   28.8686   65.548   28.3137   61.4949   57.6251   62.0454   52.6474   59.8912   43.7378   40.2261   59.2751   23.2195   46.4279   56.5953   38.8119   70.9847   41.6977   62.9719   77.2978   41.2982   53.9252   59.2897   43.8494   52.5456   53.485   44.8254   55.9061   35   56.9033   59.3954   61.8634   39.1108   
40.2492   43.0813   25.632   61.5224   74.793   28.4429   22.4722   68.6003   79.2086   42.2966   37.0135   52.8394   34   0   60.9222   92.3377   59.0476   79.0442   62.7932   86.5029   58.9444   91.9429   61.0652   62.5326   86.6474   81.1406   72.2556   37.0278   91.3337   57.2195   31.0454   44.8329   38.1172   78.3939   48.8328   84.8434   111.138   44.4094   65.0485   93.2897   64.7914   69.2532   76.0589   47.7924   61.4429   67.9444   59.4093   32   71.6656   47.0713   
8.60233   29.1548   53.1507   30.0167   32.5576   40.8534   22.561   27.2029   44.2719   56.0803   38.6264   37.1214   13.3417   44.9222   0   72.5073   67.8697   48.2336   25.5474   72.0275   29.1065   59.456   51.0588   71.3028   47.0881   69.8211   37.1917   49.5732   56.3976   23.7678   56.0476   58.9955   49.3314   75.4383   51.2106   66.7348   70.7584   43.6985   56.2029   50.0666   30.198   59.4015   57.2702   54.0001   59.7855   20.1623   55.2491   64.6952   60.3363   44.143   
50   84.0952   62.9365   26.2488   42.45   50.6063   61.8466   40.2244   24.6982   48.5489   91.2688   24.1661   52.345   76.9415   55.4437   0   57.9287   48.3719   67.8819   25.4018   61.1737   44.2603   106.359   63.6476   71.4898   39.2195   86.3744   88.8421   49.4795   72.9506   83.1777   108.388   88.6169   45.6142   69.6111   30.2195   53.855   93.6432   50.6888   88.0093   82.6867   46.4462   39.2788   66.0056   52.5078   69.345   103.541   99.6895   108.779   85.5407   
41.6173   69.3397   21.095   42.0119   63.1981   14.3178   38.9487   57.4282   56.5155   7   70.3847   24.3311   38.2099   42.0476   50.2195   42.8019   0   57.2031   64.1613   48.5269   62.3801   65.678   89.9151   25.3246   87.2529   45.8701   81.9478   62.09   71.8233   61.4295   48.7821   82.5816   61.4866   47.6155   36.3801   49.8378   87.3652   68.1299   34.6509   92.4726   76.4877   37.0278   46.573   34.4168   31.0454   68.2151   83.8104   60.7551   100.073   71.1199   
26.3059   60   52.9245   4.12311   25.9615   38.4838   40.7063   21.0238   20.2485   45.0444   67.897   14.1421   29.7321   59.4643   31.1448   24.3311   38.0526   0   41.3452   40.8945   37.0998   38.6205   81.0705   58   49.3641   40.6301   62.5375   68.8908   33.9345   42.0192   66.4387   84.214   67.4766   53.4869   49.4093   35.117   53.7386   70.0273   40.6649   68.669   60.3038   36.4222   25.6301   48.4819   42.4838   51.0713   79.8466   81.6553   85.469   61.8466   
8.544   37.2156   53.0848   22   26.4008   39.6232   26.4197   20.5183   36.4005   53.3104   46.4866   30.8058   14.8661   48.7545   8.06226   47.676   46.9574   23.3452   0   64.2397   27.9137   52.9559   57.107   69.0425   45.0832   63.9754   42.0278   50.1506   45.8869   21.831   61.1475   65.6063   50.1302   71.525   55.1403   58.4622   65.7523   51.7607   53.8782   52.6757   34.0278   53.086   48.9754   55.5254   52.0132   27.3852   62.0847   72.7574   67.1774   44.0847   
48.2701   82.3772   53.2635   29.0689   48.8262   42.0595   57.1402   45.3431   33.5261   37.8021   88.0909   19.0263   49.2544   69.6419   55.0273   11.4018   32.5269   25.807   47.927   0   60.0116   54.1548   101.685   49.805   74.3099   24.6569   84.5591   81.3702   52.0132   64.0408   73.211   105.006   83.9105   34.2483   58.4589   33.4031   65.2567   90.5527   39.9317   93.128   81.0369   41.3064   41.2643   54.8534   41.0599   67.8652   101.811   91.1427   107.951   83.8107   
6.32456   40.05   47   19.9249   29.9666   33.2415   23.3452   23.7065   36.3593   46.6154   47.8539   25.0599   11.3137   44.9444   12.083   44.0454   40.2492   20.0998   6.7082   43.0116   0   50.1059   60.9578   65.5738   50.8701   55.7185   40.9737   49.0156   49.7362   27.5498   57.2173   64.7125   47.9108   65.7791   43   55.2167   69.3182   50.3505   51.5827   55.3449   37.2859   47.34   45.7299   46.1603   53.4016   23.9443   59.8652   69.1199   65.0306   41.8652   
39.3954   71.0211   67.9779   13.6015   21.4009   53.7122   55.4707   20.2485   5.09902   58.2495   80.3617   27.2029   43.909   74.9667   41.9762   21.2603   51.4198   15.6205   33.9559   29.1548   33.1059   0   91.0629   71.551   51.7188   53.105   72.6178   82.1215   27.2195   55.7868   82.0592   97.7834   80.9817   63.403   65.0298   47.5918   35.8403   82.8767   53.7257   68.0333   67.9836   49.4831   38.105   64.1024   54.5216   57.0502   92.9361   97.2758   96.1025   74.9361   
39.3192   5.09902   67.2681   64.0703   62.7694   60.803   35.2278   58.8218   77.666   78.0064   12.1655   68.6586   38.6005   46.0652   34.0588   89.1403   74.0945   65.0077   42.107   87.4757   45.0999   75.8024   0   94.0574   68.8106   98.4917   44.1207   44.4795   85.4585   54.0512   67.9884   43.0907   49.0217   105.379   68.5504   98.2393   101.837   42.0217   86.5295   60.2548   38.3311   87.4224   89.1215   72.1538   85.4559   52.0135   37.3278   71.0463   21.6158   38.0217   
47.7074   74.4043   20.6155   48.0104   69.3542   18.3576   43.8292   63.6396   61.9839   2.23607   74.686   30.0666   44.0454   44.1814   56.3028   46.6476   6.32456   44   53.2259   35.805   46.5188   56.8859   79.0569   0   92.5529   45.2324   85.6777   65.0008   77.1269   67.265   52.8218   87.1309   66.0889   44.5599   39.6125   56.1624   92.7262   72.1696   37.6349   98.7971   80.5275   40.9747   52.8976   38.4566   34.0294   69.8516   85.5542   66.0454   99.6037   74.2361   
32.3883   48.0104   77.0065   31.241   14.3178   63.1981   49.3356   15   33.8378   75.4321   60.3075   47.8853   38.6394   71.7844   26.9258   55.2178   68.6804   35   24.0832   60.1082   30.0167   34.8855   51.6236   75   0   75.6301   52   74.2337   47   45.9141   82.9734   83.215   73.9745   88.4869   73.0167   70.117   53.6694   70.6243   71.4624   37   52.4795   70.1654   60.6301   76.1769   76.0963   47.0881   73.7282   91.621   66.0784   67.9289   
45.5412   79.3095   47.634   29.2062   50.1199   36.6742   53   46.0435   36.4966   32.2025   84.3801   15.8114   45.8912   64.5136   52.8015   16.5529   26.8701   25.4951   46.1411   5.65685   40.7185   31.7805   84.4038   30.2324   60.4401   0   81.5854   76.0725   55.3059   63.5254   71.1385   98.3043   79.7703   36.0357   56.1529   27   67.0096   83.0072   35.3956   86.28   77.822   31.1529   29   53.9765   37.6977   64.6628   97.8617   85.7083   103.185   81.0818   
22.6716   23.0217   65.4599   41   36.0555   54.1202   32.3883   32.5576   52.1536   69.8928   35.3836   50.774   26.4197   53.0848   14.1421   67.1863   64.2028   43.0116   20.1246   68.0294   25.807   51.0098   26.8328   70.214   25   66.242   0   49.545   64.5576   36.6349   67.6118   60.4574   50.4951   88.8131   64.0777   77.3939   75.4071   47.8938   70.2722   43.5407   33   72.4375   68.6418   66.8672   72.1378   33.0294   50.9706   73.5539   44.4591   39.4951   
26.1725   26.6271   36.7967   51.1077   60.4401   31.7805   9.48683   54.5619   68.2422   48.7647   24.5967   47.676   20.8087   18.0278   28.6531   71.3092   45.8803   50.0899   34.0588   66.3702   32.0156   64.6607   30.4795   50.0899   55.4617   62.0725   35.2278   0   79.9457   44.0282   34.8087   36.0227   24.4142   78.2488   46.726   80.1506   97.134   34.5352   60.8231   72.89   43.7699   65.9678   70.8955   43.1204   64.3895   48.8154   44.0499   40.0208   52.0953   26.0499   
37.8021   66.7608   72.111   15.8114   12.53   57.5847   55.1725   13   7.28011   64.2806   77.0779   33.0606   43.1856   76.0592   38.4838   30.4795   57.3149   19.4165   30.8869   38.0132   31.8904   9.21954   71.3092   63.1269   26.5707   40.1622   45.3982   63.8905   0   52.7178   82.7968   96.1901   79.3883   72.2614   68.027   50.7805   38.4391   81.8281   58.1045   60.7849   64.9146   55.3407   45.0466   67.8984   61.4022   54.2353   91.3428   95.8022   89.8573   73.3428   
3   34.0147   48.3735   25.4951   32.2025   35.4401   20.5913   26.2488   41.1461   50.1199   42.2019   30.8707   9.21954   42.9535   6.40312   50.0899   44.1022   26.0192   5.83095   49.0408   6.08276   38.2753   39.0512   50.2494   29.4279   46.6154   20.5183   28.3196   36.0555   0   55.6474   60.618   44.5862   69.836   48.97   61.0122   71.5541   47.0259   50.6006   49.7131   34.1555   53.1508   51.5254   45.3645   53.0694   21.6056   56.5407   68.3404   60.667   38.5407   
35.6931   47.4342   16.4012   53.6004   69.0797   17.4642   20.2237   62.7694   71.218   31.5753   44.0454   43.0116   29.4279   11.0454   42.0476   66.888   31.0161   51.0882   44.1475   59.0931   39.2173   66.7083   51.225   33.3766   68.0661   53.8516   52.6118   20.8087   68.7968   38.6394   0   55.7106   34.6155   68.3517   39.5265   72.1755   102.549   49.3196   54.0698   87.8418   58.7214   55.1461   66.2312   37.5633   50.4642   60.2449   60.1096   38.0384   72.8408   44.9666   
44.3847   22.1359   54.7083   70.5762   75.6042   52.8867   31.0644   70.4557   86.764   69.2892   10   69.3542   40.5216   29.8329   43.2666   92.5743   67.1863   70.214   50.6063   88.2043   50.6952   83.7735   22.0907   70.8378   67.2086   84.0238   42.8019   22.0227   81.4923   45.618   38.4708   0   42.1073   100.197   67.8232   99.7172   114.025   34.2971   82.4008   80.1311   54.0875   87   92.0783   65.1432   80.2722   60.6508   25.4868   47.9706   43.7065   37.8473   
27.5862   26.9258   36.7696   52.4786   61.8466   32.311   10.7703   55.9732   69.6348   49.1935   24.1868   48.8365   22.2036   17.1172   30.0167   72.5328   46.4866   51.4296   35.4683   67.4759   33.4215   66.0379   30.6105   50.5668   56.7979   63.1269   36.3456   1.41421   65.2993   29.7321   20.6155   21.095   0   78.9612   44.4764   81.5428   98.5483   24.8102   62.1066   74.3042   45.1841   66.6802   72.056   43.8329   62.1774   48.8058   42.095   41.435   52.2262   27.4641   
52.6972   84.6936   41.2311   41.5933   63.1585   34.0588   55.7853   58.5918   50.4876   23.3238   87.8009   24.8395   51.4296   62.3939   60.803   29.6142   20.6155   37.5899   55.2268   18.2483   49.0408   45.7056   89.6939   21.095   72.4017   14.0357   74.8131   63.9531   53.8516   54.4059   51.3517   85.8429   64.7765   0   54.6129   41.0357   81.0453   86.5739   33.2354   97.899   84.4102   32.4391   43.0357   52.1283   46.9249   72.9851   100.647   81.3706   111.31   88.2379   
24.7386   48.8262   21   37.2156   54.5711   8.06226   18.3576   48.2701   54.6443   24.7588   49.98   26.0768   19.6977   26.8328   32.8938   50.1199   20.5913   34.4093   32.1403   43.0116   26   50   53.535   25.6125   56.0089   38.0789   46.0652   25.7099   52.7731   27.6586   17.0294   47.5184   26.4764   38.3275   0   58.7832   85.8403   51.2867   41.5792   77.3699   57.1152   45.4529   49.2964   22.6056   39.0263   49.2642   63.2193   55.0678   75.1508   51.5287   
43.4166   77.6466   53.7587   22.8035   42.4382   41.4005   53.7587   38.9487   27.6586   39.8246   84.006   15.5242   45   67.9779   49.7293   9.21954   33.8378   19.7231   42.3792   6.40312   37.855   23.0868   82.7345   38.0132   53.7401   9   62.3939   63.1506   31.7805   43.9318   57.8014   84.7172   64.3273   23.0217   41.1461   0   58.9271   83.4622   35.2603   85.7668   75.1409   31.0294   28.4868   57.3637   43.8658   61.7993   96.9572   88.8308   102.886   78.9572   
55.9732   82.8553   89.5545   33.6155   24.3516   75.1532   73.5391   28.6531   16.7631   80.05   93.9415   49.0408   61.5224   94.4934   55.7584   37.855   73.2462   36.6742   48.6004   48.2597   50.2096   21.8403   87.0919   78.6448   37.3363   52.0096   60.407   82.134   18.4391   54.037   87.0919   99.0202   83.5464   66.0303   70.8308   43.0116   0   99.4569   73.3346   69   81.7978   69.51   54.9498   85.1561   76.3619   72.6744   109.514   114.241   101.641   91.5139   
29.5296   19.6977   44.5533   55.5428   62.2415   39.8121   16.0312   56.7274   72.0694   56.8243   16.5529   54.1479   25.2982   23.4094   29.6985   77.2787   53.8516   55.0273   36.4005   73.0616   35.7771   68.8767   23.0217   58.1378   55.4707   69.0072   32.8938   8.06226   67.1193   31.0644   28.3196   15.2971   7.81025   71.5891   33.5261   69.4622   85   0   67.3675   76.4344   48.4951   73.5983   77.3675   51.1827   65.788   49.241   27.4164   48.0831   44.6375   34.1121   
33.6006   65.5515   32.6497   28.0713   49.6488   20.2485   37.3363   44.1475   42.2019   21.2132   69.2315   10.0499   32.2025   47.7598   41.8688   30.4795   14.3178   24.0208   36.8782   21.9317   30.4138   37.108   70.5762   20.025   56.4624   16.7631   55.9732   46.0435   43.1045   35.4683   37.1618   68.0661   47.0106   19.2354   21.3776   21.2603   58.9406   53.3385   0   85.1814   67.6997   20.2426   33.2694   34.8844   18.6056   54.3581   80.7549   69.3317   92.192   68.5077   
37.6563   42.638   83.0241   43.1856   27.2029   70.0928   52.0865   27.7849   46.8188   83.9345   55.6058   58.6003   43.2897   73.8241   30.0666   67.9559   77.4726   46.669   30.6757   72.2496   37.3363   47.8539   45.2548   83.7735   13   72.1388   21.5407   56.2939   39.5601   34.7131   72   63.8122   57.4891   83.4086   62.3699   65.9469   49   54.4243   66.3702   0   48.1204   80.8805   72.2992   80.0776   82.6889   50.2289   72.5112   94.7618   65.0116   61.0358   
17.4929   19.6469   57.9396   40.0125   39.4462   47.1699   24.5153   34.9285   53.3667   63.4114   30.5287   47.0106   19.8494   45.0999   10.198   65.6201   58.0517   41.3038   18.0278   65.146   22.1359   51.4782   24.3311   63.8905   30.4795   62.7694   8   27.2947   47.1275   16.1555   44.7214   36.7696   28.4429   70.1783   39.1152   59.9083   63.5059   25.4951   51.0392   29.1204   0   68.9747   64.448   57.4382   69.2249   30.3603   49.6007   67.3155   45.9468   44.72   
34.4819   67.3573   36.8782   25.4951   47.2969   24.4131   40.05   42.0595   38.6394   24.7386   71.7008   7.28011   33.8378   51.6236   42.4382   26.2488   18.0278   21.3776   36.7967   18.0278   30.6105   33.541   72.4224   23.3452   55.0091   13.1529   56.4004   49.0102   40   36.0555   41.1461   71   50.04   18.4391   25   17.0294   55.3173   56.0803   4.24264   65.4599   51.9711   0   30.4997   36.8473   22.8482   54.5547   83.4967   69.1202   94.0381   65.8035   
34.1321   68.3593   50.4777   14.2127   35.3412   36.8782   45.607   31.0644   24.1868   39.2938   75.1066   9.21954   36.1248   61.5873   40.2616   16.2788   32.573   10.6301   32.8938   15.2643   28.4429   19.105   73.437   37.855   45.4533   15   52.9245   55.0818   26.3059   34.5254   52.0096   76.2955   56.3205   27.8568   35   9.48683   40.7922   61   18.3848   57.28   50.448   14.5602   0   49.9706   36.9903   52.3872   87.6728   83.6805   91.4661   69.6728   
27.5136   52.4309   19.2354   37.5766   55.9017   5.09902   21.9545   49.6488   54.7083   21.2132   53.4883   24.8395   22.8254   28.7924   35.8469   48.5489   17   34.4819   34.5254   40.8534   28.1603   49.93   57.1402   22.0227   58.1378   35.7351   49.2443   29.1204   53.3104   30.3645   18.3576   50.8035   29.8329   35.1283   3.60555   39.4462   71.1196   37   18.9737   65   42.4382   22.8473   33.9706   0   35.2788   51.97   64.4164   50.3847   78.756   54.1321   
33.9706   64.8845   29.0689   31   52.345   17   35.9026   46.6905   45.607   18.0278   67.9117   13.3417   31.9061   44.9222   42.4264   33.9706   11.0454   27.0185   38.0132   25.0599   31.4006   40.5216   69.857   17.0294   58.5235   19.6977   56.5685   44.2832   46.2709   36.0694   34.176   66.2722   45.1774   19.9249   19.0263   24.7588   62.3618   51.788   3.60555   68   51.225   7.81025   21.9317   16.2788   0   55.3449   78.7611   66.0106   91.4728   69.5112   
6.32456   32.0624   51.6236   27.074   31.1448   38.8973   22.4722   25.4951   41.7852   53.7122   41.1096   34   12   44.9444   3.16228   52.345   47.7074   28.0713   5.38516   51.8652   8.94427   39.2938   37.0135   53.8516   26.9258   49.6588   17.0294   29.4109   36.2353   3.60555   41.3038   45.2769   30.8058   57.8014   31.0483   46.5725   53.8238   31.241   38.9487   31.4006   13.3417   39.4081   37.108   33.8378   39.6232   0   58.4114   67.8574   58.6293   41.8652   
38.833   12.6491   57.4891   65   67.9559   53.2259   28.8617   63.1348   80.4114   70.2353   3.16228   66.0303   36.0555   34.4093   36.2491   88.3629   67.2309   65.1153   44.0114   85.0529   45.1221   77.7946   13.0384   71.5542   58.7282   81.3019   33.9706   21.4709   74.7329   39.5601   41.1096   9.48683   21.095   84.6463   46.8188   81.0247   91.7878   13.4164   66.0984   54.6443   28.6007   68.593   72.1734   50.3289   64.7611   38.6264   0   54.4462   34.6542   32   
45.6946   48.7032   24.1868   65.9469   80.0625   30.0832   28.1603   73.8241   83.6301   42.0119   41.8808   56.0357   39.3954   6   50.6952   79.925   42.7551   63.6553   54.231   72.0139   50.1199   79.2465   51.4782   44.0454   77.4919   66.7083   59.0762   24.0208   80.8022   48.4665   13.0384   33.9706   23.0868   63.3482   30   70.8308   99.2018   29.1204   50.0899   79.7621   51.0882   54.1202   65   31.3847   47.0106   50.5964   39.4462   0   73.0939   50.0707   
43.6807   11.3137   74.5185   67.1193   63.3246   67.4759   41.8688   60.0167   79.511   84.6463   19.0263   73.3757   43.8634   53.6656   37.3363   92.7793   80.4487   68.469   45.1774   91.9239   49.0306   78.1025   7.61577   85.6037   51.0784   89.1852   27.4591   37.8021   72.8354   42.9535   58.6003   29.0172   38.0132   95.2733   60   86.885   87.6413   30.5287   76.0592   43.0116   27.1662   77.6209   77.4661   63.6003   75.591   40.4475   20.3961   59.0931   0   45.6375   
21.5407   18.4391   45.2217   47.7598   53.7587   37.8021   12.2066   48.2701   63.9531   55   21.0238   48.0416   18.1108   28.0713   21.2132   70.4557   51.1077   47.5395   28.0179   67.0671   27.8568   60.9262   23.0217   56.0357   47.1699   63.3877   25.4951   10.0499   58.8303   22.8254   29.9666   22.8473   11   67.3573   30.5287   63.0317   76.6094   8.48528   48.5077   46.8402   17.72   50.8035   54.231   34.1321   47.4342   22.8035   18   34.0588   29.7321   0   
