15
40
999999 17 10 16 17 9 9 9 13 8 11 17 12 13 16 15 7 10 13 10 14 5 11 15 12 13 8 6 5 17 11 16 15 5 8 16 13 5 16 7 
0 5 1 5 5 3 6 5 2 5 6 10 10 10 1 10 1 7 6 6 4 3 2 14 1 6 2 4 4 12 6 9 10 2 7 2 5 1 10 5 
20
0   0   0   0   0   0   0   0   0   0   0   0   0   0   0   0   0   0   0   0   
4   -3   -1   0   -9   8   -1   3   -15   -3   -1   2   -4   8   -4   -3   -2   5   1   4   
-3   0   -5   4   -7   2   -1   10   -4   3   -3   4   -7   6   -6   0   0   8   -2   9   
-8   1   -8   8   0   4   -10   5   4   -2   -2   6   -10   0   -4   6   -11   7   3   8   
5   -15   4   -1   12   -3   14   -1   8   -11   7   -10   0   -6   -1   0   10   -7   12   -9   
-6   5   -4   3   -3   8   -6   6   -7   0   -8   5   -3   1   -8   9   -2   8   -4   -1   
-1   4   -3   6   -1   8   -6   -1   -2   3   -4   4   -6   2   -2   2   -8   2   -3   6   
0   -2   1   -8   5   -5   2   0   0   -2   5   0   4   0   3   0   -1   0   4   -2   
-1   1   -2   -4   -5   -1   -6   3   -6   -3   -4   6   2   1   -2   6   0   0   -3   5   
-4   1   -8   8   -5   5   -8   5   -2   7   -8   6   -6   7   -2   4   -5   0   -6   3   
-1   0   0   0   -3   2   0   -4   -1   -1   0   -2   1   1   2   0   -1   1   2   0   
2   6   1   -1   6   6   0   2   3   2   2   1   1   -5   3   10   0   -3   -7   -7   
-8   -1   -1   -3   1   3   -4   -2   0   -6   2   3   2   -6   0   0   -6   2   -2   3   
5   -6   9   -2   13   2   9   -8   11   -8   8   -7   2   -6   11   0   9   0   6   -5   
-7   7   -8   2   -5   0   -10   3   -6   3   -5   2   -3   3   -3   0   -4   13   2   2   
-1   -1   2   4   -7   -2   -3   10   1   0   0   5   0   14   -5   0   -6   7   -3   3   
0   0   2   3   -3   1   1   2   0   3   0   3   -2   2   -2   3   -2   2   1   5   
-1   3   0   9   -5   -2   1   6   -5   5   -2   9   -3   2   -4   7   -6   4   -3   6   
-10   10   -1   11   -9   5   -13   1   -12   6   -6   10   -3   5   -11   10   -12   10   -8   3   
3   0   10   -7   1   -6   1   -10   6   -4   -1   -10   0   2   0   -2   2   -9   2   -2   
-4   7   -10   13   -10   8   -10   7   2   12   2   6   -14   9   -9   5   -1   8   -11   10   
-2   0   -1   0   0   1   -1   1   0   0   -1   2   0   0   0   3   -1   1   0   2   
0   -5   -1   0   -2   5   -8   7   2   -4   0   0   1   1   3   -2   0   0   -3   2   
-1   -2   -1   6   -14   -1   3   6   -1   7   0   6   -2   9   -5   5   -4   9   -7   5   
-6   2   -3   0   -5   10   2   10   0   8   -9   3   -5   2   -5   4   -1   8   -4   3   
-13   3   0   7   -4   1   -7   2   -7   0   -7   0   0   4   -6   5   -6   0   -9   7   
-3   0   0   2   -1   4   -4   2   -1   1   -2   3   -3   3   0   5   -3   1   0   1   
-2   0   -2   1   0   3   -3   0   -1   0   -2   3   0   0   0   1   -2   4   0   6   
0   0   0   0   0   0   0   0   0   1   1   0   0   -1   0   0   0   0   0   0   
8   2   6   -7   6   -5   12   -7   12   -8   14   -15   3   -2   6   -4   6   -7   10   -13   
-1   -2   1   -8   8   -2   4   -3   6   0   4   -2   5   -2   4   -11   4   -6   5   -3   
11   -8   -4   4   -6   0   -10   4   1   -3   3   4   3   -4   -9   0   -9   0   4   -9   
-2   1   -11   11   3   1   -6   10   0   1   2   5   -3   5   0   -3   -7   0   -12   4   
1   3   -2   4   -1   2   -1   0   0   0   0   1   0   1   0   0   0   0   0   1   
-4   7   -3   4   -2   7   -7   5   -5   6   -6   4   -5   3   -8   7   -8   8   -5   7   
-8   4   2   -8   8   -2   2   4   -2   2   2   -4   -3   -12   2   0   -1   5   6   -2   
-4   3   1   5   -6   6   -1   -5   -4   5   0   9   -1   6   -1   0   -2   -1   -7   3   
-1   4   -2   2   -1   2   -2   3   0   1   -2   1   -2   1   -1   3   -3   2   -2   0   
6   -2   -1   -7   0   0   0   5   3   -4   0   0   0   1   -4   0   -6   2   4   5   
0   0   -2   -1   0   4   1   0   2   0   2   -1   0   0   2   3   1   0   0   -6   
0   59.4264   43.632   58.9593   69.7087   50.7824   64.0655   48.305   61.2252   60.1885   51.0598   81.1403   65.2666   61.0392   82.1415   53.6368   52.4461   58.8246   29.8284   69.4378   62.6606   58.7772   50.5091   56.2153   33.6015   26.3693   46.0172   65.6004   66.0408   66.1667   68.0306   63.1461   67.1393   52.7431   53.1283   30.8114   71.1543   74.1295   42.6333   39.8087   
42.4264   0   83.4584   37.4094   81.9785   93.1453   106.492   63.134   51.4005   34.0155   77.8558   33.0312   107.693   91.1084   89.3062   64.0899   94.8725   85.8657   61.2548   96.303   58.5281   74.7587   69.0104   47.0097   66.5296   68.7957   50.508   108.027   108.467   91.9667   109.549   29.8924   21   79.5399   49.4591   64.5441   113.581   103.31   85.0597   67.9659   
25   67.2681   0   77.3939   84.5203   25.4018   50.2354   67.8051   78.9548   85.1885   64.0595   93.3221   41.632   67.4072   79.6259   70.6448   37.2354   62.9609   43.2036   75.7584   83.1843   76.4732   67.0392   73.9396   48.2843   40.2627   68.927   39.632   56.5576   74.8017   61.4819   87.405   82.9412   64.2719   72.8705   48.541   52.6105   71.8179   27.6056   56.1214   
38.833   23.4094   62.3939   0   64.1022   86.0445   93.7817   71.3329   35   57.4249   56.5474   45.4722   99.4865   67.7277   101.014   46.5671   85.2837   87.8241   56.2311   71.0743   74.9378   52.3955   42.9615   68.2701   51.6176   62.5113   58.2945   97.8464   92.8479   69.7136   91.5094   53.3018   44.4094   54.3113   30.831   46.2324   109.211   73.9406   81.4643   51   
54.5619   66.9104   64.5136   44.1022   0   81.5187   74.0892   102.867   52.5812   94.0812   38.4722   81.192   89.0625   46.348   131.125   37.8885   79.9975   109.933   70.8179   34.6433   112.032   34.1421   39.4709   103   63.9965   66.1199   99.7184   88.0892   71.0892   45.3516   70.3927   94.472   84.9018   46.2485   56.4588   59.9411   106.056   46.2036   80.6946   54.9411   
34.7131   77.1038   11.4018   69.8355   64.7765   0   41.8473   69.0656   84.5822   93.5035   62.0465   103.031   31.2643   62.7852   86.2824   75.2678   31   60.5725   45.8904   68.8326   84.4448   76.1289   72.2453   83.2903   51.4384   43.8661   73.2508   36.3178   38.8473   59.7772   44.5539   89.669   93.3098   61.0999   80.81   56.8121   42.6155   71.4296   28.8661   57.3792   
49.98   90.2109   32.1403   77.7817   59.0339   21.8403   0   90.9059   88.2957   110.168   58.1266   116.002   37.1245   48.9969   108.12   73.3838   35.3417   82.4105   66.746   59.1925   106.285   77.5418   70.6039   104.864   60.8292   56.6962   94.666   38.4222   22   50.3553   22.0711   109   105.066   61.9535   89.2262   70.7955   46.4094   65.05   50.7064   65.7955   
31.305   44.0454   43.4166   55.7136   84.386   54.7449   75.06   0   81.3682   50.3622   80.5859   74.0384   84.1231   90.8256   48.3847   84.9418   80.652   37.8473   50.311   98.7259   38.5242   90.0822   81.8141   34.6011   59.7772   57.6743   27.0384   83.0486   93.5922   93.7909   97.131   58.2415   65.0454   84.0481   73.0091   62.1163   91.5122   100.428   62.1995   67.6063   
43.1856   36.4005   63.9531   13   32.0624   69.5701   73.8173   65.3682   0   70.4161   49.2482   47.1361   99.4793   61.9937   113.753   37.2974   84.6133   100.824   66.6739   61.9761   87.9378   42.4391   33.6918   81.2701   54.2583   64.6905   71.2945   98.0562   87.4003   66.1738   83.884   66.293   57.4005   50.6497   37.6301   50.2029   107.372   73.2443   77.5224   45.2029   
45.1885   15.5563   68.2422   38.0789   80.0812   79.0759   95.0789   35.4683   51   0   87.1539   48.5876   109.865   100.149   77.085   79.6463   97.6346   73.3156   62.8539   103.371   46.0689   83.0984   77.6659   36.1108   69.1507   71.5578   40.3238   107.874   111.229   99.0059   111.616   22.1231   34.8661   91.7578   65.0154   71.3587   116.343   111.521   82.6375   74.0377   
34.4093   58.8558   42.0595   40.2492   22.4722   43.0465   41.5933   65.5134   33.2415   69.0072   0   80.3776   72.1728   31.6015   109.47   33.2643   59.5553   87.3464   49.2623   36.9991   92.7296   38.6208   35.2361   86.2963   35.8087   44.0179   78.7454   72.2072   57.1786   35.7602   53.0555   85.289   77.8415   20.2361   58.4384   39.2485   83.0167   40.2132   55.2311   36.2788   
54.3783   16.0312   79.3221   22.4722   65.192   88.2383   98.7168   60.0083   33.1361   29.5466   62.6498   0   119.503   90.1999   103.394   69.0393   105.716   97.8557   76.1402   93.5465   72.8024   74.8677   65.4337   61.0977   74.0898   80.7476   66   118.558   111.974   92.1858   110.22   45.9237   37.0312   76.7835   53.3032   68.7046   125.533   96.4129   96.0066   65.2195   
49.8197   92.0978   26.4008   83.4865   72.0625   15.2643   16.1245   69.1231   81.8596   94.3398   52.1728   102.728   0   65.0444   101.547   84.846   33   75.8369   61.1548   75.317   99.7092   86.0347   83.9062   98.5547   66.4004   55.8973   88.5151   20   38.1245   66.4799   38.1956   104.933   108.574   72.4089   92.2304   67.2541   28   72.9181   44.1304   72.6436   
44.0114   72.3671   44.4072   53.7122   25.4951   41.7852   33.541   75.2396   45.8039   82.0549   13.6015   76.1577   47.0425   0   119.456   46.8658   55.7343   93.7464   61.502   33.7047   104.969   45.8329   43.3019   98.536   48.0483   55.6699   90.0286   61.9496   45.0489   28.6056   40.9258   97.4113   91.4429   33.8375   69.927   51.1403   71.0364   30.6301   67.6878   49.8803   
60.1415   72.3671   62.6259   86.8159   114.56   72.2772   94.1116   31.3847   96.7471   60.075   94.3663   88.2836   83.6002   102.343   0   113.511   97.562   45.7099   74.3075   128.274   49.0161   118.919   110.489   61.2966   90.6614   83.6757   58.4231   102.258   110.767   123.706   112.417   78.4138   89.1803   112.885   101.354   90.9529   109.745   130.766   75.5392   95.6226   
38.5876   50.0899   53.2353   28.4429   17.8885   56.3205   56.8243   67.1789   18.868   62.5859   15.2643   50.6952   66.7608   27.0185   97.8366   0   71.5319   94.3901   55.3595   48.9757   91.2839   32.3246   26.6056   83.1193   42.9439   50.8782   74.6406   84.1838   72.0674   43.3019   67.9443   75.0999   65.5297   32.2127   37.0868   38.8885   88.4648   46.6757   68.8885   33.8885   
38.0132   79.404   19.2354   69.2026   58.0345   10   13   62.0725   67.082   83.1925   37.4833   89.0955   14.8661   33.7343   81.6088   51.923   0   70.5725   54.1267   67.439   94.4448   71.704   67.9215   93.175   55.1222   44.0768   83   30   33.3417   58.9367   30.6525   95.1581   100.212   53.3192   78.8201   65.0512   37.561   64.3644   38.8661   65.4969   
39.8246   65.9242   37.1618   73.8241   93.8136   46.5725   68.4105   22.8473   81.3204   58.3095   72.3464   81.6149   58.1378   78.7464   25.7099   78.3901   55.9732   0   58.1152   104.152   59.6554   98.6018   89.2675   57.4484   70.5987   59.5533   49.8857   74.3095   85.2604   104.925   86.5122   80.4326   86.9242   91.5015   90.8053   69.5698   85.1378   108.98   62.3553   77.5392   
2.82843   45.2548   22.2036   41.2311   54.8179   31.8904   47.4342   32.311   45.0444   47.8539   34.0588   57.1402   47.0106   42.9535   60.3075   39.3573   35.3412   39.1152   0   71.0579   62.7056   61.6057   53.3375   57.1096   36.4299   29.1977   48.8457   61.8356   68.6829   68.9952   64.6905   59.8292   66.2548   54.2948   55.3363   33.6398   70.0732   73.5836   35.868   42.6371   
52.4786   75.06   55.7584   54.1295   16.6433   53.4883   44.0454   83.7257   44.0114   86.3713   18.3848   76.4003   58.3095   11.7047   112.004   25.7099   45.3542   89.1067   51.8652   0   109.486   47.9422   43.2843   101.932   53.5666   60.9955   93.1233   73.6543   56.7536   31.7279   52.6305   96.8842   91.2396   30.7631   62.7967   52.6264   80.2722   24.6569   73.6158   54.6636   
44.1475   42.0595   58.8558   59.4054   94.0319   70.214   90.2718   15.5242   70.8378   29.0689   77.0779   57.7235   84.6463   87.9318   31.0161   76.2758   77.3175   34.6554   45.7056   95.462   0   98.4584   89.6705   37.7047   71.921   70.5168   33.6433   98.4878   106.807   109.286   107.97   51.192   61.7612   94.9899   85.208   74.9589   105.784   114.753   71.5788   77.2699   
44.7772   52.7731   59.4138   30.0167   14.1421   62.1289   61.327   72.8629   18.4391   66.0984   19.9249   51.4782   72.0347   29.8329   103.711   6.32456   57.2713   84.5991   45.618   25.9422   81.4002   0   28.434   89.4439   49.2685   57.2027   80.9651   86.3559   74.634   49.6265   70.7587   81.4245   71.8543   34.3848   43.4113   45.2131   94.7893   50.5991   73.8705   40.2131   
35.3553   47.0106   51.0392   25.9615   21.4709   54.7449   56.6039   63.6396   17.6918   59.2284   15.5563   48.3839   65.7875   28.3019   94.3663   3.60555   50.9215   75.1798   36.2491   28.2843   72.6705   9.43398   0   83.175   39.0829   49.9765   74.1946   80.9215   69.5235   44.9666   65.4004   72.5428   68.0106   35.7924   40.3961   33.6977   88.4825   50.2813   64.2544   37.4941   
39.0128   30.3645   57.9396   48.2701   85   69.2892   87.8635   18.6011   60.1082   18.1108   69.6419   46.0977   84.309   81.3941   42.2966   67.1193   75.1864   41.1825   41.1096   87.9318   11.7047   71.8679   63.5295   0   72.6143   65.3821   35.198   97.5716   103.298   104.833   105.8   33.1172   44.0832   89.878   65.5177   69.4773   107.63   109.708   73.4243   73.4509   
13.6015   46.5296   28.2843   35.5106   41.4005   34.4384   43.8292   44.7772   35.6931   53.1507   20.8087   55.1725   48.0104   31.0483   73.6614   26.5707   33.9706   52.4309   13.4536   38.9487   56.921   32.8938   23.7697   50.4876   0   37.0454   58   60.4004   58.19   56.5689   63.1461   72.6561   67.5296   41.0447   46.4138   26.3852   69.7083   59.8534   41.0192   34.0554   
12.3693   53.4135   17.2627   45.618   50.1199   24.4131   37.6962   41.4849   46.6905   57.3847   28.0179   63.8905   38.8973   34.6699   67.6757   36.8782   26.0768   44.5533   10.0499   44.5982   55.4437   43.1741   34.3657   51.1566   11.0454   0   58.3866   55.4833   54.6879   58.2753   56.7293   69.8791   74.2033   45.2324   57.4592   37.2788   63.6378   65.3   40   40   
29.0172   31.0161   47.927   44.2945   77.3886   59.2368   77.666   13.0384   55   23.3238   60.7454   47   74.3236   72.0347   42.72   59.6406   65   35.4401   31.0161   79.1202   16.6433   64.8151   56.0357   10.198   41   41.0488   0   87.559   95.058   90.4321   95.6525   35.6155   52.0161   78.4286   69.4072   56.4969   97.5899   100.853   63.3847   66.7772   
48.6004   90.7855   25.632   81.8413   70.0643   14.3178   14.4222   68.6586   80.0562   93.2952   50.2195   101.237   2   45.0444   83.863   64.846   13   58.3095   45.8039   56.3205   84.1724   70.0928   63.9062   83.5703   46.4004   37.4833   73.5391   0   36.4222   64.3081   36.0238   103.987   107.628   65.9711   91.8201   69.2541   24   74.9181   43.1839   71.6971   
49.0408   88.6848   32.5576   75.6902   56.0892   22.8473   3   75   71.4003   93.984   38.9487   96.8297   18.7883   30.5941   94.921   54.2033   13.3417   69.2604   46.5725   41.0488   90.0888   58.6003   54.0833   87.2983   42.19   36.6879   77.1038   17   0   46.4074   18.1231   106.402   108.066   59.1848   88.6039   67.6154   41   59.054   51.7134   65.7547   
47.5395   74.9667   47.8017   55.7136   24.3516   44.7772   35.1283   78.7909   47.1699   85.0059   16.1245   78.1857   49.2544   3.60555   105.948   28.3019   36.4005   82.3286   46.5188   9.05539   91.3947   30.4138   29.9666   84.7231   34.4819   38.2753   75.4321   47.2652   32.1403   0   44.5314   96   93.8317   36.3606   65.3887   52.3553   71.2652   22.0711   69.1664   52.4033   
49.0306   87.6584   34.4819   73.7564   52.3927   25.5539   7.07107   76.1052   68.884   93.6056   36.0555   95.2103   22.8473   26.9258   97.0824   51.3128   15.6525   71.5122   46.6905   37.1214   91   55.4707   51.4004   87.6926   41.1461   36.6742   77.5242   21.0238   4.12311   28.2843   0   105.493   105.74   56.2916   87.3369   62.2769   45.0238   50.3553   53.8782   66   
41.1461   13.8924   64.405   35.2278   76.5376   75.1665   91   33.2415   48.0208   4.12311   65.0308   29.1204   90.4268   78.0256   59.4138   58.9406   79.1581   55.9732   43.8292   82.4924   28.6356   62.6259   55.5428   17.1172   49.0306   53.3104   20.6155   89.3588   89.8888   81   89.493   0   34.4164   85.1211   63.3515   70.2709   111.008   103.071   76.803   72.0102   
43.1393   1   67.9412   24.3516   67.897   77.8332   91.0659   44.1022   37.3363   14.8661   59.8415   16.1245   92.8493   73.3485   72.1803   51.0882   80.2122   66.0984   45.9674   76.0592   41.7612   53.7587   48.0104   30.0832   47.4131   54.2033   31.0644   91.5478   89.5545   75.9539   88.5494   13.4164   0   78.6629   50.4591   64.4626   112.649   96.3057   78.4438   61.9222   
36.4005   59.5399   44.2719   40.3113   20.2485   45.0999   42.9535   67.4166   32.6497   70.0643   2.23607   62.7694   53.9351   13.4164   96.4261   14.2127   39.3192   74.5185   36.1248   16.7631   78.7909   18.3848   15   71.1688   22.8035   30.2324   62.3939   51.9711   40.2492   15.5242   37.2156   66.1211   60.531   0   51.2995   36.72   75.9711   37.5952   57.4671   31.72   
35.1283   27.4591   57.8705   5.83095   39.4588   64.846   72.1388   55.0091   10.6301   41.2311   34.4384   28.2312   78.2304   47.927   86.3539   23.0868   63.8201   71.8053   37.3363   48.6621   60.208   25.318   20.3961   49.5177   30.4138   40.8534   44.4072   76.5506   70.0071   49.98   68.0147   38.0132   28.4429   34.5398   0   45.4307   100.122   68.3667   71.433   40.4307   
15.8114   42.5441   33.541   30.2324   38.8973   39.8121   48.4149   45.8039   30.4138   50.3587   20.2485   50.3289   53.2541   32.1403   75.6637   22.8254   39.0512   55.5698   16.5529   38.6264   56.8595   29.0689   19.6977   49.4773   5.38516   16.2788   40.4969   51.614   46.6154   35.3553   45.2769   46.2709   43.4626   21.9317   25.0599   0   75.0935   57.4264   46.4044   20   
55.1543   97.5807   30.6105   90.2109   80.0562   20.6155   23.4094   71.5122   89.1572   98.813   60.0167   108.853   8   55.0364   83.0241   74.4648   22.561   58.1378   52.3259   66.2722   86.977   79.8311   73.3757   87.6584   54.7083   45   77.8974   10   26.2488   57.2189   30.3645   95   98.2904   61.8142   85.0882   60.0333   0   78.8013   49.4816   77.9948   
54.1295   79.3095   54.8179   58.9406   22.2036   51.4296   40.05   85.4283   49.2443   90.0888   21.2132   81.3204   54.9181   10.6301   112.894   30.6757   42.72   89.3756   53.2353   5.65685   97.7394   31.3847   32.9848   90.7083   40.8534   45.2217   81.6088   52.9528   37.054   7.07107   33.0151   86.1452   80.3057   20.025   53.3667   41.2311   62.8013   0   71.2268   51.745   
21.6333   63.7809   3.60555   59.4643   63.6946   14.8661   35.0143   40.1995   61.5224   64.6375   41.2311   76.0066   29.9666   44.6878   60.5392   51.6236   22.0227   35.3553   18.868   55.8032   55.5788   57.8705   49.2544   54.4243   26.0192   15   44.3847   29.1548   35.2278   48.1664   36.8782   60.803   64.4438   43.4626   55.0818   31.1448   34.2053   55.2268   0   50   
20.8087   43.9659   37.1214   29   33.9411   42.3792   48.7955   50.6063   27.2029   53.0377   16.2788   50.2195   55.0727   29.0172   80.6226   17.8885   40.4969   60.5392   21.4709   34.4819   61.2699   24.1661   14.8661   53.4509   9.05539   20   44.7772   53.3385   46.7547   32.0156   45   49.0102   44.9222   17.72   23.4307   5   62.1691   37.4833   35   0   
