15
40
999999 11 15 17 6 16 17 6 10 14 9 16 5 8 13 13 5 6 6 16 8 8 15 12 12 6 17 15 12 14 17 17 13 10 9 12 15 15 6 16 
0 2 12 5 4 14 10 4 3 6 6 7 1 4 7 1 4 3 1 13 7 2 14 7 4 3 11 7 6 8 12 6 8 7 8 4 12 8 3 12 
20
0   0   0   0   0   0   0   0   0   0   0   0   0   0   0   0   0   0   0   0   
-5   7   -6   1   1   1   -1   2   -3   1   0   1   -2   4   -1   3   -2   5   2   2   
-8   6   -13   10   -9   11   -4   15   -9   5   1   9   -13   6   -5   10   -12   0   -8   9   
1   0   1   -1   -5   5   2   8   0   -4   7   0   -6   1   3   1   -5   11   9   2   
-2   3   -5   0   -4   0   -3   4   -1   4   0   4   -3   2   -2   4   -3   3   -4   3   
-9   7   -2   6   -2   10   -8   15   -6   9   -13   13   -10   15   -5   7   -9   15   -14   13   
-15   5   0   0   -3   5   -6   14   -8   6   -11   13   -10   14   -9   15   -11   6   -13   7   
-4   1   -3   5   -2   1   -3   3   -2   5   -6   3   -4   2   -3   4   -4   6   -6   4   
0   2   1   1   1   -4   4   -3   0   6   0   3   -2   -2   0   -4   1   -2   0   0   
-4   -3   -7   6   -1   13   4   2   -1   6   -3   -2   -9   1   -10   10   -6   5   -3   11   
-5   -1   0   -2   0   -2   0   1   0   -2   1   -1   4   -2   0   -1   4   -2   5   -1   
4   -14   6   -13   6   -10   4   6   3   -7   8   -2   4   -12   11   -10   2   -5   11   -1   
0   0   0   0   0   1   2   1   0   0   0   -1   0   0   0   -1   0   0   0   -1   
-5   6   -8   2   -5   7   -6   5   -3   4   -7   4   -5   7   -7   6   -6   4   -4   8   
-7   8   -4   3   -6   5   -8   5   -1   9   -10   2   -8   7   -1   4   -9   4   -8   2   
5   8   -5   4   -7   0   1   3   -11   -1   -3   0   -9   11   -6   1   -11   8   -1   2   
1   -1   0   -3   1   -2   0   -3   0   -3   2   -3   1   0   1   -2   -2   -2   0   -1   
-4   4   -3   5   -2   5   -3   4   1   3   -1   2   -5   1   -2   0   -3   2   -4   4   
0   -1   3   0   3   -1   2   -1   0   -6   3   0   2   -3   4   3   -1   -4   3   -1   
13   -7   7   -7   8   0   2   0   1   -4   11   -5   2   -6   8   -9   11   -7   7   4   
2   -2   1   -4   0   -4   6   -5   -1   -3   2   -4   1   -2   1   -7   3   -4   5   -2   
5   -1   4   -5   4   -4   6   -8   5   -4   2   -2   5   -3   5   -3   6   -5   5   -7   
-1   4   -7   12   -3   11   -3   9   -7   15   -13   5   -11   13   -4   8   -7   6   -9   14   
6   -4   0   -6   5   -9   8   -6   0   -12   4   -5   0   -5   3   -8   5   1   6   -9   
-6   9   -12   3   -11   10   -5   3   -5   11   -7   3   -7   6   -9   3   -8   6   -7   2   
-2   0   -1   3   0   -1   -1   2   0   -1   -5   0   1   -1   -1   0   -2   5   -1   1   
-9   9   -11   9   -6   8   -15   13   -11   2   0   14   -9   10   -9   10   -9   9   -7   13   
-4   7   -7   11   -5   3   -2   6   -10   0   0   13   -12   12   -7   0   -11   1   -4   0   
-9   1   -4   -1   -8   7   -9   4   -8   2   -2   5   -12   6   -1   11   -4   0   0   1   
-8   6   -8   11   -2   6   -4   2   -7   7   1   9   -1   0   -12   11   -7   4   -5   8   
9   -8   6   0   7   -1   2   -12   2   -7   6   -6   5   -6   15   -7   3   -10   7   -7   
-4   3   -7   2   -5   13   -5   6   -6   6   2   14   -9   5   0   3   -1   7   0   13   
1   2   0   -1   4   1   -2   -2   -2   -5   4   0   -5   3   -1   1   -10   0   1   -1   
-3   7   -5   2   -6   7   0   3   -4   0   0   4   1   4   -4   4   -3   3   -4   1   
-2   -3   -1   0   1   1   0   -3   0   2   1   -2   2   1   0   0   -2   0   -2   1   
-8   5   -7   12   -7   3   -8   3   -12   8   -6   11   0   7   -6   3   -9   4   -8   12   
5   -6   10   -3   4   -3   6   0   8   -5   -5   -6   5   -9   11   0   0   -1   2   -1   
5   4   -2   -2   0   -1   8   6   0   -6   1   0   -8   -8   4   3   1   0   -1   -6   
3   -1   6   -4   0   0   0   -2   -1   -5   1   0   3   0   1   3   0   1   2   0   
-11   14   -8   11   -4   10   -4   7   -8   6   -9   15   0   1   -11   4   -12   13   -15   14   
0   51.401   47.2025   66.1774   69.0797   70.8197   40.8114   66.1904   60.735   45   50.2947   60.9593   58.2916   59.618   64.3087   47.0768   71.0803   60.7699   38.6619   64.3779   53.2415   50.0185   35.4642   64.4975   66.9766   43.587   55.8709   50.1548   55.3847   74.356   45.7211   76.9743   48.9857   73.8238   60.9625   57.2173   76.5371   71.0833   39.318   44.799   
33.541   0   80.7435   73.7315   69   89.0617   43.4109   89.9522   84.5094   31.8102   75.2331   36.8806   35.9284   93.159   42.9615   32.0623   48.0151   81.2128   41.9755   37.0294   84.4608   76.689   40.3113   86.3416   48.121   44.433   42.5913   79.6498   75.8276   79.123   31.0828   42.0768   77.2127   101.865   81.539   84.041   98.0773   102.464   39.083   33.0312   
32.2025   65.7419   0   70.356   76.9839   57.3113   61.5939   62.6041   37.594   77.2025   33.1108   87.3963   90.4296   29.4164   89.968   78.3499   99.9203   41.0116   62.9477   95.7071   20.831   49.9559   64.8615   66.366   94   63.7955   88.0734   23.1231   42.6716   85.7343   76.3939   98.134   57.0156   51.0666   53.3553   52.1603   42.3576   38.6274   71.5205   74.3128   
45.1774   55.7315   56.356   0   106.685   53.3209   52.0156   111.368   92.4145   67.0899   83.1153   91.7112   78.9349   80.452   95.9654   72.0093   103.747   54.0512   68.2015   85.086   76.5741   47.5539   75.7235   109.675   55.0694   79.8536   65.5933   67.3546   56.7851   38.1803   66.6488   97.8083   94.1631   67.1536   104.134   99.5684   87.7533   80.7533   70.1814   68.4518   
46.0977   50   61.9839   90.4765   0   113.005   79.3254   46.6956   62.639   64.7955   61.3847   52.4401   83.1111   88.0139   59.3766   64.5533   65.1152   99.3217   59.6982   78.9531   76.3095   94.5603   53.6155   53.9258   97.6761   51.3019   85.3542   82.9772   99.9295   120.454   69.0754   64.19   49.6006   111.444   48.9411   65.8688   103.479   100.611   75.0707   60.2046   
49.8197   74.9466   40.3113   31.3209   94.0053   0   66.2129   100.729   77.9053   85.6018   71.9732   107.327   100.375   63.0985   111.578   90.42   120.9   36.6977   78.8769   100.796   61.1422   43.4094   85.2839   102.932   82.192   93.4067   93.2086   54.5766   45.2237   56.0143   86.3397   116.517   91.214   38.561   93.6666   92.4715   59.4072   56.7063   88.9682   84.0671   
15.8114   29.4109   42.2966   32.0156   58.6941   45.6508   0   82.0018   67.4976   40.7746   63.0595   59.3542   53.1189   69.109   67.01   43.6982   77.203   54.2022   46.2485   58.3964   63.1275   47.8035   50.7099   80.3089   52.3766   51.0483   45.6586   56.4708   49.0156   60.0116   39.0832   71.4877   64.7971   81.2228   71.7584   68.626   84.6541   80.924   34.6918   45.0217   
51.225   72.0347   47.2969   94.3663   32.6956   86.7295   67.0075   0   46.2354   82.2794   50.5225   83.0703   99.885   69.9859   85.0461   78.7097   85.8308   82.4003   64.9902   102.622   55.7732   84.7248   65.7101   26.831   114.232   60.3249   107.096   69.5813   86.5336   124.296   95.8871   86.5603   36.2047   95.4657   37.53   40.2354   70.2268   79.2013   90.543   81.921   
37.6563   67.4759   22.4722   74.6525   46.6154   62.6099   52.4976   25.1794   0   78.792   27.4403   88.1193   95.948   47.2947   90.4011   77.4138   95.6981   56.9418   67.1045   98.4808   34.7631   64.5177   70.1022   44.3535   104.633   68.7551   93.5273   41.0599   60.8292   107.959   83.3774   97.922   34.6023   71.654   30.3178   26   56.0483   51.855   76.9743   71.4782   
26   7.81025   58.1808   50.0899   48.7955   67.6018   21.9545   67.6757   61.0737   0   66.3517   44.6909   38   85.618   47.0167   25.4721   55.8254   74.7545   33.7146   44.8396   76.1999   60.5426   32.0504   78.0807   47.7414   35.9545   36.6357   73.3707   69.661   74.092   26.4859   49.8871   68.9518   93.8391   73.2781   75.7801   94.4123   94.7559   20.0828   24.7703   
27.2947   58.0517   18.1108   65.1153   44.3847   55.9732   42.0595   30.8707   10.4403   51.3517   0   80.6825   84.2584   44.1411   83.4078   70.2019   91.2577   50.9935   60.541   89.536   29.9284   59.9378   62.6205   48.4204   89.1864   57.2353   82.3647   33.105   56.2491   101.651   70.2228   83.6419   34.3178   64.1664   34.3848   36.4403   52.45   56.7382   66.6127   62.2019   
42.4382   20.8806   72.1803   75.06   35.4401   90.2497   45.3542   64.0703   67.1193   25   59.6825   0   47.4006   101.597   32.099   35.095   28.9284   93.8165   46.8058   51.8329   89.218   85.5426   49.4951   75   69.0016   50.6008   60.2311   86.0071   92.5088   99.092   46.4764   34   79.6657   115.669   74.6657   79.846   111.901   110.808   45.0828   42.2594   
44.1475   13.9284   75.8947   54.626   63.5138   78.6448   35.5106   85.8662   80.0562   19   70.2567   31.4006   0   103.196   56.8899   36.638   60.329   88.9947   51.0574   27.2111   91.636   74.8972   50.4966   97.0807   48.1868   54.8685   37.3417   87.1288   83.9374   79.3618   28.0357   55.8938   87.9518   105.608   92.2781   94.7801   107.984   113.664   39.0828   43.7703   
45.618   79.1581   13.4164   65.146   72.0139   43.1856   55.109   52.0096   27.2947   71.5891   27.7849   85.1469   89.1964   0   103.384   88.2508   113.337   44.4008   71.7584   109.124   30.2127   57.6079   77   71.6482   105.77   77.2119   96.7647   34.7631   53.3645   90.4098   89.8103   111.427   58.5601   47.2389   57.6125   53.2947   22   31.7703   84.936   87.6607   
46.1411   25.9615   74.9667   80.025   33.3766   94.578   50.01   63.5059   68.4763   30.0167   61.6117   5.09902   36.0555   87.7268   0   40.194   24   96.6175   49.9272   49.9411   90.1693   87.5823   43.8444   78.2151   74.0825   48.1725   63.2385   91.1062   97.3692   104.109   51.5754   35.0554   80.0833   114.86   75.0833   81.7951   106.698   113.594   50.0994   47.3584   
26.0768   8.06226   58.1808   54.0093   44.5533   70.214   24.6982   64.56   59.4138   4.47214   50.01   21.095   21.3776   71.5891   26.0192   0   50.0192   78.9003   33.9443   41.9155   76.4296   63.0106   32.1327   78.3104   51.203   36.4018   38.8811   73.6004   73.7138   78.5642   22.6023   44.7924   69.1814   98.3113   73.4358   76.0098   90.5376   96.8082   24.5549   25   
56.0803   33.0151   84.8999   88.3629   39.1152   104.178   59.203   70.8308   77.6981   38.3275   71.218   13.9284   40.4969   97.591   10   34.7131   0   106.618   59.9272   58.7705   100.169   96.7775   53.8444   80.307   81.1361   58.1725   71.1728   96.9759   104.411   112.138   57.3154   29.6158   87.1891   124.86   83.542   91.7951   116.698   123.527   58.4103   54.1618   
35.3553   65.7647   20.8087   39.0512   76.3217   19.6977   37.2022   67.0671   42.9418   57.9828   36.4005   77.6981   72.6705   26.4008   81.4923   59.5483   91.4166   0   62.3386   93.5876   41.6396   30.5655   68.2319   84.821   79.2934   71.4624   77.5229   38.4901   19.3852   70.0106   76.2853   101.094   68.6952   45.105   70.7853   68.9418   48.4008   48.0179   71.894   68.6443   
11.6619   24.5153   42.4382   52.2015   38.4838   60.8769   20.2485   50.9902   43.1045   18   33.541   30.8058   37   55.7584   34.4819   16.4924   44.4185   47.0106   0   56.4367   63.2691   55.6563   31.0828   70.0208   65.6476   38.0454   54.6357   60.8246   63.9535   80.2601   39.0947   54.4599   59.8782   85.4857   61.4849   57.1045   77.7584   81.0656   38.0828   29.9443   
49.6488   17.0294   81.7068   61.7414   63.9531   85.7963   42.2019   88.459   84.4808   23.7697   74.9667   29.8329   7.2111   95.0789   33.9411   25.0799   36.7151   79.404   41.4367   0   98.8471   82.1083   55.8202   101.85   50.0167   59.7242   38.2485   94.3399   91.1485   86.5729   35.2468   53.1548   91.026   112.819   96.1542   98.5412   115.107   118.526   43.8525   48.5401   
33.2415   66.4831   5.83095   61.4003   58.3095   46.1411   45   41.7732   16.7631   59.1354   13.9284   71.218   77.3692   14.2127   73.6614   58.6941   83.4865   26.6271   42.4853   82.8613   0   55.7869   68.7058   59.1022   95.1601   67.634   89.1125   28.9541   46.0122   91.5653   77.6003   96.9451   48.2462   55.0143   47.0809   42.561   36.2127   42.6982   72.5595   69.4296   
27.0185   52.2015   30.8707   25.5539   72.5603   23.4094   22.8035   70.7248   49.5177   44.6542   40.4599   66.8506   57.4891   40.6079   71.1688   47.0106   80.7775   16.4924   37.6563   64.4438   35.8469   0   62.4828   86.2551   67.7647   63.3735   61.5079   51.8328   35.8776   51.4683   61.8867   91.803   68.535   58.4819   74.8446   67.8145   59.1814   64.5103   57.4953   67.6006   
17.4642   23.0217   46.8615   57.7235   33.6155   66.9403   25.7099   49.6488   44.911   18.0278   36.0555   25.4951   36.4966   60   28.8444   15.1327   38.833   52.7731   6.08276   40   46.3249   43.7379   0   61.0977   63.2037   30.3852   52.3446   59.5533   70.0362   84.6804   37.0915   53.3553   53.054   91.288   63.3038   63.1873   82   85.4889   36.1462   21.2801   
49.4975   68.0074   49.366   93.6002   26.9258   87.9318   65.1153   5.83095   28.0713   64.0781   32.0156   59   81.9085   55.3263   58.2151   60.7454   65.307   68.4105   48.0208   84.1724   44.1022   70.7107   46.0977   0   108.668   58.3792   98.4423   65.1206   83.049   120.811   83.1892   87.2681   32.72   96.1012   31.0357   41.0907   74.8558   79.9263   82.2439   67.3778   
48.0833   33.121   75   36.0694   81.3449   65.192   33.3766   97.5295   85.6154   32.5576   75.1864   53.7122   24.1868   87.2067   58.6941   36.8782   64.2884   65.2534   46.6476   30.0167   78.1601   48.7647   49.2037   94.6678   0   68.5121   38.53   89.8474   73.9083   58.1825   43.6007   75.1978   97.069   103.223   101.321   102.003   105.444   113.271   48.6586   57.328   
21.587   25.7099   48.7955   63.0635   28.3019   71.3863   31.0483   46.3249   44.2719   21.9545   36.2353   23.6008   39.5601   61.6198   26.1725   18.3848   36.1248   56.4624   11.0454   42.2966   47.634   48.3735   5.38516   42.3792   53.9073   0   57.2659   64.9385   66.811   90.0656   40.9871   56.6006   58.4392   95.3034   56   67.7551   80.6033   86.4213   41.5313   26.6653   
40.1123   20.5913   69.8713   41.5933   69.3109   67.2086   27.6586   87.3212   77.6466   20.6155   67.3647   41.2311   13.3417   82.7647   46.2385   24.7588   52.1728   63.5059   36.4005   20.2485   72.2496   47.5079   38.0789   84.0773   12.53   42.4382   0   84.0413   75.1378   70.0408   33.2788   62.6681   87.3068   104.309   91.9533   93.2028   104.765   108.373   30.5529   45.3859   
29.1548   62.6498   4.12311   52.3546   61.8466   37.5766   38.4708   49.3356   25.0599   55.0091   19.105   70.0071   72.45   16.7631   73   55.2268   82.9759   17.8885   39.8246   78.3901   9.21954   26.8328   44.5533   50.9902   71.007   46.8615   66.0984   0   37.2737   78.3011   74.8759   94.2845   53.4228   50.6142   52.108   51.0599   38.7631   42.7505   68.4727   65.8334   
31.3847   60.8276   22.6716   34.7851   74.027   20.2237   32.0156   67.1193   43.8292   53.0754   36.2491   73.4302   67.424   30.3645   77.3692   54.8179   87.2353   5.38516   42.9535   74.2024   28.2843   11.1803   48.8467   68.0074   59.9083   52.811   58.1378   19.105   0   62.6486   71.0988   97.4133   70.567   38.2074   70.6339   63.8774   52.3645   53.403   66.7074   70.1268   
56.356   65.123   65.7343   11.1803   101.592   35.0143   43.0116   105.262   84.9588   60.0333   75.6637   85.0235   62.3618   73.4098   90.05   64.1249   98.0459   47.0106   63.2456   69.2604   71.0282   35.4683   68.6804   104.623   41.1825   74.0405   49.0408   61.8547   43.4166   0   74.4124   105.666   104.003   73.5753   110.049   103.283   94.4215   91.7205   68.0093   79.6322   
30.3645   6.08276   62.3939   49.6488   53.0754   69.3397   24.0832   72.7324   66.0303   5.09902   56.2228   26.4764   14.0357   75.7694   31.5753   8.60233   39   60.959   23.0217   19.3132   63.6003   46.8615   23.0868   69.0797   28.6007   26.8328   16.2788   59.0931   55.9017   59.0762   0   48.1596   74.0508   94.1091   78.3771   80.1263   97.7694   99.8549   25.1818   29.8693   
52.0096   26.0768   82.134   81.7435   42.19   98.8989   53.4883   72.5603   76.922   32.0156   69.6419   10   32.8938   95.1315   9.05539   28.7924   7.61577   87.0919   40.4599   29.1548   81.2158   75.5844   35.3553   67.2681   56.7539   33.6006   44.7214   79.9062   82.6801   91.1976   32.1403   0   85.1287   120.888   84.1387   89.846   114.204   120.022   52.0984   49.45   
34.9857   60.075   32.0156   77.2334   33.6006   70.214   50.774   17.2047   13.0384   54.5894   14.3178   56.6127   73.437   39.5601   57.3847   52.1536   66.1891   50.6952   36.8782   77.026   27.074   53.535   37.054   17.72   82.4621   35.1283   73.0821   33.3766   50.3289   88.0909   59.6825   66.1287   0   78.4842   25   24.6023   61.5601   64.8934   73.2002   58.3341   
53.8238   84.8646   30.0666   52.1536   91.444   22.561   56.2228   76.531   51.3517   77.0779   48.1664   96.2601   91.6079   26   99.8599   78.5684   109.836   19.105   65.4599   98.4073   35.0143   34.4819   71.0211   79.1012   82.6378   74.3034   81.9878   29.6142   24.2074   57.3149   80.0562   105.802   62.0081   0   81.6695   74.3149   46.2389   46.799   88.7564   87.7493   
39.9625   64.2806   35.3553   82.134   33.9411   74.3303   55.7584   12.53   14.3178   59.0339   18.3848   59.6657   77.7817   41.5933   60.0833   56.4358   68.542   54.7083   41.4849   81.1542   30.0666   58.2495   41.3038   14.0357   87.3212   39   77.7946   37.108   54.626   92.957   64.1327   68.9638   5   65.0692   0   29.6023   63.5933   66.1728   77.4499   62.5839   
39.2173   67.0298   28.1603   78.5684   41.8688   68.0294   54.626   19.2354   6   61.0737   13.4536   64.846   80.0562   33.2415   65.7951   59.0085   74.7061   48.3322   43.1045   84.0536   22.561   53.8145   44.1022   22.0907   87.2812   42.7551   78.6448   30.4631   48.8774   89.0955   66.1211   74.4648   8.60233   57.3149   8.544   0   55.2415   57.855   78.5353   65.3823   
50.5371   84.0773   18.3576   68.1542   76.4788   44.4072   59.6657   55.2268   31.0483   76.4853   32.45   90.1388   93.984   5   92.6984   76.5376   102.552   29.1204   60.7454   99.925   19.105   44.1814   65   58.8558   91.444   66.6033   87.3212   21.5407   33.541   75.9605   80.6226   100.125   43.6578   25.2389   45.3542   36.8782   0   32   89.8551   86.2801   
54.0833   87.4643   22.6274   66.7533   82.7647   40.7063   61.6847   62.2013   37.855   79.7559   38.4708   94.7945   96.6644   10.7703   97.591   80.1561   107.517   28.0179   64.8151   102.859   24.6982   44.1022   69.4262   65.7647   92.3959   71.4213   89.1852   25   33.0151   73.7631   83.6481   104.738   50.2892   19.799   52.1728   43.7379   7   0   93.4012   90.7063   
25.318   12.083   56.921   44.1814   53.9073   62.9682   17.6918   70.7743   62.0725   6.08276   52   31.0161   18.9737   70.2282   36.0555   10.4403   44.1814   54.6717   19.9249   25.0599   58.4637   40.4599   21.6333   67.5352   27.6586   26.2488   16.5529   53.4883   49.5782   54.0093   6.40312   37.6563   56.7539   73.7564   61.4003   62.6498   75.0267   77.8203   0   30.8531   
19.799   16.0312   51.3128   54.4518   39.2046   67.0671   23.0217   56.921   51.4782   10.7703   42.2019   23.2594   29.2746   64.6607   27.5136   8   37.1618   54.6443   8.94427   33.0606   51.4296   43.6578   7.28011   53.3104   42.5206   11.4018   31.0644   48.6004   50.2494   65.1153   15.8114   32.45   44.1814   73.4098   48.5077   51.0098   69.6419   73.6003   14.8661   0   
