15
70
999999 6 7 7 7 15 12 7 6 12 16 6 15 6 16 5 10 6 16 6 12 17 17 15 11 6 13 5 15 6 13 11 13 6 6 12 17 9 6 17 11 8 8 9 13 15 17 6 14 13 11 11 9 5 17 14 6 17 17 5 12 14 11 17 7 17 11 9 14 12 
0 5 5 3 3 2 10 6 3 11 10 5 10 1 12 2 4 5 14 3 9 16 12 8 1 3 12 2 11 5 11 8 5 2 5 5 16 7 3 1 2 3 7 8 6 3 10 5 6 10 10 5 2 3 2 9 2 15 14 4 6 4 3 11 1 9 8 7 7 3 
20
0   0   0   0   0   0   0   0   0   0   0   0   0   0   0   0   0   0   0   0   
3   -2   0   -5   4   -2   4   -2   3   -5   2   0   5   -1   2   -3   4   -6   1   -1   
6   -2   3   -5   0   -4   2   0   1   -4   2   -5   3   -3   1   -2   1   -5   3   -3   
-1   7   -4   0   -7   4   -3   7   -3   6   -4   2   -2   5   -4   7   -4   3   -4   3   
-2   2   -6   5   -4   2   -6   5   -4   3   -3   3   -3   2   -3   0   -6   3   -4   6   
-5   0   -6   1   -1   0   1   7   -6   -6   3   6   -7   0   4   8   0   5   3   0   
-5   1   -12   6   -2   3   1   3   0   3   -5   5   4   1   -10   3   0   -2   -7   5   
1   -3   3   -4   4   -4   2   -5   4   -5   5   -4   1   -1   5   0   6   -3   3   -1   
2   3   6   0   0   -2   0   -1   -1   -1   0   -1   3   -1   2   1   0   -3   0   -4   
0   -3   0   -7   3   -2   5   1   8   2   6   -4   2   -2   2   0   0   4   4   -6   
-3   7   0   -3   2   6   -2   1   -5   8   -7   4   -4   10   -11   6   -6   12   -4   7   
1   2   -1   1   -3   4   0   -1   -1   0   -1   0   0   0   1   0   -2   0   0   5   
-8   7   -4   10   -10   14   -9   14   -10   10   -2   12   -2   11   -13   2   -11   0   -11   2   
1   0   3   0   2   -2   1   -2   4   -5   1   -3   4   -2   2   -4   0   -3   1   -1   
-4   5   -3   10   -9   7   -9   5   -3   5   -7   11   -10   10   -1   4   -9   10   -10   8   
-2   3   -3   4   -3   2   -1   2   -1   3   -2   1   0   3   -1   1   -2   2   -1   1   
0   1   -1   0   -5   3   -4   2   -2   3   -2   3   -2   10   0   8   -2   6   -1   3   
-6   2   0   6   -2   3   -3   3   -3   5   -3   3   -3   6   -5   2   -5   5   -2   6   
4   -5   13   -4   1   -2   5   -4   9   -4   1   3   -5   -12   5   -5   11   -14   13   0   
-4   3   0   4   -3   1   -6   1   -3   1   0   4   -2   3   0   2   -1   0   -5   2   
-8   3   -3   4   -3   12   -7   8   -12   7   -2   2   4   2   0   8   -6   7   -1   11   
-2   0   4   0   1   -5   -1   -4   2   -3   6   -7   5   0   4   4   2   -6   6   -6   
0   -7   9   0   -1   -6   1   3   9   -8   6   -7   0   -1   1   -5   11   -7   10   -10   
10   1   2   -4   1   -13   0   -13   8   2   4   3   0   -11   11   -5   11   -9   -1   -1   
-8   8   -7   7   -7   8   -5   10   -8   6   -4   5   -1   10   -5   6   -8   9   -10   8   
3   -1   3   -3   3   0   1   -2   2   0   0   1   2   1   3   -3   4   -1   5   -3   
-3   2   -6   4   -2   0   -2   10   0   0   -9   4   -8   1   -3   2   -5   4   -9   5   
-3   3   -1   2   -3   2   -2   2   -1   2   -2   1   -3   4   -4   2   -2   1   -2   3   
0   -1   8   5   -8   -4   0   -2   -7   -9   -7   -5   0   3   -4   -4   2   -6   -7   5   
2   -3   5   -1   0   -5   4   -3   0   -2   2   3   2   0   4   -1   1   -4   2   0   
6   0   0   0   -2   2   -5   3   -4   1   2   1   -5   -4   -1   1   -6   -2   0   -1   
-1   7   -1   5   -3   0   -5   6   -3   3   0   1   -1   3   0   0   -9   5   1   8   
-7   6   -4   1   0   4   -3   5   0   6   2   5   -4   4   4   3   -8   5   -4   2   
-3   0   0   -2   -3   -1   0   1   1   0   3   3   1   3   0   0   -1   0   -2   3   
3   1   -1   0   -2   1   -1   -1   4   0   0   0   2   6   -3   3   -2   -1   0   1   
12   -8   6   -10   4   -8   7   -10   1   -5   12   -9   7   0   -3   -5   8   -6   2   -9   
0   1   5   -4   -5   0   3   9   6   0   1   -4   7   8   -10   11   -5   8   -10   2   
8   -1   3   -2   5   -3   3   0   2   -6   5   -4   5   -6   4   -4   3   -5   5   -4   
-2   0   0   0   -1   2   -1   1   0   1   -3   0   -2   3   -1   0   -3   0   -1   5   
9   -4   7   -4   9   5   7   -4   11   -4   7   -6   0   -9   1   -3   11   -6   4   -1   
-4   -2   -5   2   -3   0   -7   9   -5   3   -10   9   -3   10   0   5   -4   5   -6   6   
-2   3   0   0   -1   2   -1   -1   -1   0   0   0   -3   0   0   0   -1   -1   0   1   
-4   6   -8   1   -4   4   -5   5   -7   4   -2   5   0   2   -7   1   -5   6   -4   7   
8   -8   5   -1   6   -1   2   -8   8   -2   6   -6   6   -3   1   0   4   -2   3   -3   
9   -12   11   -4   5   -9   6   -4   1   -12   12   -4   3   -10   0   -11   11   -4   1   -8   
-3   -2   5   -7   3   -6   -10   0   0   4   -7   1   3   8   2   -5   0   -5   2   0   
4   -14   13   -8   13   -11   14   -14   4   -5   10   -6   9   -10   0   -5   12   -13   10   -10   
-1   0   1   -1   3   -5   0   -3   0   -2   3   -2   -1   -2   3   -2   1   -4   -1   -3   
0   2   -7   -2   0   1   0   3   -4   8   -3   -4   -4   6   3   3   11   -1   2   3   
-3   -3   5   -5   -2   -2   -5   -2   3   3   0   3   -8   -4   -1   5   1   4   0   -5   
1   -2   -2   2   0   1   0   2   0   -3   -3   0   0   2   0   2   -4   -1   2   1   
10   -10   4   -3   7   -8   6   -8   6   -6   8   -5   2   -6   6   -6   8   1   4   -8   
5   -5   5   -4   4   0   5   3   5   -6   3   -5   0   -5   4   -4   -1   0   8   0   
0   -1   0   0   0   0   0   0   1   0   1   -1   0   0   2   0   1   0   2   0   
-9   8   -13   4   -12   12   -6   13   -11   10   -9   14   -8   13   -8   15   -4   -2   -13   1   
-2   7   -5   3   -6   8   -6   2   -4   3   -8   3   0   6   -4   -3   0   0   -7   8   
-2   4   1   -1   0   -2   1   2   0   4   0   0   0   -1   3   0   0   0   -3   0   
0   0   0   -1   -4   -3   2   9   0   -5   3   -2   -4   6   1   -5   6   0   1   1   
-14   2   -14   9   3   6   -11   1   -10   6   -14   11   -14   1   -6   15   -4   5   -15   14   
-3   2   -2   4   -1   1   -3   1   -3   3   -2   2   -1   3   -2   3   -4   1   -3   1   
1   -5   -5   -5   1   -5   3   0   0   5   0   -2   4   0   -1   1   -3   -1   0   5   
-10   10   -11   10   -8   7   -4   9   -10   7   -7   7   -14   7   -14   12   -12   9   -10   10   
7   -8   2   -7   3   -2   -3   -5   0   0   7   -1   -4   -6   3   0   5   -1   3   -1   
-4   5   -5   -5   -6   11   -7   7   -7   2   -9   5   -8   3   -15   1   -11   7   -3   12   
-6   2   -3   5   -6   5   -4   4   -4   3   -5   3   -4   3   -4   4   -6   5   -6   6   
2   -5   -5   6   -6   1   -6   0   1   2   -5   10   -3   0   -8   -1   -15   -1   -3   -1   
0   4   -1   0   -10   -1   -4   1   0   -3   1   2   -7   1   -3   -1   3   2   -2   4   
-6   1   -6   9   0   6   -6   1   0   2   -1   5   -3   3   -3   2   -6   5   -7   7   
8   -6   5   -4   5   -2   4   -11   0   -3   3   3   6   -7   4   -8   -1   -11   10   -5   
-4   9   -8   12   -7   6   -4   10   -10   9   -9   9   -7   3   -11   8   -8   5   -4   10   
0   50.8058   51.1231   67.9183   54.2578   38.4473   42.4558   54.4842   21.2426   61.0999   68.7528   59.1045   33.7703   79.1761   73.4004   46   69.264   60.7179   67.3385   37.6471   59.614   35.2127   65.0595   59.7214   41.5862   74.4753   72.1199   62.1086   50.0103   38.5079   65.0109   46.4109   52.3852   72.9638   75.2944   47   61.2548   69.8015   34.0416   62.9825   39.3776   63.4863   69.4342   73.8303   39.7231   64.4853   80.4401   44.1794   82.9828   40.9317   34.3848   37.7756   48.573   60.2795   33.6525   68.0416   64.9318   44.2354   68.2277   72.9828   61.805   45.9531   70.0435   68.4342   55.0789   69.0652   68.6443   47.7924   56   56.0161   
36.7696   0   82.7562   78.6575   86.2131   54.8416   40.0768   68.1679   53.4625   91.1114   39.088   51.7118   43.5771   45.7499   82.2025   37.0684   103.287   63.1274   39.025   51.1206   32.67   56.7197   94.651   88.8243   27.2195   109.171   102.159   63.3432   33.1108   53.9285   30.434   55.7351   79.9974   37.2503   83.9528   80.9285   66.9528   34.088   54.0553   59.4166   44.561   99.2368   88.8471   91.1643   34.3576   93.2368   43.9214   49.0217   37.2132   58.2086   52.3427   50.9285   56.0139   71.1189   53.1141   35.72   89.6038   72.5371   98.8794   42.5372   71.9387   60.2156   96.2528   87.8471   79.7447   71.1843   105.414   52.0139   37.6433   49.4951   
31.257   64.4127   0   50.653   49.0167   64.8365   71.3334   75.5134   52.4996   75.9649   91.4777   90.3615   56.7732   103.683   86.7708   71.7539   41.0227   91.1651   91.2264   66.9732   88.7902   47.4227   31.088   70.8659   72.8432   49.0172   56.4964   92.5558   77.2668   48.2148   90.857   70.8595   23.4868   95.6928   73.4937   26.1231   58.3769   93.0064   63.6918   92.4092   59.2594   37.5529   78.6198   57.8246   69   31.5529   105.4   71.4358   100.939   39.6125   47.8904   47.8277   54.8167   51.0799   55   98.1089   38.6918   51.1618   47.0624   99.9729   43.0799   76.4003   77.0392   77.6198   43.4165   88.9797   45.4138   53.4433   87.257   86.2013   
48.9183   63.2851   36.4966   0   83.4599   86.1105   83.8964   102.392   69.1507   107.138   80.2873   101.321   69.7088   95.4113   116.836   80.3215   71.5855   109.349   82.9434   77.5719   88.0629   53.5913   67.5846   107.323   75.3295   83.1836   92.993   110.525   84.2892   52.0161   87.0185   87.5224   46.1671   87.8831   43.2354   51.4143   34.7047   84.7209   77.1887   109.835   60.2232   74.0495   113.892   33.0384   73.541   68.0495   100.447   83.4695   94.9897   48.2029   48.541   49.2025   43.0185   30.544   49.9857   99.0051   46.1172   87.1074   83.559   90.0928   36.6015   94.6116   105.471   114.116   36.1172   110.303   78.5059   47.4591   91.7262   99.7329   
34   70   30.0167   65.4599   0   51.186   64.2741   57.107   51.9545   43.2074   102.543   79.0358   59.9961   112.813   64.9308   71.7595   48.4397   75.967   101.339   51.7659   92.0281   58.5933   37.2594   47.7849   75.3424   46.3178   32.1245   78.0021   72.7512   65.9821   92.8741   55.6522   53.5035   104.339   101.039   50   84.7533   101.197   48.4845   80.5078   71.9494   44.5967   49.4384   87.7784   65.8556   38.5967   107.961   67.0672   106.976   62.0109   61.911   63.0341   76.1737   81.0782   58.911   92.523   68.7085   35.9545   33.3178   106.983   73.0965   69.7695   40.2603   48.4384   65.8467   79.7062   52.0172   76.3149   84.0075   72.3028   
21.4009   40.025   48.8365   70.2922   37.1214   0   35.7648   42.2352   32.0892   50.9285   73.2695   43.4173   32.8004   82.3135   46.305   38.0416   81.2413   42.9178   76.7226   22.6023   60.6946   49.3836   70.244   46.28   50.1403   78.3356   67.0283   42.2843   45.7206   58.2019   69.438   25.4721   72.3233   77.2753   96.6953   68.4009   82.6558   74.113   34.434   45.1823   55.4005   71.6682   53.0624   94.1561   50   71.2315   77.1692   43.019   77.2382   62.3326   55.7857   59.1765   69.9739   81.6805   55.0534   62.6928   84.0832   30.2315   70.4392   82.5622   83.2014   28.1529   63.0789   52.0624   76.4798   49.2982   89.1387   67.2597   51.5037   39.799   
24   26.0768   55.1453   68.884   50   14.7648   0   43.1648   38.2132   64.8725   60.1774   36.7202   30.5602   71.8267   58.0245   30.2333   91.3754   46.2546   62.3091   36.6974   51.0191   52.7851   80.195   61.0448   34.4165   93.1004   81.7931   44.0185   28.9932   58.2753   52.5732   26.4018   74.2151   63.3271   92.3577   71   76.7741   60.1648   42   44.6866   50.8209   83.8506   62.8722   96.5103   33.7924   85.9964   64.3824   23.1623   63.29   64.9317   58.3848   61.1378   62.4166   75.4152   57.0147   47.3949   88.9318   44.9964   83.3178   64.4975   74.0088   36.1127   69.8394   66.8273   79.0789   47.0185   92.6443   58.4166   35.7758   24.0711   
37.4833   53   61.4654   86.3134   42.107   16.6433   27.074   0   48.7257   43.2062   87.1989   48.2663   49.3641   95.9211   33.8661   51.9763   90.5468   33.761   88.078   39.2389   72.7272   66.0269   79.3664   42.1661   60.3897   83.593   71.811   35.8123   51.0115   73.9487   74.5926   30.7631   84.9523   88.4884   112.778   79.9766   96.6884   85.4551   49.4951   40.9721   72.0439   80.0312   36.095   110.799   58.6468   80.7038   82.3081   48.0167   85.674   76.877   71.6308   72.7539   85.8935   94.492   68.6308   67.7667   97.2032   43.3516   75.4248   91.5714   90   34.4924   52.1244   35.095   92.5622   30.1555   91.1126   83.8999   56.1476   44.4429   
4.24264   37.0135   34.0147   53.1507   33.0151   17.2047   21.2132   33.2415   0   63.2936   72.9954   56.9334   36.8995   82.6751   63.5096   42.6982   70.643   57.72   71.5812   29.4158   60.2548   36.4391   59.4626   59.3038   45.8289   78.7179   65.1397   59.4889   43.313   41.7065   67.0109   38.1796   56.6278   74.2638   79.537   51.2426   64.1624   71.1015   25.8102   58.911   43.6202   67.7289   61.643   78.0729   43.9657   65.0114   80.9349   39.8035   74.2267   45.1744   38.6274   38.7065   52.8156   60.2548   37.8951   66.6476   67.5395   40   66.333   75.0593   65   44.1603   66.2897   68.3366   59.3215   63.397   72.8869   52.035   55.3412   44.2843   
45.0999   74.6324   53.2635   86.7698   24.2074   34.9285   49.6588   29.2062   42   0   108.198   74.6809   65.5249   117.242   43.4924   72.9701   72.6472   62.9672   109.786   57.0889   94.85   77.2713   61.4668   23.099   82.4874   61.2415   43.0185   65.0185   72.7192   80.9125   96.4367   52.4708   76.7503   111.664   118.184   74.2074   102.91   108.52   53.4833   70.1783   84.4774   62.4542   28   111.088   74.7539   62.8042   111.004   72.8211   111.846   81.6003   76.8415   77.9646   91.1041   95.6226   73.8415   93.9564   90.6993   49.5581   48.2415   114.156   94.3347   59.4166   22.099   27   90.0211   59.3617   68   87.1642   82.3682   73.6491   
53   19.105   76.6942   66.2873   86.954   59.0339   45.1774   72.0278   54.1202   93.4077   0   65.7343   62.6821   28.6023   100.052   56.1386   112.814   79.7826   25.4142   70.2256   36.1245   66.0711   106.802   105.314   46.3245   122.812   119.079   79.41   52.2157   62   34.0357   71.5792   88.0689   20   89.2896   89   75.4052   29   73.1602   75.5671   55.9411   111.431   107.952   95.2981   53.4625   106.634   40.2485   62.1879   39.6015   66.2801   60.4142   59   61.0476   74.203   70.3893   49.3019   94.6375   82.7095   117.984   32   76.9725   70.0357   115.017   106.952   84.7784   82.2753   121.644   57.0476   48.7343   68.6001   
43.1045   33.6155   74.0068   87.3212   64.8845   27.8568   19.2354   29.4109   40   58   50.2892   0   49.7956   74.9868   56.927   37.0732   107.333   31.3782   69.7281   46.1448   53.9848   69.7225   98.1008   71.577   45.8277   106.192   94.8851   29.1421   32.6011   70.3649   56.0263   45.6371   93.4505   66.4872   111.593   90.06   96.0095   63.3249   57.3657   25.8489   67.2497   99.525   65.5059   115.02   50.2924   99.0883   62.1947   39.9737   65.0454   82.033   74.8802   76.1932   81.652   94.6506   73.8113   47   107.539   58.0883   93.2023   74.2156   93.2442   37.2643   78.2415   64.5059   98.05   35.1108   111.749   77.652   37   33.6491   
10.7703   27.2029   41.7732   54.7083   42.8019   18.3848   14.5602   34.8855   9.89949   49.4975   44.7772   33.7343   0   72.613   64.6897   38.2315   76.0322   55.6611   64.9204   31.198   54.3553   37.3286   68.7731   64.6648   37.0278   83.6049   73.8218   58.5787   43.5534   40.7942   57.6369   40.962   60.0114   64.0106   79.527   57.7703   62.792   61.2909   30.0416   54.3113   34.0278   74.2566   66.2544   79.9616   35.2195   73.3261   70.2494   37.7225   64.2701   41.9693   36.7231   37.8462   50.6006   60.3501   33.7231   54.2904   75.2353   41.0416   76.1197   69.7401   59.5441   46.5377   71.5965   65.2544   65.3249   54.8246   79.4146   50.4795   42.2488   38.6313   
64.405   28.6356   88.8651   77.6209   98.1835   68.3081   53.8516   79.9062   65.192   103.121   12.2066   55.2268   55.5698   0   107.263   63.5942   124.887   85.1607   37.6208   79.7563   46.6136   78.2776   119.008   114.588   55.8552   135.019   129.392   84.3689   59.1221   74.2066   44.3776   80.2534   100.275   32.2066   86.0069   101.207   85.9697   34.6619   82.6909   79.6297   66.0109   123.637   115.127   104.471   62.9932   118.841   41.11   66.6952   34.4018   78.4867   72.6208   71.2066   69.3927   86.4096   81.7497   54.4006   106.844   94.9161   127.515   33.6158   89.179   77.5197   121.849   114.181   96.985   87.6534   133.049   69.2541   54.1123   65.4782   
51.4004   67.1863   72.2011   99.7647   48.2701   31.305   41.5933   14.8661   47.2017   28.2843   86.0523   39.8497   49.6588   93.2631   0   66.8423   96.7098   41.9422   102.079   53.9073   84.1507   80.6886   85.5295   41.0432   75.2557   89.5258   70.0818   42.7849   65.8776   87.4628   86.0625   45.6291   94.6304   100.211   126.695   91.1665   110.21   97.3004   54.6611   53.121   83.6866   85.8308   33.7631   125.231   68.8867   86.8668   95.7864   61.8827   96.7649   90.2462   83.3397   85.9082   98.404   107.457   83.3819   79.1923   110.893   58.2177   76.5258   104.366   104.279   47.0167   50.3833   43.4924   106.479   42.3607   96.2843   94.404   67.1507   59.309   
26   16.1245   56.7539   64.846   56.5685   24.0416   10   37.054   24.6982   58.8727   35.2278   23.0217   15.2315   44.2719   51.4782   0   91.2638   49.4888   53.7415   40.7324   41.6081   52.5602   84.0046   70.3217   25.8489   97.9091   86.6018   49.2053   19.4721   49.8254   45.2594   36.4018   75.2429   53.3748   86.2035   73   71.3664   50.2125   45.2731   48.8706   37.8254   87.1969   72.8722   91.3978   27   88.3068   58.2353   32.0711   53.3377   57.2008   51.9546   53.0777   54.9625   70.3028   48.9546   46.2219   86.0075   49.805   89.8864   58.6617   74.1295   37.8403   79.8394   72.149   80.2115   57.0185   94.6443   61.0132   34.1803   34.0711   
51.264   86.093   22.0227   51.1957   34.176   65.192   74.2159   74.5453   53.1601   57.7062   98.7168   92.228   62.0322   110.887   82.28   77.2528   0   108.078   112.636   80.4761   110.813   66.5783   33.1803   80.0275   92.8503   41.1726   51.6065   107.476   96.4731   70.2375   111.623   87.3542   45.5095   116.906   85.406   41.0832   74.3109   114.462   76.8705   110.343   80   35.2066   83.6144   74.5459   90.9871   34.0499   125.277   92.9636   121.944   61.6352   69.2287   67.8145   76.8394   66.6952   70.0096   114.297   51.4591   70.1305   42.1725   121.996   61.9536   93.3135   72.8516   82.6144   53.4683   104.701   35.3417   75.466   102.255   97.4444   
46.6154   47.1699   75.3127   94.3398   60.208   26.4764   26.1725   19.2354   42.72   48.2597   64.7611   15   39.6611   70.1783   25.9422   33.8378   91   0   80.4643   49.0787   61.676   75.5399   96.7204   61.4015   59.6181   102.828   89.0907   19.2361   46.0167   80.2028   71.0263   46.9662   98.7995   79.1623   118.53   93.6154   102.453   76   55.4401   30.2111   70.1543   98.1446   55.3304   119.623   59.9649   97.708   77.1947   49.3348   80.0339   81.6304   76.3841   77.5073   88.5891   100.011   73.3841   62   110.259   56.708   93.2159   88.0661   96.8841   39.4716   67   54.3304   101.694   24.6056   109.955   84.5891   52   48.4722   
53.3385   20.025   76.5768   65.5134   87.3212   59.8415   46.0977   73.0068   54.5619   94.1116   1.41421   51.5461   45.31   12.53   87.0919   36.1248   98.5951   65.9697   0   71.1202   34.7883   66.2096   107.665   106.121   47.2445   124.226   119.132   80.521   53.1358   60.0116   35.4499   72.4995   89.4831   21.4142   80.2046   90.4142   72.9351   30.4031   74.0803   76.9813   53.9706   112.845   108.872   96.7123   54.3825   108.048   35.5407   63.0465   29.8661   67.6943   61.8284   60.4142   62.4618   75.6173   68.6905   50.7162   96.0517   83.2892   118.904   25   78.3867   71.4499   115.937   107.872   86.1927   83.6895   121.983   58.4618   50.1485   64.1774   
13.4164   34.9285   43.0465   62.0081   36.8782   8.60233   13.4164   25.2389   9.48683   40.025   53.4509   31.1448   10.198   63.561   39.8246   20   61.1882   33.2415   54.1202   0   59.6682   45.9259   68.9495   54.8824   45.8489   81.9154   69.0027   50.7851   37.6423   48.956   61.2223   29.2956   65.8016   72.1788   88.2495   60.4164   71.7029   69.0165   29.6056   53.7847   44.2258   70.4883   61.3339   87.2467   37.7631   69.6624   71.8418   31.8114   72.1417   52.1673   44.8329   48.0442   60.7986   69.7417   43.9211   55.2478   77.0263   33.8114   70.196   77.4657   65.0918   36.7553   62.124   60.3339   68.4953   47.6497   82.0607   60.6775   43.2062   36.2485   
45.4533   9.48683   73.7902   72.0625   77.9872   45.6946   31.0161   56.7186   45.2548   80.6226   17.4642   32.9848   35.3553   23.1948   70.1142   21.9545   95.3834   47.676   18.7883   41.8808   0   63.5395   103.655   91.9747   34.6752   117.552   108.556   62.127   40.0058   59.4101   16.2361   57.4179   88.4536   33.1245   90.2854   88.0068   75.8075   38.3417   63.5421   58.8337   54.0479   106.802   91.933   99.0235   43.8444   102.724   36.1246   46.8568   29.4164   66.6648   60.7989   59.3847   59.0444   80.6057   62.6009   26.3137   94.5233   71.7595   108.366   39.3961   81.4256   54.3113   99.7125   90.9875   89.2316   66.4504   114   61.5007   36   42.2843   
14.2127   38.0789   26.6271   35   41.5933   35.3836   34.7851   51.6624   18.4391   57.2713   50.2494   53.8516   20.2485   62.3699   65.6049   33.0151   48.6004   59.5399   50.2096   27.0185   47.5395   0   56.7732   72.5674   51.0889   73.1895   73.7178   76.3213   52.4873   26.0499   63.7755   56.3141   39.7099   70.2494   65.083   49.1555   48.5269   69.7187   44.2493   74.5597   35.4404   61.7253   76.8576   63.618   45.0192   55.7253   81.5946   49.9285   75.2921   25.8102   24.4853   23.0711   38.025   44.9072   28.6056   71.9528   58.0588   47.311   73.6895   75.2096   47.3607   60.1658   74.4282   82.6468   52.3059   74.6682   72.0409   35.0312   62.4973   56.2311   
42.0595   78.0064   17.088   52   23.2594   54.4518   64.195   63.3877   43.4626   47.1699   91.9239   81.7863   52.7731   103.966   71.1688   67.9779   11.1803   80.025   91.9348   50.9608   87.0919   41.7732   0   70.2689   83.6457   33.4324   43.2947   96.7361   86.7756   65.3028   101.419   74.9088   40.0007   110.925   85.0634   34.6155   71.2645   107.763   62.5395   99.6341   74.3815   24.4142   72.6978   68.6308   80.5914   18.4142   117.078   82.7722   115.22   56.7005   64.3431   64.8017   71.9047   63.6488   61.3431   106.209   51.6142   59.2139   34.8885   115.042   59.5424   82.6048   63.5197   71.6978   51.0571   93.5432   27.6015   70.5313   94.1669   87.2092   
44.7214   72.2772   55.8659   88.3233   27.7849   32.28   46.8188   24.7588   41.3038   5.09902   91.2195   53.9073   48.0416   100.578   23.1948   56.3205   61.7414   43.6005   91.9837   38.2099   77.8332   57.5674   51   0   80.1327   64.636   48.1175   60.5712   72.8109   83.0103   94.0692   55.4683   79.3527   109.528   120.016   77.7849   104.083   106.365   56.0139   65.731   82.0694   67.5532   21.2801   109.81   72.7449   66.3816   104.802   66.98   107.25   81.2573   79.1061   80.0103   93.2944   100.722   78.3738   92.5256   91.5527   51.4951   53.3406   111.316   94.793   59.2513   27.198   32.099   93.6316   54.9143   73.099   92.2632   80.9065   69.2018   
27.5862   9.21954   55.9464   58.4637   60.803   32.1403   19.4165   46.3897   27.8029   66.2193   27.2029   31.8277   18.0278   37.5899   61   9.84886   77.4145   43.566   27.8927   26.2488   18.0278   30.0832   69.0652   64.1327   0   98.2999   90.844   58.8292   29.321   47.1245   34.2638   44.8644   69.7931   43.1045   76.7694   69.3624   68.6655   39.9422   43.1845   57.6765   35.1245   88.6789   79.5225   87.0211   23.4868   85.8085   52.122   40.7631   45.4138   53.298   47.4321   46.0179   57.0483   72.1533   46.4591   44.3415   77.7887   58.6293   88.6614   51.7567   72.9732   47.6892   86.6222   81.4847   73.1453   62.2611   96.2305   53.0483   38.5529   38.095   
55.3173   92.0217   33.8378   68.1836   26.6833   63.3246   75.1798   68.593   55.8032   45.8912   107.056   91.1811   65.6049   118.929   73.171   80.4487   18.9737   86.885   107.168   61.7738   100.767   57.4282   16.7631   50.636   82.8794   0   39.6977   104.152   98.9008   80.8122   117.003   81.8018   56.7637   125.889   101.826   51.3786   88.0276   122.822   74.634   106.657   88.2462   29.0505   71.9161   82.0322   92.5389   33.7234   133.616   93.2168   128.293   73.4503   79.2264   77.8122   88.6545   80.4118   78.0328   117.022   59.8809   62.1041   36.594   128.3   74.2368   90.2168   63.2311   72.8912   66.9054   98.7485   19.831   86.6612   104.98   98.0222   
50.1199   86.0233   40.6079   77.1038   16.1245   51.4004   65.1153   52.811   49.0918   27.0185   103.078   78.5493   58.8218   114.28   55.0818   72.2496   35.3836   71.8679   103.446   52.345   93.8616   57.0088   27.2947   32   76.844   19.6977   0   88.6061   88.6759   82.1066   108.999   71.7767   64.0947   119.949   111.025   61.9102   94.025   116.786   63.8365   93.7659   88.0739   45.6008   53.0512   95.9255   81.9801   45.7089   124.086   83.1917   122.258   78.1354   78.0355   79.1586   90.2955   90.171   75.0355   107.593   77.3028   52.079   34.434   123.046   83.6878   79.5533   47.0907   53.0128   78.3518   82.9493   39.5287   92.04   95.5512   87.0634   
48.1041   47.0106   77.1038   95.5249   62.3699   28.2843   27.0185   21.4709   44.2719   50.4777   64.2884   14.1421   40.8167   69.3542   27.7849   34.2053   93.0054   2.23607   65.521   34.7851   47.0744   60.8276   82.0549   45.8039   43.8292   89.0505   74.0945   0   46.7432   79.215   63.3105   43.1555   100.125   80.1989   118.343   95.1041   103.03   77.4671   55.3687   32.3852   69.9429   99.9525   57.5659   120.778   52.9144   99.5158   76.3114   42.2843   76.4908   82.786   77.5397   78.6629   89.1677   101.167   74.5397   59.7173   109.846   58.5158   92.4003   84.8913   99.1201   34.1555   69.2361   56.5659   103.183   23.6569   108.881   85.4351   47.6757   43.8035   
29.1204   18.1108   60.208   69.2892   58.1378   23.7065   8.94427   35.0571   27.313   58.6003   37   18.6011   18.4391   45.1221   49.0918   4.47214   80.3243   30.0167   38.0132   21.2603   22.1359   37.1214   70.7743   55.7136   13.6015   82.6801   73.5391   30.2324   0   54.2753   38.372   35.346   76.8313   55.2605   90.3709   76.1204   75.8357   52.1988   44.2474   42.2313   42.2947   91.669   70.5711   95.8699   31.4721   89.1885   55.5106   24.831   51.4683   60.4084   55.1386   55.3631   59.4346   74.7749   52.1622   39.1039   87.3877   53.9381   91.4556   60.648   77.9832   33.6574   75.7738   69.5711   77.3877   45.7819   96.7647   65.4853   27.0623   21.6158   
22.4722   34.3657   33.9706   31.0161   51.6236   42.2019   38.2753   58.8218   26.4008   66.9104   43.2666   56.3649   24.7588   55.4707   73.2462   33.8378   55.8659   64.2028   43.0116   33.6006   43.7379   10.0499   50.2195   66.9403   28.0713   66.3702   66.9403   65.215   38.2753   0   57.1741   59.0122   47.0689   63.2666   54.2657   48   37.4307   63   49.0644   79.0701   28   70.4309   86.0074   57.5672   44.2488   65.5235   76.5235   54.2491   71.5789   25.2801   19.4142   18   24.3246   36.4722   32.0711   70   57.4391   57.3609   78.7454   62.0104   39   68.4253   82.2681   90.0133   48.0554   79.5835   77.821   20.3246   61.9318   59.8911   
46.0109   9.43398   73.8241   71.007   78.8733   47.1699   32.573   58.5491   46.0109   82.0792   15.2315   35.171   36.1248   21.3776   72.0625   23.2594   95.5249   49.8197   16.5529   43.0465   2.23607   47.4236   87.4185   79.3788   18.4391   101.316   94.8103   49.2443   23.7697   43.1741   0   58.9747   87.1335   30.0357   90.8802   87.8015   76.3868   29.1803   61.6236   61.0199   46.6228   107.118   94.1691   98.3809   41.9259   102.671   29.7648   46.4109   27.2066   67.2445   61.7767   60.3625   61.2805   77.2864   62.3847   28.5498   95.7713   73.0644   107.1   33.2483   78.1063   56.5474   99.5435   93.2235   85.9123   68.6864   114.655   58.1814   38.2361   44.5203   
23.7065   37.3363   52.469   72.2011   41.5933   4.47214   11.4018   16.7631   19.6977   38.4708   56.4358   23.4094   18.6011   65.2534   31.6228   21.2132   69.3542   23.0868   57.3149   10.2956   42.3792   37.2022   58.6941   35.4683   30.0167   67.7791   55.8032   24.7386   20.2485   43.1856   43.9659   0   71.28   72.2918   97.3406   70.7065   80.6055   69.1295   34.3693   47.1773   52.6288   76.1404   52.8581   97.5368   37.3776   75.7037   71.4707   34.564   71.1725   59.7829   54.5366   55.6598   67.5102   78.1637   51.5366   58.7966   87.0522   34.7037   70.9017   75.8992   75.3874   32.6251   60.5698   51.8581   78.7854   36.3607   84.9638   63.5102   46.9258   35.4728   
34.3657   63.5689   9.48683   27.1662   39.3573   54.0833   58.2151   68   37.855   62.2013   73.7835   77.4145   44.0114   85.9826   79.6304   58.2151   26.9258   80.3617   73.4983   47.2969   73.0548   25.7099   25.1794   64.5368   55.7853   41.7732   50.01   82.0061   62.0725   30.5287   72.8011   57.28   0   93.0348   61.1769   20.3852   46.0601   90.6667   63.6652   96.766   56.6014   47.0398   85.8169   49.5287   69.5121   41.0398   102.566   75.0339   97.1925   36.9545   49.9429   48.5287   52.234   38.7631   51.4605   97.6627   36.8489   60.6486   56.5493   92.5391   30.7631   80.3188   79.6176   87.1066   33.0499   93.6407   52.7808   50.8532   86.2602   81.123   
55.8032   20.2485   80.604   71.1969   89.5879   60.1664   45.8912   72.3395   56.6039   94.8683   5   49.0306   47.0106   8.60233   86.0233   36.1386   102.616   63.7887   6.08276   55.1543   16.1245   54.037   95.5249   92.4446   29.0689   110.39   105.688   63.1506   37.3363   47.5079   14.0357   57.2713   78.032   0   83.2681   93.2594   76.4718   18.1623   72.2534   74.8795   51.6431   114.426   107.907   100.298   52.5557   109.762   31.6525   60.4466   24.9443   71.2801   65.4142   64   66.0476   79.203   64.6063   42.4382   99.6375   85.9436   117.73   25.4721   81.4831   70.4358   113.11   106.907   89.7784   82.5749   123.126   62.0476   50.0606   58.4088   
61.2944   65   55.0818   19.2354   82.9759   81.8352   77.2334   98.4073   65.4599   102.883   62.2896   94.0479   64.3817   72.0069   112.645   71.0282   70.406   103.392   61.2046   73.2462   72.4224   47.1699   71.0634   103.87   62.7694   87.367   95.5249   104.235   75.452   39.6989   70.8802   82.8794   46   67.2681   0   66.3852   42   85.4304   88.7633   117.683   64.4456   92.6347   122.674   51.6125   81.4463   86.6347   96.7452   92.0592   91.0706   56.8246   59.1131   57.6989   47.241   45.561   66.2828   98.7361   63.0139   94.177   102.144   84.0308   46.4138   107.247   120.142   126.782   53.0139   119.206   97.7413   52.9411   101.322   97.0677   
32   63.561   4.12311   32.3883   34   50.6952   56   63.9766   35.1283   57.0088   75   75.06   42.19   87.2009   75.1665   56.8859   24.0832   77.1298   74.8131   44.4072   73.0068   25.4951   20.6155   59.4643   55.3624   37.3631   44.7214   78.8543   60.531   31.8904   72.9178   54.1295   5.38516   79.0569   51.0392   0   51.4453   91.6635   60.9386   94.0394   56.6915   41.6761   80.7444   52.2288   67.9841   35.6761   102.683   74.9318   98.7258   42.3397   46.6531   47.7762   54.8281   44.1482   43.6531   92.8845   35.2127   55.2849   51.1855   93.9009   36.1482   77.9531   74.2603   80.0692   30.2971   90.4902   47.6155   50.8281   84.4389   77.0079   
44.4072   52.9528   40.3113   11.7047   66.7533   65.192   61.6117   81.6884   48.6004   86.0349   54.7449   79.2591   48.1664   65.9697   95.8019   56.356   58.3095   87.6185   53.9351   56.6392   61.4003   30.2324   57.0701   86.9253   49.0408   73.7564   80.025   88.6002   60.8276   23.4307   60.208   66.468   32.0156   59.6825   17   36.4966   0   77.8448   70.2228   102.478   51.4307   76.2939   105.724   42.5153   67.3999   70.2939   89.4758   76.9067   83.8012   40.7207   42.845   41.4307   38.7631   21.6158   43.0689   87.6116   48.7361   76.1772   87.2971   72.4637   30.2971   90.3603   104.661   104.785   43.8473   102.829   84.112   39.3576   85.3625   82.4434   
52.8015   17.088   78.0064   69.7209   86.5332   57.0088   42.7551   69.2604   53.535   91.7061   5   46.3249   43.909   11.6619   83.006   32.9848   100   61   6.40312   52   13.3417   51.4004   92.7631   89.2861   25.9422   107.517   102.626   60.4152   34.2345   45.1774   11.1803   54.1295   75.6637   3.16228   66.6108   76.5506   58.3095   0   69.1268   70.0446   54.8053   112.526   103.645   100.298   49.4291   107.126   34.8148   57.5912   28.1065   68.3872   60.3249   63.1774   66.0476   79.203   67.0104   39.6554   98.939   82.7899   113.02   27.0711   81.9725   67.653   110.008   102.645   89.7784   79.792   120.365   62.0476   49.3417   55.6259   
12.0416   38.0132   40.1995   60.959   33.3017   9.43398   17   25.4951   7.81025   37.4833   56.3028   34.3657   12.0416   66.6408   39.6611   23.4307   57.8705   35.4401   56.921   3.60555   45.2217   26.1725   47.5395   36.0139   29.1548   58.1808   48.8365   37.108   24.8395   33.6155   46.3249   12.3693   44.9222   58.1808   73.0068   41.7732   56.2228   55.0364   0   54.6163   46.0694   68.9667   57.0765   85.8719   36.6977   65.9537   75.4474   35.4169   73.5315   51.9828   46.4264   46.5168   57.94   67.0377   45.6941   58.8533   68.7083   27.53   66.6195   79.0983   67.8017   37.5869   59.5823   59.4833   66.6488   48.5398   75.1409   53.94   46.8117   37.7697   
48.5077   43.4166   78.4092   94.8262   65.521   30.0167   25.9422   25.807   44.911   55   60.0833   9.84886   40.3113   64.6297   33.121   31.8277   95.1893   7.2111   61.3514   35.5106   42.72   60.5392   84.3801   50.448   41.1096   92.1792   77.8781   5.38516   27.5862   64.1405   44.9222   26.0192   82.7647   58.6941   102.616   79.9062   87.367   56.0446   38.2099   0   69.6531   101.685   60.886   120.273   55.2022   99.2877   66   44.9401   68.3385   82.2806   75.2944   78.1575   85.4003   100.613   74.0344   51.2415   106.918   60.2482   96.4058   78.1704   97.8553   39.5407   74.2111   60.2003   103.587   24.8167   110.983   84.3588   46.8489   38.6155   
21.3776   22.561   43.0116   42.45   54.7814   36.4005   29   52.8015   24.0208   66.0076   33.9411   45.793   18.0278   46.0109   67.624   22.8254   65   55.1543   33.9706   28.1603   32.0156   16.4012   57.9828   65.123   16.1245   73.2462   70.7743   55.9017   27.2947   12   31.6228   36.2353   41.2311   37.6431   48.4149   41.6773   33.541   35   29.4279   54.2033   0   78.1265   84.2822   69.5672   32.0294   72.1265   61.3876   44.6586   58.8293   37.2801   31.4142   30   36.2315   48.4722   34.0384   55   63.5077   56.9578   85.8635   58.9706   51   60.6658   88.1066   83.2822   59.9624   72.596   85.5842   32.2315   49.28   48.9105   
45.4863   81.8352   22.1359   57.0088   22.561   56.2939   66.8506   64.0312   46.5296   45.618   96.2081   83.9345   56.0803   108.19   70.8308   71.1969   12.2066   81.3019   96.2601   53.4883   90.802   46.2277   5.09902   49.7695   72.8011   11.7047   23.6008   83.3847   73.7902   54.9181   91.214   60.6383   30.2655   99.7046   76.1052   25.7099   62.1691   96.8969   49.98   85.9884   62.2896   0   71.0496   71.4525   85.2093   23.5132   120.979   85.2997   118.215   61.7484   69.4422   69.2988   76.9526   68.7478   66.4422   108.736   48.3657   58.5155   34.2127   116.929   61.0285   84.4468   60.6773   70.9994   56.007   94.1867   27.2195   75.2427   96.6945   87.7497   
48.3839   72.8354   62.2896   93.7443   34.8855   33.0606   46.8722   21.9545   44.643   12.0416   91.9239   51.3128   50.2494   100.663   16.7631   56.7186   68.942   39.598   92.7793   40.1123   77.6209   61.8466   58.1378   7.28011   65.192   57.8705   39.0512   41.7253   55.5428   70.8378   79.3095   35.5106   70.7248   92.7631   108.674   65.7647   91.6788   89.627   38.4708   46.6905   67.897   57.0088   0   117.018   72.8881   73.4811   104.263   65.01   105.802   87.6568   82.7687   83.3496   95.1624   104.898   82.0364   87.6154   93.9312   52.6356   60.2831   111.37   97.1561   53.0789   34.1406   24   96.0618   52.11   77.7015   91.1624   78.1021   66.3974   
58.8303   76.1643   39.8246   13.0384   69.8355   80.1561   80.2309   95.6033   62.9682   92.6553   79.2465   99.0202   65.7951   90.471   108.374   76.922   49.0408   105.119   78.4474   72.2011   85.0235   45.618   52.6308   94.8103   71.0211   67.4759   79.3788   106.438   81.3204   43.1741   84   82.4924   30.5287   84.1724   25.6125   35.8469   24.5153   82.7345   70.7248   106.104   54.9181   57.2713   100.767   0   84.2217   69.4198   112.428   94.1502   106.971   56.1255   59.2217   61.1741   55   43.5824   63.0241   109.918   43.0868   89.8629   86.8871   96.979   41.2594   104.783   110.096   115.916   41.9317   118.853   78.2013   60.4975   102.098   101.849   
19.7231   18.3576   50   58.3095   51.8556   23   12.2066   38.0789   19.105   56.7539   36.6879   29.0689   9.21954   46.9574   52.8867   7   70.7743   38.2099   37.3631   16.7631   26.1725   26.0192   61.7738   54.7449   9.48683   74.8131   67.8012   38.8973   11.1803   27.313   27.0185   21.3776   51.2445   38.4838   65.437   50.01   50.2494   35.3412   19.6977   37.2022   17.0294   65.192   56.0357   70.214   0   80.188   56.7833   33.6301   53.2046   49.5576   45.9426   45.313   49.9061   63.7852   42.9426   50.2842   79.736   47.2277   85.0538   60.2668   61.2969   43.6982   78.8529   73.1739   71.2398   56.9622   88.3674   45.9061   38.2426   32.7961   
42.4853   78.2368   16.5529   51.0098   24.5967   55.3263   64.846   64.4981   44.0114   48.5489   91.9348   82.5651   53.2259   104.005   72.4224   68.4471   10.0499   81.0062   91.9239   51.6624   87.367   41.7253   1.41421   52.3546   69.3397   17.4642   28.6531   83.0241   71.3092   50   87.6584   59.5399   24.3311   95.5877   70.1142   19.9249   56.2939   92.8493   48.2701   85.2877   58   6   59.4811   51.4198   62.1772   0   117.423   83.4738   114.754   56.1654   63.2769   64.3806   71.3696   63.0941   60.2769   105.338   43.4429   58   36.3028   110.876   55.0941   83.4793   64.857   73.0351   50.2219   94.6536   27.8924   69.9962   94.8685   86.0398   
60.4401   24.1868   88.5889   84.214   92.6984   59.1692   44.4185   68.3081   60.1415   93.9415   20.2485   41.1947   50.2494   16.6433   80.604   36.2353   110.277   56.1427   21.5407   56.2228   15   62.1691   102.078   90.802   33.0151   115.745   108.467   55.0364   35.5106   57.5674   14.7648   55.4707   87.4643   15.6525   82.0366   87.6641   73.0274   15.5242   59.6657   50   46.2385   105.802   89.8888   97.2522   41.0366   102.343   0   60.3415   27.7082   81.6648   75.7989   74.3847   74.0444   92.0512   75.0931   41.3137   109.523   86.0404   121.677   36.4165   91.8781   69.1679   111.284   103.403   100.677   74.3043   129   72.9463   48.6356   57.1263   
25.1794   23.0217   56.4358   68.4471   52.6308   17.8885   3.16228   30.0167   22.8035   52.8015   42.107   18.9737   15.0333   50.6952   44.4072   7.07107   75.9605   27.6586   43.0465   15.8114   27.8568   34.9285   66.1287   49.98   16.7631   77.5242   67.897   28.2843   5.83095   37.5899   29.4109   14.5602   59.0339   42.7551   76.0592   57.0789   60.7454   39.6232   19.4165   26.6271   27.6586   68.942   50.01   80.0562   10.6301   66.7308   41.3401   0   56.6174   57.0026   50.9285   52.8795   60.5363   74.0621   48.7564   44.9348   82.2642   46.1127   84.6108   61.3897   71.9271   34.8661   73.0017   65.1117   76.1882   50.1808   93.7301   56.5363   32.8932   26.3246   
57.9828   21.2132   84.9058   78.5175   91.0494   59.0931   44.3847   69.6348   58.1378   94.0213   13.6015   44.0454   48.2701   11.4018   82.6075   35.3553   106.78   59.0339   14.8661   55.2268   13.4164   58.3095   99.0202   91.1811   30.4138   113.217   107.005   58.1378   35.4683   52.9245   12.2066   55.7136   83.1925   8.94427   75.6637   83.7257   67.1863   9.05539   58.5235   53.3385   42.0595   102.942   90.802   91.5478   39.2046   99.2018   6.7082   41.2311   0   77.4426   69.3803   70.9245   68.9711   87.8045   73.5506   39.7301   105.567   85.1604   119.075   34.4164   89.8115   67.7277   111.242   104.404   97.6175   77   126.622   69.8867   49.4164   55.7007   
21.9317   42.2019   25.6125   27.2029   46.0109   43.1856   42.1545   59.4138   26.1725   63.6003   51.8652   61.0328   27.7308   64.0703   73.2462   39.4588   47.3814   67.2309   51.614   34.8281   51.6624   7.81025   42.19   64.2573   35.1283   58.5918   60.6712   68.4763   43.7379   8.60233   51.2445   45   21.9545   56.0803   39.8246   23.3452   22.8254   53.7122   33.9411   68.0294   19.6469   47.0106   68.8767   38.0789   32.5576   41.8808   65.7875   42.0595   61.327   0   23.0623   26.6023   31.083   36.105   26.2462   74.2151   50.3052   55.1212   72.6749   70.6127   31.8661   67.8848   82.2385   84.9779   41.025   81.3607   69.7732   27.083   68.9269   64.0413   
18.3848   34.2053   31.8904   33.541   47.8539   38.4187   35.3553   55   22.3607   62.8013   44.8219   53.8516   21.4009   57.0088   69.3397   31.7805   53.9073   61.0328   44.6878   29.8329   43.6807   6.32456   47.634   62.8172   27.074   63.5138   63.3246   62.1289   36.1386   4.12311   43.3244   39.598   29.5466   48.8262   43.4166   30.2324   26.8701   46.3249   29.6816   61.2944   11.7047   52.2015   66.7308   45.2217   25   47.5079   57.9396   34.9285   53.6656   8.06226   0   22.1231   28.4477   40.5953   19   66.1597   53.8782   53.6355   78.9529   64.679   39.9283   63.4004   80.1981   80.7875   49.0872   75.2209   75.2355   24.4477   60.9847   57.7544   
19.6977   34.9285   31.8277   32.2025   48.6621   39.8246   36.7151   56.4004   23.7065   63.9531   45   55.1543   22.8035   57.2014   70.7248   32.9848   53.8145   62.426   44.8219   31.241   44.3847   7.07107   47.8017   64.0312   28.0179   63.8122   64.0312   63.5138   37.3631   3   43.9659   41.0122   29.0689   49.0918   42.0119   30   25.4558   46.6476   31.0644   62.6498   12.3693   52.4309   68.0074   43.9659   26.2488   47.634   58.5235   36.2491   54.1295   7.28011   1.41421   0   27.3246   38.7065   20.4142   67.3693   55.2924   54.3821   71.9396   65.0104   39.1462   64.8146   81.4993   82.2018   48.3051   76.6351   75.4031   23.3246   61.4166   58.9789   
32.573   36.3456   40.8167   27.0185   61.2944   51.6236   46.0109   68.2642   36.4005   77.1038   40.4969   62.9682   33.6006   52.3927   82.8553   39.9625   62.0081   72.1803   39.9249   43.0465   45.0444   20.025   57.7062   77.1298   32.311   74.2496   76.2955   73   44.4185   10.198   44   52.2015   35.3836   45.2217   31.241   38.0132   16.7631   43.4166   43.382   71.4003   17.2047   62.6099   80.9568   40   34.2053   57.3062   57.4282   44.8219   51.9711   15.8114   14.3178   13.1529   0   35.105   33.3178   68.9351   58.6816   67.336   85.0926   62.7772   42.9249   77.7183   92.4662   95.1054   48.6816   88.4252   85.1986   23   66.4847   65.8035   
41.0122   55.0818   33.0606   8.544   60.4152   62.2896   60.4152   78.492   45.2548   80.6226   59.203   78.7909   46.3249   70.8378   92.1954   56.3028   50.6952   85.9826   58.5235   53.9073   64   26.9072   49.6488   81.8413   50.01   66.2873   73.171   87.1321   60.7454   22.4722   63.0317   64.0312   24.5153   64.0312   22.561   29.1548   7.61577   62.3699   53.0377   86.3539   33.9559   54.7449   86.954   21.095   49.7695   48.8365   76.531   59.9333   71.0211   19.105   25.0599   23.7065   19.105   0   42.6271   88.0401   48.2315   74.2182   80.123   79.2456   31   85.2811   100.676   104.083   38.2315   100.281   76.7289   42.105   83.2359   82.3611   
15.6525   35.1141   30   34.9857   44.911   36.1248   34.0147   52.6308   19.7231   59.8415   46.7547   52.811   19.7231   58.8982   66.8506   31.257   52.0096   59.3633   46.6905   27.5862   44.5982   3.60555   45.3431   59.9083   27.4591   61.0328   60.4401   60.5392   35.5106   7.07107   44.3847   37.5366   28.4605   50.6063   45.8039   28.6531   29.0689   48.0104   27.2029   59.9333   13.0384   49.8197   63.9062   46.2385   24.3311   45.2769   59.0931   33.8378   55.0727   8.24621   3   4.12311   17.2627   26.6271   0   68.0384   56.5259   50.9165   69.626   67.679   38.0868   61.6056   78.0338   79.9682   49.2712   73.8973   72.9446   27.3956   61.9719   57.1263   
47.8539   17.72   78.1089   80.7527   77.9872   42.8019   28.3196   50.9215   46.6476   77.1751   28.3019   24   37.1214   31.4006   63.1506   21.9545   99.0051   39   29.6816   41.1096   11.3137   52.9528   89.8944   73.8241   23.0868   102.343   93.3488   38.0526   19.8494   51   13.4536   38.833   78.6448   26   82.6378   77.8845   70.6116   23.7065   44.6878   33.2415   39   93.1504   72.6154   93.5361   28.2312   90.3383   17.4642   25.4558   20.0998   58.2151   50.1597   51.0882   53.9351   72.4431   50.4876   0   100.833   71.5685   109.735   46.7019   88.5744   48.5398   95.6232   86.0165   93.2304   58.0582   116.498   69.7339   39.0416   41.4652   
43.9318   71.0634   17.6918   23.7697   47.4342   63.9062   67.6018   77.8267   47.5395   70.9366   79.6053   86.8332   53.2353   91.7061   89.3085   67.0075   27.4591   90.1388   79.177   57.0088   80.5233   34.0588   29.6142   73.5527   63.7887   45.0111   56.3028   91.7606   71.007   37   80.0812   67.0522   9.84886   84.0952   42.9535   14.2127   31.9061   81.939   54.7083   92.4175   48.5077   34.3657   79.9312   23.0868   60.0083   28.4429   94.5569   68.2642   89.8888   28.8617   36.8782   36.1386   39.6611   24.4131   36.3456   86.8332   0   68.8536   64.5027   99.0104   34.4391   89.8849   83.6003   94.2819   27   103.248   55.05   55.9448   93.0577   90.2898   
19.2354   50.5371   37.1618   64.8151   21.9545   15.2315   28.3196   24.3516   16   26   68.7095   43.0813   24.0416   79.1581   35.609   35.805   51.0098   40.0125   69.2892   15.8114   57.6888   32.311   40.0125   25.4951   41.6293   48.1041   36.7967   42.0476   36.7967   41.4849   58.8303   19.6977   44.1022   70.6824   79.177   39.8246   62.1772   67.5426   12.53   44.5533   40.0125   41.4367   29.5466   72.8629   32.2025   41   72.0069   31.1127   71.0211   39.3573   37.3631   38.6005   51.6624   57.6888   34.4819   56.5685   53.8516   0   55.2353   91.0593   71.2234   43.1603   42.4591   51.6356   70.1217   54.5071   67.614   61.8017   59.0176   50.2997   
46.2277   82.8794   32.0624   68.469   14.3178   51.4296   64.0703   55.7315   45.9674   33.2415   99.0454   79.2023   55.8659   110.603   60.208   70.1783   26.1725   74.2159   99.2975   50.8035   91.2195   51.0784   17.8885   37.855   73.6614   13   9.43398   76.4003   72.0069   60.7454   91.9674   55.9017   41.3038   102.005   87.1436   36.1248   72.0625   99.0202   47.2017   79.6994   65.8635   14.2127   45.1221   70.214   65.0538   19.2354   106.075   66.6108   104.062   53.8516   57.3847   57.9396   69.6419   65   54.626   91.8314   47.1275   36.2353   0   119.21   71   79.3956   54.5781   60.2415   66.4218   85.887   32.831   80.9347   94.0097   84.9714   
57.9828   23.5372   81.5659   70.0928   91.9239   63.561   49.4975   76.1643   59.0593   98.0816   5   53.3667   49.6588   7.61577   90   39.6232   103.586   68.0661   5   58.1893   20.3961   55.1725   96.8762   95.8019   31.9531   112.045   108.046   67.4685   41.1096   48.0104   18.2483   60.8276   78.492   4.47214   65.0308   79.8123   58.4637   7.07107   61.0983   63.0635   38.8973   101.178   96.3379   82.9759   41.4367   96.8762   19.4165   46.3897   12.8062   56.6127   49.679   49.8197   44.7772   63.2456   51.6624   30.4631   84.119   73.5391   104.043   0   81.9725   74.7074   115.998   109.716   89.7784   86.8464   124.478   62.0476   53.7343   62.6803   
35.805   55.2268   25.0799   13.6015   52.6308   57.2014   57.0088   73   40   73.3485   61.8466   75.8947   42.5441   73.8241   86.2786   54.1295   43.382   81.8841   61.327   49.0918   64.4981   22.3607   41.7732   74.793   49.0408   58.4637   65.192   83.1865   58.4637   21   63.7887   59.3633   16.7631   66.4831   30.4138   21.2132   15.2971   64.5136   47.8017   82.8553   33   46.8722   80.1561   23.2594   47.2969   41   77.8781   56.921   72.8011   14.8661   22.3607   21.2132   21.4709   8   23.0868   72   18.4391   51.225   57   66.2118   0   81.7581   92.8911   93.3221   28.4853   95.724   68.8287   41.3246   80.6297   78.5917   
31.9531   37.2156   61.4003   79.6116   49.7695   13.1529   12.53   16.4924   28.1603   43.4166   56.0357   15.2643   25   63.5059   30.0167   21.8403   78.3135   14.7648   57.0789   18.6815   40.3113   44.7772   67.6018   39.6611   31.6228   76.2168   63.2851   16.1555   19.105   49.679   42.19   9   65.9697   56.0803   89.1067   62.9682   73.1095   53.0377   21.2132   17.0294   41.2311   69.4262   38.0789   90.3549   24.6982   68.469   51.8652   14.8661   53.1507   52.4786   46.4004   47.8017   58   71.2811   44.6542   34.5398   75.6902   28.1603   64.0781   60.0083   67.1193   0   64.4236   51.5874   87.032   34.8661   92.6209   70.0035   39.5372   36.601   
46.0435   77.2528   51.0392   85.4927   21.2603   38.0789   52.8394   33.8378   43.2897   5.09902   95.8175   62.2415   51.4198   105.849   33.3766   61.7414   53.8516   53   96.4624   42.3792   83.6301   57.4282   43.6005   10.198   68.6222   41.2311   22.0907   55.2268   61.7738   67.2681   85   41.8808   60.208   97.4987   102.142   54.9181   85.44   94.3398   39.5601   59.6406   67.2681   41.6773   17   90.7359   59.1354   45   97.2471   55.9464   97.0464   63.3482   63.1981   64.2806   77.4145   79.712   60.208   80.7094   68.6003   27.4591   28.7924   100.568   72.2357   47.4236   0   32.099   85.2152   63.9933   61.062   87.5927   84.7968   73.4282   
47.4342   71.8471   61.6198   92.9139   34.4384   32.0624   45.8912   21.095   43.6807   12   90.934   50.4777   49.2544   99.6895   16.4924   55.7315   68.542   38.8973   91.7878   39.1152   76.6551   60.9262   57.6975   7.07107   64.195   57.7062   39.0128   41.0366   54.5711   69.8928   78.339   34.5254   70.0071   91.7824   107.782   65.0692   90.7855   88.6454   37.4833   45.9674   66.9104   56.648   1   100.005   55.0364   59.0339   88.955   49.0306   89.8443   67.9779   65.7875   67.0671   80.0062   86.093   62.9682   71.6938   79.2465   28.6356   44.911   95.352   79.3221   37.1618   17.0294   0   92.1025   51.2505   75.6117   90.2173   76.699   65.5379   
38.0789   61.9839   19.4165   17.1172   48.8467   59.0593   60.8769   74.0608   42.0476   71.0211   69.7782   80.05   46.3249   81.8413   86.5563   59.2115   35.4683   84.6936   69.3181   51.4782   71.3863   26.3059   35.0571   73.0068   55.1453   51.4782   60.0167   86.1626   63.3877   27.6586   70.8308   61.7414   10.0499   74.3236   36.0139   15.2971   22.8473   72.2357   49.6488   86.3308   39.4588   40.1123   78.8733   21.9317   52.2398   34.1321   85.1645   61.1882   80.3243   20.025   28.0713   27.1662   29.6816   15.2315   28.0179   78.2304   10   50.9902   51.3517   74.2428   8.48528   70.0071   69.3542   78.1025   0   98.1021   62.0245   47.108   88.5737   82.5369   
46.0652   49.3356   73.9797   94.3027   57.7062   25.2982   27.0185   16.1555   42.0476   44.9444   67.2681   18.1108   39.8246   73.0616   22.3607   35.3553   89.0505   3.60555   68.4471   32.6497   50.3587   59.3633   78.0064   40.2244   45.1774   84.3445   68.9493   5.65685   31.7805   64.5368   52.469   22.3607   79.3788   66.4831   103.966   75.9605   87.9659   63.6396   34.5398   10.8167   55.9732   79.1012   36.0694   104.809   39.2046   79.0253   59.3043   28.8444   62   67.1193   61.2209   62.6259   72.8354   86.0233   59.4054   42.0476   89.1964   38.0526   71.5891   70.7107   81.6333   14.8661   49.7393   35.3836   84.0952   0   104.175   84.8614   53.3326   44.1661   
54.6443   91.0494   30.4138   63.5059   29.0172   64.56   75.6439   71.1126   55.5698   50   105.38   92.3472   65.192   117.38   76.6551   80.2621   13.3417   88.955   105.418   62.2415   100   55.3173   13.6015   54.5711   82.0061   5.83095   24.6982   91.0824   82.7647   63.8201   100.424   68.9638   37.6431   108.904   82.7345   33.6155   69.6419   106.104   58.6941   93.9415   71.4493   9.21954   61.8466   62.2013   74.3303   13.8924   115   77.8203   112.161   55.7584   61.2209   61.4003   71.1969   62.0967   58.8982   102.215   40.05   49.4773   16.7631   110.345   54.4059   77.6209   45.5412   61.6117   47.0744   86.5794   0   82.8415   105.448   96.4639   
28.7924   36.0139   37.4433   27.4591   57.3149   48.2597   43.4166   64.8999   32.6956   73.1642   42.0476   60.9016   30.4795   54.1202   79.404   38.0132   58.8982   69.527   41.5933   39.6611   45.0444   16.0312   54.2033   73.2462   31.0483   70.6612   72.3671   70.4344   42.4853   6.32456   44.1814   49.0408   32.5576   46.6154   33.9411   34.8281   18.3576   44.5982   39.8246   69.0652   15.2315   59.0593   77.1622   40.1995   31.9061   53.8516   58.0517   42.4382   52.8867   12.083   10.4403   9.21954   4   19.105   13.3417   53.3385   37.5899   47.8017   65.8027   46.5296   19.9249   55.1725   73.437   76.2168   27.7308   70.0357   67.7422   0   64.5116   64.1011   
37   16.6433   67.9117   74.7262   66.0681   30.8058   16.2788   40.025   35.3412   65.3682   33.7343   17   26.2488   40.1123   53.1507   11.1803   88.2553   31.0483   34.9285   29.2062   17   44.0114   78.7909   62.1691   16.5529   90.7359   81.3449   30.6757   8.06226   43.9318   19.0263   26.9258   69.3542   33.0606   79.2591   68.0661   65.5515   30.1496   32.8024   26.8328   32.28   81.8413   61.3514   87.0976   18.1108   79.3095   28.6356   13.4536   29.6142   50.1597   42.2966   43.4166   48.8467   66.2193   42.0476   12.0416   78.0577   44.5533   80   37.2156   64.6297   23.5372   68.7968   60.407   70.0643   33.541   90.824   47.4342   0   29.678   
31.0161   25.4951   62.2013   74.7329   56.3028   19.799   7.07107   28.4429   28.2843   53.8516   44.1022   12.6491   21.2132   51.4782   42   11.4018   81.2527   22.4722   45.1774   20.2485   28.2843   41.2311   71.1688   50.5371   21.095   81.8413   71.0634   22.8035   7.61577   43.8292   30.1496   15.6205   65.123   44.0454   82.0061   63.0079   66.888   41.0122   23.7697   20.6155   33.6006   73.736   49.6488   86.3771   16.6433   71.8401   40.3113   6.32456   41.2311   48.3839   41.2311   42.5441   50.8035   66.2118   40.1622   23.3238   74.4312   34.4093   70.4911   48   63.2456   12.0416   57.4282   48.7032   67.4685   24.1661   82.4621   48.5489   11.7047   0   
