15
50
999999 14 13 14 17 8 7 5 16 15 13 14 13 12 9 7 16 8 15 9 15 6 10 17 10 9 5 16 13 7 8 5 8 11 8 12 9 5 12 12 10 12 13 15 16 13 11 9 9 7 
0 6 6 12 9 6 2 2 5 9 5 10 12 3 8 3 15 2 5 6 9 5 4 4 1 6 3 9 10 4 1 3 3 10 2 7 6 1 5 10 4 2 10 4 13 12 6 2 8 4 
20
0   0   0   0   0   0   0   0   0   0   0   0   0   0   0   0   0   0   0   0   
-5   0   -3   8   -11   2   -4   3   -2   10   -12   9   -5   12   -2   8   -10   7   -4   0   
2   -1   7   -8   7   -4   2   -4   9   -6   6   2   2   0   8   -1   0   3   3   -7   
-2   3   -14   3   -4   6   -2   3   -1   10   -6   0   -10   2   -3   1   -2   13   -7   8   
-1   -5   -8   -2   -10   4   1   1   3   4   -4   0   1   4   1   -3   9   -3   -7   -3   
3   -4   3   -3   0   -4   0   -2   3   -4   0   -6   6   0   0   -5   1   -3   3   -2   
-3   5   -7   5   -4   4   -6   3   -3   6   -4   5   -4   2   -6   4   -5   7   -5   3   
1   0   1   -2   1   0   2   -2   2   -1   1   -1   1   -3   0   -1   0   -2   0   0   
7   -9   0   -4   15   6   8   -6   10   -5   3   5   14   -6   5   -2   9   -4   10   -4   
-10   -1   -5   9   2   8   4   5   -11   11   6   5   -15   4   -11   14   -1   7   -8   9   
-11   -1   -6   9   -6   9   -7   12   -12   10   -5   11   -5   11   -6   6   -5   7   -11   8   
-11   8   -8   11   -6   13   -6   3   -7   9   -14   1   -9   4   -11   8   -4   9   -11   10   
-2   0   7   5   -3   7   -1   8   -8   1   0   0   1   7   -9   7   -3   -5   -2   0   
-6   6   -10   6   -3   5   -9   3   -9   -2   -11   12   -9   11   -11   3   -4   11   -7   3   
-4   4   0   1   -1   6   -2   5   -4   4   -2   3   -2   4   -1   4   -1   1   -6   3   
-2   0   1   5   -2   -1   2   1   0   0   1   1   1   0   -2   0   0   0   -1   1   
-13   5   -11   12   -5   3   -4   6   -9   8   -5   7   1   8   -5   3   -6   -5   -11   8   
1   -4   5   -7   0   -3   2   -6   1   -3   5   -5   4   -3   4   -5   4   -5   5   -7   
-7   1   -5   2   -4   9   -10   10   -8   5   -1   12   -2   1   -8   8   -6   7   -6   14   
-6   7   -2   -1   0   3   -6   3   -9   4   -6   3   1   5   -4   6   -1   3   -5   2   
-6   0   0   10   -13   15   -8   11   4   3   -2   11   -11   4   -15   10   -14   5   -5   10   
-1   1   -3   0   -1   0   -4   0   -3   -2   -1   1   1   0   3   0   -2   3   -3   0   
-5   4   -5   3   0   8   -1   7   -5   2   -5   1   -5   2   -3   0   -3   3   -3   6   
0   -5   1   1   5   -12   -5   4   0   0   2   0   -2   0   3   3   1   0   -4   1   
5   -5   3   1   -2   -7   -1   -3   5   2   5   0   4   -8   3   -6   1   -3   6   -2   
4   -8   0   -4   5   0   8   -6   2   -4   1   -4   3   -1   6   -4   6   -4   -3   2   
-1   0   -2   1   -1   2   -1   1   -1   2   -2   0   -1   1   -1   1   -2   1   -3   1   
-10   13   -8   12   -6   14   -10   7   -10   12   -15   10   -10   14   -12   11   1   6   -10   9   
-3   9   -8   7   -7   7   0   -1   -1   7   -4   10   -7   4   0   6   -6   6   -4   4   
3   0   0   0   0   -3   4   -1   0   -3   0   -1   1   0   1   -2   6   0   1   -1   
0   1   -1   4   -3   1   0   -1   -2   0   -1   0   -1   0   -2   -2   -3   0   -1   3   
0   0   0   1   -1   1   0   2   -2   0   0   1   0   0   -1   0   0   1   -1   1   
0   4   0   0   1   -1   1   1   0   1   2   0   3   -2   -2   -4   -1   1   1   2   
-3   8   -5   10   -1   4   -10   7   -4   6   -2   5   -4   6   -5   8   -7   7   -7   1   
-3   4   0   3   -3   4   -1   4   -5   6   -2   2   -3   0   -1   4   -5   3   0   0   
-4   4   1   1   -2   6   -2   0   6   9   0   3   -2   0   -10   -2   2   1   -4   5   
-2   1   -1   3   0   0   -5   5   -1   0   0   2   -2   6   -4   6   -1   4   -6   2   
-3   1   -2   1   -2   3   -3   2   -3   4   -4   4   -4   3   -3   3   -3   1   -2   4   
12   -10   5   -3   8   -5   5   -4   2   -9   5   -5   8   -5   2   -9   10   -9   10   -7   
3   5   1   0   4   4   -6   0   -3   11   3   5   0   -4   -6   -1   -3   4   -7   4   
6   -7   6   -5   10   -2   8   -7   1   -8   -1   -3   -1   -3   0   1   -2   -9   7   -3   
-1   7   3   10   -3   -2   3   5   -6   0   4   12   1   -5   -7   0   2   0   0   2   
4   -1   11   -4   1   -2   7   -4   6   -6   8   -9   10   -5   6   -11   6   -10   5   0   
-2   1   -4   7   -7   9   -5   12   -1   15   -10   4   -6   7   0   0   -15   12   -3   11   
5   -2   2   -1   3   -4   0   -9   -5   0   1   -7   -5   -1   3   0   5   3   2   -8   
-12   8   -8   6   -7   7   -8   5   -5   11   -11   1   -6   10   -8   8   -4   12   -9   0   
-4   6   -3   11   -5   1   -7   9   -10   9   -9   4   -9   8   -8   4   -3   5   -9   6   
0   2   -1   -4   3   -6   2   -1   1   -2   9   -1   5   -5   1   -5   0   -2   6   -1   
4   1   4   -2   7   1   4   -1   7   -1   3   -2   6   -8   3   1   6   0   2   1   
2   -6   -1   -2   1   -1   0   -2   2   -1   3   -2   0   0   0   0   2   -2   6   -2   
0   80.9109   59.7431   66.1261   32.2788   76.6624   49.6699   62.732   51.8782   52.2864   49.9706   59.3153   63.3487   38.8661   69.2268   52.3631   56.6155   49.2053   45.3209   82.0849   46   66.4976   37.4391   77.4643   36.105   28.1231   75.0724   70.1601   83.8431   73.7391   40.0799   79.3173   42.0768   77.8509   44.2354   71.4988   46.0666   43.9152   66.1741   60.8246   79   58.0512   61.2897   62.2709   49.2062   72.0408   59.0022   46.28   32.6015   50.6007   
65.8027   0   68.1646   94.2315   85.3755   133.77   52.241   104.328   101.598   112.387   86.8239   113.04   65.8912   91.1466   38.1265   80.5355   112.293   90.1969   60.911   106.519   90.2758   78.0818   74.7454   31.0554   99.9506   82.773   92.9539   51.0832   25.1623   94.3442   105.883   135.037   61.8039   132.09   100.496   35.5602   108.874   67.7397   125.892   94.4092   136.187   70.1235   127.092   62.5077   85.1969   109.006   51.807   78.8015   75.2015   64.2022   
42.0119   52.0865   0   98.0705   47.6155   101.779   54.2353   53.6329   93.8901   75.5508   85.4548   68.1378   23.2195   53.9249   52.0139   27.53   96.2682   87.8406   31.4222   57.3113   83.4557   95.7103   48.5153   58.0465   69.7767   61.1096   104.694   72.8707   66.8268   103.628   65.7074   107.067   67.5956   109.049   83.4557   55.392   71.6591   62.7538   86.6159   42.2312   116.456   27.2726   89.6926   19.6569   83.2206   46.249   51.8469   76.1692   51.4401   57.3017   
49.4065   69.2315   81.0062   0   81.6853   90.1245   67.2443   109.529   54.9164   93.2605   38.1555   107.096   97.3847   82.0569   85.3324   99.0106   67.0377   39.105   84.1458   125.719   44.4138   38.4012   82.0384   83.1158   85.5115   67.8615   30.0711   66.3542   93.7726   23.7082   89.4863   99.2982   52.0147   91.1542   72.448   79.0078   95.4731   57.9317   106.172   104.459   89.857   95.4546   108.4   99.1729   49.8035   114.622   75.9469   42.9317   64.0106   65.0408   
16.2788   70.7743   33.6155   65.6049   0   70.4831   57.6453   52.5539   68.157   44.0179   66.2494   51.0468   56.1216   26.3246   71.6408   43.6038   60.0119   65.4841   42.322   59.0567   62.2788   82.7764   24.6301   82.8803   27.4018   44.4019   84.8378   78.8027   89.7875   86.2011   31.8114   79.7584   54.3503   79.6941   47.1603   75.9187   42.1246   49.5085   56.9845   46.8537   81.2409   45.305   51.8855   53.2723   65.3431   47.0151   62.8803   62.5588   38.1948   59.5106   
51.6624   116.932   87.7268   75.5381   54.1295   0   100.149   77.672   67.4817   53.4641   77.0818   65.8617   110.251   71.5901   120.889   92.1089   48.0868   73.0701   96.4514   101.202   68.1275   102.838   78.7596   125.021   66.3113   70.1543   96.5014   116.123   132.193   98.2219   60.3113   26.2801   87.9452   32.0416   55.4215   117.951   55.3113   86.0303   44.8617   90.7209   34.8995   99.4344   53.9559   107.038   70.0818   91.1052   105.285   97.0902   79.0538   94.9312   
34.6699   31.241   36.2353   49.2443   41.7732   85.703   0   78.6093   72.8727   85.7911   59.2406   86.6545   54.805   63.2217   43.1925   56.5441   80.0242   61.6905   48.8254   88.9781   61.1029   59.8167   48.0151   43.939   69.175   50.5042   73.8637   45.3607   51.6328   72.5304   73.5846   106.302   40.2627   99.8215   68.2276   36.868   80.4003   35.4709   98.7577   75.7609   108.703   47.6006   93.6587   55.8922   59.4166   76.9365   30.831   45.0713   47.3246   32.3246   
41.6173   88.2836   39.3573   91.022   25.5539   62.0081   63.1981   0   92.5159   49.7286   91.5879   32.2643   62.5769   51.8784   90.203   43.2131   81.581   90.0928   61.4165   45.3594   83.1153   108.115   49.5941   96.9862   50.6271   61.4185   110.392   101.5   105.184   111.755   48.7697   76.9285   79.9042   90.3239   67.0208   91.5266   49.3607   75.0624   50.9285   27.4018   94.2604   61   53.3645   59.0142   85.0928   33.3178   84.83   87.8973   63.7487   73.4282   
36.8782   87.4643   78.3135   32.7567   51.0784   43.0465   58.8727   73.2393   0   69.1307   37.4682   83.7733   100.227   63.0561   98.162   88.2159   36.587   31.8114   82.1991   110.135   35.1655   61.5188   72.3173   99.0952   61.966   59.1861   50   81.7301   103.554   56.4649   65.3346   69.3266   57.65   61.344   40.4951   93.0859   77.7401   54.4229   74.356   95.686   59.108   94.9294   81.6825   97.9703   31.4012   98.0935   80.622   55.4683   66.1022   79.0818   
35.3553   98.387   59.203   78.7464   28.0179   33   68.352   29.0172   53.0094   0   76.6418   38.4642   82.4226   39.2594   99.6586   63.0208   57.1959   74.2584   70.3398   69.4935   62.8841   101.644   52.648   106.789   34.4642   57.617   96.124   102.295   113.884   99.3815   28.6023   52.7805   77.4321   57.9762   42.6356   100.088   23.6023   76.1154   28.099   52.3631   65.72   73.3228   23   78.8599   73.9732   60.1856   90.8981   81.6354   64.8017   85.956   
33.9706   68.0294   69.2892   16.1555   50.2494   61.8466   42.19   75.4321   21.4009   62.6418   0   90.9638   89.4457   63.0104   79.2385   86.3337   52.833   27   75.1054   109.306   30.0623   40.9615   67.6787   81.5184   66.6542   48.8904   43.2504   65.0435   88.4257   36.8473   71.7393   83.3922   48.2488   71.6488   48.5254   74.5568   76.1202   45.0217   83.3922   88.5935   72.3847   85.2947   85.6003   85.8401   22   97.2645   61.5184   38.2315   53.0147   58.05   
43.4166   99.0404   53.0094   91.236   30   49.4975   71.4493   15.2643   68.6222   17.4642   75.1332   0   76.229   47.2788   101.641   56.0602   68.1214   88.5731   72.322   60.6238   78.7074   109.914   54.6301   109.758   42   65.0147   111.529   108.803   118.031   111.981   36   66   83.593   75.4404   59.3196   104.172   31   79.5085   43.1302   40.2488   75.7235   75.305   38.0312   72.6663   86.9638   48.5822   91.1332   89.6966   68.1948   88.2763   
48.6621   45.8912   9.21954   83.3847   42.0595   96.1509   35.805   48.3735   84   68.2495   73.0068   62.2013   0   63.1445   53.8329   36.7495   96.8737   90.2772   32.0278   65.0106   91.3226   95.6217   49.657   59.6865   69.4612   65.8692   108.434   72.2033   62.4072   107.093   73.6206   114.771   71.9188   117.31   84.8868   52.6155   76.6657   66.2443   93.6726   51.4507   117.013   27.8167   90.5527   27.6056   92.4401   55.4686   60.9411   80.8764   60.6596   61.4384   
14.8661   75.1332   39.9249   63.8122   6.32456   47.8539   45.2217   27.5862   46.5296   23.2594   48.0104   28.6356   48.3011   0   77.9653   49.257   57.0139   63.5206   48.6465   63.4915   54.6431   81.3637   30.9547   85.1467   28.831   36.4391   84.6003   79.7872   92.4429   84.4911   29.4018   74.1341   55.3349   71.3927   47.561   78.0767   40.2788   50.4931   49.7747   42.2312   74.923   51.6295   44.6757   59.5818   58.5206   53.3397   65.5801   61.1461   39.1794   64.8973   
55.2268   16.1245   36.0139   70.0643   57.4543   106.888   23.4094   73.0068   82.28   85.44   65.1153   84.5044   29.8329   62.426   0   61.2652   101.658   85.0999   54.0832   93.3252   84.5123   79.4637   63.0106   32.0711   84.8561   73.9136   97.2731   50.6484   41.2868   93.5527   89.2657   128.318   60.5236   123.231   91.637   27.3246   99.5789   58.8803   112.201   78.2451   128.801   56.0571   107.102   55.6707   82.826   82.2629   37.72   68.4807   66.7849   51.7849   
37.3631   63.0714   12.53   82.0061   25.0799   78.1089   42.5441   26.8328   74.2159   48.0208   68.6003   40.6079   21.6333   31.257   47.2652   0   82.5697   85.4005   43.9249   55.0161   78.2456   94.793   33.9737   70.5765   52.4816   54.6962   102.254   78.7045   79.3567   102.151   56.8913   100.801   65.1555   98.5464   68.0094   67.0102   63.4462   60.3137   76.1198   35.8114   98.9759   38.3693   71.0208   32.1868   80.7805   48.095   57.6807   75.2488   49   61.0789   
33.6155   96.2081   74.3303   53.0377   42.0119   23.0868   65.2993   58.8727   21.587   34.0588   38.833   51.0392   81.7435   36.0139   87.6584   67.0671   0   48.2345   78.9364   98.2192   51.0416   79.7945   66.642   108.145   56.541   57.7638   71.587   98.4345   115.288   75.6803   51.1141   49.3669   71.8334   36.8494   35.5602   101.083   53.1214   64.5533   60.7979   78.2451   42.5183   87.3169   55.6989   93.9872   52.9883   89.0271   88.4018   67.1935   66.2169   77   
34.2053   73.3485   71.8401   19.105   50.3289   57.0701   46.6905   75.0067   15.8114   60.1664   5.65685   73.5731   76.1183   47.4236   69.857   70.214   34.2345   0   76.7587   109.386   31.0623   46.6184   67.4782   87.1753   66.4065   50.7849   48.9073   67.8323   91.7456   42.5042   71.3783   83.3502   45.4279   71.0839   50.6586   80.2137   77.1202   46.0217   84.3922   89.6548   73.9902   87.0312   83.1664   91.497   23   97.3441   67.1753   36.5913   58.6716   63.0454   
31.3209   44.911   14.4222   66.6483   28.3196   80.9938   22.8254   43.4166   66.0076   56.2228   55.3624   54.4243   18.0278   33.9706   30.0832   19.9249   64.846   58.2495   0   69.175   72.1063   78.743   38.6918   52.4849   55.7214   48.4279   92.0782   60.7935   60.1786   87.2011   60.131   101.409   51.402   100.672   72.1063   45.4138   67.0104   51.4044   81.7808   54.0147   99.6301   27.4018   76.6817   33.4924   71.8712   59.7922   39.7697   63.3079   40.0907   36.105   
61.0737   92.3472   40.3113   109.622   45   85.0941   73.5391   23.5372   95.3834   52.1536   94.8472   36.1248   47.0106   48.8774   76.2365   31.0161   82.2192   95.268   50.9215   0   100.372   123.391   59.6422   98.3578   63.9889   76.9729   129.289   109.721   105.137   130.104   62.5382   97.0542   93.4582   108.058   85.2784   95.7033   59.8912   88.8429   73.2526   35.2603   109.096   59.0567   68.1536   59.9681   104.285   26.0416   88.6968   104.644   80.0161   84.8767   
26   76.2758   66.6108   30.4138   41.3401   47.1275   47.0106   65.1153   12.1655   48.8467   15.0333   62.6817   72.0278   37.6431   70.3847   63.2456   24.0416   11.4018   54.0093   86.267   0   55.9948   63.4391   86.5763   58.7194   47.7099   57.2813   72.7067   92.2361   50.8782   59.6005   73.4076   44.5287   57.19   37.2485   79.8399   66.7074   44.632   76.4018   79.8742   58.4166   81.411   71.3028   86.2677   33.0623   88.3552   66.8015   47.993   51.0156   70.0116   
52.4976   55.0818   75.9276   16.4012   67.624   87.8009   40.8167   93.0376   46.5188   85.7088   25.9615   95.8801   76.5506   67.3573   58.4637   79.3977   64.7611   31.0161   61.6198   109.041   40.7922   0   80   73.2439   86.3092   68.0227   43.9317   52.0161   74.0345   39.4924   92.5775   109.354   46   97.6103   74.4869   66.1728   98.5642   59.8855   109.354   106.513   98.3462   88   108.709   95.1122   47.9615   114.639   68.8634   47.2485   63.793   66.638   
18.4391   60.7454   24.5153   64.3817   10.6301   64.0078   33.0151   30.5941   55.3173   38.6005   50.2195   38.6394   32.311   16.4012   47.0106   18.9737   49.8197   51.4782   17.6918   45.4533   44.2719   63.8122   0   70.1767   38.0319   38.7883   85.3962   71.5204   76.9262   85.075   42.4415   87.4342   49   82.9708   49.3553   63.1056   51.5287   43.2062   63.2017   43.6982   86.4166   42.8403   61.0769   44.1722   62.5296   57.6453   50.4966   64.2041   38.0278   49.0185   
59.4643   9.05539   43.0465   69.1158   63.0635   111.018   25.807   79.6241   84.0952   90.9175   65.8027   90.7579   36.8782   67.7422   7.07107   54.1479   91.0494   70.8378   36.4005   83.2947   72.4707   56.3205   52.8015   0   90.4652   76.2353   92.9327   40.9615   32.2462   92.824   92.7718   129.769   62.8035   125.628   94.0346   34.0711   103.411   61.2779   116.003   85.2777   130.887   63.1282   112.418   62.7033   85.2236   89.2955   40   67.6952   69.1448   54.1448   
19.105   80.9506   44.7214   66.6483   11.4018   43.0813   50.9215   26.6271   46.6154   17.4642   50.6063   24.6982   53.3385   5.83095   68.2422   35.171   33.541   49.4065   39.598   49.2443   38.9487   71.3092   21.9317   73.5731   0   42.27   88.0739   85.6182   96.4923   87.4536   29   63.4185   61   68.09   47.4709   82.6814   27   56.0526   45.5633   48.0621   65.8539   56.7067   40.4642   64.3782   61.6542   53.9473   70   65.385   45.0103   58.5982   
4.12311   62.0081   41.1096   46.8615   18.868   55.1543   30.8058   44.4185   37.2156   39.4588   31.8904   47.0744   47.1699   18.4391   51.8556   37.6962   36.2353   32.7567   29.4279   62.9682   25.7099   49.0408   18.7883   55.8659   23.0217   0   71.3259   66.0408   77.1279   68.7378   44.203   80.0339   43.0227   69.7584   45.2036   62.9227   48.0147   38.0333   67.5579   60.6703   72.0357   52.0526   62.4588   60.7665   49.7849   65.8831   50.2412   49.7924   28.8995   38.8395   
54.5619   75.9539   87.6584   7.07107   70.8378   76.0263   56.2939   96.0469   33   82.0792   20.6155   95.3834   90.2497   68.6003   77.1038   88.2326   54.231   21.9317   73.3485   115.278   33.2415   21.9317   70.2922   76.0592   71.0211   52.3259   0   73.4252   93.7718   28.4031   91.159   102   59.0858   90.4316   69.0783   86.0789   95.5295   62.7924   102.812   109.209   91.6581   100.75   104.544   104.554   41.4197   117.853   80.6712   47.7924   71.0817   72.1119   
53.1601   24.0832   56.8243   45.3542   63.1269   101.02   22.3607   85.4751   66.7083   88.295   46.0435   93.086   54.2033   65.7647   29.5296   64.5136   78.8162   51.614   44.5982   95.5196   56.5862   31.0161   55.0818   25.9615   71.1969   49.0408   51.9711   0   45.0185   66.2652   93.24   122.066   55.178   113.776   89   46.3238   97.0555   57.8316   115.302   91.666   114.202   69.9613   110.44   74.4707   68.0435   99.2972   40.0238   49.241   61.0713   46.0713   
66.8431   3.16228   51   72.0069   71.1126   118.191   32.5269   87.8635   89.5545   98.8838   70.3847   98.9798   44.4072   75.6637   15.0333   62.2896   97.7446   75.6439   44.643   91.1373   78.2304   58.0345   60.9262   8.24621   81.4923   63.1269   78.7718   27.0185   0   93.2837   101.018   138.016   64.9662   132.348   100.755   38.7225   105.236   67.9978   123.424   93.2312   134.346   71.0904   120.339   65.67   88.3592   97.249   42.9072   75.9414   69.2884   54.2884   
56.0357   71.3442   86.6083   6.7082   72.2011   81.2219   53.7587   97.6524   38.2099   85.3815   22.8473   97.9439   88.5664   70.4911   73.5527   88.0909   59.0085   25.4951   72.2011   116.043   36.8782   16.4924   70.7107   72.0278   73.3553   53.4135   6.40312   47.2652   74.2428   0   94.5866   106.006   58.7229   87.3485   71.3727   82.6652   98.2586   62.8688   106.24   111.167   90.1332   99.5284   108.181   105.694   44.8473   118.062   76.7235   49.6399   70.1507   71.749   
25.0799   86.3308   47.7074   72.0139   15.8114   41.2311   56.6127   23.7697   50.3289   12.2066   55.9017   19.2354   56.6127   11.4018   73.2462   37.1618   35.1141   54.3783   44.0454   47.1275   43.6005   77.1298   26.4008   78.7718   6   29.0172   76.1577   77.1038   86.7698   78.721   0   60.8497   66.7366   66.3317   46.8395   88.6814   21   61.8948   40.3056   47   64.0956   61.1163   35.2066   67.3643   67.6542   51.4966   76   71.3599   50.5811   64.5982   
55.3173   121.037   89.0674   82.2982   55.7584   7.28011   89.8109   60.531   50   31.7805   68.2495   47   97.7548   49.6488   110.318   78.7909   29.4279   63.6396   83.4086   83.0542   53.3667   94.1488   66.0303   114.769   44.4185   59.0339   83   106.066   122.147   88.0909   41.6293   0   93.8974   39.3217   57.0789   121.952   55.3828   86.8308   42   84.1436   41.6433   101.063   54.7805   108.724   75.3922   91.8131   109.271   96.6214   86.3339   97.8689   
26.0768   45.8039   47.1699   34.0147   39.0512   72.9452   17.2627   63.9062   42.0476   61.4003   25.02   68.593   49.3964   40.1123   40.5216   49.5177   51.0882   29.4279   32.7567   79.0569   30.5287   30   34   42.0476   45   22.0227   40.8534   28.178   47.7074   39.4462   51   77.8974   0   87.6307   56.0368   52.8419   70.0374   23.2801   89.4993   72.6686   88.5891   60.1584   84.4003   63.7545   47.02   85.7694   39.8035   36.083   34.1555   40.2971   
52.8394   116.043   92.0489   68.1542   58.6941   12.0416   85.1469   70.4557   35.4401   41.9762   55.9464   59.203   99.96   52.3927   107.415   83.5464   19.8494   50.6952   83.672   93.9042   42.19   81.7068   67.6757   110.887   48.5077   55.7584   67.7422   98.2344   117.593   73.3485   48.0104   18.868   70.7672   0   55.4097   118.681   65.1664   84.4028   56.9033   94.3393   28.2361   103.999   59.3847   111.706   66.8413   99.1487   106   82.9559   84.6579   94.5979   
19.2354   83.5464   59.8415   50.448   28.1603   33.4215   52.345   48.0208   25.4951   28.6356   34.5254   43.2782   67.1863   22.561   74.027   53.0094   14.5602   31.6228   50.3289   70.6824   20.2485   59.0085   35.3553   77.8332   21.4709   22.2036   53.4883   68   84.8646   57.0088   24.8395   38.0789   39.8246   33.6155   0   85.1263   42.3196   58.7567   48.7343   64.7922   54.8378   73.4652   51.6356   79.4983   46.6586   75.1754   72.4448   60.7922   51.0156   61.0431   
52.4023   14.5602   38.6394   64.0078   56.3649   103.947   18.868   73.8241   77.4726   84.119   59.6657   84.4808   33.6155   60.9016   6.32456   49.0102   84.0238   64.56   30.4138   78.9177   65.7419   52.1728   46.2385   7.07107   66.7308   48.7955   71.0282   23.3238   14.7648   67.3647   72.0069   107.713   35.4683   103.856   70.7672   0   90.4853   54.3389   107.661   80.8705   118.35   57.2156   105.577   52.7351   77.0792   84.8884   28.0384   63.7214   58.0832   43.0832   
30.0666   90.8735   50.6063   76.5572   20.1246   40.3113   61.4003   22.3607   53.7401   8.60233   60.4152   15   59.6657   16.2788   77.5242   39.4462   37.1214   58.6686   48.0104   45.8912   47.7074   82   30.5287   83.1865   11   34.0147   80.5295   82.0366   91.236   83.2586   5   39.8497   56   48.1664   28.3196   76.4853   0   66.0408   34.9706   49.7624   64.0425   65.4296   31.6023   70.2632   72.6542   55.6785   80.7875   76.3466   55.4582   69.5982   
19   51.7397   45.6946   35.805   32.8938   66.0303   21.4709   58.1808   37.6431   54.231   23.7697   61.9839   49.2443   33.3766   44.7772   46.2277   44.5533   27.074   31.6228   74.6525   25.632   34.8855   29.2062   47.1699   38.0526   15.0333   42.19   35.3412   53.4135   41.8688   44.0454   70.8308   7.28011   64.3506   32.7567   40.3113   49.0408   0   78.8142   70.0337   83.0692   59.0245   77.231   62.0833   45.7697   78.9277   44.866   30   27.3137   33.4642   
43.1741   106.892   67.4759   84.1724   36.6197   28.8617   76.6942   34.9285   56.356   8.60233   68.2495   21   76.5768   31.7648   94.0319   56.0357   35.805   65.2534   64.8151   57.0789   53.8516   92.1954   47.2017   99.4786   25.9422   47.2969   86.977   96.3016   107.424   90.7083   20.8087   26   69.0507   39.3954   33.7343   92.6607   16.9706   61.8142   0   60.9654   54.6962   81.9246   30.099   87.1328   80.3929   68.2463   95.9422   89.4541   70.9441   84.5404   
39.8246   78.4092   28.2312   88.459   23.8537   69.7209   55.3173   11.4018   74.686   37.3631   73.5935   26.2488   37.1214   28.2312   62.8013   15.8114   63.1506   74.027   34.0147   21.2603   65.192   88.5099   24.6982   69.5845   29.6142   41.7253   94.0479   77.666   77.7817   94.921   29   69.1231   58.6686   77.0065   50.5964   64.1249   29.4279   53.8238   44.3847   0   93.0956   54.1807   60.3631   47.888   84.029   32.2195   73.492   83.8238   60.72   64   
53   116.692   91.7061   69.857   58.2409   9.89949   85.703   69.2604   37.108   40.6079   57.3847   57.7235   99.7246   51.923   107.801   82.9759   20.5183   52.2015   83.6301   92.6553   43.4166   83.2166   67.4166   111.396   47.8539   56.0357   69.5845   99.2018   118.191   75.1332   47.0956   16.6433   71.5891   2.23607   33.8378   104.35   47.0425   65.0692   37.6962   76.0592   0   103.546   58.72   111.363   68.5092   98.5922   105.439   85.1919   81.8027   94.8752   
39.0512   51   3.16228   77.8974   31.305   85.4283   33.6006   39   75.2396   57.4891   66.1287   52.1536   10.8167   37.5766   35.0571   12.3693   71.5891   68.6804   11.4018   41.7732   63.5059   73   21.8403   42.0119   42.5441   38.0526   84.534   54.5619   50.0899   83.5284   45.8039   86.954   44.1022   89.493   57.0701   37.2156   48.9183   42.5441   65.8559   28.1603   89.1964   0   80.4891   22.8191   83.0605   49.4113   51.1715   72.5441   51.28   47.5067   
43.2897   105.603   64.3817   86.4002   34.8855   33.9559   75.8947   30.3645   59.6825   8   70.342   16.0312   73.5527   30.6757   92.2822   52.6308   39.6989   67.6757   62.6817   52.1536   56.3028   93.6483   45.2769   97.949   25   47.3814   89.5377   96.1041   105.991   93.0054   19.3132   31.0161   69.3542   44.3847   36.0555   91.236   14.7648   62.2013   5.09902   40.2492   42.72   62.9365   0   84.0385   81.9732   63.6823   94.9719   88.108   69.8551   83.5701   
46.2709   48.5077   5.65685   82.7647   38.9102   93.0376   36.1248   44.7772   82.0549   64.8151   71.8401   58.6003   3.60555   45.1885   32.3883   18.0278   79.0759   74.7329   16.4924   44.0114   70.1783   76.6094   29.4109   39.4588   50.1199   45.0111   89.5545   55.4707   47.1699   88.1192   53.2541   94.5145   48.7545   97.0824   64.5368   35.7351   56.2228   48.0833   73.1095   33.541   96.7988   7.61577   70.0357   0   84.214   51.9059   52.8281   78.0833   56.5831   52.5974   
29.2062   71.1969   67.1863   22.8035   45.3431   55.0818   43.4166   70.0928   16.4012   55.9732   7   68.9638   71.7008   42.5206   66.7608   65.307   32.0156   5   53.7587   90.2718   8.06226   32.7567   46.5296   68.1542   44.6542   27.7849   26.4197   50.3289   73.3553   29.4109   49.7393   61.3922   26.2488   49.6488   27.6586   61.6847   54.1202   23.0217   61.3922   69.029   50.9902   64.0312   63.6003   70.214   0   92.3583   66.0523   40.105   50.3354   56.486   
49.0408   84.006   32.249   97.6217   33.0151   76.1052   62.9365   14.3178   83.6481   43.1856   82.807   29.1548   40.2616   37.1214   68.0661   21.095   71.3092   83.2406   40.7922   12.0416   74.3303   97.3499   33.6006   75.0267   37.9473   50.9313   103.247   85.1645   83.0963   104.062   36.4966   74.8131   67.4166   84.1487   59.2368   70.0643   36.0139   62.8013   49.2443   9.21954   83.0542   33.0151   44.643   36.8782   78.2432   0   78.7757   91.801   69.9396   73.2195   
40   25.807   35.8469   53.6004   45.8803   91.2853   5.83095   66   64.622   73.0068   47.5184   75.1332   33.9411   49.7695   17.72   43.6807   71.0634   52.1728   23.7697   74.6324   52.8015   43.8634   36.4966   20   55.5428   36.2353   60.6712   21.0238   26.9072   57.7235   61.0983   95.268   22.8035   90.9065   57.9828   13.0384   65.7875   27.2947   81.4371   57.4282   91.4385   33.541   80.4114   34.8281   49.0408   64.5368   0   48.0151   49.4008   34.4018   
32.28   52.8015   59.1692   21.9317   47.4236   72.0902   28.0713   72.8972   35.4683   66.1211   15.2315   75.6902   61.4654   47.1275   50.3587   60.8769   49.1935   20.5913   44.7772   89.6437   25.807   20.2485   44.2041   50.6952   51.1957   28.7924   28.7924   31.241   55.1543   27.4591   57.0701   77.8332   12.083   67.9559   40.7922   44.7214   61.9839   15   73.0068   68.8186   69.1158   56.0803   74.108   60.8358   19.105   77.801   33.0151   0   42.3137   43.2029   
13.6015   52.2015   35.4401   47.0106   23.1948   65.0538   21.095   47.7598   44.1022   47.8017   34.0147   53.0848   40.1123   25.1794   42.0119   35   45.793   36.4005   22.0907   63.4114   32.0156   45.793   18.0278   45.9674   30.5941   9.89949   53.2541   40.6079   53.2635   53.1507   36.4966   68.884   16.1555   65.4599   32.0156   38.8973   41.4367   11.3137   55.9732   42.72   65.8027   32.28   55.5428   38.4708   31.7805   51.614   26.4008   26.2488   0   34   
28.6007   37.2022   33.3017   49.0408   35.5106   79.9312   6.32456   57.4282   55.0818   62.0322   40.05   65.2763   34.4384   38.8973   27.7849   38.0789   60   44.0454   19.105   68.8767   43.0116   42.638   27.0185   31.1448   44.5982   24.8395   55.9732   28.0713   38.2884   54.1295   50.2892   83.8689   15.2971   79.8123   46.6905   24.0832   55.0818   17.4642   70.3847   50   80.2808   30.4138   69.5701   34.1321   40.3113   57.9396   11.4018   27.2029   15   0   
