15
50
999999 13 14 16 15 10 15 11 9 14 13 13 15 9 10 5 8 17 7 11 16 5 16 11 16 11 11 14 12 14 7 6 5 5 16 5 6 9 13 14 8 8 15 17 12 9 13 16 10 8 
0 1 1 7 14 8 14 8 4 7 4 6 8 7 4 4 4 10 2 3 14 3 9 10 11 7 4 1 3 13 3 2 4 4 10 3 3 3 10 3 4 2 1 1 3 7 9 11 5 2 
20
0   0   0   0   0   0   0   0   0   0   0   0   0   0   0   0   0   0   0   0   
-10   8   -3   9   -10   3   -6   10   -9   6   -6   9   -3   10   -4   11   -6   9   -10   10   
-5   1   -10   6   -2   9   -3   1   0   11   2   6   -1   -1   -3   4   -7   0   -8   5   
-10   0   4   2   6   0   8   -6   -3   -7   2   -8   4   -6   1   6   -4   -3   4   1   
-7   6   0   5   -2   15   -5   6   -4   -1   -3   -2   -4   -9   0   9   -4   -2   -6   7   
-6   4   -1   -3   -2   5   -4   4   2   7   -2   2   -2   7   -1   3   -2   0   -4   3   
-13   6   -6   6   -5   1   0   11   -2   -1   -7   5   0   9   -5   10   -10   10   -1   8   
-3   1   2   -1   -3   7   -3   5   0   3   2   0   0   0   -10   2   0   -2   -3   0   
1   -2   6   -5   4   0   0   -6   -2   1   0   0   -6   1   1   0   6   0   0   -2   
-8   10   -6   0   -4   12   -9   11   1   11   -3   6   -4   9   -8   3   -3   7   -5   3   
11   -5   5   -10   4   -3   0   -4   6   -4   6   -6   13   -8   0   -6   9   -4   9   -7   
-9   3   -6   3   -6   10   0   0   -4   7   -3   0   -4   9   5   2   4   3   -5   -7   
-3   9   -2   1   -7   8   4   -5   -12   10   -10   7   -6   12   -5   7   -10   11   -4   0   
0   2   0   5   0   7   -1   -4   -1   3   1   0   0   9   -3   -1   3   8   -3   0   
-3   2   4   3   6   2   2   4   1   0   1   -2   2   -1   -1   2   2   -1   -6   4   
-2   3   -2   2   -2   3   -3   1   -2   2   -2   3   -3   3   -4   2   -4   3   -1   1   
-3   4   -5   4   -3   3   -5   2   -1   4   -2   0   -3   4   -6   2   -3   4   -4   1   
4   -13   3   -2   3   0   6   -7   12   -8   10   -8   8   -10   1   -12   6   -3   5   -6   
4   -1   7   -4   3   -3   2   -6   2   -4   2   -3   0   -7   3   -2   5   -5   4   -2   
-4   1   -5   1   0   -1   3   1   -1   -1   -5   2   0   0   3   7   0   0   -1   5   
-5   5   -12   -1   -2   6   -13   3   -1   0   0   1   -5   0   1   8   -6   2   -9   4   
-2   4   -3   3   0   2   -1   2   -2   3   -2   2   -3   2   -3   3   -3   3   -2   2   
-5   13   -4   4   -6   14   -6   10   -11   14   -13   7   -12   11   -15   8   -8   13   -7   14   
5   -4   9   -6   3   0   5   -6   0   -10   6   -4   7   -4   7   -6   5   -4   11   -3   
14   -7   6   -11   8   -12   9   -7   3   -10   15   -10   3   -3   13   -12   5   -7   -2   -7   
4   -2   1   0   7   -8   4   0   6   -3   1   -6   3   -4   2   -8   2   2   7   -5   
-9   6   -7   5   -10   6   -3   7   -9   8   -8   7   -8   7   -10   9   -11   7   -4   4   
4   -3   12   0   0   -6   9   -4   0   -1   5   -3   6   -7   4   1   -1   -5   6   -1   
-1   3   0   5   -2   0   5   4   -1   0   -3   -6   6   0   3   6   2   -4   -2   4   
-12   8   -12   10   -9   3   -2   10   -4   12   -7   10   -4   13   -8   9   -8   5   -7   7   
-4   4   -2   5   -5   4   -7   4   -6   7   -7   2   -4   4   -4   5   -4   6   -1   4   
6   -3   1   -2   6   -2   -1   -3   1   -5   6   -6   3   -3   3   -2   3   -4   0   0   
-4   2   -2   2   -1   2   -2   3   -2   0   -3   2   -4   1   -4   2   -2   1   -2   3   
-3   1   0   3   0   5   -2   0   -4   3   -3   2   0   2   -1   2   -1   1   0   2   
-7   11   -14   2   -1   13   -3   4   -12   11   -5   4   -14   10   -8   9   -8   2   -13   9   
1   -2   1   0   3   -3   5   -2   1   -4   2   -3   4   -1   1   0   0   -2   1   -3   
0   -1   -1   0   1   0   3   -4   1   -3   0   -2   -1   -2   0   0   0   0   4   0   
5   -7   2   4   6   -5   3   -5   5   -4   0   0   3   -2   2   -6   1   -4   8   -2   
3   -4   4   -10   7   -4   6   -7   11   -10   13   -5   6   -9   3   -6   12   -3   8   -4   
-7   9   -4   7   -5   3   -13   2   -4   7   -7   4   -10   -2   0   2   0   -1   -6   3   
-6   7   -7   3   -3   5   -3   3   -4   5   -3   6   -7   6   -6   7   -3   8   -7   3   
-1   0   0   0   0   0   -1   5   0   1   0   1   -2   1   -2   2   0   1   0   -1   
-10   6   -6   10   -5   10   -13   15   -15   4   -10   12   0   13   -8   10   -8   7   -7   5   
-1   8   -9   3   -2   11   -9   3   -9   -1   -1   10   6   3   -1   8   -13   12   1   11   
-3   1   2   -5   -3   2   0   0   -7   8   1   2   -6   1   -1   -8   0   -1   -2   0   
-9   2   -4   -5   -8   8   -5   0   -5   1   -7   0   -3   8   -3   6   -2   1   -2   4   
-4   -10   4   9   5   -4   6   -6   5   -10   3   -8   6   -6   0   -1   7   -2   0   0   
7   1   -4   3   -2   -2   13   -7   4   -4   8   -1   8   0   -2   0   0   -6   -1   -3   
4   -6   5   -2   3   -1   -2   -3   8   -3   4   -2   0   5   6   -4   2   -5   5   -5   
-3   4   -2   0   -3   3   -2   0   -1   2   -1   3   -5   3   -3   2   -1   7   -4   4   
0   77.804   46.7916   62.7074   66.2029   65.0408   41.803   46.6228   52.1262   32.6619   33.1638   47.6508   70.4129   69.4309   23.9443   60.2627   56.5322   58.0514   64.3289   59.1818   54.547   55.3113   62.1142   72.8507   56.2076   79.437   51.6563   29.8489   49.5372   53.8281   62.0119   53.5398   41.4924   71.0526   36.095   71.7062   75.2536   56.8688   37.083   46.2947   70.7075   54.6079   54.9483   38.4402   51.7567   56.7551   57.2922   25.4018   61.0116   34.0333   
63.6553   0   108.431   90.4723   108.275   60.099   50.0778   93.0274   91.7483   81.5064   88.5073   109.601   48.6254   95.4564   86.2966   101.711   97.5877   33.799   76.0384   67.4859   95.007   118.967   101.362   101.15   59.3883   109.258   115.312   81.0328   93.4089   92.4126   111.072   75.208   99.1078   27.0384   75.7171   117.339   114.771   98.339   77.3012   107.88   77.2398   118.263   75.3704   69.7671   73.8867   61.0526   43.5183   74.4023   89.5681   71.6443   
31.7805   94.2019   0   68.0872   69.7707   92.7718   73.5835   47.0644   71.5661   55.0789   39.5183   26   100.45   71.0089   39.8473   45.2132   47.0868   89.8319   92.1643   87.0576   46.0644   29.544   72.8845   75.0098   82.2858   99.7253   24   56.3017   59.4442   54.0571   58.7253   72.7598   40.8114   102.833   66.0117   87.6757   94.6518   81.1354   56.7922   41.4165   97.3207   31.3693   72.5619   63.4975   78.2944   87.2873   89.0727   57.1823   74.1664   64.607   
47.7074   72.111   53.0848   0   107.419   101.408   65.61   36   94.6905   74.4841   57.3516   69.3346   98.0274   31   66.2302   43.4411   39.318   72.8609   108.254   98.8721   38.0278   72.2701   103.193   26.7703   54.6129   127.144   63.2701   53.0132   89.2455   34.0278   103.11   38.4683   66.124   87.6174   83.8025   119.414   122.961   104.576   76.8371   80.307   106.596   84.4542   35.3776   56.7151   89.6525   58.0588   73.8705   62.2769   26.099   79.9828   
44.643   93.4077   50.8035   91.2853   0   71.2339   76.8608   86.8951   30.7631   47.541   67.4786   72.7582   82.4106   112.708   61.8292   89.7332   85.6101   92.4688   59.3208   60.6878   89.6072   79.0888   23.8102   117.01   100.851   45.0832   74.8035   74.4919   44.1896   93.2416   33.0454   98.1829   65.0104   104.699   55.5576   42   39.8035   38.6011   59.0132   54.4006   69.4023   69.5395   99.5914   83.0832   67.1825   101.398   93.4321   70.0448   105.331   63.107   
49.0408   46.0977   78.7718   85.9593   55.2268   0   50.805   92.6209   56.72   57.8925   79.574   93.2424   38.3693   108.918   71.8324   100.98   97.5076   51.7151   36.0949   29.6301   95.7981   101.305   65.2611   112.73   69.9505   69.472   100.145   71.1155   63.1048   97.462   78.4747   88.7152   79.0308   59.0606   46.2803   74.5688   69.7092   57.2151   52.8151   79.8241   25.3246   98.2031   85.0488   67.2443   31.72   75.1415   50.7151   62.4166   103.829   50.0147   
27.5862   36.0694   58.5235   50.5668   62.514   35.805   0   66.0106   62.0978   50.2025   60.0384   74.6406   56.2415   76.7168   51.5305   68.2829   64.1597   34.5563   65.2367   55.8552   65.0106   81.888   72.0858   75.327   37.8806   91.5467   79.2426   47   63.7584   71.0956   81.4219   56.4683   61.72   49.5876   46.0666   86.3491   87.4262   72.1307   48.632   70.2033   55.1096   82.1941   54.2324   38.3178   46.6356   52.9422   33.5563   39.4012   72.7598   46.6155   
31.6228   76.5506   31.1448   22   71.8679   77.6209   46.0109   0   76.6021   57.6033   33.4165   54.0167   96.7885   40.318   49.4253   27.9443   24   76.452   95.9517   87.3781   22   54.313   90.8395   48.7703   60.894   111.06   45.313   46.7697   72.4004   26.1231   84.7694   33.105   45.1661   91.2252   67.7178   103.329   103.939   88.4916   64.566   61.9659   97.1848   62.4166   41.6586   49.249   78.1585   66.6173   79.5672   56.2053   41.0294   65.6561   
31.9061   76.6942   48.0833   79.6116   16.7631   40.6079   46.0977   62.2415   0   47.2485   60.1856   68.5072   66.2488   98.3149   55.8504   79.6802   77.0317   77   49.3209   45   76.9365   75.4478   33   104.757   83.0681   49.9411   71.5847   61.755   35.6491   82.4556   44.9317   85.4459   54.2244   80.8534   43.0312   46   48.8029   32.1803   49.8035   50.1496   57.9487   73.0408   86.8544   70.3463   40   88.5845   79.6541   57.3079   91.8866   51.0768   
11.6619   67.2012   35.1283   59.3633   33.541   43.7379   32.2025   42.5206   20.2485   0   44.4511   51.3553   67.7288   81.0928   35.2315   64.9523   60.8292   64.8877   62.3464   54.3366   59.2782   64.6723   46.4775   84.5126   65.8321   70.1896   59.1045   40.4709   28.0384   65.4901   53.3883   62.0977   44.8035   71.9828   33.2906   60.0652   65.0104   47.4138   24.0711   41.6008   63.0444   54.8534   64.5729   48.0647   46.1725   68.0414   65.7588   35.0263   72.6735   37.7279   
15.1327   74.0608   20.5183   39.5601   52.4786   64.1249   38.9102   19.4165   43.1856   24.1868   0   46.5183   85.5456   59.537   25.2195   39.4722   38.8494   72.7157   79.4617   74.3146   41.4165   49.4253   64.448   62.0935   64.0106   93.1268   44.5183   31.0384   52.2252   38.3238   61.8188   52.5215   33.0828   85.4471   51.2278   82.624   88.4218   70.037   47.9258   43.0768   83.7533   51.8876   50.4401   53.5729   66.8894   65.1411   72.4249   40.5345   60.4459   49.166   
32.6497   95.4254   2   55.0818   49.6488   79.0759   59.6406   33.1361   47.5395   35.3553   22.0227   0   98.8888   73.0089   41.8473   45.4279   48.4005   90.7011   91.0028   84.2567   48.0644   31.0623   67.0531   73.4138   84.2858   94.7314   25.3137   53.0611   49.9285   56.0571   57.1611   65.6488   37.0294   103.702   61.1699   81.5733   87.5929   75.1497   55.2311   34.3576   98.3057   32.4403   72.4628   65.4975   80.2944   87.1638   89.9418   58.0514   72.1597   66.607   
52.9528   34.5254   84.2021   83.5703   66.4003   12.3693   33.2415   78.4092   50.9313   50.1597   67.4759   84.7703   0   107.37   76.6841   101.524   97.4013   46   43.4429   41.9995   98.2522   106.902   75.6003   108.569   64.2354   81.8414   104.609   74.0089   75.4741   102.539   90.844   89.0454   84.6763   43.587   58.6496   82.9648   75.6847   67.8774   57.6578   91.7606   37.6939   105.013   81.4966   69.5395   44.0894   70.9422   45   69.0111   102.957   62.384   
52.4309   76.0066   56.0089   5   95.7079   90.9175   55.4617   25.318   84.3149   64.0703   43.6578   58.0086   88.3912   0   68.8773   46.1231   42   77.8609   112.234   103.872   43.0278   75.4876   108.106   24.0828   59.6129   131.868   66.4876   58.0132   92.1087   39.0278   105.477   39.8033   64.0408   92.6174   87.2496   124.135   127.685   109.3   81.2485   85.307   110.571   82.0294   40.3776   61.0495   94.6525   56.0132   78.8705   67.2769   27.434   84.9828   
8.94427   72.2496   22.8473   47.5395   43.8292   57.0351   36.2353   28.4253   33.9706   15.2315   9.21954   23.7065   61.6117   51.8941   0   48.6917   48.069   66.9957   72.7134   63.2544   50.4253   51.3847   57.4005   71.3131   64.5872   83.4227   46.8473   29.6015   43.27   47.5434   53.0512   59.3456   32   79.9969   45.0393   75.2967   78.2066   59.8219   39.3026   34.6155   73.1386   54.2166   55.1123   47.3844   54.1123   65.6994   66.2365   34.346   60.5441   40.1948   
36.7696   85.44   27.4591   27.2029   73.2462   84.5281   54.231   8.94427   65.437   46.6476   22.4722   29.4279   86.093   29.2746   31.6228   0   30.1231   85.3962   101.098   92.4475   30.0623   45.2132   86.9202   49.0666   69.8383   115.045   36.2132   48.4138   74.686   32.6301   84.291   42.0492   49.4558   100.169   72.8646   105.096   109.829   91.4446   70.398   63.7854   101.919   58.0512   50.6029   58.1933   83.2723   70.4777   87.7873   62.1713   38.8473   65.2445   
33.541   81.3449   28.0179   25.318   71.6101   80.8084   50.1597   5   63.0317   43.8292   19.8494   30.0167   82.1523   28   29.0689   4.12311   0   78.8172   97.8699   89.9541   27   46.7805   84.2699   48.3855   65.894   111.479   38.0868   41.6833   65.9205   24.6158   79.2302   38.105   37.6008   93.8484   69.636   102.473   107.276   88.8908   66.0435   57.5441   98.6532   56.05   46.6586   54.249   81.165   66.6154   77.8172   51.4833   38.6155   67.5743   
43.8634   19.799   74.6324   58.8558   75.6902   36.2353   16.2788   59.2284   58.9406   47.7074   54.7083   75.8024   28.2843   63.3482   52.4976   67.9117   63.7887   0   66.5964   56.2616   75.2284   98.0975   83.6586   84.4471   35.2354   97.6149   93.4145   56.8167   74.7903   74.5399   94   60.0454   74.0086   32.0312   59.0116   95.2013   94.5861   76.2013   55.8167   85.6563   57.4853   98.4713   52.4833   42.2488   53.0135   41.9422   16   52.6497   81.2189   51.3553   
50.3289   62.0081   76.1643   93.2363   43.0116   16.1245   45.8039   81.3941   31.3209   41.7732   65.146   76.0592   28.4429   98.2344   56.7539   87.0919   83.7735   50.2892   0   25.8167   99.3679   101.06   54.5106   120.007   83.6845   53.541   99.75   75.565   63.5247   101.636   72.2699   96.1494   78.5368   72.03   45.8329   56.8956   49.6155   44.4131   56.2753   81.4705   37.7703   95.3095   91.9667   75.5498   36.6011   91.266   66.2892   66.2597   108.05   54.2353   
41.9762   53.2353   70.1142   83.006   44.6878   10.6301   35   72.2357   30   35.0143   57.0701   70.2567   21.9545   88.0057   49.2544   78.4474   74.9466   40.025   10.8167   0   87.2976   92.804   55.8782   107.743   72.6159   64.3577   92.2195   62.615   53.6264   88.9615   69.9742   81.8012   71.3132   64.0729   37.7798   67.5027   60.4321   48.7146   44.3146   71.3236   35.0499   89.7026   79.947   62.1682   23.2195   81.9672   56.025   62.4708   101.322   51.2029   
32.45   77.4919   31.0644   22.0227   72.4017   78.5875   47.0106   1   62.9365   43.2782   20   33.0606   79.404   25.1794   29.0689   8.06226   4.24264   60.208   82.2922   73.1642   0   50.4401   84.448   45.5136   61.894   111.887   42.3294   39.6982   70.1631   27.1231   80.2118   34.105   41.8435   92.2252   68.545   102.624   104.939   88.8908   64.4185   61.7867   97.772   59.2897   42.6586   50.249   79.1255   58.4382   76.208   53.171   39.1172   61.0977   
40.3113   102.416   8.544   57.0701   55.9464   87.1321   66.888   35.7351   55.109   43.4166   28.4253   8.06226   92.72   59.4138   31.3847   30.1496   31.7805   82.9277   84.0238   78.3135   35.4401   0   71.9938   79.2162   90.8298   99.6721   32.544   58.4005   57.326   56.3963   61.0435   68.8401   45.0916   111.364   69.2322   87.5579   92.5335   80.0904   63.2933   39.2982   103.611   37.2956   77.3938   72.0415   84.5845   87.4098   97.6035   65.713   68.9969   69.1202   
40.7185   86.0349   51.8845   88.193   7.81025   47.4236   56.0803   69.814   10   29.1548   50.448   50.9902   58.6003   92.7847   41.4005   72.1249   70.0928   68.6586   35.5106   36.8782   70.4344   57.9396   0   111.99   92.0592   45.0888   75.8845   64.5668   43.4391   88.7718   35.7631   91.2525   63.669   90.8534   48.0192   35.2047   37.8087   27.1803   48.5576   53.6956   62.6878   67.448   92.621   76.1128   50   96.0896   84.6586   63.0744   99.3547   53.0555   
56.8507   82   57.4282   10.7703   99.363   96.6488   61.327   27.8568   88.6002   68.4105   46.9574   59.4138   94.3398   6.08276   55.5698   30.0666   29.6142   69.4262   103.6   93.4773   27.5136   60.0083   96.7988   0   64.2494   136.288   66.2798   63.7835   92.9875   37.7697   107.725   44.9422   67.215   98.3877   92.9457   128.476   131.796   113.72   87.3312   86.7844   116.437   85.6642   46.1479   67.1322   100   62.0959   84.6409   73.0473   33.5167   88.6114   
41.4367   32.3883   67.4759   40.0125   82.0244   53.9073   20.8806   45.1774   66.0681   49.6488   47.0106   69.029   47.8017   44.1814   48.3011   54.1202   50.1199   20.1246   65.8635   55.0727   46.0652   75.0067   76.0592   50.2494   0   109.781   88.2066   56.1895   77.6872   62.0973   100.158   44.8927   73.8471   48.9559   66.9472   105.18   104.244   86.1803   62.6694   82.9167   73.8164   96.0446   38.026   39.7883   67.5163   23.7082   36.1246   48.8058   57.2046   57.0125   
65.437   95.1315   79.6492   113.004   30.0832   49.6488   73.0821   96.1769   33.9411   53.9073   77.1038   78.7147   61.9839   117.801   67.897   99.2472   96.9381   81.4985   33.541   42   96.8762   85.4927   27.7849   122.287   93.9628   0   103.649   90.0012   62.3706   114.968   55.5136   114.02   88.1655   98.2192   61.4482   28   30.2801   38.6008   69.9181   75.3738   67.1475   95.2329   115.412   101.972   65.2195   117.671   97.4985   88.9336   125.828   78.356   
37.6563   97.4166   10   48.2701   60.803   86.1452   62.6498   27.313   57.5847   43.1045   23.7697   11.3137   90.6091   50.4876   29.1548   21.2132   23.0868   78.2943   84.7172   78.0256   26.9258   9   61.7738   51.0098   68.6804   89.5545   0   54.6742   60.9444   47.7026   68.2144   60.418   43.2132   108.709   72.4836   92.887   98.6462   84.7095   66.5448   45.4109   102.293   34.6815   68.9716   73.4975   83.2671   85.364   93.4145   63.0581   60.0605   69.345   
9.84886   61.0328   33.3017   38.0132   54.4059   54.1295   26   23.7697   41.6773   21.4709   13.0384   34.6554   56.0089   42.8019   13.6015   30.4138   26.6833   41.6773   57.7062   48.4665   24.6982   41.4005   50.5668   47.4236   34.9857   75   36.6742   0   48.2415   45.4197   66.6527   51.6982   42.6918   73.6508   43.7321   81.5361   85.1025   66.7177   38.5183   48.2053   72.4217   60.0454   51.0185   40.4012   53.3954   52.1141   57.6773   28   47.4215   43.8822   
23.5372   78.5493   35.4401   70.214   21.1896   48.7545   44.5982   51.4004   12.6491   13.0384   32.0156   34.9285   57.4282   74.7061   23.0217   53.7587   51.6624   59.4811   42.2966   38.6264   52.0096   42.5793   18.4391   78.5493   62.6498   45.607   44.9444   33.2415   0   70.3394   38.4165   74.8705   47.3196   83.8854   33.6918   53.6437   55.9487   38.7697   32.9737   32.0278   70.3839   51.054   77.6113   61.1031   52.6491   79.0692   75.4811   48.0647   80.2993   49.1661   
34.8281   76.243   35.0571   18.0278   75.8024   79.6994   47.0956   4.12311   65.8559   45.9674   23.3238   37.054   79.9062   21.2132   32.2025   10.6301   7.61577   59.5399   84.119   74.7329   4   39.2938   73.6003   23.7697   44.3847   99.7647   30.6757   26.4197   55.2178   0   84.2118   36.2047   45.2166   91.5711   69.8032   105.948   108.062   91.697   64.938   63.0833   98.8414   63.2897   45.0768   53.3721   79.8151   61.3113   75.5399   54.4197   38.1529   65.0977   
42.0119   97.0618   41.7253   86.3308   11.0454   62.482   63.8905   65.7951   21.9317   32.3883   46.8188   40.3609   72.8354   90.4765   39.0512   66.0379   64.8845   78.3901   51.8845   51.8556   66.2118   46.0435   16.7631   93.6216   82.0366   41   51.6624   51.2445   19.4165   69.857   0   91.7541   55.6293   102.785   53.1083   50.5136   50.7343   43.9434   52.3902   43.8035   79.4509   54.1214   94.1636   78.195   61.9317   98.4857   94.3901   67.4137   98.6661   61.3244   
34.5398   60.208   47.7598   15.2643   79.0569   70.7107   35.4683   19.105   66.1891   46.0977   30.0666   49.6488   68.6222   20.2485   36.3456   27.6586   24.0416   45.0444   78.1025   67.8012   19.799   53.6656   75.2396   25.9422   27.8927   99.0202   45.793   24.6982   57.8705   17.2047   75.3127   0   58.1248   76.8485   67.7185   106.163   108.648   90.5197   62.935   70.9611   90.5779   79.0833   28.9443   45.4709   75.3059   46.2594   61.0444   51.4795   28.3693   57.2782   
16.4924   78.4092   15.8114   45.1221   48.0104   65.0308   42.72   24.1661   40.2244   22.8035   6.08276   17.0294   69.4262   49.0408   8   25.4558   23.6008   58.8218   64.5368   57.2189   24.5967   24.1868   46.669   52   52.4309   73.8783   21.2132   17.6918   28.3196   28.2312   41.6293   36.1248   0   87.545   51.2381   81.8737   84.2681   67.0893   42.0185   35.2237   81.1386   46.4008   56.5229   49.0588   62.1123   69.8059   73.7846   41.8942   61.025   48.1948   
56.3028   13.0384   87.818   73.5527   81.8596   33.0606   29.5466   74.1485   65.2993   57.9828   68.4471   88.8369   21.587   77.9295   65.192   82.7647   78.6448   15.0333   49   40.4475   75.1332   96.2549   74.3236   84.0119   33.9559   82.2192   92.1954   55.5428   68.4105   74.5453   86.2844   60.0083   72.0694   0   72.0392   104.449   97.2717   89.1457   65.9117   96.3941   55.2046   110.911   67.5166   56.9762   63.667   54.5216   31.0333   67.683   88.111   62.2548   
21.095   61.7171   47.0425   67.3573   32.5576   32.28   30.0666   52.6972   16.0312   12.0416   35.4683   47.1699   39.9625   72.2496   26.9258   57.6975   54.5894   43.3244   29.8329   23.0868   53.535   55.2268   26.0192   77.0779   50.1597   46.1411   55.1453   29.7321   17.6918   55.8032   35.3553   53.0094   34.7131   51.0392   0   61.2239   60.2311   46.8473   28.2195   49.7196   47.5865   66.895   68.4998   51.1385   28.5602   70.0063   59.3244   39.2466   77.1537   26.4403   
57.7062   96.8814   67.6757   105.309   17   53.7122   70.3491   87.0057   26   46.0652   67.624   66.5733   65.9242   109.932   58.6003   89.1403   87.2067   81.1542   38.5876   44.2719   87.6185   72.9452   17.2047   113.991   90.934   14   77.666   67.5352   35.609   90.802   27.5136   92.1358   63.7024   84.4038   41   0   25.2801   44.385   65.7623   63.2597   71.2443   81.6351   106.792   90.284   59.2832   110.261   97.1542   77.2456   114.957   67.4403   
59.6406   93.771   72.5603   107.336   22.8035   49.3356   69.4262   89.9389   27.8029   48.0104   70.7248   71.5891   61.6847   112.071   61.5549   92.6984   90.5097   79.0253   33.6155   40.6079   90.6091   78.2943   20.8087   116.4   90.2441   7.28011   82.4924   69.3397   38.9487   93.6056   33.7343   93.6483   67.2681   81.0494   41.2311   7.28011   0   38.3848   69.3663   67.2353   61.3847   87.8557   109.731   92.3695   63.8274   111.237   94.0569   80.4776   116.761   67.6714   
41.8688   78.339   59.1354   89.4036   18.6011   37.2022   51.4782   72.8629   11.1803   30.4138   54.037   58.5235   48.8774   94.2019   44.8219   76.4003   73.8783   62.2013   24.4131   26.9258   73.5935   65.9697   11.1803   98.7168   72.1803   23.6008   68.7095   51.4004   23.7697   76.3675   27.8568   75.4718   51.3128   66.0984   22.8473   19   18.3848   0   51.0669   55.7975   48.9411   74.8237   91.1532   73.9858   48.4951   92.8537   76.1289   62.0939   98.8219   49.2876   
12.083   60.2163   40.7922   58.258   38.0132   38.1182   25.632   43.566   22.8035   7.07107   26.9258   41.2311   43.6578   63.1269   19.0263   48.8467   45.618   40.8167   38.2753   30.2655   44.4185   49.2443   32.5576   67.897   44.1022   54.9181   48.0416   20.5183   18.9737   46.6154   38.3275   44.1022   27.0185   50.9117   9.21954   48.7032   49.6488   31.3847   0   48.6719   56.8061   61.9245   62.7163   45.355   37.7798   64.2229   55.5424   33.4631   67.9398   20.6569   
27.2947   90.0278   19.4165   65.307   31.4006   65.7875   54.2033   43.9659   30.1496   23.6008   26.0768   18.3576   73.3553   69.1231   20.6155   43.4166   42.5441   70.2922   60.2993   56.0446   44.2719   25.2982   32.6956   71.7844   68.542   60.3738   29.4109   34.2053   18.0278   48.0833   22.8035   56   20.2237   81.3941   33.6155   48.2597   53.2353   40.7922   30.6105   0   81.202   44.0263   75.7279   65.7348   62.1757   84.0498   84.5869   52.6964   81.1596   51.2673   
51.6236   52.2398   80.1561   90.7359   52.4023   6.32456   41.1096   81.2712   38.9487   45.0444   66.7533   80.3057   18.0278   95.7183   59.1354   87.8009   84.2021   42.4853   10.7703   10.0499   82.2192   88.3629   44.6878   101.356   59.8164   44.1475   88.0057   57.5674   48.3839   83.5703   60.4649   75.4718   67.1193   39.2046   33.1361   49.2443   44.3847   33.9411   40.1123   65.9697   0   99.4379   89.9968   72.2181   33.2694   81.4661   57.0397   68.7411   103.841   56.3393   
40.6079   104.139   12.3693   65.2763   47.5395   84.2021   68.1175   43.4166   49.0408   40.8534   31.9061   10.4403   91   68.0294   31.8904   39.0512   40.05   84.386   79.3095   74.7329   43.2897   10.2956   50.448   69.1158   78.8162   77.4919   18.6815   44.0454   37.054   47.2652   37.1214   60.0833   26.4008   96.8349   51.923   64.4748   70.2282   59.4138   47.4236   19.0263   84.7231   0   82.3462   75.4595   80.4832   96.1595   97.9001   66.0096   75.407   68.0805   
36.3456   51.6236   54.5619   21.3776   80.8084   66.0303   30.2324   27.6586   66.7308   47.2969   35.4401   56.3649   62.6498   25.9615   40.1123   36.4005   32.6497   37.4833   74.9667   64.3506   28.4253   61.0574   76.243   32.0156   19.2354   98.4124   53.6004   27.0185   59.8415   26.0768   78.2304   8.94427   41.4849   52.2398   52.3259   92.6984   93.5201   75.1532   44.0114   60.531   71.218   66.7083   0   31.8045   71.7274   40.3178   53.4833   51.5466   36.025   62.0595   
22.8035   45.6508   49.4975   36.7151   65.2763   49.2443   14.3178   32.249   50.2195   32   29   50.9313   47.5395   41.6773   29.5296   40.7922   36.6742   27.2029   57.28   46.7547   33.2415   57.3847   60.0167   47.4131   18.7883   80.9568   51.8652   16.4012   45.0111   33   64.195   21.4709   34.0588   41.9762   35.1141   75.9605   76.3217   57.9396   27.4591   49.7695   54.0833   60.4401   17.8045   0   59.72   42.4965   43.2029   30.0384   49.8402   48.1159   
32.7567   52.8867   61.2944   74.6525   41.1825   17.72   28.6356   63.1585   25   26.1725   47.8539   61.5224   26.2488   79.6492   40.1123   69.2604   65.7875   37   18.6011   9.21954   64.0781   69.5845   33.541   85   49.3964   44.911   69   39.3954   31.3847   65.7419   46.7547   59.5483   48.0937   40.8534   14.5602   44.2832   42.0476   25.4951   21.095   48.1041   19.0263   66.4831   56.7274   38.9487   0   73.1046   52.0135   43.6816   85.8423   32.0278   
42.7551   38.0526   66.2873   34.0588   85.0941   60.1415   25.9422   41.6173   69.5845   52.0384   46.1411   67.9559   54.4059   38.0132   48.7032   50.4777   46.6154   26.8328   71.5612   60.7454   42.4382   73.4098   79.511   44.0454   6.7082   98.6813   66.5282   35.1141   65.0692   40.3113   84.2912   23.2594   51.8845   40.5216   53.9351   94.921   94.6414   76.4003   47.0956   69.2604   65.9469   78.032   14.3178   20.0998   54.5619   0   42.8328   50.1382   50.3428   63.7207   
43.1393   20.5183   73.8173   57.8705   75.4321   36.7151   15.5563   58.2495   58.6941   47.1699   53.8516   75   29   62.3699   51.7397   66.9403   62.8172   1   50.5964   40.2616   59.2284   82.0975   68.4471   68.4471   19.2354   81.6149   77.4145   40.8167   59.0339   58.5491   78   44.0454   58.0086   16.0312   43.0116   81.0987   79.0569   62.1289   40.3113   69.6563   42.9418   83.6301   36.4966   26.2488   37.0135   25.9422   0   53.6497   72.4147   52.3553   
11.4018   52.4023   42.19   45.2769   52.2398   43.4166   16.4012   34.2053   37.3631   19.0263   23.0868   43.2666   45.0111   50.2494   19.8494   41.3038   37.4833   32.6497   48.2597   38.4708   35.171   50.6063   47.0744   55.4437   30.8058   68.9638   46.8188   11   32.0624   36.4005   51.3517   30.4795   26.4197   45.6508   22.8254   63.2456   63.9766   45.618   14.5602   38.5876   47.1699   51.7397   29.5466   13.0384   29.6816   33.0151   31.8904   0   58.4215   35.2171   
43.0116   71.5681   48.1664   5.09902   86.3308   82.7345   47.7598   17.0294   74.8866   54.6443   34.4819   50.1597   80.9568   9.43398   42.5441   22.8473   20.6155   57.2189   89.4036   79.3221   17.1172   52.3927   83.3547   14.2127   39.2046   108.407   43.6807   33.4215   65.2993   13.1529   81.2712   12.3693   40.025   72.111   62.9682   100.499   102.65   84.8116   53.8145   60.208   87.3212   60.407   20.025   33.6155   70.8025   33.7343   56.2228   41.2311   0   69.6475   
15.0333   54.6443   45.607   57.9828   42.107   34.0147   20.6155   45.1885   26.0768   12.7279   30.1496   46.1736   38.6005   62.9365   23.1948   51.2445   47.7598   35.3553   36.2353   27.2029   46.0977   54.1202   36.0555   68.0147   40.0125   56.356   52.345   21.4709   24.1661   47.8853   43.3244   43.2782   31.1448   45.2548   10.4403   51.4198   51.6236   33.2415   5.65685   36.2353   36.6742   52.7731   42.0595   24.6982   18.0278   43.566   34.8855   12.8062   53.8145   0   
