15
40
999999 7 13 13 11 7 9 16 9 9 17 7 7 12 14 17 10 14 14 5 10 11 12 5 13 12 13 10 17 13 17 7 5 9 8 14 17 14 6 12 
0 2 5 7 8 6 8 1 7 6 5 3 5 7 7 6 6 11 1 4 8 7 10 1 10 6 10 4 10 7 4 6 4 5 4 2 15 10 4 4 
20
0   0   0   0   0   0   0   0   0   0   0   0   0   0   0   0   0   0   0   0   
-2   3   -2   2   -2   2   -1   3   -6   3   1   2   -2   0   -1   2   -2   1   -2   1   
5   -4   -2   3   7   -10   4   3   0   0   5   2   0   -1   -2   0   -4   0   -6   -3   
-2   3   -5   7   -2   2   -10   0   3   2   -11   8   0   0   0   -3   -5   5   0   0   
-7   2   -2   7   -5   3   -1   3   -2   8   -1   5   -1   4   -8   5   -2   9   -7   8   
-1   1   0   2   0   0   4   0   0   -1   0   1   -2   -1   1   3   0   -2   -1   2   
7   -5   4   -9   8   -1   9   -1   8   -7   3   -1   6   -5   8   -6   8   -3   2   -8   
9   -10   11   -9   13   -7   12   0   -1   -5   15   -2   10   -15   4   -11   9   -9   10   1   
-2   0   -5   7   -1   4   -6   0   -2   0   -6   6   -9   3   -5   3   -5   -1   -1   2   
1   2   -3   0   -4   8   -4   4   0   4   -9   0   0   2   -1   3   -3   1   -5   5   
13   -10   12   -7   9   -12   14   -9   15   -10   4   -6   -2   -14   9   -8   8   -4   9   -5   
0   3   0   2   1   -2   2   0   -3   0   -1   0   4   2   0   1   1   0   -3   0   
0   0   0   1   1   0   4   0   4   0   3   -1   0   0   0   0   0   0   -2   0   
2   1   1   -3   0   -10   0   2   -1   -5   6   -3   10   1   2   -1   -5   -3   -1   -2   
0   -7   5   1   -3   -1   2   -4   1   -2   8   -2   6   3   -1   -2   7   0   0   0   
5   -11   6   -6   10   -15   8   -14   5   -9   7   -8   15   0   1   -15   13   -9   10   -14   
6   -5   2   -4   0   -1   2   0   1   -4   4   0   -1   2   4   0   7   0   2   -2   
-4   -5   1   5   0   -5   5   0   2   -8   10   -8   2   -7   -3   -2   1   0   -1   0   
-3   5   -4   3   -8   3   -7   4   -3   3   -10   0   -12   0   -6   4   -5   1   -8   1   
2   0   2   -2   1   0   0   -1   1   0   3   -2   0   0   0   -1   0   -2   0   0   
-6   7   -6   4   -4   4   -1   1   -4   3   -2   2   -6   0   -4   4   -1   2   -5   1   
1   0   5   -2   -1   0   -3   2   0   1   -2   6   -3   -1   1   6   -4   0   3   -2   
-1   0   -3   0   -4   2   0   4   3   0   -1   5   -1   -9   -8   -1   -3   -3   0   -5   
0   -1   0   -1   1   -2   2   -2   1   -2   1   -1   1   -3   1   -2   2   -3   2   -3   
5   -7   4   -11   -4   -7   7   -5   4   -9   10   -3   3   -8   9   -6   5   -5   2   -5   
12   -12   10   -4   12   0   12   -12   8   -3   11   -9   8   -8   9   -7   7   -2   9   -4   
13   -10   8   -9   7   -5   7   -6   9   2   6   -8   10   -4   5   -5   5   -9   4   -4   
-1   6   -3   -2   -3   8   0   3   -3   6   -3   3   -1   6   -8   3   -2   4   0   7   
0   0   0   -4   4   -2   5   -6   3   0   4   4   4   0   2   -7   3   -10   8   5   
-5   10   -6   6   -8   5   -12   13   -12   6   -12   4   -13   9   -8   1   -6   4   -11   4   
6   -7   8   -5   13   -7   3   -12   1   -5   11   -8   11   -6   7   -11   14   -14   12   -3   
0   0   -2   0   0   0   0   -1   3   2   3   0   -1   -2   0   -2   2   0   0   -1   
0   -2   1   0   1   -4   1   -1   4   -2   0   0   2   -2   1   -2   1   -3   4   0   
1   0   0   -6   6   0   3   -3   3   1   -1   -8   6   -4   7   -3   7   -4   1   -8   
1   0   2   -5   4   0   0   -1   4   -1   2   -1   2   1   5   -3   5   -4   1   -3   
-3   0   -2   0   -5   -2   -7   5   1   -5   1   6   -1   0   0   5   -1   2   -1   -6   
-4   5   3   6   0   4   0   1   -2   -11   4   0   0   -1   4   -15   0   3   3   3   
-7   4   -3   5   -6   2   -4   5   -6   6   -14   13   -9   9   -11   6   0   5   -5   5   
0   1   -2   2   -2   5   -6   3   0   4   -3   6   -3   3   -2   3   -3   3   -2   2   
-7   4   -11   11   -9   8   -2   5   -6   8   -8   4   -11   9   -11   10   -9   7   -11   10   
0   33.0454   81.1208   71.6382   64.8808   72.0088   66.8941   78.3566   71.4004   54.2328   67.2055   49.248   63.8504   63.1699   36.095   29.1529   55.2866   68.2548   56.2616   53.4489   74.1431   64.4342   44.4709   46.2354   59.0555   39.2132   41   78.2649   56.3694   50.2866   70.634   81.1994   74.7963   56.8378   59.3503   28.0454   58.8973   45.0227   63.4475   23   
15.1327   0   67.3352   74.874   73.366   64.4236   66.5412   82.6856   82.9688   55.7063   68.5547   40.364   54.0644   63.0476   27.2111   35.2485   64.0001   63.3847   48.8328   56.72   61.277   76.535   58.9487   46.9176   67.535   39.5602   37.4307   63.2217   65.963   59.8803   83.3506   67.4138   61.0106   56.1947   46.4109   25   59.1283   60.1555   49.1548   38.1327   
64.6607   52.4023   0   86.6917   124.752   30.3782   43.5308   97.7345   109.289   68.2412   69.8364   64.8681   38.9076   48.2517   69.2361   74.0593   100.027   97   67.1728   92.7464   76.1634   128.682   106.922   79.7971   119.937   83.467   70.3655   28.1529   95.2216   96.4931   133.729   16.2361   24.3246   108.597   72.1542   74.3149   52.2099   109.683   69.9181   87.6607   
55.1543   60.803   71.7008   0   98.201   75.3386   62.1856   27.0454   46.4109   37.4009   43   93.0606   74.7754   63.4492   81.8571   58.4853   58.6431   118.563   100.647   55.2345   117.844   94.05   88.0294   59.0555   96.5175   89.1798   51.4433   95.8469   51.1603   56.7343   116.425   86.4557   86.9093   111.523   107.214   83.0574   54.8469   95.111   109.958   77.6847   
46.0977   59.3633   110.752   82.201   0   117.122   109.821   96.0999   82.1216   91.7329   104.015   90.8833   104.183   104.563   78.4282   68.2033   59.0999   84.6018   94.1947   64.0521   107.132   29   41.5967   75.9576   32.831   69.6823   81.5093   118.598   79.5905   73.5077   31.8661   126.516   120.234   66.8722   93.4451   68.3783   96.8413   37.1246   102.328   61.8808   
57.0088   47.4236   15.5242   56.3205   102.591   0   29.1529   83.3659   97.8179   56.6232   55.4588   63.0102   41.0955   36.0278   63.0408   62.9183   89.542   100.133   74.0711   83.4111   84.4463   120.827   101.48   69.4985   112.342   77.2456   60.0116   38.4181   84.3573   84.542   124.443   31.2198   24.8167   103.618   75.1332   72.4236   41.3516   98.0238   79.2151   80.0088   
51.8941   45.5412   28.6356   43.1856   95.8019   13.1529   0   70.231   87.7083   46.5136   48.3059   70.3927   46.4709   27.831   72.7523   61.927   77.0385   104.288   84.2884   69.7584   94.1545   115.977   96.365   63.1421   107.443   81.3939   54.9508   51.5711   69.9464   76.8014   121.81   44.3727   37.9696   101.736   79.2884   69.2443   34.1421   95.3901   87.6418   74.8941   
61.0574   68.6222   82.7345   11.0454   82.0549   67.3647   54.231   0   45.2036   48.305   49.0179   100.872   85.8208   64.6488   89.6686   66.5349   53.6471   126.374   108.26   52.2225   125.655   93.3095   85.214   62.8808   95.1701   97.3337   59.2548   105.783   44.1603   56.2345   113.921   97.501   92.1813   115.648   115.033   86.2495   65.8923   96.5252   115   84.0574   
56.4004   68   95.2575   29.4109   64.7765   80.7527   68.2495   22.2036   0   61.1947   65.3847   105.648   93.2334   86.8524   92.4954   67.8743   38.0217   120.104   111.826   47.9302   127.894   76.2944   82.0699   59.8121   84.8172   95.6136   69.1425   114.185   39.868   49.3452   96.6426   108.43   105.569   110.005   114.411   84.4457   82.0789   88.7171   113.129   79.4004   
38.2099   40.7063   54.0833   21.4009   74.7329   39.6232   27.5136   31.305   41.1947   0   31   76.6392   55.3631   37.8403   67.9174   46.7192   55.1399   104.091   80.4438   49.6985   97.3204   94.3695   72.0088   48.587   87.0071   77.4231   39.4391   78.0413   45.6531   50.241   103.835   70.3193   64.4399   95.0478   84.2495   65.7063   38.0312   77.4152   89.861   61.2099   
51.1566   52.5547   54.9181   17   86.7295   39.4588   26.3059   28.0179   44.3847   13   0   87.8743   65.72   48.1359   76.6708   53.5371   63.607   112.091   93.4438   56.9625   106.049   104.62   83.6348   51.3657   100.007   82.6804   46.257   75.5392   58.6531   60.8044   114.494   70.6786   64.2755   105.976   97.2495   73.1202   44.2603   90.4152   100.666   72.1378   
34.2345   19.9249   47.7598   77.7817   73.736   49.0102   52.3927   86.5563   87.6641   56.6392   66.8506   0   54.0624   70.9215   34.1529   55.1733   83.925   56.0196   31.8102   76.6449   43.5815   91.2718   70.0133   66.8424   82.527   35.9545   57.3556   54.7151   85.8879   79.8051   98.1784   63.9959   61.1475   66.8808   31.0527   43.1948   68.5296   71.7587   28.8167   57.1321   
42.5206   31.0644   22.2036   57.7754   88.6172   17.2627   21.4709   68.352   77.2334   37.3631   42.72   32.0624   0   42.9317   54.9531   51.1618   81.3731   85.4722   55.6394   74.1642   71.3927   106.811   84.805   58.45   98.5995   65.2385   48.9848   42   81.9433   82.8276   110.219   36.6819   30.2788   87.2591   62.566   50.805   38.9317   84.2965   60.8791   65.5206   
47.1699   42.0476   33.1361   38.6394   90.4434   18.0278   5.83095   49.6488   62.8013   21.8403   22.1359   50.9215   21.9317   0   67.6273   53.691   72.9386   105.345   77.5711   69.6618   87.4302   107.191   84.8308   55.8977   102.147   77.0339   46.4109   56.4459   66.1597   69.9711   116.775   49.2475   42.8444   98.2423   81.9742   63.3982   27.6023   90.3553   79.7382   70.1699   
21.095   7.2111   51.8652   67.624   62.6099   49.0408   49.0102   75.6637   75.1798   47.1699   58.6003   13.1529   31.9531   46.1736   0   42.4596   70.6597   55.6005   34.6977   63.9311   51.7151   81   63.0579   53.5106   73.8031   30.3178   44.6419   57.1393   73.1741   67.0914   85.905   68.1013   62.2319   52.3275   44.2057   32.2111   60.025   59.4853   41.9696   41.587   
13.1529   20.2485   59.0593   42.4853   54.2033   48.9183   41.6173   49.2037   47.8539   25.0799   38.0526   39.8121   37.1618   36.3593   27.4591   0   48.0666   76.1676   62.1568   46.0623   79.1742   68.4885   57.6239   30.0623   64.8262   46.7567   23.2801   79.1618   44.1548   44.4764   83.787   73.8438   67.4406   69.9908   65.4099   34.105   52.7849   58.1757   66.3964   36.1529   
35.3412   48.7647   86.0233   37.6431   45.0999   73.4098   62.7694   37   23.0217   36.2353   45.607   68.6804   65.307   56.9386   55.6597   30.0666   0   100.088   90.3574   22.1623   107.018   64.5793   52.5398   38.0263   59.0476   71.833   47.0713   99.6226   25.0828   19   76.966   101.103   94.6994   88.6708   94.4889   63.3866   74.1935   64   92.2528   54.833   
50.448   44.3847   82   104.446   67.6018   84.0536   86.5794   111.252   106.104   85   96.933   35.0571   67   84.3445   38.6005   62.1289   83.7377   0   53.8329   100.405   54.3196   87.1506   80.6737   84.4046   78.1506   51.4109   81.8154   89.7722   104.841   98.7587   84.2013   98.2361   96.2046   48   49   69.3847   94.5875   76.2015   51.2029   69.2548   
40.2616   26.8328   52.1728   85.5628   76.6551   55.1453   59.4811   94.2603   94.8262   64.4438   74.6324   7.81025   38.6394   58.3095   19.6977   47.0106   75.2728   29.8329   0   83.5528   42.9271   93.8311   74.5741   73.2083   85.388   40.5153   64.2636   62.5254   91.1654   86.7131   96.922   68.4089   63.2544   61.3113   30.3983   51.0051   76.3398   71.0701   28.1623   55.1152   
30.2324   42.72   78.7464   34.2345   48.0521   66.2118   55.7584   35.6931   26.2488   29.6985   39.9625   62.6259   58.0517   49.93   49.7695   23.3452   7.28011   79.9062   69.4622   0   101.331   64.1736   49.5254   35   66.2832   69.4456   46.6253   100.052   32.3629   26.2801   76.2046   92.4347   88.3305   86.5733   88.7552   57.4502   64.0595   54.833   89.7416   53.2324   
56.648   43.909   61.0737   102.552   88.5664   67.4463   73.8241   111.396   111.893   81.3204   91.0494   24.8395   52.3927   73.4302   36.7151   64.1405   91.9239   28.3196   17.2047   86.3308   0   108.811   90.0625   89.005   100.295   57.72   81.3397   64.0104   108.295   103.789   101.401   77.3098   77.6825   60.0977   36.8661   62.0977   91.3245   86.0071   39.7648   72.3199   
47.4342   61.2944   112.004   80.05   5   103.247   95.901   79.3095   61.2944   73.8241   85.4927   76.5376   89.8109   90.4268   65   54.4885   42.5793   72.0069   79.8311   46.1736   92.2659   0   41.8661   70.2541   27   70.3611   77.7686   120.33   67.6621   61.5793   36.8661   126.493   120.09   65.4198   94.124   72.2128   101.841   37.8035   98.2309   60.8292   
25.4951   38.9487   90.1388   68.0294   20.6155   82.2192   76.0066   70.214   57.2451   57.0088   69.6348   54.5711   68.0147   70.8308   42.72   34.4819   34.5398   55.5428   58.4209   34.5254   72.0625   22.3607   0   50.4401   36.8661   49.0588   56.5933   99.8593   56.2214   50.1386   51.1548   104.697   98.2935   57.2022   80.283   53   84.3924   30.4721   80.9184   40.4709   
19.2354   28.3019   63.6946   36.0555   53.7122   52.1536   43.1393   41.8808   39.8121   21.587   34.3657   47.8539   42.45   37.4833   35.5106   8.06226   23.0868   69.4046   55.0727   16   72.2011   53.2541   35.4401   0   71.7545   54.8189   25.4868   75.9839   37.1896   42.0868   79.5136   79.1319   72.7288   75.4699   73.4722   42.1672   48   62.833   72.4543   41.632   
40.3609   53.535   104.995   78.5175   5.83095   97   90.4434   79.0253   62.8172   70.0071   82.2192   68.0074   82.8794   85.1469   56.7979   48.8262   42.0476   63.1506   71.0634   44.2832   83.2947   9   14.8661   48.7545   0   63.9248   71.4593   113.937   65.1272   59.0444   37.697   119.561   113.158   61.72   84.0357   64.5489   96.5506   41.3178   90.3863   53.0555   
21.2132   17   66.0379   75.1798   52.2015   63.2456   62.3939   81.8413   77.4661   56.3028   68.6804   21.9545   46.2385   59.0339   14.3178   32.7567   55.7584   29.4109   24.5153   51.225   38.3275   55.3173   34.0588   40   46.5725   0   54.4307   71.4571   73.45   68.5366   67.535   82.2309   76.5173   43.3311   46.3159   36.5602   74.3428   49.5576   44.0799   31   
20   23.4307   54.231   37.4433   61.0328   43.0116   34.8281   45.2548   47.1275   18.4391   31.257   41.6173   32.9848   29.4109   30.4138   7.28011   32.3883   67.1193   49.2037   25.1794   66.4003   61.0737   41.5933   9.48683   55.7584   38.0789   0   74.9848   46.6765   51.3883   89.0004   68.3302   61.927   76.8378   69.8416   41.3851   37.8087   65.0227   70.434   43   
59.0593   45.2217   13.1529   76.5376   104.561   24.0416   35.5106   87.3613   97.1854   56.8859   60.5392   36.7151   20   38.4838   43.1393   56.0446   85   69.9214   40.1622   77.7817   48.0104   106.33   84.0595   61.9839   98.737   56.7274   52.6118   0   99.1735   100.521   124.262   29.389   33.6015   95.4668   59.9222   70.2217   58.9317   100.704   65.5318   78.6817   
37.6431   49.1935   80.8084   28.1603   54.3323   67.3573   55.9464   28.1603   18.868   28.6531   36.7967   68.942   61.131   50.1597   56.356   29.1548   9.48683   87.6926   76.0263   8.06226   93.0591   51.9711   42.2019   21.1896   51.0098   58.7963   29.2746   81.0987   0   28.4868   84.0074   97.0445   91.2016   90.2878   94.5647   63.2597   66.0116   62.8952   93.6439   56.45   
33.2866   45.8803   81.3204   33.7343   48.5077   68.542   57.8014   34.2345   23.3452   31.241   40.8044   65.7875   60.8276   51.9711   52.9245   26.4764   5   82.7587   72.6154   3.16228   89.4707   46.3249   36.1386   19.0263   45.0444   54.2033   28.0713   80.6226   6.08276   0   79.3669   95.4031   89   88.0652   90.686   59.382   65.88   57.9953   91.4806   55.5366   
53.2541   64.3506   116.726   95.4254   14.8661   110.209   104.809   96.0208   79.4292   86.0233   98.4937   75.4718   95.0158   99.7647   66.0681   63.5059   59.0339   62.2013   76.922   61.2046   86.4002   19.2354   29.1548   64.5136   17   53.535   70.6824   109.124   68.0074   62.0322   0   131.698   125.295   56.3038   91.8465   81.2995   108.491   49.4197   97.6149   69.6257   
65.192   53.2635   2.23607   70.4557   111.288   14.1421   27.2947   81.4985   94.4299   53.2353   53.6004   49.3356   22.6716   32.0156   53   59.1692   85.703   83.7437   53.9351   78.4347   63.1269   112.446   90.6863   63.561   105.551   67.2309   54.1295   15.2971   80.2808   80.9568   117.516   0   26.5606   105.328   73.8558   73.4766   52.4833   106.935   72.1542   88.0071   
58.7963   47.0106   6.32456   66.0984   104.89   10.8167   23.4094   77.1038   89.1403   48.0104   49.4773   44.1475   16.2788   27.4591   47.0106   52.8394   79.6994   78.9177   49.2544   72.4224   59.6825   106.042   84.2912   57.3847   99.1564   61.2944   47.927   13.6015   74.5252   75   111.198   6.40312   0   99.3382   73.5236   67.0838   52.1682   100.575   72.9641   78.6553   
40.5216   41.1947   89   95.5196   46.8722   87.3613   86.7006   100.648   92.0054   78.4474   91.2414   41.8808   70.214   83.2166   38.3275   53.6004   69.029   21   40.3113   66.5733   46.0977   51.4198   37.2022   59.4643   42.72   24.3311   60.0167   78.5493   74.6257   69.0652   41.3038   90.377   84.6936   0   57.8782   60.8913   97.8253   56.2866   63.9487   55.3311   
41.7852   29.4109   57.0701   89.1964   75.505   60.1332   64.2884   97.6217   97.2471   68.2495   78.7718   12.083   43.566   62.9682   22.2036   49.6488   77.0779   25   5   71.5542   14.8661   78.9177   58.0345   57.6888   70.0357   24   52.4023   44.9222   78.3901   74.686   74.8465   58.8558   54.231   36.8782   0   47.305   72.5918   73.5576   18.2361   55   
11.0454   5   57.3149   61.0574   54.3783   51.8845   49.2443   68.2495   66.0379   41.7852   54.1202   23.1948   35.805   45.3982   10.0499   19.105   45.8803   43.4166   29.4109   40.2492   46.0977   56.356   34   26.9072   48.5489   14.5602   23.7065   50.2195   47.1699   43.382   59.4138   58.1378   51.8556   38   31.305   0   61.5152   51.4093   48.3847   34.0454   
38.8973   35.1283   38.2099   35.8469   81.8413   24.3516   14.1421   46.4866   57.0789   16.0312   21.2603   46.5296   21.9317   8.60233   40.025   27.7849   49.1935   78.5875   54.2033   42.0595   70.214   81.8352   62.2656   29   76.5506   52.0865   20.8087   41   43.0116   44.2832   91.2414   37.4833   32.0624   76.0066   58.5918   38.0132   0   83.92   74.3062   61.8973   
27.0185   39.4081   91.2853   72.111   20.1246   84.0238   78.3901   74.5252   61.7171   60.4152   73.1642   53.7587   69.2965   73.3553   42.4853   37.1618   39   52.2015   57.0701   38.833   70.0071   22.8035   4.47214   38.833   14.3178   32.5576   44.3847   84.6286   46.5725   40.5216   26.4197   91.9348   85.5628   33.2866   56.3205   34.4093   64.846   0   74.5566   44.943   
42.0595   29.1548   54.9181   88.4138   76.9025   58.2151   62.6418   97   97.1288   67.3573   77.666   10.8167   41.7732   61.4654   21.9545   49.3964   77.2528   27.2029   3.16228   71.5891   14.7648   80.2309   59.1354   57.4543   71.3863   25.0799   51.8556   42.72   78.2943   74.7329   76.5572   56.7186   52.1536   38.9487   2.23607   31.3847   57.3062   57.5587   0   56.0799   
7   17.4929   69.3109   61.6847   41.8808   62.6817   58.3095   67.1193   60.8769   45.1774   58.1378   34.1321   47.4236   53.7587   21.587   20.0998   38.833   45.2548   39.1152   34.6554   54.5711   43.8292   21.4709   25.632   36.0555   17   27   62.6817   42.45   37.5366   47.634   70.0071   63.6553   33.8378   39.8121   12.53   45.607   22.0227   40.4475   0   
