15
30
999999 9 8 10 6 13 6 9 16 17 17 14 9 16 16 13 10 15 8 16 6 13 12 6 9 17 14 12 14 13 
0 6 6 3 1 12 3 5 13 7 16 2 4 14 13 1 7 9 7 2 5 5 4 3 8 4 12 5 11 6 
20
0   0   0   0   0   0   0   0   0   0   0   0   0   0   0   0   0   0   0   0   
0   -4   4   -7   2   -7   1   -3   4   -8   7   -6   9   -5   1   -5   5   -5   8   -9   
0   0   4   -1   0   -3   4   -4   0   0   -1   -2   3   -1   4   0   0   -3   1   0   
-2   3   0   1   0   10   -5   5   -3   5   2   3   -4   4   -5   6   -6   0   0   4   
-3   -1   -5   2   -2   3   -2   3   0   0   -1   1   -5   0   -2   1   -1   3   0   0   
-3   4   -9   7   -7   12   -11   5   -11   8   0   10   -10   11   -9   1   -9   8   -6   8   
-3   0   3   0   0   2   -1   1   -3   0   0   3   0   2   0   -3   -1   3   -3   3   
0   1   2   -2   0   -1   0   -3   2   -1   -2   1   -1   -2   -3   -1   2   0   -1   0   
-3   4   -11   6   -9   8   -10   9   -5   9   -6   13   0   1   -5   -2   -8   11   -3   9   
1   5   -10   3   1   7   -5   2   -10   0   -5   6   -9   0   -3   6   -4   2   -8   12   
-3   12   -6   10   -11   12   -8   11   -15   9   -6   0   -4   15   -14   13   -15   10   -9   15   
-8   0   -2   3   -5   -1   -5   8   -1   4   0   0   1   2   -2   3   0   -7   -1   3   
3   -2   0   -3   0   -1   -1   -8   1   -3   2   1   4   -4   1   -2   1   -2   -3   5   
5   2   8   -1   3   -5   2   -6   0   0   0   -2   9   -11   4   1   5   -2   6   0   
0   1   -2   4   -5   -5   -7   2   -8   9   0   5   -1   4   1   0   0   -5   -6   0   
1   -4   0   5   6   -8   2   -2   -1   1   1   -2   1   -5   1   -3   3   -5   1   -6   
0   -1   -5   0   0   2   0   0   -6   -5   1   0   0   -4   4   1   0   4   -2   0   
0   -1   -7   4   -4   -4   0   0   6   2   -3   -3   4   1   0   -3   -7   3   -1   0   
3   0   4   0   1   -5   4   -1   0   -1   1   -2   4   0   1   -1   3   0   1   -3   
-9   11   -2   6   -5   10   0   0   -10   4   -7   6   -4   5   -5   4   -5   1   -10   7   
-4   5   -5   3   -6   4   -3   3   -1   3   -5   2   -3   4   -1   0   -5   3   0   0   
0   3   -6   5   -3   8   0   3   -4   9   -12   -1   -3   1   0   2   0   3   -9   -1   
-3   3   -5   5   -6   0   -9   4   -6   7   -2   10   4   3   -11   4   -1   6   -2   9   
0   0   -1   3   -4   1   -1   3   -2   1   -4   3   0   3   -4   3   -2   -1   0   3   
4   -6   4   -6   7   -4   8   1   1   -6   3   -5   2   -6   4   -4   9   -6   5   -3   
12   -6   10   -9   7   -5   7   -12   9   -7   6   -9   0   -3   11   -12   12   -6   14   -9   
0   0   -8   1   2   4   6   -1   4   -1   0   -4   -3   -8   5   -8   -1   0   2   3   
0   0   -6   0   -1   -4   11   -1   -4   -2   -4   -3   0   -1   3   2   3   -1   0   -2   
1   1   -6   1   1   0   1   3   0   6   1   4   -6   6   0   1   -5   2   0   8   
4   -3   7   0   5   0   1   -7   -3   -1   2   2   2   -6   5   -9   3   -3   -1   -9   
0   68.8588   66.4391   44.074   52.8449   40.3178   43.8024   45.0292   77.199   29.7648   72.2014   64.6712   49.7849   67.5533   70.4004   48.4429   51.6742   81.6033   43.4109   44.8328   68.0977   34.2801   41.8885   53.7085   36.5913   47.6956   66.5395   66.5184   32.2195   58.4185   
54.5894   0   60.6166   87.1931   104.698   64.8606   46.8328   88.45   80.0303   73.6416   50.4131   116.064   95   75.203   102.015   63.1178   80.3817   116.079   95.5692   55.0555   109.272   74.1838   85   36.105   59   86.9185   84.2456   47.0151   80.5059   35.4403   
47.4236   46.2709   0   55.5933   79.0458   70.5782   53.9487   66.9386   35.2237   51.6742   85.1725   90.8721   73.1402   42.5563   117.767   78.886   99.0979   129.027   69.6118   70.8238   115.521   66.0116   73.1566   53.0737   60.0512   95.1192   109.911   30.6015   78.0273   65.2897   
27.074   70.1783   41.5933   0   37.4793   63.8853   68.5224   26.1623   60.8803   37.8661   97.7057   49.3057   34.4485   55.2655   97.4743   74.0818   78.7482   105.694   28.0454   71.9068   79.6553   45   34.8661   74.0882   61.3113   74.7695   91.3303   65.2443   44.313   78.6117   
38.6264   87.6812   59.203   18.3576   0   68.9245   79.8013   36.6802   79.2378   50.3657   110.828   36.53   27   69.5436   99.4326   82.7608   85.029   112.06   28.434   81.602   84.7171   50.3342   36.8806   90.593   75.2177   84.0076   105.024   82.5426   61.3657   96.9692   
14.3178   43.9659   49.5782   40.1995   52.9245   0   35.0278   57.2836   84.802   42.0192   64.2782   77.2669   56.2025   72.1077   73.225   31.0333   52.7321   82.2013   57.7287   38.53   70.3735   39.3961   46.2025   43.0172   37.3693   50.4951   62.5899   61.618   37.2132   49.5261   
27.7849   26.8328   38.9487   46.5296   62.8013   18.0278   0   62.9174   74.1724   47.7062   55.5261   89.687   68.9016   63.7056   79.7647   40.6008   59.5539   92.203   68.8266   37.4426   82.8823   45.5563   58.9807   35.1803   22.2111   55.3113   66.1664   57.1448   55.241   42.6433   
26.0192   71.4493   44.4072   3.16228   16.4012   39.6232   47.1699   0   64.0426   32.2643   98.2206   45.5065   30.6493   58.4278   92.2943   70.6565   77.5139   105.321   24.2462   70.6624   74.8769   45.2354   38.0283   66.345   61.7063   73.2713   86.8354   68.4066   47.4753   81.774   
60.959   66.0303   20.2237   45.8803   60.1332   66.4003   58.3095   49.0408   0   71.898   101.586   87.0282   79.6901   43.6433   131.359   93.404   112.633   142.562   73.287   86.4707   123.918   77   80.7463   69.4874   80.275   108.548   124.476   47.0151   88.8506   84.5059   
14.7648   56.5862   36.6742   14.8661   31.1448   26.0192   31.9061   15.2643   47.4342   0   86.9662   58.192   43.3348   53.8058   85.1652   56.0488   66.4391   96.3681   36.9317   58.3363   78.5235   28.8102   39.2971   58.5366   51.3561   62.4604   80.9839   62.4475   39.4165   66.5079   
57.2014   24.4131   66.6108   79.7057   95.0158   43.2782   33.5261   80.0562   86.8332   64.8845   0   119.951   98.8866   95.026   85.0227   56.1321   70.6624   95.249   100.612   55.1127   101.665   79.0824   88.8866   55.747   55.7372   70.6488   63   71.4283   78.4438   44.3452   
48.8774   99.7647   71.4703   30.8869   12.53   63.1348   74.411   28.8444   71.0282   43.1856   105.948   0   39.53   82.0517   110.464   93.3324   97.5589   108.941   40.9639   90.7771   84.3246   58.2041   49.4106   95.1894   85.4687   95.9932   104.955   95.0725   70.0813   107.296   
27.7849   79.6492   57.1402   16.2788   12   42.0595   53.7401   13.1529   62.0967   23.7065   84.8764   21.095   0   65.5296   92.3099   70.3624   72.2519   97.3772   26.4031   70.7214   66.3128   38.3452   26   77.803   64.3761   68.0093   94.3243   81.5231   46.561   86.2034   
44.5533   59.203   15.5563   30.2655   46.2709   51.1077   45.7056   33.3766   16.6433   30.8058   77.026   58.0517   46.5296   0   114.954   81.5858   96   126.157   57.6228   73.5235   105.308   59.6161   59.72   59.1045   65.3244   92.2489   111.093   46.1578   70.2223   75.3323   
56.4004   84.1724   100.767   80.4984   83.4326   51.225   65.7647   78.2943   116.726   71.0282   68.0074   87.4643   71.8401   100.658   0   56.5441   48.6333   33.1803   92.3515   69.5668   45.2029   86.2456   80.3099   94.2422   77.6817   47.807   40.0227   110.255   77.2353   100.286   
28.4429   43.0465   61.2209   55.0818   66.7608   15.0333   23.6008   54.3323   79.404   41.0488   34.1321   76.1577   55.3624   64.8845   42.5441   0   43.587   70.7122   71.8538   35.0623   71.8539   54.4294   61.1416   58.0505   41.2036   42.1108   46.7588   74.6717   47.1059   49.3766   
36.6742   64.3817   79.3095   62.6418   69.029   29.7321   44.2832   60.8769   95.7758   51.4296   51.6624   75.5381   57.0351   80   21.6333   21.587   0   53.7567   76.3804   43.9526   49.2588   58.1676   64.5136   69.5067   55.1344   18.2426   34.6015   91.3501   61.6931   70.9637   
66.6033   95.0789   111.665   89.6939   91.0824   62.2013   76.9415   87.3212   127.279   81.0555   78.1025   93.9415   79.8499   111.072   11.1803   53.7122   32.7567   0   101.221   76.7092   52.0644   87.2462   89.1798   102.263   87.8911   50.9993   51.2031   121.435   86.6817   103.089   
29.4109   78.5175   52.6118   11.0454   9.43398   43.6578   53.4135   8.24621   56.2939   21.9317   85.5862   21.2603   6.40312   41.1096   77.1622   57.7235   61.4003   85.4927   0   71.763   72.7159   40.4952   27.0416   74.5912   66.0021   74.249   90.0937   76.2897   42   87.8293   
26.8328   36.0555   53.8238   51.9711   65.3911   12.53   15.6205   51.6624   72.4707   37.3363   31.1127   75.6637   54.5894   58.5235   50.5668   8.06226   29.4109   61.7414   56.0803   0   71.231   51.926   58.7324   50.8008   37.2315   47.6535   47.5576   62.7547   47.4215   50.0192   
46.0977   90.2718   93.5201   63.6553   61.7171   48.3735   66.1891   60.8769   105.948   58.5235   80.6536   63.3246   51.3128   89.3085   27.2029   47.8539   29.5296   31.0644   57.4282   54.231   0   71.1077   66.7955   91.3908   81.6712   47.7723   62.3609   109.992   64.1152   97.0999   
7.28011   56.6127   43.0116   20   33.121   20.3961   30.4138   19.2354   55   7.81025   61.9112   44.2041   23.3452   38.4187   63.2456   35.1283   43.8634   73.2462   23.7065   32.573   51.1077   0   28.4536   60.9886   43.8714   54.9757   72.8179   61   35.083   63.8615   
17.8885   70   51.1566   14.8661   20.8806   32.2025   43.8634   12.2066   59.0931   15.2971   74.8866   31.0644   10   42.72   66.3099   45.8803   49.6488   75.1798   12.0416   44.7214   48.7955   13.4536   0   66.3128   54.4798   64.2709   76.1289   70.7315   37.0357   76.307   
37   19.105   32.9848   51.0882   68.593   29.0172   11.1803   52.345   53.1507   37.5366   34.0147   80.7217   60.803   43.1045   76.4853   34   55.1543   87.6641   59.4643   25.9422   77.3175   38.0789   51.3128   0   33.3914   66.4916   72.0086   42.4722   66.1736   28.4018   
20.5913   34   39.0512   40.3113   56.0357   12.3693   7.2111   40.7063   57.3062   25.4951   39.3954   67.4759   46.6905   43.3244   62.6817   22.2036   41.0488   73.7835   46.6154   15.2315   60.6712   23.3452   36.7696   17.1172   0   53.8917   62.7892   49.6155   48.5466   45.519   
32.6956   61.131   75.0733   58.9406   66.0076   25.4951   40.3113   57.2713   91.5478   47.4236   49.6488   72.9932   54.0093   75.8024   25.807   18.1108   4.24264   36.8917   58.1378   25.7099   31.0161   39.9249   46.2709   51.264   36.8917   0   33.0312   84.4911   57.249   67.4874   
47.5395   63.2456   85.9127   74.3303   82.0244   37.5899   48.1664   72.8354   103.73   61.9839   46   88.955   70.0286   88.6848   22.0227   24.7588   13.6015   32.249   74.0608   32.5576   40.3609   54.8179   62.1289   58.0086   46.8615   16.0312   0   95.3123   71.8647   73.0364   
47.5184   33.0151   13.6015   49.2443   67.5426   45.618   31.1448   51.6236   33.0151   40.4475   54.5711   80.0562   63.3246   28.3019   96.2549   54.6717   74.6257   107.378   59.808   46.7547   92.72   45   55.7315   22.4722   33.6155   70.4911   79.3095   0   79.738   50.874   
9.21954   63.5059   55.0273   27.313   34.3657   21.2132   36.6742   25.2982   66.8506   19.4165   64.4438   43.0813   22.561   50.2195   53.2353   33.1059   35.6931   62.6817   26   33.4215   39.1152   12.083   14.0357   46.1736   29.5466   32.249   48.0937   56.2228   0   67.638   
44.4185   10.4403   43.2897   61.6117   78.6448   33.5261   16.6433   62.6259   63.5059   47.5079   23.3452   90.5207   70.0928   54.3323   75.2861   33.3766   54.9181   86.3308   69.3542   26.0192   80.0999   46.8615   60.3075   11.4018   23.8537   51.4782   55.0364   31.3209   53.2353   0   
