15
60
999999 16 5 11 8 8 12 8 16 13 8 10 11 6 13 9 16 5 5 9 17 14 12 6 8 11 9 10 5 5 7 8 12 6 10 16 10 10 12 11 8 16 6 6 15 16 6 15 15 5 10 10 9 7 11 9 10 7 9 15 
0 13 1 4 3 6 10 2 4 12 6 3 8 1 8 5 14 2 1 5 7 6 8 1 3 6 1 5 1 1 1 5 5 2 1 5 8 6 6 4 3 10 1 5 3 1 2 14 2 2 9 6 8 5 3 8 6 1 6 11 
20
0   0   0   0   0   0   0   0   0   0   0   0   0   0   0   0   0   0   0   0   
4   -15   11   -5   10   -12   13   -10   9   -4   12   -7   9   -8   13   -14   7   -5   13   -6   
0   3   -2   4   -2   0   -2   0   -1   1   0   2   -4   0   -2   1   -2   0   -2   2   
-6   5   -7   5   -6   10   -9   4   -10   4   -6   0   -9   7   -8   4   -7   6   -7   5   
-2   2   -2   2   -5   4   -2   0   -2   6   -4   1   -3   0   -7   3   -4   1   -1   3   
-6   1   -2   3   -2   1   -2   2   -1   4   0   4   -5   1   -4   3   -3   1   0   1   
3   0   0   6   -4   -5   -2   2   -5   1   0   0   -4   0   1   -2   -5   5   -5   0   
0   1   -3   1   -7   3   -2   3   -2   2   -6   5   -3   3   -3   3   -2   0   -2   3   
3   -3   1   3   0   -2   -2   0   0   -2   -2   0   2   0   -3   -8   6   -7   -1   -7   
-5   8   -4   5   -4   0   1   4   -9   10   -2   5   3   0   0   8   -6   7   -3   3   
0   1   -3   0   0   1   1   0   0   0   2   0   -1   0   0   -1   -6   2   0   1   
6   -3   5   -6   5   -4   5   -2   5   -8   7   0   3   -4   4   -6   6   -5   4   -8   
2   0   0   0   -2   0   0   -1   0   -2   -3   1   5   1   0   -2   3   -2   1   -2   
1   -1   0   0   0   -4   3   1   3   -3   3   -2   1   -1   2   -1   2   0   0   0   
-4   10   -6   12   -6   9   -6   8   -6   9   0   7   -9   3   -2   5   -12   7   -9   11   
-2   6   -6   3   -2   3   -2   2   0   1   -4   8   -5   -1   -2   5   -5   7   -7   7   
9   -12   5   -2   4   -10   4   -12   6   -12   4   -8   7   -1   7   1   -3   -12   15   -14   
0   0   0   0   0   0   1   0   0   0   0   -2   -1   1   1   0   -1   0   -1   0   
0   1   0   0   0   1   -2   1   -1   1   0   2   -1   0   -1   2   0   0   1   2   
1   3   1   5   -4   3   -4   2   0   5   3   8   -2   5   -3   0   2   -2   -6   1   
0   0   -7   8   -2   -3   0   4   -5   2   0   1   -3   9   7   0   1   1   -5   0   
1   -8   -2   -1   6   0   6   1   8   -4   3   -7   10   -2   3   -3   7   -9   12   6   
-2   6   -2   11   -3   7   0   5   -9   3   -2   5   -5   1   -2   0   -3   4   -5   5   
5   -4   1   -6   2   -1   2   -3   1   -1   0   -3   4   -3   2   -5   0   -3   2   -5   
2   -5   6   -1   4   -4   3   0   3   -4   6   -3   2   0   2   -5   3   -3   6   -4   
6   -2   7   -6   4   -8   3   -7   2   -8   5   -10   7   -9   3   -2   7   -5   6   -8   
1   -2   4   2   -1   0   1   -3   3   -7   4   -4   2   -2   7   -3   0   0   0   -2   
0   2   -3   8   -5   5   -5   8   -3   3   0   9   -7   6   -7   7   -1   2   -1   5   
-3   2   -3   4   -3   3   -1   4   -2   0   -3   2   -3   2   -2   2   -3   4   -4   3   
2   -2   1   -2   0   -1   1   -4   0   0   2   -1   1   0   1   -3   1   -3   2   -2   
-4   4   -3   3   -2   6   -5   2   -3   1   -3   4   -3   0   -3   3   -2   7   -5   3   
-1   3   2   2   -2   1   -2   -2   -1   0   -3   0   -7   2   -3   5   -1   0   -3   1   
-7   7   0   8   -6   1   -7   9   -6   8   -3   11   -5   7   -1   12   -6   10   -5   9   
-4   0   -6   3   -5   4   -4   4   -5   2   -4   1   -5   6   -6   3   -3   5   -1   5   
-3   3   -4   2   0   1   -4   0   -2   1   -6   0   -3   4   -2   8   1   -2   0   2   
5   0   -1   3   5   0   -12   5   -7   -6   -4   -3   1   3   2   3   0   -3   5   -6   
0   0   -1   0   0   -1   -2   0   1   3   2   2   0   0   1   0   -2   -5   1   -3   
2   0   0   -2   3   0   -1   -5   3   2   1   0   0   0   -1   -3   -3   0   0   3   
-1   2   2   3   1   0   4   -6   5   1   2   -1   -1   -2   1   -2   -4   6   -2   -5   
-4   4   -4   5   -4   0   -3   9   -5   -1   -4   3   -3   3   -7   6   0   1   -4   7   
4   0   4   0   2   -1   5   0   3   -3   3   -1   6   -2   3   -3   0   0   1   -3   
-9   13   -4   -3   -10   4   -13   2   -14   5   0   1   -10   10   -7   13   -7   0   -6   11   
0   0   1   -3   0   -1   2   -3   3   -2   1   0   1   -3   1   -3   5   0   2   0   
-4   4   -2   0   -4   1   -1   0   -3   1   2   3   -2   0   1   1   1   1   0   0   
-5   1   0   -3   0   0   -8   0   -5   8   -8   3   0   14   0   2   1   3   -11   2   
-6   9   -3   9   -5   6   -10   12   -11   9   -11   8   2   15   -5   10   -5   5   -2   7   
0   -2   3   -1   3   -2   2   -1   3   2   1   -1   1   0   1   -1   0   0   1   0   
7   -1   2   -3   8   -8   15   -8   11   -7   11   0   7   -12   5   -13   1   -6   3   -10   
-8   4   -5   0   -4   6   -5   4   -6   -5   -8   8   -12   8   -3   3   -9   3   -10   2   
-2   0   0   1   -2   1   -2   0   0   0   -2   0   -1   1   0   1   -1   -1   -1   1   
-4   2   -4   -2   -1   4   -2   3   1   4   1   3   -3   0   0   4   0   0   1   1   
0   0   0   -5   4   -1   5   -2   5   -6   2   -4   5   -4   0   -3   3   -1   6   1   
0   -2   1   -8   0   -1   1   -1   0   5   1   1   2   -1   -4   -6   3   -3   3   4   
6   -2   0   -4   3   -4   1   0   4   -3   4   -3   2   -2   4   -2   6   -3   1   -4   
-10   3   -5   7   -6   11   -2   10   -8   8   -5   8   -5   6   -2   6   -8   4   -6   11   
-4   1   -3   6   -2   4   2   0   -6   3   -4   6   -5   3   -8   1   -2   4   0   8   
1   2   6   -4   7   0   0   -3   0   0   1   -5   2   -9   1   0   4   -3   3   0   
-3   2   -3   0   -2   0   -3   2   -6   2   0   3   -5   5   -7   4   0   -3   -1   0   
9   -3   6   -2   5   -1   7   -7   8   -5   0   -5   9   2   6   -6   2   -3   4   -3   
-9   12   -8   11   -9   15   -7   8   -15   8   -6   6   -14   6   -11   4   -15   9   -8   14   
0   54.6936   40.9258   52.6394   50.7615   50.2936   62.7194   33.4018   59.7533   65.1699   49.4253   73.2719   69.8035   56.054   57.9115   46.3721   60.5231   68.3192   51.4018   32.4164   29   61.8017   62.2969   70.6717   67.2097   37.7231   48.573   45.9077   71.4769   68.2328   35.2603   39.4094   35.2195   61.8529   77.0078   58.0555   64.9215   79.7216   49.311   57.3609   61.0977   56.5254   70.4358   63.9809   46.8806   55.0374   27   57.6563   38.2354   53.6431   62.4679   69.5758   34.212   31.0416   37.7697   39.208   26.4018   71.0803   58.4005   36.1803   
36.4005   0   47.7883   44.3645   37.0384   69.3624   79.7647   44.8382   92.3277   72.3516   36   71.642   61.2017   49.4384   92.841   35.0554   90.8062   59.0512   55.3066   67.8034   61.6962   46.2354   91.8024   89.5846   101.215   41.1914   81.3669   68.1202   36.9017   28.4164   56.9242   37.6525   65.5941   34.845   108.426   90.5891   99.7386   112.516   81.4382   92.9928   88.8716   50.9422   46.0185   60.31   77.2383   51.573   57.6356   63   40.4451   86.3431   30.6023   84.7883   40.1735   60.3431   37.0244   34.7883   56.8058   107.481   58.3553   61.0555   
26.9258   29.1548   0   26   47.6797   41.2947   57.156   33.6011   67.2635   83.3542   46.0844   87.3848   82.1529   68.4081   83.486   38.0998   71.5674   76.3738   25.4868   58.6657   52.3412   53.2843   89.2228   97.5976   85.0818   35.4031   58.3019   44.0689   62.0956   57.5712   30   31.5242   57.3553   55.1725   87.0106   78.208   74.427   100.026   59.4185   79.4643   71.2769   61.6497   73.5533   75.3246   65.0109   32.1529   49.1725   69   34.6569   61.0106   55.6271   54.3275   34.3852   51.4591   31.2361   29   39.5242   84.6003   28   54.3553   
38.6394   30.3645   12   0   53.2342   49.8697   55.7521   43.2651   78.6469   93.3929   51.2278   96.3718   89.2291   74.4643   91.2947   43.4518   83.5674   82.3573   21.2426   65.9929   60.7271   42.3229   99.9888   104.408   97.0818   42.0605   69.7506   54.9067   64.8539   57.7865   42   37.0855   61.3197   47.0161   98.6964   87.0467   84.0658   107.393   71.2519   87.7245   67.488   67.6061   75.8859   83.6859   72.218   19.2361   52.1182   77.9887   41.5576   72.7482   54.0588   56.7509   38.1661   56.2947   34.8494   37.8087   41.2947   94.2805   22.2111   65.2385   
28.0179   13.0384   31.6228   37.2022   0   70.2331   82.0761   37.5237   86.3434   61.3847   18.2361   61   51.7967   40.4101   73.2518   30.6205   79.0692   46.6309   53.0789   47.7567   49.6271   55.6228   88.7255   79.8765   93.6283   29.0384   76.5908   70.0369   44.4009   41.4548   56.8175   37.8438   58.3553   43.6387   102.959   77.0328   92.9394   98.463   74.9416   83.9412   84.214   31.8661   55.6356   55.2504   62.2277   56.4382   50.3847   48.9258   34.0357   81.6609   39.3961   84.1836   40.0667   55.9102   36.9176   34.6815   48.4764   99.0982   59.4133   50.6982   
33.6155   55.3624   27.2947   34.6554   54.0833   0   33.9529   49.0571   47.7321   94.5976   68.2379   101.464   98.9345   86.6566   83.2712   60.4866   57.2485   96.7012   50.8209   60.9446   57.382   75   91.138   101.979   66   56.1995   37   33.2956   88.441   83.7789   38.0333   58.8189   52.4005   74.8358   65.2892   68.6952   60.1275   82.4905   48.02   66.1856   40.0278   82.5125   95.3941   92.2047   60.4005   53.8915   48.6631   85.8802   55.1995   48.5153   82.9217   31.1245   54.1321   40.6008   58.5308   56.2947   49.0713   64.31   47.6586   68.7772   
47.0106   65.7647   36.6742   40.7063   66.0681   13.4164   0   62.4735   49.0588   108.014   81.0077   114.881   112.351   99.9019   93.6118   73.903   70.6649   106.855   50.6742   71.9868   70.7984   76.1767   99.5044   113.262   74.2284   69.6159   50.4164   45.6716   97.6002   94.1811   51.4497   68.1984   63.698   84.8773   71.0833   80.4003   60.3456   95.2234   54.6155   77.5461   42.2788   92.0897   108.811   103.284   70.8166   53.9441   58.954   99.2966   68.6159   56.8058   87.591   26.8284   67.5485   50.8917   67.9103   65.6742   59.7922   65.2597   47.541   77.1808   
11.7047   25.4558   18.6011   29.1548   19.6469   35.0571   47.676   0   71.458   68.4798   37.883   69.4766   67.187   52.4683   62.6091   37.5149   70.8262   58.643   44.0879   37.7888   31.4642   54.22   74.0016   79.4003   78.9144   27.4853   60.2777   49.3659   59.2492   53.8723   35.2237   29.7047   42.8806   51.4093   87.9294   63.7598   76.0593   90.9639   61.0157   69.0656   69.636   50.4138   65.1041   56.4382   55.7012   48.3908   35.6015   60.5899   28.8102   65.3478   55.34   66.1816   24.099   42   34.1655   34.0499   27   81.6049   46.6011   36.088   
43.6578   76.844   53.2635   62.9682   71.1126   29.7321   34.0588   51.9711   0   98.4962   87.1196   106.817   106.198   94.0942   75.4226   86.1299   41.6806   104.139   78.4801   62.0956   64.8197   99.6029   79.6121   95.6536   45   76.8082   29.6378   43.8942   108.525   105.26   56.9314   78.3919   55.562   101.678   43.977   53.6699   30.2801   57.1461   27.4018   38.5183   40.6815   91.8845   114.094   99.025   59.3553   82.2043   62.241   98.4092   80.3633   28.4031   106.126   50.2215   75.8537   58.2025   81.4275   80.8497   68.0435   37.6525   77.3908   76.9711   
47.1699   56.921   69.3542   78.6003   44.3847   80.5295   93.9415   50.9117   81.6149   0   62.6208   26.1803   44.868   42.1948   48.3847   75.0052   81.1249   39   93.5212   59.1178   53.2916   94.0081   60.0511   35.72   94.3671   66.614   91.1968   88.1635   69   79.2993   82.4302   74.8595   63.7046   80.9697   100.579   74.7731   104.363   87.542   89.5692   87.5303   106.443   53.6885   72.7587   34.0416   64.2709   97.8363   65.9216   45.2483   73.0782   97.4452   83.7808   111.654   73.1915   73.4162   79.3398   77.5319   71.671   113.825   96.3095   51.0555   
28.4253   11   30.0832   35.2278   2.23607   53.2353   65.0077   19.3132   71.1196   46.6154   0   62.5395   54.0328   41.5146   74.9579   32.8566   81.3053   47.7354   52.7638   49.9927   45.1783   47.4109   83.9544   79.2119   92.4419   29.0416   76.9983   66   38.095   39.4164   54.537   30.5602   55.5914   38.9242   102.24   79.2688   93.3468   99.2166   77.1777   82.593   85.6348   32.9706   45.7924   50.4793   64.2017   54.4639   51.6228   44.1548   34.0384   82.0684   34.6815   84.3598   42.3028   58.1462   38.7631   36.9176   44.9615   99.5056   57.4389   42.9422   
53.8516   56.4358   73.2462   81.3204   45   87.4643   100.846   55.4707   91.1373   11.1803   47.2017   0   35   41.2036   59.565   75.6205   92.3052   38.2354   95.6006   67.5964   61.2719   91.7061   66.9581   42.6271   101.208   72.9294   100.377   93.9454   70.2984   75.5287   89.1119   73.397   74.885   79.4748   111.165   81.561   115.543   98.7223   100.22   98.7107   113.692   46.5287   72.0104   38.0384   75.4513   98.4541   71.5847   40.3848   79.0357   102.47   81.8832   118.589   77.203   84.5965   76.5224   79.6815   80.2534   117.412   101.246   62.2359   
50.8035   47.2017   66.888   73.8783   36.7967   83.9345   97.1236   50.1597   91.1976   18.868   38.8973   11   0   30.7648   67.2527   67.4172   94.1947   23.544   89.8756   62.2618   56.4356   83.6278   70.7587   53.6271   102.497   65.8351   95.5033   91.3075   58.2938   68.5665   83.9897   69.4575   66.8486   70.5894   113.459   82.8506   113.428   103.723   94.8074   93.8123   110.768   39.9317   52.0135   34.7047   74.0701   93.1143   69.0656   35.1529   66.5489   100.589   73.5788   113.822   74.2588   76.5602   73.7143   71.4783   70.648   116.969   94.888   54.1995   
37.054   34.4384   52.1536   59.4643   22.8035   69.6348   82.7103   35.4683   79.0759   23.1948   25   22.2036   14.7648   0   64.0585   53.424   80.7401   37.0499   75.8824   49.573   54.2746   69.6656   65.1077   56.4549   92.0161   49.0151   82.469   77.2851   51.3137   56.1214   70.692   54.6431   53.6232   61.0116   103.335   75.847   100.313   96.8508   81.7422   83.8749   98.1517   27.544   49.311   27.1803   60.6154   78.7003   60.0488   28   53.8378   90.5527   59.6815   100.165   58.4708   67.0102   59.7211   57.4851   62.4683   108.134   80.1536   54.1662   
38.6005   66.9104   65.521   77.1298   54.3415   65.2993   77.7946   48.5077   56.4624   31.3847   56.0892   42.5441   48.0104   43.6005   0   83.0308   49.9026   64.9117   90.0023   46.4951   53.1448   100.402   26   48.5153   63.8417   74.0156   65.93   77.5861   89.0902   95.3268   73.8608   78.0099   50.8707   94.1038   78.2095   44.1948   82.1286   63.1618   68.0208   59.6394   85.9168   70.0405   92.9114   52.8782   48.0416   92.5875   58.9249   56.6989   74.037   68.7122   90.7708   96.4238   72.6068   62.72   76.3702   77.8085   65.0023   76.5399   93.521   52.0156   
30.8707   9.05539   20.0998   22.3607   15.6205   46.4866   56.7186   19.2354   69.029   59.4811   13.4536   60.6053   52.3259   38.4187   65.0308   0   82.7515   60.6878   42.0416   55.6079   50.3657   43   91.0308   88.3757   94.7737   30.7047   73.1378   62.3446   45.9571   37.4718   48.2025   31.8384   57.1156   39.5563   100.372   82.8552   91.6838   103.859   73.3834   84.938   82.3157   46.4242   51   63.9329   67.6236   38.5967   49.0847   57.6084   29.7047   78.2884   39.6577   74.4273   31.6205   52.2884   29.6023   34.6301   43.3452   100.487   44.5718   52.1361   
37.6431   74.027   57.5674   69.1231   65.0692   42.5793   51.6236   48.8262   22.0227   64.1249   65.7647   74.5453   76.6551   66.7083   35.9026   67.9559   0   90.3217   83.0542   56.5468   61.8534   99.4447   56.9422   78.676   28.2066   74.2505   34.2638   48.5202   103.86   102.443   61.5574   77.0525   53.8293   99.496   39.8035   31   46.8328   44.0217   32.0278   26.1623   52.833   82.7422   108.079   82   42.1246   86.3562   52.2278   86.6913   75.8784   36.6333   100.111   72.2443   71.8551   52.4631   75.4128   76.8511   64.0448   39   79.9531   59.6173   
47.0106   39.0512   60.3738   66.6108   29.4109   79.2465   92.1954   44.643   89.1067   25   31.4006   19.2354   8.544   10.0499   50.9117   44.6878   76.3217   0   82.4897   58.45   57.6791   77.0086   74.7004   60.6968   102.066   58.4493   92.5188   87.3349   56.8058   58.2753   78.7611   61.9609   63.6731   67.1411   113.385   84.6083   110.363   100.608   91.792   93.9247   108.108   37.5939   54.0689   31.4222   70.6653   83.2846   70.0986   28.6619   62.0476   100.603   66.0822   109.594   64.1699   75   63.5079   64.0924   70.4198   115.322   88.3738   60.2156   
36.4005   32.5576   9.48683   4.24264   38.0789   30.4138   36.6742   27.7849   58.8303   78.1025   36.2353   81.3941   74.4043   59.8164   75   24.0416   65.5134   67.4166   0   64.6488   59.2491   45.7979   98.6975   107.051   92.3487   43.9214   63.6588   49.8578   66.7783   59.0846   37.386   40.6806   60.7214   51.2588   93.6476   85.1696   79.0169   103.742   66.2031   82.6756   62.4392   66.6972   75.0416   84.2231   71.6141   23.1231   52.3333   78.4868   43.1751   67.6994   52.0135   51.7021   41.2455   52.1766   39.0921   37.5183   42.2422   89.2317   17.1623   62.7214   
13.4164   44.0114   40.1622   51.6624   32.7567   44.6542   57.9828   23.0868   47.0956   36.4005   34   44.7214   44.1022   32.573   25.4951   40.6079   34.4819   42.45   49.6488   0   23.3246   72.4209   51.4951   55.7253   61.8228   46.2746   57.348   53.7771   71.0564   72.4278   48.6767   52.2538   35.544   72.9242   73.1422   45.6538   72.5292   66.6575   55.7204   53.6816   74.5141   47.2866   79.7924   48.0151   30.4222   68.4538   39.6205   46.4006   47.1548   62.0119   68.6815   75.7787   47.1858   42.095   51.1861   52.6244   39.8182   73.4819   66.811   31.0623   
10   37.6962   35.3412   46.4866   26.6271   43.382   56.7979   17.4642   49.8197   37.2156   27.7849   44.2719   42.107   29.2746   31.1448   34.3657   39.4081   39.3192   44.7772   6.32456   0   68.1105   57.1448   61   67.1996   42.0868   56.2046   53.4401   63.4236   66.1126   45.2603   46.305   35.4403   64.7598   75.2944   50.4093   74.9215   72.0343   57.4708   59.0584   71.0977   42.6356   71.2635   48.7805   35.799   65.0374   33.4164   50.31   42.0217   63.6431   62.4664   74.5065   41.5633   38.6155   44.0689   45.1662   36.4018   78.4081   61.9395   23.2361   
47.8017   19.2354   28.2843   21.5407   31.6228   55   62.1691   36.1386   81.4678   75.9605   29.4109   75.6637   66.2873   53.6656   83.0241   18   83.6301   58.0086   25.4951   58.4209   52.2398   0   107.306   106.376   109.721   45.2746   85.218   72.3532   49.9061   42.2757   58.2843   42.5153   72.0547   33.0384   115.295   98.8162   102.711   119.408   87.7027   99.885   87.9343   62.3814   58.6141   79.5454   83.6988   40.7767   64.0961   73.5656   44.2746   89.2949   35.2047   77.1972   46.634   67.2353   43.4849   41.2488   60.4838   112.885   42.6574   70.1361   
47.2969   75.8024   74.2159   85.9069   63.1506   72.4224   84.5044   57.4282   60.5392   35.805   64.9384   46.8722   53.7587   51.1077   9   74.027   38.9102   57.6281   83.678   34.3657   40.1123   92.0217   0   47.3311   61.5891   80.6402   71.4996   76.2013   98.0902   101.202   81.7951   86.417   58.7691   103.104   75.9569   41.9422   85.743   49.5254   69.2635   65.0724   90.805   77.8595   100.419   59.2782   47.0644   101.588   67.9249   65.6989   81.5204   73.6003   99.62   103.547   81.5089   71.72   84.1809   85.2785   73.6987   77.9102   100.84   60.0122   
54.6717   72.1803   79.925   90.3549   59.2284   85.9127   99.0202   61.4003   80.6536   17.72   61.3922   26.6271   36.2491   40.05   24.5153   73.3757   60.4152   42.72   89.1852   41.7253   45   90.7083   24.3311   0   83.0681   78.0781   87.3485   92.4003   85.2865   91.5343   89.932   88.7282   72.5782   97.3948   97.6907   63.676   106.644   73.8564   89.5891   83.1506   110.432   62.9214   85.4765   43.2746   69.5296   108.582   76.3149   52.0571   83.6769   93.2275   96.0737   117.037   83.7902   83.3699   88.0143   85.7782   80.215   99.4152   106.347   61.6542   
49.8197   86.2148   69.2892   80.6536   77.0779   52   59.2284   61.0328   26   72.3671   77.8332   83.1986   86.3771   77.4145   42.0476   80.1561   12.2066   86.764   76.922   45.8039   51.0882   95.7131   42.5793   66.0681   0   83.6652   44.2449   57.8636   113.124   112.989   69.203   86.5306   56.4985   109.446   39.5242   36.6469   48.547   31.2643   42.0971   23.8489   65.0395   93.0906   119.35   91.6726   47.4006   98.0432   64.4344   92.2046   82.8186   48.4429   110.81   76.2215   83.1569   60.4853   87.5894   89.0277   76.2214   46.7231   92.1597   71.8239   
19.7231   16.9706   19.2354   27.0185   13.0384   41.1947   53.0377   8.48528   60.208   51.614   12.0416   54.4885   47.7074   33.0151   54.0093   11.4018   57.2014   41.1461   26.9072   29.2746   23.0868   29.1548   63.0079   64.0781   69.4046   0   63.3178   52.3595   50.1366   45.387   41.6595   23.5654   45.6356   42.0768   91.2861   72.2451   81.3178   93.4282   63.7861   75.8257   72.0557   44.9045   57.834   60.1955   57.9317   43.2066   39.3632   56.1964   21   67.9789   46.7231   70.4031   25.7883   43.3178   22.6392   20.4031   28.3178   90.0902   42.6007   36   
32.573   65.8027   43.2666   53.6656   59.9333   23   31.3847   40.8167   11.1803   72.5672   59.9416   81.6149   81.0062   68.469   49.93   58.1378   20.2485   78.5175   49.6588   37.054   39.2046   71.218   55.3173   73.3485   29   49.0918   0   31.8661   97.4105   93.7104   48.7657   64.6702   47.3963   87.6804   44.1548   47.6614   36.5154   57.7551   19.2361   44.1228   40.3037   81.8402   103.009   85.0692   48.9258   67.7122   46.7924   83.4547   67.1647   23.099   88.1349   53.0147   62.8102   41.0238   63.744   61.5079   55   45.4951   61.5395   57.3038   
26.3059   54.1202   29.0689   38.9487   50.448   10.2956   22.6716   30.8058   24.2074   72.0902   50   79.6994   77.1038   63.2851   55.2268   45.793   33.0606   73.171   34.8855   35.7771   35.4401   57.3149   62.2013   76.4003   43.2897   38.2753   14.8661   0   85.5762   82.5366   33.1421   53.5176   45.6723   76.5278   59.0208   61.4725   46.4138   72.6212   34.1021   57.0516   41.025   78.0757   94.9087   82.1912   46.241   58.0086   40.9283   79.1819   56.0122   36.0278   76.9824   41.4201   52.3847   32.8661   52.5914   50.3553   50.0416   54.6611   52.0478   52.108   
49.4065   18   47.0956   47.8539   21.4009   72.7805   83.6002   40.2492   92.1792   54   21.095   50.01   39.2938   31.1448   72.0902   27.0185   86.3713   30.8058   50.3587   53.2635   47.4236   31.9061   80.4114   71.1758   98.3107   32.311   81.0062   70.5762   0   27.4853   71.9741   46.7567   76.6864   42.868   122.718   97.8329   113.3   119.458   96.0971   103.688   104.367   38.7697   31.0554   58.3252   83.2226   65.6153   71.6742   54.1248   52.2415   99.8836   38.7648   101.423   55.2173   75.6288   54.9502   52.7141   60.6288   120.487   67.521   64.0373   
48.7955   13.4164   41.9762   41.1096   21.9545   68.6222   78.6448   38.4187   90.1388   60.2993   20.8087   57.28   46.8188   37.1214   75.5844   22.1359   86.3713   38.2753   44   54.7083   48.5489   23.7065   84.2021   77.0065   98.4937   30   79.0569   67.5352   8.48528   0   68.2328   46.6992   74.8819   24.7703   120.301   96.9277   111.318   118.01   93.7861   103.402   100.177   44   39.5407   63.2597   84.1822   60.3457   65.6624   62.6101   50.8058   97.9789   30.0711   95.5023   52.0789   73.3178   44.4631   48.2047   58.3178   119.876   61.0106   63.7509   
21.2603   40.8534   15   25.632   39.0512   15.0333   27.4591   20.2237   38.2884   68.2422   38.2099   74.2428   69.8928   55.3624   57.7062   32.2025   43.7379   64.7611   21.8403   34.0588   31.241   43.1856   65.7951   75.743   55.0818   26.1725   28.3019   14.1421   57.9741   54.231   0   39.2982   40.9258   62.3084   72.4543   63.1664   60.5559   83.3702   47.538   69.3542   47.9531   68.7856   80.6893   76.6619   59.4401   40.9615   43.4391   73.0088   41.7928   50.1699   62.763   44.8329   38.105   42.5242   38.372   36.1359   34.3417   68.8032   39.0026   54.4771   
23.4094   15.6525   15.5242   21.9317   16.1555   40.025   51.0882   11.7047   61.4003   56.8595   14.5602   59.397   52.2015   37.6431   59.0762   7.81025   60.208   45.2769   22.2036   34.0588   28   24.5153   68.0661   69.4622   72.4017   5.38516   50.448   38.4708   32.7567   29.0689   25.2982   0   47.573   37.3452   92.5246   75.4475   82.5563   95.6548   65.0246   77.0642   71.9496   46.5287   58.8102   64.8234   60.7012   38.1678   40.6017   58.715   22.9443   69.2174   40.9342   67.0094   23.8518   44.5563   16.2361   25.1623   29.5563   93.1318   39.3659   41.3852   
9.21954   44.9444   35.3553   47.2652   35.3553   36.4005   49.6488   20.8806   39.4588   44.9444   36.1248   53.1507   52   39.6232   30.8707   39.9249   29.7321   49.6488   44.7214   8.544   10.4403   57.0088   39.2173   49.5782   41.7253   28.6356   29.0172   27.2947   56.6392   56.8507   26.9258   32.573   0   69.9182   69.5356   40.9258   60.6905   63.8539   47.9013   51.6497   61.0407   53.0759   79.6553   56.5592   34.7047   64.2569   27.2195   54.9446   46.2312   52.1163   70.8063   66.4673   43.4315   26.8062   46.9893   48.4275   35.6213   68.1597   61.8836   33.6764   
45.793   10.198   33.6155   31.0161   23.0217   60.8358   69.9214   34.4093   84.5044   65.9697   21.095   64.4748   54.5894   43.0116   77.1038   15.5563   83.2346   46.1411   34.2345   54.0833   47.7598   13.0384   85.9884   81.7435   95.4411   26.0768   73.6614   61.0328   18.868   10.7703   47.1699   23.3452   54.5894   0   115.87   95.5152   105.902   116.686   88.2765   99.8301   95.123   54.0656   46.313   70.192   80.552   50.2522   62.028   65.2498   40.6271   92.5626   26.2426   85.9366   47.1768   67.8447   39.5813   44.9863   52.9016   113.035   51.3968   62.0768   
57.8014   93.3809   72.4017   82.7647   85.8021   50.2892   54.0833   67.9412   20.6155   86.5794   86.2148   97.1648   99.4585   89.3197   57.0351   86.3134   22.8035   99.0202   78.7147   56.8595   61.2944   100.21   58.0517   81.3019   15.5242   76.4199   29.1548   43.8292   107.201   106.301   57.4543   78.5175   51.1077   101.863   0   48.0147   34.3246   42.6007   43.0179   39.373   54.387   103.93   128.237   104.804   60.72   96.867   75.0218   103.26   89.6902   43.9579   116.833   70.0089   88.7785   67.9316   92.8987   90.6627   80.9682   22.3246   90.6942   82.4208   
36.0555   71.5891   60.208   72.1734   61.0328   50.6952   61.4003   47.7598   34.6699   52.7731   62.1289   63.561   66.8506   58.5235   23.1948   66.8506   13   67.6018   69.029   28.4253   34.4093   83.8153   25.9422   47.676   19.6469   55.5428   30.6105   40.4969   81.6884   82.9277   48.1664   59.4643   26.9258   81.3941   34.0147   0   58.8121   39.095   45.0278   36.5242   65.833   75.712   102.232   73.1543   29.2315   88.2477   48.9285   73.9464   72.1543   49.6333   96.8104   81.8197   70.2675   53.7321   73.8252   75.2635   62.4573   52   86.1913   57.6454   
50.9215   83.7616   59.4138   68.6003   78.2943   34.4819   36.3456   59.0593   7.28011   88.3629   78.2624   98.0459   98.326   86.3134   62.2977   75.8024   26.8328   96.3379   64.405   54.231   57.0701   87.6926   65.7419   86.6833   27.8029   67.2309   18.3848   30.4138   99.2975   97.0979   44.5533   68.2422   46.6905   91.214   18.1108   39.8121   0   59.0672   34.6815   41.6982   42.0998   99.1646   121.357   102.246   62.107   85.5148   65.1771   100.632   85.5495   35.4164   106.52   57.1182   81.195   59.4086   82.1287   79.8927   73.3848   36   79.9242   75.6885   
56.8595   92.6607   79.6241   91.4112   82.0975   65.4905   73.7631   68.542   41.1461   68.542   83.2166   79.7057   84.7231   78.1025   37.1618   87.7268   23.0217   86.6083   87.9659   49.4065   55.4707   104.403   34.5254   58.8558   15.2643   76.4853   42.7551   56.0803   102.616   104.01   66.3702   80.2309   47.8539   102.421   28.6007   21.095   43.0116   0   55.0495   39.1132   75.8547   96.6931   123.327   90.04   50.3266   107.332   70.0235   93.8607   93.2494   59.655   117.898   91.3676   90.8444   68.1728   94.6292   93.1857   83.2612   50.9253   101.579   77.4282   
32.311   66.2193   44.4185   55.0364   59.9416   25.02   33.6155   41.0488   11.4018   71.1969   60.0333   80.399   80.0562   67.7422   48.0208   58.7282   18.0278   77.7817   51.0784   36   38.4708   72.2011   53.2635   71.5891   27.0185   49.4065   2.23607   16.4924   81.1234   79.404   29.5296   50.9902   28.1603   74.2765   28.0179   28.4253   18.6815   40.6079   0   39.2483   42.5397   81.1064   102.747   83.0072   42.2982   69.9483   49.0284   82.4006   65.6004   25.3351   90.371   55.2508   65.0463   43.2599   65.98   63.744   57.2361   47.7312   63.7755   59.5398   
40.3609   76.6942   59.4643   70.8802   67.9412   43.1856   51.5461   51.4004   20.5183   67.1863   68.593   77.6466   79.8123   69.857   38.6394   70.4557   3.16228   79.4796   67.1863   37.5899   42.4382   85.8836   41.2311   63.1506   9.84886   59.8164   20.3961   34.0147   89.2749   89.1403   45.3542   62.6817   32.6497   85.8021   19.6469   15.5242   24.6982   22.3607   18.2483   0   53.0789   84.8765   110.797   83.1542   44.7557   86.3157   55.3901   83.9905   75.0009   39.7956   100.159   70.7398   68.9181   55.6254   78.1306   79.5689   66.7626   41.9714   81.9355   62.7796   
46.0977   72.8011   45.2769   52.4023   70.214   18.0278   16.2788   50.636   18.6815   90.4434   69.6348   98.7168   96.7471   83.1505   69.6348   64.0781   38.833   93.086   48.1664   54.1202   54.7449   73.0068   75.1665   92.6607   44.5982   57.7235   19.8494   20.025   89.8443   86.1626   31.9531   57.2451   45.607   78.7147   38   50.2494   20.0998   59.6154   21.9317   38.0789   0   97.3805   112.642   101.652   64.2299   70.223   60.9533   98.6002   73.2273   42.9485   94.7161   43.0278   69.6952   52.8911   70.3251   68.089   62.7379   56.0624   63.8198   71.5685   
34.5254   25.9422   45.618   52.0096   14.8661   65.3758   78.0897   30.4138   77.8845   31.5753   16.9706   30.5287   21.9317   8.544   48.7647   30.4138   67.7422   14.7648   52.6972   33.2866   28.6356   45.1774   56.8595   48.0104   79.0569   26.4008   66.9403   60.0333   23.7697   29   50.636   30.5287   39   34.4819   89.8944   60.959   85.1645   81.3204   66.4831   70.8308   80.0562   0   43.6271   35.7243   63.7088   68.6965   58.2668   36.544   44.313   88.1684   46.8058   95.4688   49.573   63.5296   46.7647   46.8039   54.7186   105.606   69.0015   43.4008   
56.4358   27.0185   56.0357   56.8859   28.6356   81.3941   92.4392   48.1041   99.7447   53.7587   28.7924   48.0104   37.0135   32.311   75.2928   36   92.6175   29.0689   59.4138   58.7282   53.2635   40.2492   83.1865   71.3863   104.35   40.5216   88.5664   78.7464   9.05539   16.5529   66.4906   41.4367   63.0079   27.313   113.991   86.977   106.93   107.629   88.5494   95.6033   98.2344   26.6271   0   58.3246   87.0199   74.5967   77.9416   52   61.2969   108.5   46.624   108.446   64.2727   83.8394   57.6728   60.9247   68.8394   127.516   76.5761   65.0882   
41.1096   45.31   60.3075   68.6804   33.121   74.6726   88.0227   42.4382   80.025   12.0416   35.3553   13.0384   11.7047   11.1803   36.8782   48.5489   65   14.4222   68.593   33.0151   31.7805   64.4748   43.2782   29.2746   74.6726   41.7253   70.0643   67.1863   42.0119   48.2597   61.2699   46.7547   41.1947   54.1202   87.8009   55.1543   87.0919   73.2462   69.0072   68.1542   86.4928   19.6469   42.2019   0   63.4374   84.9225   58.9222   30.3246   62.7253   93.1633   64.448   105.797   61.2277   68.0009   62.9907   62.1284   67.5114   104   84.326   49.0832   
20.8806   56.4358   46.0109   58.0086   46.2277   41.4005   53.7587   32.573   35.3553   46.2709   47.2017   56   57.0701   46.6154   24.0416   51.6236   20.1246   56.3028   55.1453   14.4222   19.799   68.6804   31.0644   46.5296   31.4006   40.3113   26.9258   31.241   67.2086   68.0074   35.4401   44.2719   11.7047   66.1891   42.72   15.2315   42.107   36.2353   25.2982   23.2594   46.1411   47.7074   73   45.5412   0   75.918   38.9242   60.8228   53.9249   50.0248   81.8832   72.525   55.0926   36.9249   58.6503   60.0886   47.2824   59.1246   72.3075   40.9317   
40.025   32.573   13.1529   2.23607   39.4081   34.0588   39.4462   30.8707   62.7694   80.604   37.4433   83.4386   76.0592   61.6198   78.5875   24.5967   69.6348   68.8186   4.12311   53.1601   48.1041   23.0868   87.3212   92.1792   81.0432   29.0689   53.7122   38.9102   50.01   43.1856   25.9615   24.0416   48.5077   33   82.7345   73.0616   68.2422   92.0706   55.1543   71.3092   51.6236   54.2033   59.0339   70.7672   59.0762   0   53.681   79.0538   43.7937   71.8225   51.1248   55.8252   40.4022   56.2997   37.0855   39.8035   42.6356   93.3548   21.2854   65.0689   
4   38.9487   26.1725   38.1182   31.3847   29.9666   43.382   13.6015   39.9249   50.6063   31.6228   57.5847   54.7449   41.0488   39.9249   32.7567   35.2278   51.0098   35.5106   15.6205   13.4164   49.0408   48.3839   57.3149   47.4342   22.0227   28.7924   22.3607   52.6972   51.6624   18.4391   25.0599   9.21954   48.0104   54.6717   34.9285   47.1699   55.3624   28.6356   37.8021   42.107   38.4708   59.9416   44.9222   20.0998   39.3192   0   59.94   42.2354   48.0623   65.9942   61.0912   37.7005   22.0623   41.296   42.4258   30.4018   69.6972   52.6728   32.8661   
37.6563   39   55   62.9365   26.9258   70.8802   84.119   37.5899   78.4092   18.2483   29.1548   18.3848   13.1529   5   39.6989   42.4382   64.846   11.6619   63.0317   31.4006   29.0172   58.1808   46.8722   35.0571   75.1532   36.1248   68.0661   63.9531   36.1248   42.107   57.0088   41.0122   39.0512   47.8017   87.5957   55.9464   85.5862   75   67.1863   68.0074   83.6002   13.3417   37   6.32456   44.9222   65.0538   41.5933   0   53.8782   89.6555   60.1475   101.842   61.6889   63.6555   57.2483   56.5279   64.0581   103.846   78.7255   51.074   
19.2354   17.6918   18.3576   26.4008   14.0357   40.1995   52.0384   7.81025   59.3633   52.2015   13.0384   55.2268   48.5489   33.8378   54.037   11.7047   56.6127   42.0476   26.1725   29.1548   23.0217   29.2746   63.0317   64.4748   68.8186   1   48.2597   37.3363   33.2415   30.8058   25.1794   5.09902   28.2312   26.6271   75.6902   55.1543   66.3702   76.0592   48.6004   59.203   56.7539   27.313   41.4849   42.4264   39.9249   28.4253   21.4009   36.8782   0   68.9789   45.4064   70.0122   26.7883   43.4632   20.7082   21.4031   29.3178   89.4151   43.3348   37   
37.6431   70.4557   47.0106   56.9386   64.8845   24.5153   30.8058   45.6508   6.40312   77.2787   64.846   86.4696   86.0233   73.5527   53.7122   62.6259   21.6333   83.6002   52.8394   42.0119   44.2832   75.1665   58.6003   77.4726   28.4429   53.8516   5.09902   18.0278   85.8836   83.7616   32.0156   55   34.0588   78.1025   26   33.2415   13.4164   43.0116   6.08276   21.0238   17.2047   72.0347   93.5201   75.0267   31.3209   56.8243   33.8378   73.1095   53   0   92.7352   50.2415   62.6716   40   68.037   66.6069   57.6611   42.6333   66.6385   61.3897   
45   8.60233   35.4401   34.0588   20.3961   62.3939   72.0347   33.9706   85   62.3699   18.6815   60.5392   50.5371   39.2938   74.7329   16.1245   82.6196   42.0595   37.0135   52.3927   46.0977   17.2047   83.5464   78.4092   94.8103   25.4951   74.027   61.9112   14.7648   7.07107   48.3011   23.6008   53.535   4.24264   101.833   80.1311   91.8368   101.213   74.5185   85.276   80.1124   30.8058   23.4094   50.448   65   36.1248   47.5079   44.1475   26.1725   78.6003   0   88.7156   47.241   68.1572   39.8369   42.6271   53.1572   115.575   54.1758   61.4951   
49.6588   67.4759   38.3275   41.6293   68.1836   16.1245   2.82843   50.01   36.2215   96.6488   67.0671   103.47   99.6243   85.1645   80.6226   58.4209   54.231   94.5939   37.6962   60.7454   59.4811   63.1585   87.3212   101.828   61.6117   55.1453   34.0147   25.4951   85.3756   80.2309   29.8329   53.0094   52.4309   71.3092   56.0089   64.1405   38.1182   76.243   36.2491   54.0833   18.0278   80.4114   94.2603   90.6201   56.5862   40.2492   46.0652   86.6487   54.1479   33.2415   73.5459   0   66.9843   53.7202   68.0392   65.9688   59.1741   68.0881   50.3694   74.8358   
16.2788   23.0217   14.1421   24.1661   20   34.1321   46.0977   5.09902   53.8238   55.2268   19.105   59.203   53.2353   38.4708   53.6004   15.6205   52.4786   47.1699   23.0217   28.1603   22.561   31.6228   62.514   66.242   64.6607   7.07107   42.8019   31.3847   39.2173   36.3593   19.105   7.81025   25.4951   31.1448   70.7248   52.2015   60.7454   72.8011   43.2782   54.9181   50.6952   32.573   47.5395   46.2277   37.108   25.9422   17.4642   41.0488   6.08276   47.4342   31.241   48.2597   0   37.6716   22.6158   22.3852   29.8102   86.0147   40.184   38.1359   
12.0416   45.3431   27.4591   39.3192   38.9102   23.6008   36.8917   20   32.2025   57.2713   38.9487   64.846   62.514   49.0102   42.72   38.2884   30.4631   59   36.0555   21.095   20.6155   53.2353   50.5371   62.3699   42.4853   28.4253   21.0238   14.8661   60.0333   58.4123   15.5242   30.4795   12.8062   53.8145   48.0833   33   39.3954   52.1728   21.095   32.6497   34.2345   46.5296   67.5426   52.3927   19.9249   40.1123   8.06226   49.366   27.6586   26   53.7587   39.6611   22.6716   0   45.2873   45.0567   38.4433   61.607   53.2178   38.3607   
23.7697   17.088   13.3417   19.8494   18.3848   38.3275   49.163   12.1655   60.4401   58.8218   16.7631   61.5224   54.4059   39.8246   60.208   8.60233   60.0333   47.5079   20   35   29.0689   24.0416   69.1809   71.1758   72.2011   7.2111   49.5782   37.2156   34.5254   30.4631   23.7697   2.23607   32.9848   24.0832   77.8974   59.7746   67.2012   80.4114   50.2096   62.434   55.7136   32.7567   43.2897   48.8365   44.643   21.9317   25.0799   43.1393   6.7082   54.037   24.6982   51.0392   7.61577   30   0   18.2361   31.7924   91.607   35.9545   43.2111   
21.587   18.7883   13   20.8087   18.6815   36.8782   48.0416   10.0499   58.4123   57.8014   17.2627   60.8769   54.0833   39.4081   58.3095   10.6301   57.8014   47.4131   20.5183   33.0151   27.1662   26.2488   67.2681   69.7782   69.9714   6.40312   47.5079   35.3553   35.9026   32.2025   22.1359   3.16228   30.8058   26.1725   75.743   57.5674   65.215   78.1857   48.1041   60.208   54.0833   32.6497   44.5533   48.0833   42.45   22.8035   22.8473   42.5206   5.65685   52.0096   26.6271   50   5.38516   27.8029   2.23607   0   32.7186   89.4099   37.6806   42.4031   
11.4018   30.8058   15.5242   27.2947   26.4764   28.0713   40.7922   7   46.0435   56.0803   25.9615   61.4003   56.648   42.0595   50   23.3452   45.1774   51.4198   25   24.6982   20.2485   38.4838   58.6941   65.215   57.3062   14.3178   35   24.0416   46.6154   44.1022   13.3417   15.5563   20.025   38.8973   62.9682   45.8912   53   66.0984   35.4683   47.5079   43.7379   37.3363   54.7083   48.3735   31.1448   28.6356   11.0454   43.8634   13.4164   39.6611   39.0512   43.1741   7.81025   15   15   12.8062   0   76.607   42.0799   37.6155   
56.0803   90.9065   68.6003   78.5493   84.0595   45.31   48.2597   65.6049   15.6525   88.0909   84.3149   98.4124   100.02   89.1852   59.5399   83.4865   24   99.0404   74.4312   56.6127   60.5392   96.6747   61.4003   84.0119   19.7231   74.027   25.4951   39.6611   105.394   104.019   53.6004   75.743   50.1597   99.0353   6.32456   36.3456   12   33.9706   24.7588   21.0238   32.0624   89.1572   112.508   88.459   42.9535   78.3901   52.6972   87.8009   73.2462   21.6333   99.2472   50.0899   68.0147   45.607   74.9667   72.8629   60.208   0   87.0346   82.7989   
36.4005   35.3553   10   7.2111   40.2492   27.6586   33.541   28.6007   56.4358   79.3095   38.4838   82.9759   76.2758   61.6117   74.9466   26.6833   63.9531   69.4622   3.16228   49.7695   45.1774   28.6356   83.5225   89.8888   75.1864   28.6007   47.5395   32.6956   53.2353   47.0106   20.2237   24.1868   44.3847   37.3363   76.4853   68.0074   61.8547   86.5794   49.0408   65.5134   45.2769   54.7083   62.2896   70.0928   54.4518   6.40312   35.171   64.6607   27.8029   50.5371   40.05   34.5398   24.0832   35.0143   21.9545   22.2036   25.0799   72.0694   0   62.2191   
11.1803   36.0555   35.3553   46.2385   24.6982   44.7772   58.1808   17.088   51.9711   36.0555   25.9422   42.72   40.1995   27.1662   32.0156   33.1361   41.6173   37.2156   44.7214   8.06226   2.23607   51.0882   41.0122   44.6542   53.2635   22   41.3038   37.108   45.3431   46.6476   32.2025   27.074   12.6491   46.1736   63.5295   36.4005   59.2284   57.4282   40.6079   44.6542   56.5685   26.4008   51.0882   30.0832   21.9317   47.927   14.8661   27.074   22.0227   46.3897   44.3847   60.8358   22.1359   22.3607   28.2843   26.4764   20.6155   62.7694   45.2769   0   
