15
40
999999 17 13 15 15 17 8 8 14 11 5 12 6 13 17 5 8 7 17 13 12 12 16 5 14 14 11 17 5 11 10 10 17 16 17 17 10 10 16 13 
0 1 12 9 4 9 7 1 9 4 1 10 2 6 8 3 1 4 11 1 10 5 15 2 13 3 6 13 3 6 3 7 8 15 2 6 7 5 6 8 
20
0   0   0   0   0   0   0   0   0   0   0   0   0   0   0   0   0   0   0   0   
-7   10   -3   3   -8   2   1   10   -2   5   -2   10   -8   3   2   7   -11   7   -11   8   
-3   -4   0   2   -10   0   -3   1   -8   4   -2   2   0   -1   3   9   -4   3   -6   6   
-3   -1   -5   6   0   4   0   0   -5   -1   0   2   -3   9   5   8   -8   2   -1   6   
10   -13   7   -11   8   -10   13   -11   8   -12   8   -7   12   -8   8   0   7   -9   13   -2   
2   -8   6   -3   5   4   2   1   5   -3   -3   -14   3   -1   -6   3   10   -9   0   8   
-5   6   -6   3   -7   5   -3   5   -6   2   -3   6   0   3   -3   1   -5   3   -4   3   
4   -6   3   -2   1   -2   0   0   3   -4   2   0   1   -4   0   -2   -1   -1   -2   -2   
-3   6   0   5   -9   7   -8   5   -9   6   -8   7   -11   11   -3   4   -11   3   -5   0   
0   -5   3   -3   3   0   2   1   1   1   0   3   0   -1   -5   -4   1   1   0   0   
2   -2   0   -1   3   -4   0   -1   0   -1   1   -2   1   0   2   -1   2   -1   2   0   
-12   6   -9   12   -6   7   -1   5   0   12   -3   7   -1   6   -7   12   1   5   -1   9   
-3   -3   0   5   -4   2   0   6   -2   2   0   1   1   -1   -2   1   -1   4   -4   0   
5   8   -10   9   -5   -3   -2   6   -3   9   -7   7   -9   7   -5   7   -4   12   -8   2   
-5   1   1   10   -1   -6   2   13   -6   4   -14   -2   -8   -3   -9   9   -2   4   -6   5   
3   0   1   -1   4   -2   3   -2   2   -2   4   -3   1   0   2   0   1   -2   1   -2   
-1   2   -1   2   2   3   -2   1   0   0   -2   2   0   0   0   0   0   0   -1   0   
-1   -2   0   -2   0   -3   0   0   0   -2   -1   1   0   1   5   2   3   3   1   -2   
11   -1   0   -5   5   -6   5   2   12   4   -1   4   3   -5   4   11   0   -9   15   -1   
3   -3   0   -8   1   -3   -1   0   -2   0   4   6   3   3   -1   -2   2   1   -1   -3   
-1   7   0   1   0   0   3   -1   -1   -5   0   4   -1   6   0   3   0   4   -2   7   
4   4   -5   2   -1   9   -3   5   -5   -3   -10   7   -1   -3   0   -1   -2   7   0   11   
1   0   2   2   1   -4   3   -1   3   -5   0   6   0   -6   1   2   1   -4   -4   1   
-1   0   0   1   0   0   0   0   0   0   -1   0   0   1   -1   -1   0   0   0   0   
-7   1   -7   0   -2   4   -8   0   -4   4   -3   12   -12   6   -4   7   -6   12   -6   3   
-2   6   0   -2   4   -1   6   -5   -1   -2   1   7   6   -6   4   -2   2   2   5   -2   
0   1   1   -5   0   2   0   1   1   1   3   0   0   -2   4   1   5   -3   6   -7   
0   -2   -12   -2   -10   6   -1   5   9   3   1   0   -8   -4   -11   -6   -6   7   1   7   
0   -2   2   0   1   -2   2   0   1   -2   1   -2   1   -1   3   -2   1   0   2   0   
-6   4   -2   4   -8   3   -5   6   -10   6   -1   4   -8   2   -5   7   -2   8   -9   6   
1   -5   7   -3   5   -3   4   -2   0   -8   2   -4   4   -2   4   -2   2   -4   8   -4   
-6   7   0   7   -1   4   -3   6   -4   0   0   4   -1   1   -4   1   -2   5   -2   -2   
0   12   -10   11   -5   5   -15   5   -3   2   -6   6   -2   11   0   8   -8   11   -11   9   
7   -7   5   -1   0   -5   3   0   9   4   12   -3   4   -4   5   -4   7   -1   2   3   
-14   -3   -9   5   -5   9   -1   6   -6   1   0   5   -1   2   1   6   -3   4   -8   6   
5   0   2   -3   6   -9   4   -3   4   -8   3   1   0   4   -6   1   1   6   5   2   
0   -1   -4   -5   5   0   1   0   0   8   5   0   -1   3   2   2   0   3   2   6   
5   -8   3   0   6   0   0   -9   6   -1   6   0   2   -5   3   -2   5   -10   5   -4   
7   7   -5   11   2   4   -9   10   -3   1   -7   4   -5   8   -7   6   -5   9   -4   5   
0   -1   -8   -1   -4   0   0   -2   0   1   -2   2   1   4   0   0   -3   1   -2   0   
0   44.2324   44.8058   49.2415   46.7429   56.0689   57.723   74.6656   70.8015   52.2962   56.7771   55.054   27   81.7963   35.587   56.5905   68.4205   66.9535   64.8235   67.3322   58.6613   65.1275   57.1152   68.8238   63.1699   39.3417   67.45   71.6392   73.774   42.1896   30.3417   81.9365   59.1995   60.2311   72.4149   68   46.8403   62.4264   79.5368   75.9183   
30.2324   0   31.1803   77.8313   28.0499   66.8566   51.5042   98.8795   74.5933   58.0128   81.2956   82.922   43.7099   88.0448   38.3961   58.8293   45.6335   83.5869   40.2483   76.2046   56.5933   49.0832   84.0522   82.2944   93.4023   46.3847   80.3764   42.178   88.1582   67.8438   42.3238   96.0267   84.3081   45.8473   82.3273   88.1231   66.4296   30.9284   109.769   85.407   
30.8058   11.1803   0   80.0474   21   73.8595   56.6716   99.2366   64.105   45.6142   81.5632   84.7331   53.2655   92.2943   49.5764   45   37.15   79.5003   31.7648   74.9711   57.0644   57.2311   86.7231   71.0098   93.9757   43.4951   68.6236   53.3583   91.6902   67.9646   34.7231   106.63   90.0053   51.0147   92.7844   89.3395   75.6308   40   105.214   94.8767   
33.2415   62.6498   64.0312   0   74.1664   57.9435   84.6512   39.9317   89.0069   74.1616   24   22.6023   51.7359   71.4603   63.634   80.1605   97.7109   54.2244   93.454   82.3035   82.375   88.2564   25.8482   90.8067   35.0641   60.0999   73.8254   102.461   55.5788   27.816   60.5339   72.6937   24.434   82.1789   62.7191   32.4536   26.4018   93.5782   60.2311   71   
26.9258   10.0499   4   60.1664   0   73.3748   54.2298   94.2825   64.3705   49.6142   76.3939   81.9798   44.3059   92.1988   45.2389   45.2655   36.561   77.2163   35.3848   68.3517   49.5753   53.8497   84.041   69.2445   90.0957   47.4951   72.6236   52   87.8383   69.1154   38.7231   94.0625   84.6004   48.573   82.0074   88.3593   73.7662   40.9783   106.463   82.2993   
37.2022   48.7647   56.8595   40.2616   53.2259   0   56.6056   76.0114   105   87.4262   62.0744   55.3412   47.0689   41.0227   52.4605   89.2496   89.787   87.1642   87.6155   104.534   95.8634   53   55.885   106.026   57.0694   76.5438   99.2943   76.1882   42.831   59.054   67.5438   46.9714   54.4708   65.833   37   63.0555   61.0139   67   98.4923   32.2066   
43.6807   28.178   39.3573   67.3573   37.6962   36.0555   0   103.196   102.067   82.9656   91.3573   87.8559   55.0416   75.615   43.9053   82.9616   64.8879   102.585   59.7732   102.604   84.7713   22.6056   86.8404   105.788   93.1249   70.0111   99.0637   46.0175   72.0088   76.5235   61.0111   75.0351   85.4262   23.6569   69.4198   94.4105   80.2495   41.6333   123.217   68.2621   
53.6656   83.7257   83.9345   21.9317   80.2309   59.9333   89.1964   0   96   88.2091   31.8885   43.5967   73.6676   87.7088   85.5657   94.0064   116.792   56.9535   115.386   90.8872   104.307   106.763   41.9549   101.624   51.1708   82.0316   81.4003   124.291   70.2445   49.7477   82.4656   85.0661   40.5407   104.111   77.9181   50.7386   48.3335   109.868   44.7099   89.0635   
52.8015   59.4138   49.0408   72.0069   49.366   90   86.3481   82   0   42.5407   89.1781   94.4018   76.487   127.475   82.6802   38.105   76.3954   60.0488   76.5601   31.2361   37   103.216   96.0982   20.2361   105.417   56.5106   40.0238   101.366   117.73   76.6817   57.382   134.434   96.4409   97.939   124.419   103.088   90.0703   89.0278   96.3303   119.671   
32.5576   39.0128   29.6142   57.4891   29.0689   69.4262   65.1153   72.0278   21.5407   0   81.3205   80.0915   59.0595   107.244   65.2527   26.0828   60.0914   60.5876   54.7063   43.3607   28.2462   82.9186   81.8973   41.0868   90.9732   39.8661   49.0217   81.0689   101.006   68.174   39.9545   112.11   80.4831   77.6419   97.9197   84.5701   66.7598   69.6142   98.3092   97.3449   
35.7771   65.8635   66.1287   7   62.3939   47.0744   72.8011   17.8885   69.0797   56.3205   0   29.6023   58.7359   76.4253   70.3259   79.4259   98.7585   60.7131   94.7775   74.0593   81.6496   95.1289   32.8482   86.942   40   59.1774   68.7393   107.416   62.5788   33   66.1188   78.0421   31.434   89.1789   62.3897   36.868   33.4018   96.201   54.4819   78   
37.054   64.846   67.6018   8.60233   63.6396   35.3412   65.8559   24.5967   79.7559   64.195   14.8661   0   59.2173   61.0513   70.8633   88.6584   100.201   62.8267   99.0244   85.3334   86.4224   88.3412   23.6278   96.0703   25.7883   68.7022   75.8466   103.954   46.4037   36.4183   67.3957   62.6681   23.8573   88.7249   47.0156   19.3852   35.0041   93.2496   64.2652   55.3192   
11   25.7099   30.2655   37.7359   26.3059   29.0689   33.2415   59.4054   61.9112   40.8044   41.8688   39.2173   0   68.0882   34.1803   59.3538   62.8669   68.7587   61.6907   74.6982   61.4246   55.8471   58.4367   77.8822   65.0056   42.105   71.1576   63.0408   71.8998   42.9072   33.105   76.0403   59.72   52.3847   66.0689   58.6025   42.0185   56.6383   90.5368   61.2754   
58.7963   69.4622   78.2943   53.4603   74.793   22.0227   51.0392   68.593   111.521   91.2414   60.407   46.0435   51.0882   0   66.6488   110.177   110.557   107.685   105.451   125.786   112.513   71.0094   63.4246   126.446   59.7922   93.1931   120.303   91.687   39.8666   75.1818   84.1931   25   62.0104   69.3263   34.0357   62.1022   74.1413   89.0227   110.309   35.8995   
21.587   20.3961   28.6531   47.634   25.2389   28.4605   22.1359   69.527   68.542   47.0106   52.3259   47.8853   11.1803   49.6488   0   65.6063   61.7999   79.9391   60.4179   85.8786   72.6049   44.632   69.617   88.0974   71.8813   53.2853   82.3379   60.9929   66.7627   53.8975   44.2853   74.6488   69.9503   41.2485   60.9318   65.4782   52.4833   46.5707   101.124   60.6671   
37.8021   40.3113   30   63.561   30.2655   74.2496   67.4463   78.0064   19.105   6.08276   62.3939   70.214   45.3431   96.1769   50.6063   0   55.3573   60.1975   56.7961   40.5599   17.2361   84.1152   87.9141   39.341   96.0022   35.2485   40.1725   82.2655   107.089   68.4976   46.0373   116.043   86.5658   78.8385   104.002   89.5991   72.8426   68   100.551   101.279   
49.4773   23.5372   18.6815   82.7103   22.561   72.2772   46.8615   102.528   56.3205   41.6173   84.7585   86.1452   48.0104   92.6984   43.9318   39.3573   0   98.1819   26.3852   77.7192   54.3954   65.3814   104.284   76.5566   111.934   62.1766   79.5298   57.6228   110.372   86.6462   53.4046   113.58   107.144   62.2311   104.568   105.53   89.9668   48.4558   123.896   98.8153   
42.9535   68.0955   62.6259   40.2244   60.2163   73.1642   86.5852   42.9535   41   38.5876   34.7131   48.8262   53.7587   91.0824   64.5368   43.382   78.5175   0   90.901   48.0689   60.6181   106.989   66.0726   59.05   73.6657   51.2022   46.025   110.274   95.2299   61.3615   68.7772   107.231   64.6584   103.185   95.8418   68.2114   59.9473   96.8841   48.7343   103.28   
45.2217   18.2483   14.7648   78.4474   18.3848   66.9403   41.7732   98.6154   57.0701   40.7063   80.7775   81.5843   43.1045   87.3155   38.6394   39.2173   5.38516   76.4199   0   79.7772   56.4534   59.4049   98.7437   77.3062   106.554   58.2599   79.3898   45.4429   105.402   81.4078   49.4879   109.973   101.929   52.1248   99.5711   100.969   84.0522   38.6155   119.979   99.1468   
48.3322   61.2046   51.9711   62.6817   51.3517   85.0882   86.3713   70.8802   12.1655   22.3607   59.0593   70.8025   58.5235   105.948   66.7083   23.2594   62.6099   29.0689   62.3939   0   38.3238   105.201   88.5299   26   96.5908   55.7567   31.4868   103.352   108.921   75.3159   62.3152   124.403   87.1157   99.9247   113.021   90.1877   73.9017   91.2594   77.2013   116.255   
40   41.5933   31.0644   65.7343   31.5753   76.3675   68.9638   80   18   8.24621   64.4981   72.4224   47.4236   98.3107   52.4786   2.23607   39.3954   44.7772   39.5601   23.3238   0   85.3114   89.2215   38.2361   98.2107   37.4845   42.4086   83.5753   108.849   70.7337   45.3196   117.728   88.7293   78.0312   104.408   91.8075   70.9732   70.2361   93.5115   103.515   
47.1275   30.0832   41.2311   70.9366   39.8497   39   3.60555   92.7631   88.8426   67.7422   76.4003   69.3542   36.7696   53.0094   25.632   69.857   47.3814   89.9889   42.45   89.202   71.3092   0   88.332   106.609   92.2432   72.0088   102.669   49.6231   75.6143   78.2689   64.6167   78.0094   86.9178   27.2624   73.0254   85.8401   76.8547   44.9317   126.664   69.6905   
39.1152   67.0522   69.7209   9.21954   65.7647   37.1214   68.0147   22.8473   81.0062   65.8027   14.7648   2.23607   41.4367   47   50.1199   71.8401   88.2836   49.2037   83.7437   71.8471   74.0405   71.5052   0   97.8471   28.0244   66.7731   78.0827   104.477   48.6397   37.0355   69.4569   63.3814   21.4142   82.6003   49.2517   21.6212   35.6213   95.4853   66.5013   57.5553   
53.8238   61.2944   51.0098   72.0694   51.2445   91.022   88.0738   81.4923   2.23607   23.0868   68.942   79.925   63.1348   112.446   70.0071   21.0238   58.5235   40.05   59.2284   11   20.025   90.6091   81.1234   0   105.713   56.2723   37.2237   102.284   118.066   78.9178   59.6181   133.381   96.5034   98.0562   118.217   99.3101   78.405   89.0238   88.2013   118.616   
47.1699   73.1642   77.0584   19.8494   73.0616   36.0694   70.1783   28.0179   91.4166   75.6108   25   11.6619   47.5184   40.7922   54.7083   81.5966   95.3362   59.6657   90.5539   82.4197   83.8153   73.4983   10.6301   91.586   0   77.3821   87.5085   110.559   47.3452   44.271   76.9889   65.7922   26.8753   91.7429   50.5136   22.4031   42.8568   101.279   72.7278   54.2491   
17.6918   31.3847   25.4951   45.0999   23.0217   54.6717   54.0093   62.1691   35.5106   14.8661   45.1774   50.9902   26.4197   76.4199   33.9559   20.2485   42.4382   37.2022   39.6989   32.7567   22.4722   57.0088   52.7731   36.7151   62.0967   0   54.0689   73.5627   86.2422   56.9396   25   99.6283   69.5339   68.0899   86.0681   70.2939   55.5254   62.3131   85.9364   86.8783   
42.45   59.6657   51.6236   53.6004   50.2892   78.2943   83.006   61.4003   21.0238   23.0217   49.7393   61.8466   53.1507   98.6154   62.2896   26.1725   64.6375   20.025   63.6318   9.48683   27.0185   86.0523   62.8013   20.2237   73.4098   29.0689   0   101.844   102.833   64.0109   53.0526   120.92   78.0344   97.1588   105.267   81.2317   68.4236   89.4983   68.7592   110.501   
56.6392   28.178   35.9026   86.6083   37   61.1882   26   108.407   84.214   65.5134   90.9065   86.954   49.0408   77.026   39.1152   65.4905   31.6228   96.2549   28.4429   87.8635   66.2722   24.1868   89.1852   86.2844   93.1075   59.5063   87.2812   0   97.3772   90.9276   67.5436   101.035   108.243   46.5467   95.4198   104.593   91.0593   30.4222   136.176   93.3948   
50.774   68.7314   75.6902   37.6431   71.8401   21.2132   57.0088   51.2445   101.912   83.006   44.3847   29.6142   45.8803   17.4642   48.3735   88.4816   92.228   76.922   86.977   94.921   90.6973   59.7746   30.2655   102.552   23.3452   68.2422   86.8332   82.3772   0   64.0753   78.9853   31.1172   49.4906   79.8765   32.831   45.0185   62.6611   88.2132   91.0066   31.8661   
21.1896   51   51.923   12.1655   48.0833   37.054   58.5235   32.7567   62.6817   46.4866   15   17.72   26.9072   54.4243   37.5366   52.4976   70.6045   36.6879   66.4078   54.4885   54.7083   62.1289   19.4165   63.0079   29.1548   33.3766   46.0109   75.9276   41.0488   0   50.2415   72.166   36.5995   75.9033   58.2263   37.1052   18.4142   81.9284   65.4131   67.607   
13.3417   23.3238   19.7231   45.3982   16.4012   48.1041   45.0111   64.5136   43.382   21.9545   46.8402   50.01   19.105   70.0928   25.2982   26.2488   38.0789   44.7772   34.4819   41.5933   28.3196   48.0104   52   44.7772   60.407   9   38.0526   51.4782   63.5295   33.2415   0   88.9728   69.8322   64.9742   83.4275   69.3952   51.6558   54.1214   92.8785   74.208   
62.9365   75.0267   83.6301   54.5711   80.0625   26.9258   57.0351   68.0661   115.434   95.483   61.3922   46.6905   55.8032   6   55.0364   100.568   98.3514   93.2309   92.9731   109.403   102.728   59.0085   47.3814   116.276   40.05   80.6226   101.789   83.0241   17.1172   56.7979   74.6525   0   66.6079   75.3263   34.6525   62.1358   75.2121   91.2955   108.124   40.7648   
40.1995   68.3081   70.859   9.43398   66.9104   38.4708   69.4262   21.5407   81.4125   66.4831   14.4222   3.60555   42.72   48.0104   51.4782   72.5328   89.4427   49.0408   84.9294   72.111   74.7262   72.9178   1.41421   81.4923   10.6301   53.6004   63.0079   90.5539   31.1448   20.2237   53.0094   48.2597   0   84.0145   50.6212   22.9907   35.8357   93.8203   66.2506   58.9248   
41.2311   22.8473   34.0147   67.1789   32.573   38.833   5.65685   89.1067   81.5843   60.531   72.2496   66.4003   31.3847   55.3263   20.2485   62.5859   41.2311   83.8153   36.1248   82.0975   64.0312   7.28011   68.6003   83.3607   71.5891   50.0899   79.1581   22.3607   60.0167   57.6281   41.1096   61.2944   70   0   75.0767   85.7266   72.7318   43.1245   120.768   71.0395   
48.4149   64.3273   71.7844   39.4588   68.0074   16   51.4198   54.9181   100.419   80.9197   46.3897   32.0156   42.4853   14.0357   43.9318   86.2148   87.8635   77.6209   82.5651   94.0213   88.4081   54.1202   33.0151   101.178   27.5136   66.0681   86.267   76.9415   5.83095   41.1461   60.7454   15.6525   34.0588   54.5894   0   49.9168   59.5603   82   96.2808   23.2195   
42   69.1231   72.3395   13.4536   68.3593   36.0555   68.4105   24.7386   85.0882   69.5701   18.868   5.38516   43.4166   44.1022   51.4782   75.5844   90.7965   53.4135   86.1452   76.0263   77.7946   71.8401   4.24264   85.235   6.40312   56.2939   67.0075   90.3549   27.0185   23.0868   55.0818   44.1022   4.47214   69.3397   30.2655   0   39.8554   93   65   53.485   
21.8403   51.4296   52.6308   11.4018   48.7647   36.0139   58.2495   32.45   64.0703   47.7598   14.8661   16.4924   27.0185   53.1413   37.4833   53.7587   71.3092   37.9473   67.0522   55.9017   55.9732   61.8547   18.2483   64.405   27.8568   34.5254   47.4236   76.0592   39.6611   1.41421   34.1321   55.4617   19.105   57.4891   39.8121   21.8403   0   76.426   66.8273   63.0316   
42.4264   13.9284   23   73.2462   23.3452   52   21.6333   94.8683   72.0278   52.345   77.201   74.2496   35.5106   70.406   26.5707   53   25.4558   81.8841   20.6155   74.6726   54.037   21.9317   76.4853   74.0068   81.2712   45.31   73.4983   14.4222   73.0616   62.2013   37.1214   76.2955   77.8203   16.1245   68   78   62.426   0   120.888   84.2066   
64.5368   94.0479   91.214   41.2311   88.0909   81.4923   105.816   25.7099   74.3303   71.3092   34.4819   47.2652   73.2393   93.0484   84.3149   76.5506   108.724   33.7343   105.802   62.2013   78.1089   109.417   46.0977   73.171   53.2353   66.2873   53.6004   121.165   76.0066   47.4131   71.7008   93.0484   45.0444   104.561   79.1012   49   47.8539   106.888   0   102.321   
48.9183   60.407   68.8767   46   65.2993   12.2066   44.2832   63.0635   101.671   81.3449   53   39.3192   41.2311   9.89949   40.3113   86.2786   83.8153   82.28   78.4474   96.2549   88.4138   46.6905   40.6079   102.616   36.2491   66.5282   89.0674   70.1783   14.8661   45.607   60.208   14.7648   41.7732   48.0104   9.21954   38.3275   44.3847   62.3939   86.5794   0   
