15
30
999999 7 11 10 10 15 12 9 14 9 10 10 8 16 11 15 17 13 14 15 16 10 16 12 8 17 14 9 17 5 
0 1 5 4 4 2 11 1 7 4 1 4 4 8 3 5 10 7 13 8 15 2 5 1 7 3 2 5 3 3 
20
0   0   0   0   0   0   0   0   0   0   0   0   0   0   0   0   0   0   0   0   
-2   1   0   1   0   2   -1   2   3   0   -1   0   1   0   0   1   -1   0   0   1   
-5   1   -2   5   -3   1   -5   4   -2   4   -7   5   -4   4   -6   3   -7   5   0   5   
4   -1   8   -6   3   -8   0   -5   0   -2   3   -1   4   0   1   -4   0   -3   0   -7   
0   -3   0   -3   -2   -3   4   -3   1   0   5   -6   1   0   4   -7   1   -5   4   -4   
-5   -5   -6   13   -13   5   -11   4   0   -4   -6   0   -6   12   -8   8   -10   11   -8   6   
7   4   -10   -2   4   4   0   0   -2   1   -8   0   -1   7   -4   6   -6   8   -5   4   
-1   4   -3   0   -2   6   -1   0   3   1   -6   8   -4   4   0   7   -1   -1   -6   1   
-11   7   -9   7   -9   14   -14   12   -10   7   -8   7   -2   10   -8   11   -13   7   -12   5   
-4   -2   -5   2   -7   5   -2   5   -3   4   -5   2   -2   2   2   5   0   -1   1   4   
-9   9   -7   1   -2   6   -6   9   -9   8   -8   5   -2   10   -3   6   -3   4   -6   8   
-4   -5   -1   1   -3   0   5   -4   -5   1   1   0   0   -1   0   0   -3   3   -3   0   
-1   0   0   0   0   1   -3   0   0   3   5   1   -1   0   -2   0   0   3   3   0   
-1   -5   6   -7   3   -4   11   -6   15   -6   11   -5   10   3   1   -3   9   -6   8   -6   
-2   2   -2   0   -1   6   -4   4   -4   1   -6   1   -4   1   0   6   -6   8   0   0   
-15   10   -10   8   -10   3   -6   15   5   8   -7   8   -4   5   -3   11   0   1   -6   6   
4   -2   8   1   6   -6   6   -9   0   -12   0   -2   12   2   8   1   4   -4   -1   -3   
4   -13   8   -6   4   -7   3   0   10   -4   0   -5   8   -6   6   -9   11   -11   8   -5   
1   -2   6   -1   7   -2   0   5   0   -1   7   9   -1   1   -5   6   -1   -5   -4   0   
4   -9   6   -4   6   -3   11   -7   3   -6   6   -7   3   -2   4   -5   12   -6   3   0   
3   -2   14   -7   0   -5   0   1   -4   2   -5   -3   3   1   4   -2   -1   -5   9   -1   
-9   4   -5   4   -6   6   -4   2   -6   6   -2   5   -6   4   -4   8   -5   3   -1   0   
-6   -5   0   1   -7   7   -7   10   -2   -1   2   7   0   2   -4   3   -4   9   7   -6   
-9   3   -5   8   -6   6   -5   5   -10   7   -4   9   -11   3   0   -1   -1   2   2   8   
8   -1   3   -4   2   -2   4   -4   4   -1   4   -2   4   -3   1   -6   3   -6   4   -2   
-9   8   -3   -5   -9   0   3   1   -10   5   1   11   -3   0   -3   4   2   -3   0   3   
-14   7   -5   4   -9   8   -5   9   -6   8   -10   11   -2   4   -5   10   -8   14   -11   2   
0   0   0   2   -4   1   -2   -4   1   -3   1   1   3   5   0   1   -2   2   5   0   
-12   -3   -4   10   1   0   -3   5   -4   4   -1   2   -3   4   -6   5   -1   -1   -12   11   
0   -3   0   0   3   -1   0   -1   1   -3   0   -3   3   -2   2   -1   1   0   0   -2   
0   48.3196   38.4536   61.7279   51.1115   86.1616   81.6553   67   51.8581   59.7131   60.5296   32.198   53.3179   46.3264   39.2971   72.5619   50.8377   68.1248   84.0538   49   29.2971   73.9574   65   61.2095   37.0227   43.9706   48.7308   57.8292   54.6043   41.2627   
28.3196   0   47.6054   88.4097   45.0861   88.8241   49.4031   40.2021   76.3625   20.4031   70.0896   51.4786   77.3729   65.4517   63.4806   77.0254   61.0654   67.2491   63.7967   75.8795   53.8623   88.6868   84.6301   71.9523   61.1369   25.4018   71   56.9535   37.0238   43.3607   
13.4536   32.573   0   58.6878   60.3954   74.5619   81.9761   70.4536   62.6905   52.9761   53.176   36.6155   66.7715   59.7801   52.7507   58.3792   64.2913   81.0303   82.1193   56.0156   42.7507   61.8634   64.108   72.6004   50.4763   49.2036   50.0588   71.2828   57   50.5466   
46.3249   74.4043   44.6878   0   83.0476   90.9615   123.807   101.023   53.8973   94.8074   84.1542   54.9249   57.3244   67.1725   56   89.505   76.0571   97.1427   126.807   32.7279   59.0278   30   40.9615   76.171   54.3417   83.0079   41   92.1601   89.3894   79.1664   
26.9258   26.4764   39.3954   67.4463   0   113.087   71.7814   40.5159   56.0366   46.8795   87.4554   46.1603   54   41.5745   49.7603   95.0733   31.2788   44.4253   70.648   75.9258   46.3516   84.4262   91.9258   47.2947   46.1548   47.6602   57.0476   37.3848   27.0623   31.8489   
67.9412   73.8241   54.5619   75.326   91.8314   0   112.087   111.5   113.967   94.2272   51.632   89.4043   117.012   114.268   103.588   44.0227   117.449   135.349   110.087   83.9117   97.2382   88.1126   75   124.074   99.9826   83.3397   98.3468   125.77   110.848   105.108   
63.6553   35.3553   66.0379   109.481   54.7814   92.1954   0   54.5106   110.818   47   84.0661   86.8339   108.781   95.1335   98.836   88.1783   84.8378   92.0274   22   111.235   89.2176   124.042   119.985   99.6088   96.4922   60.7571   106.355   86.3817   66.8188   73.2268   
41   21.4709   50   86.0058   21.2603   95.2733   35.5106   0   77.2969   33.799   86.8481   63.9797   75.2603   62.7027   67.2494   91.4718   52.5391   57.3129   57.5106   90   61.3405   105.445   101.389   62.6154   63.8197   42.1603   78.3079   47.0172   30.4536   44.9422   
37.054   60.5392   46.6905   38.8973   41.0366   97.4936   94.1541   62.2896   0   80.9424   96.3738   45.6321   22.4721   38.3576   36   104.587   44.6531   65.7478   111.685   49.7451   38.561   59.886   71.8224   43.1868   36.2971   73.7227   29.6205   58.3847   68.0988   59.9487   
34.7131   6.40312   38.6264   80.8022   30   76.896   29   19.799   66.2118   0   76.4927   57.8817   82.4831   69.3927   69.8837   70.356   61.2788   70.0273   51   82.2826   60.2654   95.0899   90.5844   76.9143   67.54   31.8049   76.2209   63.3566   43.4269   45.5136   
46.5296   48.3011   34.176   68.1542   67.8823   25.632   68.0661   69.7711   80.5233   51.264   0   70.7915   99.8474   92.856   85.8266   22.2462   92.2368   112.308   82.1836   73.5587   75.8266   89.8855   68.5079   106.776   83.5523   64.6878   84.2348   104.359   85.3249   81.7963   
10.198   37.0135   20.6155   39.9249   28.1603   74.4043   72.2496   46.0977   27   43.2782   54.7814   0   45.2746   40.1005   33.0711   77.0276   44.6117   66.3954   90.7564   43.6356   23.0711   65.4849   72.1221   56.9411   35.3693   48.0768   44.0278   62.0513   47.5901   34.2485   
39.0512   61.0328   49.4773   43.3244   40   101.119   93.9415   61.2209   4.47214   66.4831   83.5225   29.2746   0   42.2788   37.0357   105.769   49.1252   57.1741   110.648   54.2172   43.0332   64.3581   76.2945   40.6155   38.0294   71.9711   34.0926   62.5933   67.0623   60   
31.305   47.5184   44.1022   53.0848   24.1868   98.4073   78.7909   45.2217   18.3576   52.3927   77.8267   24.0832   16.2788   0   34.9234   100.073   37.2956   54.0167   94.8348   62.8931   38.5979   70.4358   83.2119   33   31.3178   55.9907   47.1725   52.2488   49.249   40.1794   
25.1794   47.5395   36.4005   42   29.2062   89.5879   81.3019   50.2494   13   53.2259   70.5762   15.8114   14.0357   11.4018   0   92.8224   34.0998   61.1947   98.0154   55.1809   30.8857   66.6172   75.0091   44.4018   23.6056   54.0789   38   57.3456   54.4185   41.0768   
54.5619   54.0833   42.3792   75.505   75.0733   22.0227   70.1783   75.4718   88.7694   56.356   8.24621   62.9682   91.7606   85.8662   78.7718   0   100.483   119.12   84.0643   81.8049   83.859   88.2772   69.7122   113.895   91.5846   68.6236   89.9667   108.849   86.9178   85.2193   
32.5269   42.0476   45.9674   62.0322   16.2788   100.449   70.8378   36.2353   28.6531   46.0977   78.2368   28.178   26.4008   10.2956   20.0998   85.9826   0   41.8403   86.9269   70.598   41.5407   80.7314   90.9168   37.0454   39.0227   51.692   54.0571   38.2788   39.0416   35.8806   
52.6972   53.2259   66.0303   83.0963   28.4253   119.754   73.0274   38.2099   46.6905   55.0273   96.2081   49.7695   43.1741   30.0167   41.1947   103.479   21.8403   0   90.0267   92.4384   63.381   100.452   112.757   44.561   60.863   71.8358   75.8974   34.2956   50.2025   56.4833   
65.0538   36.7967   67.1193   110.752   56.648   92.0869   2   37.4833   95.8801   30.4795   68.1836   73.7564   95.7131   80.6226   83.006   70.0643   72.7324   75.0267   0   112.676   90.659   125.484   121.064   97.5225   97.778   62.1985   106.7   84.5006   63.7032   72.9386   
34   61.8547   32.0156   12.7279   56.7186   67.9117   96.8297   74.3303   35   68.2422   57.5587   28.6356   39.4081   45.607   34.2053   65.2763   53.4603   75.1332   98.0816   0   51.7067   37   37.6274   69.0273   47.4663   68.4777   34.1246   89.1158   76.2258   62.8841   
15.2971   38.4708   27.2947   43.1741   24.3516   81.4002   73.0068   44.1022   22.561   44.4185   61.327   7.07107   24.0208   17.0294   10   69.4622   21.5407   43.3244   74.6324   33.0151   0   60.3982   70.6426   50.0294   33.2801   47.4605   38.0278   59.8195   51.4138   41.3195   
46.9574   74.6257   43.8634   5   69.4262   71.1126   109.403   87.3155   43.0813   80.9938   65.146   41.4849   47.5395   56.4358   45.1774   72.2772   65.0308   86.3713   110.603   13   45.3982   0   35.3776   81.171   59.3417   81.4777   46   97.1601   89.0751   75.7334   
46   69.6419   37.108   25.9615   72.3395   50   101.98   86.4696   57.4891   75.5844   47.5079   45.1221   61.8466   66.2118   55.0091   53.7122   72.7324   94.5569   102.859   22.6274   51.2445   21.3776   0   91.6547   70.0937   83.2284   56.752   103.829   92.7122   79.3705   
40.4969   53.0094   53.6004   61.6604   27.2947   108.074   81.6088   46.6154   24.1868   57.1402   86.954   33.9411   20.6155   10   21.0238   94.8947   11.0454   22.561   83.5225   55.0273   26.8701   65.307   76.0263   0   41.3178   62.7374   52.171   39.0227   50.087   46.926   
22.0227   45.618   32.8938   40.1123   29.1548   85.9826   79.8812   49.8197   15.2971   51.4782   67.0671   12.3693   17.0294   14.3178   3.60555   75.2728   22.0227   43.566   81.5414   31.5753   7.28011   43.0116   51.8941   24.1868   0   49.7351   27.3417   53.0526   54.4005   44.6824   
16.9706   11.4018   22.2036   63.0079   23.6008   69.3397   46.6905   28.1603   50.9608   17.8045   44.6878   26.0768   51.9711   40.05   38.0789   51.6236   36.6879   52.0096   48.0833   50.4777   28.4605   63.2851   59.2284   47.0744   35.7351   0   63.0768   60.8688   45.6333   40.8114   
27.7308   55   34.0588   27   42.0476   82.3468   90.1388   62.1289   15.6205   61.2209   66.7533   18.0278   19.799   26.1725   15   74.9667   35.0571   56.1427   91.6788   20.1246   18.0278   30.2655   42.2019   35.171   13.3417   44.1022   0   66.3943   65.6179   52.2762   
43.8292   42.9535   56.9386   78.1601   18.3848   110.114   64.3817   29.0172   44.3847   44.9222   86.267   42.2019   41.5933   26.2488   36.3456   93.4345   16.2788   10.2956   66.3702   69.1158   36.3456   81.0062   87.3212   22.0227   38.0526   41.8688   51.2445   0   37.9317   44.8029   
30   21.0238   41   73.3894   8.06226   90.9725   46.8188   13.4536   48.9183   23.3452   66.2193   33.5261   48.0104   32.249   36.7967   72.9178   24.0416   32.2025   48.7032   62.0967   30.8869   75   76   34.9285   36.4005   21.6333   48.8774   21.9317   0   33.3417   
17.2627   22.3607   29.5466   60.1664   9.84886   82.3286   55.2268   25.9422   38.9487   27.5136   58.7963   20.2485   39   25.1794   26.0768   66.2193   20.8806   37.4833   56.9386   48.7647   18.4391   61.6847   63.0714   31.4006   24.8395   15.8114   36.4005   27.8029   13.3417   0   
