15
50
999999 6 8 10 6 16 17 7 14 16 5 10 8 17 13 15 12 13 14 15 12 7 11 7 16 6 5 12 13 15 13 14 10 12 5 14 8 15 15 17 6 13 12 11 17 9 13 11 7 10 
0 3 2 9 5 13 2 3 10 13 1 5 5 10 7 9 7 7 13 1 8 1 5 1 8 4 2 10 6 10 4 9 4 11 1 5 3 6 13 7 5 10 4 1 5 3 10 9 4 9 
20
0   0   0   0   0   0   0   0   0   0   0   0   0   0   0   0   0   0   0   0   
-4   3   -3   3   -4   2   -5   1   -6   3   -4   4   -4   4   -2   0   1   1   0   2   
8   -3   4   -2   3   -4   6   -3   3   -3   3   -8   7   -2   0   -7   2   -4   5   -5   
8   -6   10   -4   0   -7   7   -6   4   -4   0   -6   2   -1   7   -8   10   0   6   2   
-3   6   -5   5   -4   6   -1   5   -1   3   -3   4   -3   0   -2   5   -4   4   -3   6   
-4   6   -9   0   -6   9   -6   15   -4   2   -10   1   -7   10   0   2   -7   0   -3   12   
-4   7   0   6   -8   1   -15   10   -2   6   7   0   -1   3   7   7   -3   1   -1   -3   
-5   6   -6   5   -3   5   -7   4   0   2   -1   1   -6   5   -6   3   -6   5   -3   3   
10   -3   12   -8   7   -6   6   -2   11   -10   7   0   11   -10   9   -4   1   3   3   -3   
-10   7   -4   6   6   -1   -6   6   -2   7   -6   10   -13   14   -15   6   -15   10   -6   15   
-3   2   -3   1   0   3   -2   3   -2   2   -2   2   -4   2   -2   2   -4   1   -4   3   
6   -4   0   0   0   1   0   2   7   0   1   0   5   4   3   -3   1   -2   3   -7   
-3   2   -4   6   -4   7   -6   6   -6   8   -4   5   -3   4   -3   3   -6   6   -5   4   
-7   9   -3   1   -8   6   -9   12   -5   4   -4   6   -7   9   -7   9   -7   9   -14   8   
-2   -4   0   2   1   0   0   -4   0   -6   1   -1   1   0   -1   0   0   -6   -2   -1   
9   -6   5   -4   10   2   7   -3   1   -10   5   -2   0   -3   5   -4   -1   4   4   -2   
9   2   0   1   10   -1   0   -4   0   -4   0   0   2   1   4   -2   0   -3   6   -3   
0   4   -1   4   3   2   -1   8   -2   6   0   -1   -9   1   -6   5   -5   3   -6   3   
-7   8   -11   7   -5   2   -12   6   0   0   -5   7   -6   1   -14   10   -3   9   -7   7   
7   -4   -3   0   2   -9   2   -4   6   -12   13   1   0   -4   1   -4   7   -1   7   -4   
-2   4   -9   0   -8   0   -6   7   5   11   -3   12   -4   3   -5   3   -4   4   -3   6   
-1   2   -6   7   -6   3   -2   1   -2   -1   1   1   -3   3   -4   2   -4   5   -1   -1   
-8   0   -3   5   -7   10   -4   9   -5   4   -6   7   -3   7   -6   8   -8   6   -6   6   
-1   4   -4   2   0   3   0   6   0   3   -2   5   -3   2   -2   0   0   5   1   1   
3   -7   2   -14   9   -9   14   -11   11   -4   4   -9   9   -1   4   -15   7   -2   10   -8   
3   2   2   3   0   -4   1   1   0   -1   4   0   1   -1   -2   2   -2   0   -4   2   
-4   2   -2   3   -2   4   -2   2   -4   4   -2   2   0   3   -3   2   -1   1   -2   2   
6   -8   2   0   0   0   -1   0   1   -1   2   -1   7   1   -1   2   -7   -9   -3   -6   
9   -11   7   -5   8   -1   9   0   10   -10   10   -1   1   -2   2   0   5   -4   10   -3   
-8   7   -2   4   -5   8   -9   0   -4   6   -1   7   -11   0   -7   5   0   9   -6   6   
-12   0   -3   5   -10   2   -3   10   -9   5   -1   5   -1   3   -9   9   -3   7   -4   5   
8   7   6   -2   4   1   3   3   0   -8   2   -1   6   -2   6   -5   3   -6   8   1   
0   -5   3   -4   4   -2   4   1   0   -2   2   -1   -2   0   6   -1   3   2   2   0   
-3   8   -5   0   -7   5   -5   11   -8   9   -9   4   -7   9   -6   6   0   12   -4   11   
3   -2   0   0   2   -2   1   -2   3   -1   1   0   2   -3   2   -1   0   -3   3   -3   
-2   5   -4   -2   -4   7   -6   6   -10   2   -2   9   0   6   -8   7   0   7   -2   9   
3   -3   0   -2   2   -2   5   0   2   -3   6   -7   6   -5   5   -4   3   -5   3   -6   
-11   3   -14   -2   2   -3   -4   7   -8   11   3   3   -6   0   1   -4   -8   9   -1   2   
-1   -5   -2   -9   4   -6   0   -6   6   -14   6   -6   7   -4   -3   -7   -7   -4   3   -3   
15   -5   7   -11   2   -5   1   -4   9   1   10   -12   3   -9   7   -4   3   2   12   -8   
2   0   5   -1   2   -3   4   -2   0   0   4   -2   3   -1   2   -4   6   0   3   0   
7   -3   0   -11   3   -6   5   -5   2   -6   -1   0   5   1   5   0   5   -5   0   -5   
-1   9   -6   11   -4   10   -6   12   -8   9   -11   12   -10   11   -8   10   -5   9   -11   10   
3   -10   4   -8   3   -5   5   -6   6   0   1   -3   0   -3   3   -10   0   -9   10   -3   
2   9   -5   -9   0   1   1   -5   -5   0   -6   1   6   2   -1   -6   -3   2   9   -7   
-9   3   -9   4   -9   4   -6   7   -6   4   -2   8   -4   7   -6   4   0   4   -6   3   
-5   5   1   0   -2   8   -11   3   -1   9   -5   0   -9   2   -6   3   -4   8   -3   4   
0   0   5   -7   4   4   1   0   2   -7   5   0   4   -1   0   0   2   -4   1   -3   
2   1   4   3   0   -1   0   0   -1   2   -3   3   0   0   -2   -1   0   3   -1   0   
-9   9   -7   10   -8   2   -8   3   -4   8   -3   2   -5   2   1   9   -5   8   -2   3   
0   54.8861   69.7312   29.544   59.8973   61.2041   62.9487   65.927   66.7852   78.8032   66.876   67.6784   48.7099   70.6717   70.3896   61.1066   74.6656   61.7852   49   54.2753   57.0132   63.98   29.8062   55.1368   65.0028   75.0803   44.4722   53.1386   57.9318   62.7647   60.6427   30.0828   63.9274   78.0384   72.7744   62.5793   74.4401   45.1948   67.8634   79.397   54.6931   40.105   38.4391   36.8885   81.5619   46.4591   67.5964   59.0624   44.6142   81.468   
36.4005   0   34.6918   57.7287   78.2033   41.2488   88.6563   75.7563   44.8329   101.931   63.4087   98.4262   62.4533   52.4591   99.7743   63.0116   97.7345   41.318   78.6937   55.0588   87.8506   64.1461   47.6967   84.7342   64.1223   104.147   74.8347   86.5332   57.0512   74.8006   57.3363   56.45   62.0465   105.9   47.074   96.91   97.8413   75.439   89.6222   102.385   82.5549   38.978   54.6414   73.0833   77.0098   30.434   88.0328   92.0661   60.6699   117.869   
52.3259   17.6918   0   69.2019   78.1344   44.3238   101.207   88.7465   56.2966   100.591   81.1005   115.445   78.5269   40.4722   113.799   63.6989   115.409   59.0098   90.167   59.824   102.446   56.4187   59.1699   100.703   78.7062   112.189   88.4368   104.225   74.7431   90.0736   74.0476   74.1418   60.6173   117.729   39.799   110.936   105.323   92.5432   94.5615   106.005   94.4049   50.4513   66.1147   86.8294   86.9384   41.9072   93.4726   100.861   58.4367   133.794   
8.544   36.7151   53.8238   0   63.4342   64.3704   48.0588   59.9213   56.2305   83.7403   59.7872   69.8855   32.2627   74.6661   72.4433   69.4642   67.2597   52.8352   44.1662   60.6245   55.1246   72.0875   32.4642   53.2483   58.6191   77.0079   48.7865   54.0263   51.6236   56.8328   48.0203   30.4018   72.4714   71.1077   71.5641   65.0167   82.9841   43.6023   76.4074   84.2681   54.1363   33.868   25.8167   35   62.669   54.2947   60.0595   52.5106   53.1582   82.4114   
38.8973   54.2033   60.6383   47.4342   0   57.1325   87.3442   104.824   92.7946   45.4722   104.708   60.4533   79.6968   62.5888   56.4382   37.4094   100.35   88.0035   87.8973   48.02   78.3273   50.6757   57.4005   70.6331   102.461   51.9298   47.9615   73.4296   95.7694   101.662   92.7708   64.4708   46.9258   110.731   64   61.4124   41.8568   67.4849   33.6815   57.4138   91.1734   61.7547   73.2508   66.1774   110.103   66.448   106.493   68.8292   43.6977   105   
44.2041   26.2488   23.3238   49.2443   39.0512   0   97.3031   96.2156   70.0446   79.8276   88.6911   95.8491   77.9225   28.6301   92.201   38.7231   113.165   67.5668   89.5491   34.0357   94.2371   42.6205   57.9061   91.1207   87.5216   89.3272   69.0728   92.9197   81.5254   93.1333   78.972   62.8365   41.4391   116.366   28.3246   91.4648   80.908   82.026   71.0789   88.5696   93.1775   47.9559   69.2445   81.0926   93.8722   47   99.7257   87.8811   38.8403   125.672   
38.9487   69.6563   87.2067   34.0588   71.3442   82.9277   0   60.1157   78.9197   94.2309   72.185   66.4969   42.5707   108.391   70.753   100.055   37.8661   79.2013   36.0416   93.224   26   102.929   66.523   53.1454   72   84.4254   61.7812   55.6816   68.103   56.9535   64.4975   52.4683   102.876   41.4391   103.006   62.9935   98.4585   46.257   83.5986   94.6619   29.0416   67.9267   56.8917   43.1725   78.4437   81.3075   64.6962   49.5398   83.5629   54.8707   
51.8845   57.0701   72.7324   43.4166   90.471   81.0555   44.643   0   47.45   122.79   31.1231   105.093   42.6586   102.685   107.315   112.254   62.2462   53.1725   42.8617   103.735   68.7758   112.648   75.8808   88.1932   34.2801   119.966   88.468   86.449   39.3693   24.1623   39.9249   70.0833   108.648   61.4508   99.4865   102.177   126.325   81.7024   114.528   127.685   48.6659   72.2597   56.176   73.4712   27   70.0882   22.2462   93.218   96.4987   89.007   
46.0977   29.8329   42.2966   40.5216   77.7946   56.0446   62.8172   32.45   0   113.723   37.6815   109.022   54.4819   77.1402   108.578   86.6408   91.1196   20   68.4706   84.6702   88.8172   87.5762   60.9615   93.2787   39.5242   117.53   88.4251   94.5479   37.4536   50.6105   37.4222   70.9234   86.0902   93.9008   76.9068   105.538   119.651   84.1239   107.599   123.09   74.5461   50.1448   55.4138   75.5216   49.8035   51.3019   54.6962   93.0322   81   108.301   
55.8032   76.4788   82.9699   64.0703   22.4722   60.8276   80.2309   107.378   98.5951   0   122.679   53.9285   96.333   85.061   48.9285   59.8816   107.472   107.741   104.803   63.8722   85.4493   73.04   70.7274   64.6162   120.806   43.8047   58.8469   68.6264   113.735   118.568   112.091   75.3385   69.398   111.814   86.4722   62.0512   29.3852   70.066   37.3417   29.4868   102.411   84.2269   89.8869   78.0986   126.739   88.9202   119.119   61.0106   64.1545   113.059   
52.3259   47.0425   60.8276   44.6878   88.7525   72.6911   56.0803   15.8114   18.6815   107.815   0   111.526   52.1231   95.8217   113.405   102.436   78.0576   38.6815   54.6197   92.9516   80.9403   102.61   68.5103   96.1131   25.4032   121.694   88.4651   94.2528   24.9443   31.2761   33.3547   70.0803   104.446   77.2622   92.7317   106.427   126.766   88.2901   114.177   128.956   61.5397   61.9535   54.2479   79.6878   18.1231   60.1741   38.0576   94.3692   86.9178   98.5931   
47.676   82.0244   95.1893   52.4976   45.4533   78.7718   50.4777   89.202   93.0054   39.5601   95.2943   0   79.6884   103.769   29.9093   82.8627   77.5196   105.333   81.496   82.9083   55.4969   93.3802   74.1086   36.5212   111.117   43.0238   45.6362   39.5633   104.121   100.608   100.518   58.9772   89.9521   84.0829   101.094   22.099   58.7688   47.0831   44.4109   52.3657   77.7282   83.2722   78.3143   51.8855   113.417   91.0608   104.511   38.0278   73.0088   75   
25.7099   45.4533   63.1269   17.2627   64.56   63.5689   26.5707   27.6586   36.4966   80.1311   33.2415   62.434   0   87.0091   80.6317   86.7269   59.8021   56.4966   32.6619   77.8872   46.0161   89.3502   49.7269   62.0512   49.3658   92.7212   64.0266   58.0114   42.2947   39.7588   49.0832   47.6644   86.3395   63.6232   81.624   72.8721   100.15   52.4052   86.1821   100.159   42.4012   46.9942   29.53   43.8029   48   60.6197   39.0799   59.4185   70.3241   81.4414   
54.6717   32   22.4722   59.3633   47.2652   10.6301   93.2309   88.6848   61.4003   68.0661   79.0253   88.7694   73.0068   0   102.831   48.1794   123.796   73.318   98.726   44.6658   104.867   42.6815   63.2019   98.4865   95.0592   99.195   77.7738   100.608   89.0512   101.843   89.3363   73.4666   48.561   126.202   30.3852   102.095   89.122   87.4098   80.9468   97.553   102.859   58.586   74.5392   91.5603   97.1484   57.6301   110.356   98.5113   49.4705   136.14   
48.7647   82.0549   94.5304   54.231   42.4382   77.201   54.7083   92.3147   94.578   34.9285   97.7548   5   65.215   86.977   0   79.8476   80.3511   105.995   81.5467   78.2573   59.0509   89.8307   72.2189   36.2036   111.27   42.0312   50.6362   44.0599   104.375   103.644   100.77   59.9617   86.0363   83.2892   97.5225   27.099   52.831   42.8444   40.4951   46.4279   80.6137   88.0989   80.0476   55.4433   113.215   95.2238   104.295   39.2132   78.0088   77   
46.0977   43.0116   43.0465   53.4603   23.4094   19.7231   84.1546   92.0706   71.5542   43   86.3308   67.9559   70.1142   25.1794   65.3682   0   114.826   84.3296   95.0977   31.4868   94.1585   25.2801   54   82.6033   99.563   75.3392   62.9318   88.6475   92.4919   105.05   90.9479   65.7032   25.6056   118.587   48.0476   84.8218   65.2662   77.6781   57.0909   72.0865   99.7994   59.9318   74.0339   74.0339   104.454   66.3829   109.194   81.0317   34.4924   127.566   
53.6656   82.7345   100.409   48.2597   85.8429   97.4166   14.8661   48.0416   72.0902   93.4345   61.9839   60.5392   37.8021   107.615   65.192   99.0202   0   85.1239   41.2947   106.788   40.8661   117.646   80.724   61.1475   78.7581   98.6838   76.6472   58.5216   78.4699   61.2652   77.9396   65.3289   117.593   30.1231   117.872   77.8595   113.026   61.1231   98.4647   109.528   40.4009   82.1277   67.3321   56.7922   75.0416   92.5527   64   64.4059   98.2798   41.0217   
41.7852   25.318   38.833   36.6742   72.8354   51.4198   61.0328   34.4384   5   93.723   22.0907   89.0225   34.4819   57.1402   90.4434   66.6408   71.1196   0   61.8292   77.2451   79.9384   83.7875   58.0135   89.9225   44.5242   113.682   81.5123   90.7005   39.2315   53.3668   40   63.1275   87.3645   92.2011   72.392   99.9345   114.692   80.2766   102.487   120.942   72.3381   50.2488   44.0185   71.6742   40.2138   44.3238   56.6846   89.1848   79   112.141   
35   57.0088   74.6525   27.1662   72.9932   75.0267   19.0263   26.4008   44.9444   86.539   37.054   63.7024   11.6619   84.5813   67.1789   80.6226   27.2947   43.8292   0   86.1803   45.0263   98.98   59.6304   66.3609   53.0132   98.2005   69.9101   64.2099   48.6539   42.3516   45.0483   51.5254   98.0014   49.3452   93.2859   75.397   105.41   60.4081   88.4098   101.71   26   55.5933   41.1868   55.4648   53.4008   72.2816   47.6155   68.5661   79.6142   66.5077   
38.2753   34.0588   36.4005   45.1221   25.02   14.0357   76.9675   82.7345   62.1772   46.8722   76.844   66.2118   61.4003   22.8035   64.2573   9.48683   91.7878   57.2451   72.1803   0   86.7186   26.7047   47.1603   76.3699   94.5363   76.9498   61.1319   86.8012   88.0074   93.6304   86.155   63.2105   31   114.108   42.025   78.1772   66.8768   74.0851   58.7015   69.3263   90.7631   57.5254   70.9387   72.6972   94.9671   54.0147   100.48   79.9403   30.8995   116.416   
36.0694   69.9714   87.0919   33.2866   64.3273   80.1561   10   52.9245   67.3647   71.4493   62.9682   40.4969   31.0161   90.6863   44.7772   79.1581   22.0227   64.9384   26.5707   72.7186   0   99.4233   64.7955   39.8462   79.5838   75.8853   53.4708   35.7231   73.3108   66.9535   71.619   53.3312   98.448   40.0768   104.85   54.4536   88.1485   49.0868   75.0588   86.1221   39.0416   67.1536   57.8973   41.1246   79.0161   82.5284   60.5296   41   79.1348   52.4138   
49.98   41.1461   38.4187   56.7539   30.6757   15.6205   88.6397   93.2631   70.5762   50.04   86.3481   74.9466   72.8354   18.6815   72.4707   7.28011   103.47   65.7875   83.7437   11.7047   84.22   0   58.865   86.8354   100.678   82.6056   67.4236   93.7564   94.7388   105.335   91.1332   67.2259   20   122.785   35.868   86.2811   72.5325   84.9582   64.3573   79.3666   99.44   63.5764   77.2046   81.314   104.471   62.1741   111.915   86.2965   41.7725   128.121   
12.8062   25.0799   39.9249   17.4642   36.4005   31.9061   51.0392   55.7853   41.8688   56.7274   52.4786   57   33.2415   42.2019   57.2189   37   65.5134   37.0135   44.1475   28.1603   48.7955   39.6232   0   59.9654   64.9414   85.9715   52.7423   62.2015   57.9168   71.7755   54.3113   34.3576   56.1152   86.4763   52.0135   69.0096   78.2573   48.7851   68.6476   86.2143   67.4994   36.8167   43.2809   44.5287   69.4707   31.2627   72.3214   68.1741   47.3776   94.2743   
34.3657   70.6116   85.703   37.1214   47.4131   72.9452   32.6497   71.0282   77.2787   50.01   77.8781   18.3848   44.7214   83.4865   22.2036   66.6033   44.1475   73.6817   45.3431   62.3699   22.8473   72.8354   45.8803   0   93.3058   55.2257   43.6716   25.1231   86.2812   84.4802   82.6757   46.4548   85.0928   62.9241   97.8938   32.4222   68.0791   34.1803   52.2156   61.676   55.3609   68.4603   62.8839   34.2483   92.7214   77.143   81.9469   28.6056   78.9799   70.9659   
50.9902   44.1022   57.7062   43.6005   86.8389   69.8713   57   18.4391   15.5242   106.217   3.16228   94.8103   33.2415   76.0592   97.1288   83.8153   63.561   19.0263   38.0132   74.3303   63.5059   83.678   50.4777   77.6209   0   120.608   87.2904   91.2529   21.0711   34.4383   29.6301   73   101.614   79.8899   86.1758   104.896   125.43   83.4251   116.092   127.869   63.0111   60.7063   53.8024   77.0444   21.2854   60.5216   40.6853   92.66   90.08   101.755   
56.0803   85.1469   95.1893   63.0079   36.8782   75.2396   69.3542   103.966   102   21.9317   107.615   21.0238   76.3675   84.0119   16.0312   60.1664   80.6536   97.4936   80   61.4003   59.6154   67.4463   61.6847   36.7696   106.607   0   60.6155   60.0911   114.012   116.126   111.028   75.9929   77.6003   99.3205   100.16   43.1228   34.7209   58.8756   43.9383   28.3178   92.1304   93.2357   88.8246   64.9183   124.368   92.9474   115.447   52.8855   72   92.0066   
22.4722   54.037   66.9104   29.7321   25.9615   51.4296   46   72.2011   68.4251   35.8469   74.411   28.2843   44.6542   61.7738   28.0179   43.9318   60.208   63.9766   50.6952   40   38.4708   50.2096   29.2746   22.6716   73.2462   33.6155   0   45.4008   80.2668   84.4131   76.6635   40.3848   69.5373   78.5476   79.7541   47.5372   58.8246   32.5242   44.8254   57.8021   71.6842   57.2938   54.4599   43.2237   92.4012   60.5372   83.7341   43.105   56.2324   85.307   
36.1386   72.5328   88.0227   38.0132   51.4296   76.0263   29.6816   69.6419   77.6466   54.037   77.2528   20.8087   44.0114   86.6083   25.0599   70.2922   40.5216   74.2428   43.6005   65.7951   19.7231   76.4199   48.1041   4.12311   77.1622   40.1622   26.4008   0   86.3061   81.2309   86.0334   44.0832   89.2159   59.7999   99.235   36.5453   70.0803   30.4164   56.3387   65.7991   54.2099   71.8811   63.8298   38.3714   92.0114   77.561   78.2028   32.7287   79.9017   55.8497   
43.9318   39.0512   53.8516   36.6197   79.8812   64.2806   52.2398   19.2354   13.4536   99.1564   8.94427   88.1419   27.2947   71.0282   90.3549   77.4919   60.0833   15.2315   33.541   68.0074   58.0775   77.666   43.566   71.1688   7.07107   99.6243   66.2193   70.8802   0   39.0698   21.6056   66.0104   95.5875   76.5392   86.1252   100.167   118.372   79.6999   105.693   120.888   59.541   59.0147   43.807   71.0976   27.0674   59.5254   41.4816   86.7132   78.9766   100.049   
48.7647   54.3415   70.2282   40.3113   87.3212   78.1025   42.9535   3.16228   30.6105   104.307   15.2315   86.6083   24.7588   85.8429   89.6437   88.955   47.2652   32.249   24.3516   79.6304   50.9215   90.1998   52.6308   68.5055   17.4929   101.119   69.2026   67.2309   17.2047   0   38.8102   67.2197   106.024   62.8722   95.6226   97.0061   123.205   77.164   107.306   122.811   50.0483   62.4804   45.0161   68.5617   30.1623   73.2504   25.4085   83.6003   93.3789   88.2869   
40.3609   37.3363   52.811   33.0151   76.5506   62.0725   49.4975   19.9249   14.4222   95.6713   12.2066   84.5813   24.0832   69.1809   86.7698   74.7262   57.9396   15   31.0483   65.2534   55.0091   75.1332   40.3113   67.6757   10.6301   96.0208   62.6259   67.4463   3.60555   17.4642   0   58.4072   92.4122   79.6003   80.0703   96.9553   114.801   76.4884   106.149   117.283   57.0483   56.0161   44.2036   67.8861   29.2315   48.1403   42.1711   83.5017   80.9262   95.555   
6.08276   42.45   58.1808   11.4018   38.4708   48.8365   35.4683   54.0833   51.264   53.3385   56.0803   41.9762   26.8328   59.4138   43.3244   48.7032   50.3289   47.1275   34.5254   41.5933   31.4006   53.2259   18.3576   28.2843   55   51.614   18.3848   30.0832   48.0104   51.0392   44.4072   0   67.6236   71.4774   70.3711   53.8782   76.8044   34.1172   59.8044   76.1869   54.0147   41.1794   37.2184   33.2066   73.6388   47.541   65.9127   46.0192   50.6969   80.6198   
48.7647   43.0465   41.6173   55.9017   26.9258   18.4391   87.0919   93.6483   72.0902   46.0435   87.3613   71.5612   72.3395   22.561   68.9638   3.60555   101.951   67.2309   83.0241   11   82.2982   4   39.1152   70.0928   84.7703   63.6003   47.4236   73.7564   78.5875   90.5539   75.9276   51.6236   0   120.348   39.868   82.0074   68.7826   77.4989   60.6074   75.5303   98.4038   60.3982   77.6394   77.3597   105.159   65.0147   110.047   82.5282   34.3132   127.416   
56.8595   84.8999   102.591   51.1077   89.6772   100.344   18.4391   47.3814   72.8972   97.5141   61.8466   64.622   39.6232   110.454   69.2892   102.46   4.12311   72.2011   28.6007   95.0789   26.0768   106.775   68.4763   48.2701   63.6003   84.7703   64.1249   44.643   60.5392   46.8722   58.6003   53.7587   105.342   0   120.49   80.5304   114.225   63   100.486   109.946   40.3452   84.194   69.1532   60.9153   74.3814   93.8222   57.2046   67.0768   101.474   45.1448   
49.5782   27.074   19.799   54.0833   45   6.32456   88.0057   83.4865   56.7186   66.4831   74.108   85.0941   67.624   5.38516   83.5225   24.3516   102.343   52.345   79.2023   20.025   85.6329   18.868   37.0135   79.0759   71.1758   81.3941   57.6975   82.0975   66   80.6226   64.0703   54.4518   22.3607   105.152   0   95.7775   86.8568   85.7986   77.4034   89.3513   96.9178   51.6962   75.5691   81.5422   92.2311   53.3246   105.733   89.8024   45.1649   131.046   
42.5793   77.0584   90.4268   47.4342   42.4264   74.4648   47.0106   84.6463   87.9318   39.0512   90.4268   5.09902   57.6888   84.5813   7.81025   64.405   57.8705   83.9345   59.397   62.1772   37.1214   71.2811   52.0096   14.4222   89.8944   22.8035   23.5372   17.4642   83.1925   82.0061   79.6241   36.8782   68.0074   61.9839   80.7775   0   56.4031   37.509   48.3053   50   69.7831   76.2046   73.2508   45.5416   105.689   83.2723   94.9367   28.4536   75.8015   71.231   
60.4401   81.8413   88.3233   68.6003   27.8568   66.0984   83.1986   111.772   103.711   5.38516   112.61   40.025   84.3801   73.171   35.171   48.0416   96.026   98.8585   90.377   52.1728   74.1485   55   61.8466   52.1536   111.072   20.5913   39.8246   56.0803   104.005   108.724   100.499   57.6888   51   100.13   71.7008   40.1995   0   69.2498   36.0236   20.4031   107.514   89.6115   93.8733   83.0484   129.73   93.1093   123.46   66.3958   65.5395   111.43   
23.1948   59.439   74.6726   26.4764   41.4849   62.8013   31.257   63.7024   66.9403   49.0306   68.9638   26.4008   36.4005   73.4098   28.8444   58.2495   45.0111   63.1506   39.4081   53.0754   23.0868   64.0312   34.7851   11.1803   68.4251   40.6079   15.5242   13.4164   61.7414   60.959   58.1808   17.1172   61.6117   49   68.8186   21.4709   52.2015   0   54.6931   68.9257   54.0628   58.2966   52.2931   25.6023   84.4005   64.6583   75.4804   24.0554   62.1856   69.2661   
43.8634   68.6222   77.5242   51.8556   18.6815   57.0789   66.9104   94.8683   88.2326   13.3417   96.1769   29.4109   67.4166   65.7647   25.4951   42.0595   80.2247   83.4865   73.4098   43.1856   58.2151   49.3356   46.6476   37.2156   94.7629   18.2483   22.8254   41.3038   87.6926   91.8368   84.1487   40.8044   45.5412   84.2912   63.1981   27.7308   17   35.6931   0   37.4031   87.8397   80.1192   77.2853   59.3792   113.38   77.0714   106.496   56.1845   57.1248   97.1535   
59.397   83.3847   91.0055   67.2681   30.4138   69.3542   79.404   110   103.812   9.48683   111.723   34.3657   82.4197   77   29.4279   52.0865   91.7824   99.0454   87.7097   55.3263   70.0928   59.2115   62.1289   47.676   110.345   14.3178   37.8021   51.4782   103.276   107.005   99.7246   56.0803   55.2268   95.901   75.1665   35   6.40312   48.8467   15.6205   0   102.91   91.9452   92.262   74.449   127.899   92.6919   121.07   63.4536   65.7293   106.14   
35.6931   61.5549   79.2465   28.7924   72.1734   77.8203   12.0416   32.8938   51.5461   84.119   44.0454   58.7282   16.4012   87.7097   62.482   81.7863   21.4009   50.1597   7   73.7631   20.1246   85.44   46.2385   40.3609   45.0111   76.0066   48.5077   38.2099   40.4475   31.0483   37.855   34.0147   84.4038   23.3452   82.365   54.6717   87.6641   35.7771   70.8378   84.5813   0   62.5933   45.9312   43.4605   59.8938   75.4976   44.4197   59.8325   80.307   60.7612   
19.105   17.8885   35   18.868   46.7547   33.9559   52.345   48.2597   31.1448   67.4759   42.9535   66.2722   29.9666   43.0813   66.9104   43.9318   65.9469   26.2488   41.5933   34.5254   52.1536   45.0444   10.8167   53.4603   40.7063   72.2357   39.2938   55.109   34.0147   45.1774   31.0161   25.1794   45.3982   68.4105   37.6962   61.2046   72.6223   42.2966   57.4543   72.9452   45.2217   0   38.4642   53.868   60.2477   35.544   69.0465   66.352   47.9666   100.573   
18.4391   33.2415   50.9313   10.8167   56.3649   51.2445   36.8917   34.176   30.4138   74.2024   33.9706   62.9682   12.53   60.5392   64.8845   59.0339   49.5177   27.0185   24.1868   50.01   38.8973   61.2046   22.0907   46.8722   32.8024   73.8173   40.4599   47.2652   25.807   31.0161   22.2036   22.2036   61.0082   51.6624   55.1543   57.9396   78.8733   36.6879   62.2896   77.7946   28.3196   17.4642   0   45.8167   51.4351   44.2074   51.6098   60.7433   59.4166   85.6018   
17.8885   54.0833   70.214   19   45.1774   60.8112   26.1725   55.1725   59.0339   55.6597   60.4152   34.8855   27.8029   71.4213   37.4433   59.0339   40.7922   55.4437   31.3847   52.6972   20.1246   64.1405   30.5287   18.2483   59.9333   48.9183   20.2237   19.0263   53.3104   52.4023   49.7695   12.2066   62.1772   44.5533   66.5282   30.0167   59.2368   8.60233   42.3792   56.356   28.4605   36.4005   28.6356   0   75.8029   59.7476   66.8827   32.6577   62.5027   68.8197   
54.5619   51.0098   64.9384   46.669   91.586   76.531   55.4437   13   22.8035   110.259   4.12311   96.3846   34   83.006   99.0202   89.8443   60.407   26.1725   36.4966   80.3617   62.8172   90.0278   55.4707   78.7147   7.28011   109.343   76.3806   77.8781   12.3693   13.1529   15.2315   58   90.956   60.0167   78.0577   91.586   114.978   70.1783   98.4124   113.899   43.4166   46.2385   36.1248   61.5873   0   61.8722   35.2462   93.4185   91.0409   101.429   
27.4591   9.43398   26.9072   27.2947   50.448   30   60.3075   51.0882   28.3019   72.111   43.1741   74.0608   36.6197   37.855   74.4312   43.4626   73.5527   23.3238   48.2597   34.0147   60.5392   43.1741   17.2627   61.8142   40.5216   78.7464   46.5296   63.561   34.5254   48.1664   32.1403   33.541   44.2719   75.8222   32.5576   69.029   77.3886   50.636   63.0714   78.2943   52.4976   8.544   24.2074   44.9222   46.8722   0   73.3344   74.6913   47.8904   108.927   
50.5964   61.0328   77.4726   42.0595   89.493   83.7257   37.6962   8.24621   38.9487   105.119   23.7065   84.2912   25.0799   91.9837   87.6926   93.1933   40   40.2244   20.6155   84.0536   46.5296   95.0053   56.3205   65.9469   26.0768   100.125   69.4622   64.2028   25.4951   8.60233   25.2389   51.8941   95.0474   39.2046   86.6833   79.9312   109.275   59.5483   92.2822   107.07   26.4197   50.0899   34.2345   51.225   21.1896   54.1295   0   83.6037   93.6511   78.0079   
32.0624   68.0661   82.8613   35.5106   43.8292   69.6419   34.5398   71.218   75.9276   47.0106   77.3692   18.0278   44.4185   80.1561   21.2132   63.0317   46.6905   72.1803   45.9674   58.8982   25   69.2965   43.1741   3.60555   76.9675   34.8855   19.105   7.61577   70.3847   68.6003   66.8506   26.0192   66.5282   50.8035   75.8024   13.4536   49.366   9.05539   34.0588   45.1221   41.4005   51.1566   45.607   17.088   78.3901   59.4138   66.4831   0   68.0408   63.4655   
29.6142   34.6699   41.4367   37.1214   19.6977   21.8403   67.7791   77.1298   60   42.1545   72.9178   57.0088   54   31.7805   55.3624   16.4924   82.6378   55   64.2806   9.89949   63.1348   21.095   21.3776   52.4976   70.6612   54   30.2324   55.9017   63.9766   73.9797   60.9262   32.311   19.3132   86.0349   28.1603   52.8015   47.5395   43.1856   36.1248   49.7293   65.307   29.9666   43.4166   43.0465   76.1577   31.8904   77.6466   49.0408   0   111.082   
66.468   99.8649   117.201   63.4114   91   110.454   30.8707   71.007   93.3006   93.0591   84.5931   55   57.3847   121.017   60   108.227   23.0217   91.7606   48.5077   102.416   30.4138   113.719   79.2086   43.9659   85.9884   76.0066   65.307   39.8497   82   70.1142   79.555   61.6198   111.517   24.5153   116   54.231   94.4299   50.1199   80.8084   89.1403   41.7612   82.201   67.6018   49.8197   83.2166   90.4434   63.0079   47.4342   92.6553   0   
