15
30
999999 16 16 11 11 15 16 8 9 16 8 16 16 11 14 6 16 17 11 8 5 17 7 14 6 10 11 13 17 9 
0 15 1 8 9 8 8 1 1 11 7 3 2 5 12 1 5 16 4 6 3 2 6 2 4 4 4 2 10 6 
20
0   0   0   0   0   0   0   0   0   0   0   0   0   0   0   0   0   0   0   0   
-3   1   3   -4   5   0   6   -3   -2   3   7   -3   0   -2   8   -1   11   0   7   0   
-13   6   -6   13   -9   2   -6   5   -10   8   -3   6   -6   11   -11   13   -11   8   -10   12   
1   -9   3   -9   3   -6   0   -6   6   -6   6   -6   3   -2   3   -6   6   -1   -1   -7   
1   -8   5   -4   2   -4   5   -7   2   -5   4   -4   3   -2   7   -8   -1   -2   3   -1   
-2   -4   -2   2   2   -2   -3   -1   0   -6   -11   -10   5   1   -3   -2   -7   1   4   4   
8   -3   5   0   3   -6   -1   0   14   1   12   -10   6   -2   1   -3   5   1   4   -2   
0   -1   0   0   0   0   2   -1   2   -1   1   -2   3   -5   0   -2   2   -4   1   -3   
-2   4   -1   -3   0   0   0   3   3   4   -1   8   -5   4   2   5   -4   2   0   -2   
-8   0   -14   5   -6   6   -6   1   -7   4   -2   15   -2   1   -1   5   0   5   -7   1   
3   1   -1   -2   -2   1   2   -4   0   -1   0   -3   1   0   -1   -2   0   -1   2   -1   
10   -11   -2   -2   -1   -3   1   -11   15   -11   2   -9   1   -10   2   -9   4   -9   9   -6   
15   -10   11   -7   9   -14   8   -10   9   -12   10   -15   8   -11   7   -13   9   -7   12   -15   
4   -4   5   -5   10   2   7   -4   2   -9   6   -7   7   -8   7   -8   5   -3   8   -5   
3   -4   0   1   6   -3   7   -7   -3   0   3   -5   2   0   2   2   -2   -2   8   -5   
-3   -2   0   1   -4   3   0   0   -2   1   -3   1   -1   2   -5   2   0   -1   -4   3   
12   -1   4   -8   5   3   3   0   -1   -1   13   -8   -3   -1   6   -9   5   -4   11   -2   
-5   6   -8   15   -3   3   -5   5   -2   3   -10   13   -7   12   -2   -3   -9   0   -2   7   
5   -5   9   -3   2   -1   8   -6   6   -8   6   -5   3   -5   7   -6   3   -6   3   0   
0   -1   1   0   0   1   0   -1   4   0   0   1   0   0   2   0   2   1   0   0   
0   1   -1   2   0   3   0   0   0   0   0   1   -1   0   0   1   0   0   -1   0   
9   0   9   2   9   -11   6   -6   2   -9   -3   -12   0   -6   4   -6   1   -12   1   0   
-2   7   -2   1   -5   3   -6   4   -2   5   -3   1   -2   5   0   6   -5   0   -4   6   
10   -13   8   -10   3   -9   4   -11   9   -6   14   -14   3   -4   11   -13   11   -3   8   -8   
-1   -3   3   -2   0   -3   1   -3   0   0   1   -3   1   0   1   0   0   0   0   0   
-6   8   -10   2   -6   10   -7   10   -8   3   -8   1   -9   7   -7   10   -6   4   -2   6   
-4   3   -7   5   -2   -2   -7   3   -9   1   -4   3   -4   3   -6   5   -5   2   -3   5   
1   -3   -3   -1   11   -2   0   -1   9   -3   0   -5   5   1   2   6   0   -8   1   -4   
-8   8   -1   9   -1   10   -7   12   -11   10   -6   9   -14   12   2   7   -14   2   -9   6   
1   -1   -1   2   2   -2   2   0   1   -3   4   -5   -4   -4   6   -1   2   -4   -3   0   
0   78.0833   62.2795   36.3798   74.3144   54.074   30.2971   40.6983   55.233   72.9141   54.6232   58.2025   79.8559   69.8249   44.2131   84.4282   56.3847   58.7551   39.6125   74.9764   47.0151   49.1794   68.72   67.6173   34.6155   32.8114   69.566   70.109   78.6236   84.9083   
59.9333   0   84.6348   94.1961   113.635   95.7338   90.2304   79.1541   47.6356   40.6155   54.2491   108.871   139.789   44.0666   76.3173   132.569   108.551   42.6333   52.4708   114.635   72.4437   108.155   59.5982   55.0483   90.1969   75.8197   118.098   63   80.521   83.1354   
43.3244   69.6348   0   65.1621   46.0689   86.9348   59.1026   48.2947   56.2828   69.0091   85.8329   73.038   111.101   93.8863   81.8191   105.433   74.0875   79.0037   50.6197   45.0689   29.2643   61.3542   46   54.6394   43.0713   75.3783   102.291   106.604   107.65   118.837   
16.6433   76.4788   50   0   77.4213   42.0832   24.0828   44.3452   71.8763   89.5575   71.2665   37.5933   66   86.4682   50.7567   57.4853   34.7648   75.3984   56.2558   79.9263   63.6585   30.53   76.356   81.3847   48.0907   49.4547   50.7131   82.0294   76.3062   89.352   
60.1082   97.4936   28.0713   59.0593   0   101.142   75.0408   62.1856   84.3542   97.0804   113.904   73.4637   113.022   119.095   104.321   109.762   78.1937   107.075   78.691   26   57.3357   65.0408   74.0713   82.7107   62.6989   92.9196   107.849   130.217   127.732   137.331   
27.074   74.2496   69.857   24.0832   82.6801   0   48.166   67.7723   82.307   95.2591   60.0595   52.8446   69.9902   70.0364   41.4165   64.3113   50.0161   69.1507   66.6865   99.5211   74.0891   50.1248   91.6516   81.846   61.6895   45.5539   43.3576   73.4059   53.4401   67.3735   
15.2971   74.8465   44.0114   6.08276   53.3385   29.4109   0   34.72   70.5301   88.2112   69.9203   37.8045   70.3783   82.0075   56.8394   62.5395   40.8476   74.0522   54.9096   77.8516   61.6264   36.6127   70.6236   70.7587   42.0312   48.1084   54.7922   85.406   77.2944   90.5891   
17.2047   65.1153   27.2947   23.3452   43.1856   42.72   17.72   0   58.2492   77.2345   71.8279   48.8378   86.5891   87.0295   56.0366   80.2595   51.8245   72.345   51.6833   65.4436   38.0238   38.6716   49.8281   58.4462   25.0828   50.016   72.5122   87.3136   94.6804   100.217   
41.2311   28.6356   41   57.28   68.884   63.6946   53.9073   40.2492   0   39.0278   60.1096   89.0871   121.087   69.4649   70.6621   114.765   92.0448   53.8444   36.6205   86.0689   47.0185   78.9208   34.6433   24.8284   65.0977   61.6005   96.939   66.3128   93.7209   90.2892   
58.6941   20.6155   55.0091   75.0067   83.006   79.2591   71.8401   58.1808   18.0278   0   65.0408   103.702   138.55   64.6821   76.3939   130.308   103.376   56.0147   47.3017   100.078   59.9535   94.8812   50.0172   39.7883   83.1255   67.7122   114.967   69.5711   101.137   102.538   
39.6232   36.2491   71.5052   53.0377   95.1893   42.0595   54.1479   53.3104   41.1096   49.0408   0   84.8899   108.083   40.3417   37.8473   97.365   87.4998   36.2971   49.4683   110.042   73.5685   83.5677   75.7529   65.938   74.2388   44.0832   79.4123   39.5242   50.1496   51.2312   
32.2025   92.1358   57.0088   15.8114   58.4637   33.6155   17.8045   33.8378   71.7008   89.6437   68.3593   0   54.9498   95.6149   62.8284   49.4037   17.8284   90.9576   71.815   79.1011   71.8616   29.7047   83.666   88.5052   48.9666   65.0139   61.4005   97.8408   87.0556   95.2527   
65.8559   123.406   94.8683   50   92.0217   50.9902   54.3783   71.5891   107.056   124.523   93.0215   38.0789   0   121.027   91.2801   37.1803   55.9073   118.567   105.468   108.005   109.613   67.7836   121   123.299   87.0455   88.6003   54.4833   124.109   98.895   118.364   
52.1536   30.0666   79.8812   66.1891   105.095   55.0364   67.0075   64.56   44.4072   47.2969   13.3417   81.6149   106.024   0   51.189   110.707   93.9062   38.6205   60.2666   123.383   86.6375   93.0065   79.0505   65.2017   84.0928   54.0135   92.754   25.2801   60.6742   52.0689   
24.0832   55.3173   65.3682   32.7567   84.1487   19.4165   35.4683   41.0366   48.6621   62.3939   22.8473   47.0425   70.2353   36.0555   0   76.6825   64.871   55.3684   50.4217   99.0596   66.6328   58.9222   71.4995   65.4267   58.6987   25.4018   56.7967   50.3456   45.6586   52.2353   
57.4282   113.569   90.0278   42.4853   90.4489   40.3113   47.5395   65.192   98.6002   115.745   82.365   33.2415   11.1803   95.2575   59.6825   0   51.07   109.462   97.0407   106.554   102.362   62.9462   115.02   113.045   77.3618   85.0842   51.3059   110.028   83.7209   101.172   
31.3847   91.2414   58.4637   14.7648   60.8769   31.0161   17.6918   34.4819   71.5052   89.3756   66.6108   2.82843   37.1214   79.9062   45   31.5753   0   89.0548   70.9972   81.9295   72.5057   32.5331   84.31   88.4505   51.7951   64.1961   53.6006   95.3456   83.4078   95.8543   
42.7551   21.6333   65   58.5235   91   53.1507   58.0517   52.345   28.8444   34.0147   15.2971   74.3303   103.175   15.6205   33.9411   93.0054   73.0548   0   48.6356   110.069   71.6428   84.897   60.5152   46.6228   75.2151   44.9666   90.7379   37.4722   65.4467   64.7732   
25.6125   38.4708   36.6197   41.7253   62.3939   49.0408   38.6005   26.6833   15.6205   33.3017   35.4683   56.4004   91.4385   43.2666   36.0555   83.006   56.0803   28.6356   0   81.6886   48.4009   62.0106   45.3776   33.1245   51.7661   50.02   87.0671   66.1078   81.7141   85.9682   
60.8112   98.4784   29.0689   59.5399   1   83.2166   53.8516   43.9318   69.8713   84.006   96.0417   58.6941   92.0054   105.991   84.8646   90.5539   61.131   91.9239   63.3246   0   58.3332   64.3964   72.0364   83.7082   63.6989   93.6226   108.644   128.018   128.732   137.1   
33.0151   55.4437   15.2643   43.9659   42.2019   60.075   38.6264   21.0238   27.0185   42.9535   56.5685   54.7083   92.5905   64.6375   52.5547   86.1626   55.4707   49.7393   21.4009   43.1741   0   59.6954   34.2643   41.02   43   64.2311   93.2365   87.2115   98.2134   99.4086   
25.1794   84.1546   45.3542   12.53   49.0408   36.1248   10   22.6716   61.8547   79.8812   64.1249   11.7047   49.7695   77.0065   44.9222   44.7214   13.1529   67.897   47.0106   49.3964   43.2666   0   71.4891   80.1352   36.3576   57.05   63.2431   94.5594   87.2944   97.1575   
42.72   44.5982   26   56.356   54.037   68.7314   51.6236   34.8281   16.6433   29.0172   55.0727   68.6003   106   60.208   57.3149   98.8383   69.0652   44.5982   21.3776   55.0364   15.2643   57.4891   0   28.8924   54.598   71.3976   106.416   82.0704   102.974   101.187   
41.6173   31.0483   38.6394   57.3847   66.6108   64.846   53.7587   39.4462   2.82843   18.7883   43.6578   71.5052   107.299   47.2017   50.3587   99.0454   71.4213   31.6228   16.1245   67.6018   25.02   61.4003   13.8924   0   64.5289   64.025   99.7674   69.095   86.0069   93.1177   
20.6155   71.1969   28.0713   22.0907   39.6989   43.8634   16.0312   6.08276   46.0977   63.9531   58.5235   29.9666   68.0294   70.0928   44.6878   62.3618   31.0161   58.2151   32.7567   40.3609   25   18.3576   39.598   45.1774   0   51.8469   70.8234   90.7245   87.1388   96.9231   
15.8114   49.8197   54.3783   29.2746   74.5185   25.5539   30.0666   31.4006   38.6005   53.7122   24.0832   44.911   73.6003   37.0135   11.4018   63.7809   43.4166   29.9666   25.02   75.2861   41.2311   40.05   46.0977   40.025   35.8469   0   62.909   55.4588   57.0604   63.6371   
43.566   92.0978   84.2912   34.7131   92.8493   18.3576   40.7922   57.0789   81.939   97.6166   58.4123   36.4005   37.4833   70.7248   36.7967   26.3059   33.6006   70.7248   67.0671   93.2309   76.2365   43.8634   86.122   83.006   56.7186   43.909   0   85.884   70.4166   71.8705   
55.109   37   85.6037   68.0294   110.145   54.4059   69.4622   68.7095   51.3128   54.5711   15.5242   83.0542   105.109   7.28011   36.3456   94.1541   81.1542   22.4722   49.0408   111.018   70.4344   79.404   66.8431   54.0833   74   39.4588   68.884   0   50.6228   45.3607   
51.6236   65.521   92.6499   57.3062   111.732   35.4401   61.2944   68.6804   69.7209   79.1581   30.1496   68.9493   80.895   36.6742   27.6586   69.7209   66.4078   45.3982   60.407   112.432   79.177   69.8355   81.6088   72.0069   72.1388   38.2753   43.4166   31.6228   0   31.5602   
59.9083   59.1354   97.8366   68.352   119.331   48.3735   71.5891   76.2168   69.2892   75.5381   28.2312   81.2527   95.352   29.0689   36.2353   84.1724   78.8543   41.7732   62.9682   120.104   83.4086   80.7775   83.1865   71.8679   80.4487   44.8219   57.8705   22.3607   14.5602   0   
