15
70
999999 10 17 5 9 12 13 12 16 5 6 6 12 17 5 12 17 11 8 5 10 15 11 5 5 14 16 6 11 17 13 13 6 13 15 7 13 17 5 14 11 7 17 17 6 6 17 15 7 14 9 7 8 15 16 10 5 12 14 7 14 14 16 9 8 16 12 13 16 9 
0 4 8 1 5 3 3 9 9 2 4 5 4 3 3 10 2 2 5 2 3 4 9 4 3 3 7 4 1 9 12 8 3 10 5 6 12 12 3 11 3 3 16 4 1 1 1 13 1 2 4 2 6 5 9 1 4 3 12 2 3 7 14 2 6 10 9 8 2 4 
20
0   0   0   0   0   0   0   0   0   0   0   0   0   0   0   0   0   0   0   0   
1   -4   6   -1   7   -4   3   -4   4   -1   2   -3   -1   -2   1   -4   0   -2   6   1   
4   0   -1   -1   -5   3   -8   0   -11   0   -5   -2   0   -6   -8   1   0   6   -4   1   
0   -4   3   -2   1   -1   1   -1   2   -1   2   -1   0   0   0   -1   2   -2   0   -1   
-1   -1   4   -2   4   -3   4   0   1   -3   4   -3   1   -6   1   -6   0   -4   1   -2   
-10   6   -8   8   -11   10   -4   0   -5   9   1   12   -8   10   -5   7   -9   7   -9   2   
5   -6   3   -2   0   3   2   -5   8   -5   5   -5   0   -9   9   -6   0   -5   0   3   
-6   8   -8   1   -8   11   -10   5   -4   5   0   5   -2   2   -6   7   -6   6   -7   8   
-7   0   -3   2   -6   -1   -3   0   2   -13   4   2   0   -5   -4   -4   -3   9   10   -1   
2   0   2   -1   1   -3   4   0   2   0   1   -1   1   -2   1   -2   1   -1   2   -1   
-2   4   -4   3   -4   4   -4   2   -4   2   -4   6   0   4   -2   2   -2   4   -5   2   
-3   3   0   5   -3   3   -5   5   -5   4   -3   3   -4   1   -4   0   -4   5   -5   1   
-6   12   -9   10   -5   8   -5   5   -10   1   -7   11   -7   4   -12   10   -12   4   -10   2   
1   -1   13   -3   14   -10   12   -12   13   -11   0   -11   14   -10   5   -9   6   -10   5   -9   
0   0   -2   0   -2   0   -2   1   0   1   0   2   0   1   -1   2   0   1   -1   0   
0   2   -8   2   2   0   2   7   -1   7   -10   6   0   8   -1   -1   0   4   4   5   
6   -3   4   -4   6   -12   2   -6   11   -12   1   0   3   0   2   0   0   -12   10   -7   
-4   5   -6   1   -1   -4   0   5   -2   -1   0   0   -1   -1   0   3   0   -6   2   2   
-2   2   -4   -1   -3   6   0   3   -1   -1   -4   3   -5   0   -2   2   -2   0   -5   4   
-3   2   -1   3   -2   3   -4   2   -3   3   -4   2   -2   1   -3   3   -2   3   -5   1   
-8   3   -7   6   -3   8   -9   3   -4   4   -5   0   -5   10   -9   5   -1   10   -7   2   
1   0   7   8   6   -9   3   -4   4   -15   -4   -9   7   -9   2   -7   12   -2   8   -3   
6   -5   0   -3   3   -2   -3   -3   8   0   5   -2   0   -1   -2   0   2   -6   4   0   
-2   3   -3   4   -3   3   -3   1   -4   2   -3   4   -1   1   -1   4   -3   4   -2   1   
0   1   0   0   0   0   -1   1   0   0   -1   1   0   0   -1   1   0   0   -1   0   
-9   7   -9   13   -5   5   -7   6   -7   7   -6   2   -13   3   -14   13   -10   4   -8   6   
3   -5   7   -12   4   -2   4   -3   -3   -6   12   4   3   -9   0   -15   10   -3   8   -9   
2   -5   0   -4   5   0   2   -5   1   0   4   -1   1   -3   2   0   3   -1   6   -3   
-1   1   3   0   0   -1   -3   2   -1   1   -5   4   0   -2   -3   0   0   4   1   -3   
-6   8   0   10   -3   2   -6   -11   -4   6   -1   6   -1   -1   -2   3   7   6   -1   11   
3   -7   0   -4   0   -6   5   -4   5   2   -1   -5   11   -3   7   4   7   3   7   -2   
-4   0   3   0   0   4   0   -2   8   2   -4   0   -4   1   3   0   -8   2   3   0   
0   -1   2   -1   0   0   0   0   1   -1   1   0   1   2   2   0   0   0   1   2   
-6   12   -1   4   -3   2   -11   13   -3   4   -2   9   -3   7   0   4   -5   1   0   13   
-1   11   -12   -1   -12   0   -3   8   5   6   -11   2   -5   13   -8   9   -5   13   -2   12   
-1   2   -1   4   -4   2   -5   5   0   3   -3   0   0   0   -5   0   -6   2   -4   4   
-10   6   -3   13   -4   7   -5   4   -7   0   -1   7   -10   4   -5   9   -8   0   -8   0   
0   1   10   0   3   2   -1   1   15   -8   3   -2   2   -3   12   -9   2   4   6   0   
1   0   0   0   0   -2   0   0   1   -1   0   0   1   -2   1   -2   0   -1   0   0   
-2   -1   -5   -1   -2   5   -1   -3   -6   2   -2   6   0   0   3   -6   1   0   0   4   
-2   4   -4   -2   0   1   -2   3   -1   2   2   -2   0   8   -6   2   1   3   -1   1   
0   3   -5   4   -4   3   -2   6   -5   3   -4   6   -4   2   -3   0   -3   4   -6   1   
4   -3   0   -6   -7   1   7   0   -2   4   1   -4   3   0   0   1   -10   -2   3   -5   
-14   4   -2   8   -1   8   -3   7   2   0   -8   -5   -1   7   -5   0   -8   8   -8   -1   
1   0   0   0   -1   2   0   -1   -1   -1   -2   1   -2   2   1   1   -1   0   2   1   
3   -2   1   -1   1   -3   4   -2   0   -4   3   0   4   -3   3   -1   2   -2   4   -2   
-9   8   -14   8   -10   8   -6   6   -9   14   -5   12   0   12   -7   3   -15   15   -10   10   
15   -8   4   -4   4   6   7   -10   9   -1   14   0   8   -8   2   -5   -7   -1   -8   -6   
-2   1   0   2   -2   -3   -1   2   0   -2   -5   3   1   -1   1   4   0   2   0   0   
0   6   6   -1   1   -1   5   3   -3   1   8   1   2   1   -1   -12   4   0   2   -4   
5   0   5   0   4   -1   -1   -6   0   0   4   0   2   -3   2   -1   4   -1   3   -3   
-1   0   3   4   0   0   0   0   -1   2   0   1   2   2   -1   2   -2   3   0   -2   
3   -1   0   -3   2   -6   1   -2   1   -2   2   -4   5   -3   2   -1   2   -1   3   -1   
10   -3   0   -10   6   0   2   -5   0   -9   7   -11   11   -7   0   -2   8   -10   12   -2   
-1   4   0   0   -3   10   -13   6   -8   -1   -2   1   -7   11   -4   11   -5   7   0   11   
2   -1   2   -1   5   -1   1   -1   2   -4   0   -2   0   -5   -2   1   8   0   4   -3   
1   -3   0   0   1   -2   1   -2   1   -1   2   -1   2   -1   1   0   0   -1   0   0   
7   -2   -2   0   9   -4   -2   4   0   -4   5   -6   -1   -6   -1   0   0   -4   3   -9   
-10   7   -6   3   -7   1   -8   6   -5   1   -8   11   -13   5   -9   2   -8   11   -9   10   
1   -1   -2   0   -1   0   -1   0   0   3   -4   4   -1   -2   -3   2   0   0   -4   5   
1   2   -5   3   -6   3   2   3   0   10   -5   2   -2   -1   -3   2   -1   3   -1   6   
0   5   -5   3   2   0   -6   1   -1   4   4   6   4   0   -1   -2   -1   -8   3   2   
-13   10   -5   8   -6   2   -3   2   -3   0   -5   4   -4   6   1   14   8   15   -10   6   
3   -1   2   2   -2   0   0   0   1   -3   3   -1   -5   -2   0   1   0   -4   -2   4   
-2   3   -2   1   0   1   0   2   -3   1   -1   5   -2   2   -3   -1   -2   0   0   1   
2   -6   2   -13   13   -8   3   -8   -1   -11   5   -7   8   0   -1   -8   10   -9   11   -8   
-8   6   -8   2   -7   6   -6   3   -10   4   -1   11   -8   7   -8   6   -6   7   -7   6   
-3   10   2   7   -5   4   -7   2   -4   11   -7   9   -10   12   -4   8   -12   6   -7   2   
6   6   5   -1   6   -6   0   -1   -6   -2   13   4   -4   -3   9   0   -9   4   3   -4   
-1   6   -7   9   -3   3   -4   2   -6   2   -6   4   0   4   -8   9   -5   9   -6   5   
0   58.2873   70.0116   84.3053   37.2036   30.2814   50.5966   46.5308   58.4698   65.2494   70.1121   27.4018   53.9492   79.1802   31.53   63.3835   58.45   19.2361   68.1643   50.1579   59.4833   79.203   33.0384   47.4555   62.1246   57.0116   74.5523   59.1246   67.8556   62.7551   68.4847   48.3209   48.7261   58.9318   28   59.5206   50.1548   55.2215   78.7738   43   59.4557   50.9848   81.9202   54.6155   55.3363   73.0803   44.6271   64.8672   64.5366   73.6527   65.8964   37.6491   43.8035   45.7883   64.2195   74.3964   50.936   54.2345   36.6433   35.1246   47.5707   59.2769   60.2385   47.8378   53.1603   82.2896   65.0784   48.1794   63.6431   52.5576   
38.2099   0   74.0861   45.6271   70.4385   64.8392   83.1054   45.2132   87.6758   103.267   85.3557   65.6117   80.583   93.5886   62.0465   96.1707   69.3923   57.446   87.6356   57.5015   28   47.56   54.0374   67.6356   87.6045   66.803   84.8249   84.6045   103.883   93.1134   42.4947   81.8152   62.3735   74.4161   58.0454   95.7107   45.0172   51.9848   82.5185   42.6356   84.7843   53.0147   83.8227   33.6678   89.4983   81.2193   74.3703   42.4642   25.6056   105.507   49.2818   65   61.2345   46.9317   96.0731   107.093   72.7129   49.9848   62.8973   67.927   85.7806   91.0612   34.2485   37.5242   48.0147   93.342   49.4722   50.1548   76.1453   85.7107   
54.1202   54.7814   0   89.171   89.7637   80.7083   74.3449   52.8021   60.8033   99.5356   120.508   74.7961   105.37   129.937   59.2719   109.584   33.6569   72.383   117.548   41.6015   75.1378   88.9932   80.9672   95.4125   60.2628   28   126.204   58.1805   96.3828   107.591   97.2761   71.3462   45.6112   110.651   69.0185   90.4175   46.0689   95.8423   126.238   80.9158   55.3604   42.3452   126.883   80.346   75.8142   122.688   96.1036   72.0956   77.7802   96.7947   96.9277   81.2231   86.6167   73.4191   90.5709   109.19   44.6556   94.22   83.0652   56.9321   71.5726   63.1705   89.0298   59.3954   42.0185   32.1172   94.2528   58.8277   38.3311   96.0071   
64.4438   26.6271   73.171   0   93.1583   88.778   109.441   63.8201   111.773   129.693   98.21   91.8455   103.591   105.381   88.6593   118.849   94.613   83.0692   107.406   83.721   51.7357   33.0711   79.7344   90.591   114.232   90.7253   96.0556   111.232   130.51   115.79   41.1448   108.442   89.0006   87.9825   84.6725   122.338   68.9183   63.4225   87.2462   69.2627   110.903   73.6005   89.1665   54.2025   116.125   93.1644   88.935   46.0768   48.9072   132.134   55.27   90.6902   71.4707   69.3327   122.7   125.047   98.8724   64.3164   76.1289   89.2428   109.162   116.77   42.0217   54.6005   74.6418   105.288   37.0217   76.7818   102.31   112.338   
22.2036   55.0364   75.3923   79.0569   0   25.0554   48.4819   61.0425   70.6236   55.9249   53.7151   34.4012   32.8661   66.0694   51.305   44.9422   75.9112   41.0998   52.6007   72.3615   68.1295   86.8326   34.6349   32.8284   76.6443   79.2152   59.31   73.6443   58.9445   42.8254   77.4298   54.8707   70.6063   49.3132   46.8557   49.5106   72.3584   53.5904   69.8121   41.846   73.0088   71.109   69.2938   61.046   60.641   61.305   30   83.6419   67.3543   66.3249   62.9825   34.2066   39.5734   47.1059   62.4833   57.8904   70.4976   51.6449   31.0294   57.3282   49.8707   80.0727   72.8659   70.0415   72.2195   102.59   86.8276   70.383   77.0357   52   
13.1529   47.5079   66.7083   72.4707   9.05539   0   50.0437   55.1182   63.6184   62.5414   59.638   26.8489   41.9215   69.134   41.1094   53.9976   70.3289   32.389   59.7151   58.5933   67.5964   84.22   33.2547   40.5563   69.1935   70.1646   64.506   66.1935   63.9301   51.6757   73.0498   49.249   59.3336   48.8855   34.4012   54.5136   57.3275   50.3318   70.6603   40.2036   70.0632   61.9299   68.4243   59.6658   58.7263   69.2723   38.8114   78.0202   66.4187   65.6087   59.599   30.0828   36.1896   46.9118   56.1755   57.5876   59.2769   50.2415   29.6491   45.7321   49.2947   66.3289   64.8035   60.9908   58.7127   89.8239   76.8032   53.3275   64.2701   44.5136   
32.311   68.8186   60.208   95.4411   34.4819   32.0156   0   65.7955   34.8045   45.2843   88.197   37.1948   63.6154   93.7147   41.2074   53.1152   57.0125   48.7568   78.6117   52.4683   83.5733   106.185   57.8865   62.5412   39.807   61.2832   93.7919   38.6333   43   56.6611   100.796   17   51.9285   80.9011   41.0663   40.1245   65.7399   82.3474   102.676   67.7221   44.7308   66.2156   100.44   80.7419   32.099   92.844   63.0977   93.4201   84.7992   49.9264   91.6146   43.0442   68.2052   67.141   40.4924   59.4873   49.4896   81.0424   60.831   41.1442   21.831   39.6716   92.5495   80.1488   64.7772   77.2284   97.3847   69.8039   62.0139   35.6619   
25.4951   21.2132   37.8021   46.6154   47.0425   38.1182   50.9313   0   68.1597   87.3997   87.8748   51.2334   76.7124   97.1548   39.8395   87.1891   51.0211   44.7312   86.6089   38.0227   37.095   60.4166   47.5576   66.6488   67.6488   47.7478   91.4797   64.6488   88.1454   84.178   61.4197   65.9477   45.1927   76.9353   42.178   84.2268   24.9443   58.45   90.4979   45.1548   66.7573   34.6023   92.8152   44.2982   73.8207   88.975   65.0521   42.2489   42   90.6525   68.8663   55.0789   52.3553   47.8087   85.8887   95.7058   54.6742   65.0122   59.171   46.0179   66.3431   72.5188   53.833   25.2195   31.3852   69.9194   57.2966   26   53.0147   74.2268   
41.3038   70.8378   45.8803   96.7729   51.6236   46.6154   20.2485   50.1597   0   58.5793   105.323   57.4433   79.8905   113.963   49.0167   73.3637   43.5542   60.5398   98.8601   44.6105   85.5195   109.393   73.6251   82.7896   21.6569   48.429   110.934   24.1231   56.0132   73.4282   108.392   37.2485   40.2501   95.501   53.3766   54.2053   59.0462   92.5381   117.276   77.2046   25.0623   57.327   115.04   90.0212   43.9737   112.929   81.6236   88.6468   89.7166   61.0132   99.0529   63.2926   80.9531   77.3595   54.7343   70.9464   30.4012   90.5381   73.7539   42.3452   42.0794   24   101.542   73.3079   53.6611   64.0122   104.269   65.9418   47.4722   55.9104   
50.2494   88.459   85.4751   114.56   39.9249   43.2666   25.318   73.2462   42.5793   0   86.4008   54.6202   62.2143   90.8131   63.182   43.4129   82.2958   65.2314   70.5894   77.3398   103.151   124.051   69.8626   62.7647   62.4369   86.6012   97.0253   61.5471   30.2111   45.1279   116.316   42.318   74.2097   88.1163   60.0977   23.2195   87.3199   92.3886   104.38   80.8841   65.7732   87.7956   102.144   97.983   39.0333   96.1718   69.9249   114.407   102.97   33.434   102.417   54.0512   79.0078   83.0147   24   34.3576   71.0695   91.5698   70.9543   62.7241   43.4109   63.4166   108.07   97.3772   87.0797   99.3847   115.328   85.3181   78.2046   40.0278   
53.1507   68.593   106.508   84.0119   36.7151   42.638   70.7743   71.5891   88.3233   69.0652   0   68.4611   44.2947   36.434   81.1172   62.8114   111.601   67.3204   33.8114   98.943   83.2043   94.5953   58.4314   45.7357   109.98   110.162   32.0499   107.792   91.846   62.0465   77.131   87.7743   100.396   33.1803   74.7349   85.6847   92.7718   60.0139   39.4709   61.72   109.724   98.6116   40.7146   79.4422   89.8974   29.9443   42.9072   101.256   80.3758   93.4697   69.9535   69.0104   55.4005   72.706   84.0357   68.3385   101.915   61.0139   55.4433   88.2753   85.5352   108.967   82.5587   93.8947   93.6116   129.434   80.1882   94.2928   106.908   75.6847   
11.4018   49.5782   59.7746   75.6902   16.4012   9.84886   23.1948   36.0555   36.7696   38.8973   52.2015   0   49.0755   78.9828   29.7636   51.1774   60.4987   30.6378   63.0471   48.6874   66.472   87.75   38.054   43.0513   58.4264   61.5395   74.3549   58.2264   56.8174   48.0151   79.8865   40.1948   49.1322   58.7344   23.0554   47.4009   52.2345   57.3038   80.5092   49.0755   61.8318   56.8368   78.2731   66.0172   51.6136   70.8243   43.7136   76.269   65.7955   57.4382   66.9657   22.2426   46.0385   55.4109   49.0628   57.6005   59.1248   55.3038   39.498   46.5264   44   60.4969   71.6403   59.2396   53.6197   88.2149   76.4801   48.2345   62.6611   37.4009   
36.8782   66.4831   90.2497   88.5494   14.8661   23.7697   44.9444   61.0737   63.8905   42.0119   27.2947   30.8869   0   53.176   60.6505   34.2503   90.7773   49.7131   36   79.5743   80.3474   95.9833   49.1767   35   84.7514   92.4263   59.3446   83.5777   64.3295   31.088   84.8318   61.9444   80.0191   49.9615   53.9423   61.9285   81.0973   58.2311   66.7656   53.4304   87.8748   83.857   66.7703   71.1475   66.1412   56   33.6525   98.1059   78.6812   68.0899   67.893   47.8328   47.1059   60.911   61.7551   48.8568   83.0467   56.2311   45.8955   69.5019   64.7368   84.616   78.5138   84.716   82.4824   113.594   85.2422   77.0973   88.0398   51.9285   
62.482   77.2787   115.935   91.351   45.2217   51.6624   78.7147   80.9568   96.7988   74.8131   9.43398   61.0737   34.176   0   89.5435   67.2237   119.917   76.1847   38.2237   107.149   92.2955   98.2918   65.4777   51.1248   117.343   119.494   29.2956   116.764   98.5056   65.264   82.5445   95.1311   108.922   40.2485   84.1291   93.6551   102.206   61.1814   39.8035   71.154   118.201   108.046   43.6155   82.9242   99.3313   34.3693   52.3412   110.69   89.8098   101.089   64.1597   74.8507   64.8345   79.1348   91.6551   77.7725   110.939   65.4072   61.8722   95.3204   94.9692   117.991   80.0692   103.329   103.046   138.868   86.3593   101.723   115.932   85.1187   
12.53   43.0465   44.2719   69.6419   31.305   23.0217   26.1725   24.8395   30.0167   48.7647   65.0538   15.5242   46.0977   74.2765   0   65.2559   44.8182   31.766   73.6825   32.9737   57.5441   81.2993   45.5684   58.5755   50.6158   46.2025   87.0822   47.6158   63.3965   62.0937   81.0147   43.1725   33.4165   71.4617   28.7082   53.9625   43.6155   64.2562   90.1141   48.5753   47.9468   44.1725   90.574   65.4849   51.4187   85.6103   56.2099   65.0882   66.4435   70.4827   72.1453   37.7668   50.1141   54.0713   61.0488   73.1247   37.3238   66.7644   49.1733   23.6158   43.5183   54.0147   72.7685   48.0588   45.0007   71.6063   77.6083   39.6155   51.4558   52.8707   
45.8912   80.9568   94.3663   104.848   25.9422   33.8378   39.1152   71.3863   59.3633   26.2488   44.2832   36.0555   19.2354   49.0918   51.0392   0   93.1228   58.1623   45.3225   83.7731   94.0717   112.473   56.9869   44.8209   78.8999   96.0166   68.3323   77.306   50.4038   17.1623   103.108   55.7769   84.4557   66.9444   59.1109   42.6007   88.29   77.4664   80.7611   67.7883   80.8164   92.5581   80.3482   86.9883   55.6717   74.2275   51.2415   109.584   93.2966   56.1141   87.1283   48.3766   64.8197   73.0481   49.2324   31.0554   82.0669   75.4664   56.9716   73.0344   54.4975   75.6643   97.7492   93.729   89.6752   111.801   104.478   84.29   87.73   41.4591   
42.45   55.0818   17.4642   77.9295   61.9112   53.8238   43.0116   34.5254   28.6356   68.1836   95.5877   45.6508   76.5376   104.89   30.8058   78.5875   0   59.5152   104.488   27.8924   71.3895   92.1691   75.3335   88.7021   42.2036   20.6569   115.899   40.5539   80.0125   90.9605   95.945   54.0125   31.4018   100.279   58.3591   75.1638   42.8547   88.8241   120.92   77.6539   37.2036   37.0238   121.38   74.6657   60.4099   115.53   87.0158   68.8867   74.6833   79.307   96.0092   67.8935   80.9199   69.9321   75.2507   94.4599   29.1529   90.0694   79.0933   45.6011   60.2415   49.5287   88.3583   59.3358   43.3776   39.8494   91.8219   43.6833   27   71.2353   
2.23607   39.0512   56.356   65.0692   20.0998   11.0454   32.573   27.2947   42.5793   49.4975   50.9902   10.6301   34.7131   60.3075   14.4222   44.1475   44.5982   0   63.9503   47.3959   53.2884   75.6657   35.2745   43.2415   62.2969   59.2477   74.895   61.3607   67.4459   56.4458   70.7208   49.573   47.8387   59.7263   30.2361   58.0119   49.2947   52.5197   77.9423   38.105   61.6917   53.2209   77.0333   52.8378   52.6431   71.7181   40.4131   67.1033   64.1838   68.0683   61.787   26.1803   38.3776   44.868   59.693   66.927   51.746   51.0606   32.7648   37.3607   44.9258   61.513   62.4746   50.0739   48.3645   84.4476   67.3144   45.2947   65.6989   48.0311   
49.2443   73.2462   103.315   92.3472   28.6007   36.7151   59.9083   71.5891   78.8733   54.5894   15.8114   45   15   20.2237   59.6825   29   90.4268   47.0106   0   92.632   91.1086   100.381   60.1021   45.1359   99.2192   105.885   44.7099   96.2192   76.4018   43.1603   86.1126   76.9083   93.0768   45.6155   67   71.6007   94.0427   61.3244   55.2823   64   101.609   98.645   55.4685   80.9114   81.1412   44.6982   47.5372   107.421   88.9385   78.1506   70.9863   62.8073   58.0512   70.0848   76.7551   57.0132   95.992   59.3244   56.4966   82.4473   78.4714   99.5798   89.1287   96.8086   94.2528   126.539   95.3847   90.0427   100.985   66.9285   
29.4109   43.1856   25.2982   67.72   50.1597   41.5933   38.2753   22.0227   30.6105   63.3246   82.4621   34.4819   65   91.8314   18.9737   69.4622   13.8924   31.6228   78.2943   0   59.1177   82.1869   61.7732   74.8643   47.7648   34.5493   103.458   47.1548   77.4654   81.0673   83.4424   53.4683   25.3852   88.3426   43.632   68.1202   32.8725   75.1808   105.204   61.1022   46.313   27.0416   105.664   64.5296   59.1461   99.8528   72.0359   60.2945   64.0227   77.2415   84.8427   56.7245   65.2037   62.8875   70.7083   87.0333   40.2315   73.1808   64.3876   32.0333   60.1063   54.6105   75.8557   47.1204   31.4868   47.3017   79.3193   41.0357   36   62.5296   
37.4833   1   55.1543   27.2029   54.1295   46.6476   68.2422   21.095   70.5195   87.7268   67.6018   48.8365   65.521   76.2955   42.5441   80.0562   55.1453   38.2884   72.2496   43.1045   0   42.7829   53.1618   67.3662   88.3495   65.9362   85.8249   85.6045   104.883   91.922   43.4947   82.8152   63.3735   72.7366   59.0454   96.2374   44.1292   50.9116   81.6643   43.6356   83.7892   48.8114   82.8845   28.8907   90.4983   82.2193   64.7058   35.4391   20.8284   106.275   50.2818   64.4687   47.2415   47.0238   97.0731   103.235   71.7062   50.0156   63.8973   66.1599   83.2142   91.9805   35.2485   29.8114   49.0147   87.2716   42.1359   47.095   74.1097   86.2374   
59.203   22.4722   72.9932   7.07107   72.8011   66.5282   90.7359   43.4166   93.3006   109.041   76.9415   70.2922   81.8841   84.2912   65.2993   98.4733   76.1643   59.6657   85.3815   65.1153   22.8473   0   71.1725   85.1839   110.077   88.7835   89.1443   107.077   126.251   110.814   36.1231   104.287   84.8458   81.0259   80.5176   116.84   66.9765   58.1321   81.6582   60.4079   105.924   71.6587   83.3031   41.1725   109.525   86.1453   83.242   48.5707   37.9545   127.73   48.1321   85.0366   67.8774   56.0366   118.545   118.637   94.5535   59.2947   74.8032   88.9151   104.592   113.533   37   52.6587   70.4869   105.11   32   69.4166   96.4313   107.693   
13.0384   38.0789   65.7343   62.2013   17   10.8167   41.3038   32.5576   53.3667   54.0833   40.8044   18.1108   29.1548   50.2195   25.5539   42.9418   55.1725   11.1803   39.0512   41.7732   37.1618   56.0803   0   33.3526   73.4773   70.05   60.6905   72.163   73.4887   59.8254   65.3337   56.0488   58.9704   48.1918   37.2485   64.0604   56.9285   41.1875   65.783   30.4018   72.4941   61.382   63.8774   48.1555   62.8275   60.2288   30.5242   70.1507   53.404   75.228   50.4548   31.8114   27.0454   33.1555   66.9922   65.6004   62.8777   41.2211   20.6056   48.163   56.1062   72.3153   62   55   58.3137   89.0748   70   52.9285   70.6063   55.3303   
27.2947   53.6004   81.4125   75.591   10.198   15.5563   44.643   49.6488   61.2944   48.7647   27.2029   25   13   36.1248   38.4187   30.4138   69.2026   25.0599   22.1359   56.6039   52.6308   68.9638   17.1172   0   82.9512   84.3063   52.9165   81.7498   69.1426   44.088   71.6007   61.643   71.8352   40.1416   48.0554   59.7086   72.8839   44.4795   60.6405   42.4492   83.2068   75.808   60.0813   59.0114   66.2667   49.311   20.8284   84.5845   67.6999   73.149   54.6619   43.8087   36.1246   50.2727   63.7159   52.0132   74.8333   43   37.7228   59.2769   60.0687   81.8853   67.8035   72.1172   73.4244   103.906   78.6058   68.8839   79.7809   52.054   
45.8912   73.4983   43.8292   99.0202   57.1402   51.8941   25.807   52.4976   5.65685   47.2969   93.8136   42.0476   69.527   102.343   34.1321   64.8999   27.2029   47.2969   84.5044   31.7648   73.2462   95.8801   58.2409   66.7308   0   47.8598   116.4   28   61.67   78.0079   111.743   42.807   41.4922   100.78   59.0335   59.8621   61.7265   96.0366   121.862   82.7074   24   58.5691   120.318   91.0081   46.1661   112.872   85.7611   91.1244   91.0571   62.107   103.667   64.2902   84.2462   76.0081   60.3911   75.2699   31.6433   94.0625   76.6847   48   47.6379   29   106.13   77.5969   58.1449   54.1214   109.794   61.9444   36.9317   58.4433   
43.0116   51.4782   13   73.437   63.5059   55.0727   47.2652   31.6228   34   72.5603   96.0469   47.5395   78.2943   105.423   32.2025   81.5843   5.65685   45.2217   91.7878   13.6015   51.6236   72.0069   55.3173   70.1783   32.8024   0   116.008   46.2107   85.6694   94.2961   93.0425   59.6694   32.3417   101.943   57.2335   79.7912   44.8035   88.4022   118.805   74.474   42.8605   40.2627   119.195   75.921   65.188   113.454   85.6348   66.0521   72.4521   84.9638   93.5886   69.7821   78.8051   65.93   79.9445   97.3019   34.0293   86.7822   75.9228   45.6348   60.9462   50.0555   85.4558   55.1248   40.7883   39.2485   88.9193   49.1661   27.7047   74.0088   
59.5483   69.6419   111.665   82.0549   45.31   50.2494   79.712   75.4718   96.6023   79.0253   10.0499   60.0333   37.1214   10.2956   71.8401   54.3323   101.863   57.4891   25.7099   88.3912   68.6804   75.0267   46.6905   35.3412   102   101.863   0   114.363   100.326   67.0848   73.397   96.4387   104.647   30.8121   80.8027   91.7817   98.2359   51.3622   31.1355   61.3256   116.433   103.606   29.3759   73.4234   99.9259   18.6056   52.9571   103.136   82.3021   103.52   55.0122   70.9464   58.2244   73.4965   94.0856   78.3884   109.164   52.6879   57.1393   94.2023   95.1807   116.578   79.0357   98.4918   102.646   135.693   77.0339   99.619   111.185   85.7346   
42.9535   70.6045   42.5441   96.2081   54.6443   49.1935   24.1868   49.6488   4.12311   46.6905   91.2688   39.3573   67.2681   99.8649   31.1448   63.2851   25.5539   44.3847   82.2192   29.1548   70.342   93.0054   55.3624   64.1405   3   31.0644   99.363   0   59.7023   77.5513   108.54   41.1868   37.8537   98.079   57.171   54.3839   57.8292   93.1422   119.854   76.6498   24   56.1964   117.618   86.4493   39.0868   110.182   81.8845   88.4565   89.5263   61.1182   101.667   61.6   81.2589   74.0085   57.7851   75.0695   34.5243   94.6611   75.968   46.4683   46.0177   23   103.192   73.1177   53.4708   57.1214   105.677   63.1545   39.9317   59.8487   
51.8556   89.8721   82.3772   116.276   44.3847   46.5188   23.2594   73.4098   38.0132   7.2111   75.326   40.8044   48.0937   81.3941   48.6004   33.2415   64.9384   51.4004   61.1882   61.4654   89.1964   111.041   57.2451   53.7587   42.2966   69.6348   85.2115   42.0476   0   50.2415   119.143   40.2594   75.1879   93.6979   60.9674   30.4306   88.2011   96.6542   110.241   84.9098   63.0754   88.507   108.005   104.001   43.8435   101.054   74.3847   113.689   103.376   23   106.046   61.2624   82.6372   90.2258   28.8102   41.5687   68.4144   94.7087   74.0931   64.4036   45.0904   61.3275   110.897   96.6592   87   93.0253   116.934   88.2159   79.2283   45.4165   
42.7551   77.8203   91.5915   101.789   22.8254   30.6757   37.2022   68.2495   57.4282   26.4764   43.0465   33.0151   17.088   48.3735   48.0937   3.16228   75.9605   41   28.1603   66.6108   76.922   95.4411   39.8246   27.6586   63.0079   78.8543   53.0848   61.2944   33.2415   0   99.2593   54.2022   81.5101   67.0495   56.0705   45.763   85.1758   72.1381   77.1506   64.6715   81.933   89.852   80.1221   83.8715   58.834   69.3517   48.4795   106.467   90.1798   56.171   82.3205   51.5389   62.3988   69.9313   50.4764   34.2177   78.2573   70.6586   53.8548   70.9711   55.1214   76.8737   95.4622   90.593   86   110.34   102.33   81.2496   85.2604   44.6213   
54.4243   26.5707   81.3449   24.1868   63.1269   58.5235   86.7295   46.3897   93.0591   101.789   61.131   64.405   69.814   67.897   63.3482   87.7268   80.895   54.231   71.1126   68.1836   26.2488   17.4642   47.7074   57.3847   96.5194   77.666   58.3095   93.5361   104.809   84.8646   0   101.738   88.9442   68.2785   77.9839   110.475   70.378   45.3848   68.2753   52.8469   109.34   75.0602   66.0392   38.2462   106.874   73.3979   72.2566   52.9487   41.2462   121.57   35.3848   79.473   55.2884   51.7598   112.137   109.398   97.955   47.0935   63.1949   85.7686   97.0473   113.061   24.2462   56.0602   74.5854   113.462   29.1231   70.3323   94.1561   100.475   
31.3209   67.1193   57.2189   93.7443   35.4683   32.249   3   48.7955   17.8045   28.2843   72.0139   23   46.6154   80.1311   24.2074   41.6773   40.0125   31.7805   61.6117   35.4683   66.5733   89.1852   41.0488   45.5412   23.4307   44.2832   80.7775   21.6333   26   39.6611   85.703   0   51.2348   81.1346   44.0663   39.7002   61.4166   80.3038   102.652   69.8855   42.8668   62.5099   100.673   79.4748   24.4031   93.8243   62.8402   89.2956   86.3365   44.8328   88.8131   45.2426   68.0941   69.98   40.4165   59.0565   43.0185   78.3038   61.6543   37.6333   24.831   41.5183   91.5594   72.2662   62.8018   76.569   96.3993   57.4166   51.0151   34.3178   
31.1127   48.3735   26.1725   73.0821   50.6063   42.4382   34.9285   27.1662   25.4951   60.208   84.22   34.4384   65.2993   93.5094   19.4165   68.2495   11.4018   33.2415   79.0759   5.38516   48.2597   70.406   43.9318   57.8014   26.4197   13.3417   90.6091   23.8537   57.8705   65.5134   73.0616   32.0156   0   90.0445   42.0768   68.4198   35.2485   77.9089   107.685   63.4131   35.9317   32.4268   107.785   69.9147   53.3363   102.115   73.6547   65.6796   67.9216   75.8538   83.0953   56.681   69.5306   55.4367   66.4198   87.6015   28.8489   78.5659   62.5079   32.6015   56.7595   45.6007   80.9991   51.513   31.8661   51.2512   84.4627   42.2354   31.2801   66.0454   
43.9318   57.4282   96.4002   73.5459   30.8058   34.8855   65.2534   60.8276   81.4371   67.4759   11.1803   44.7214   25.9615   20.2485   56.2228   44.9444   86.2786   41.8688   20.6155   72.8629   56.4358   66.4906   31.1127   20.6155   86.764   86.3713   15.6205   84.0773   73.1095   43.0116   51.264   66.0984   75.0067   0   67.1409   80.3164   82.8999   44.02   36.0238   50.7805   100.205   87.5022   40.9769   63.1736   85.7347   30.2066   35.3132   91.8749   71.231   92.4414   50.8938   54.7185   46.4951   59.3113   83.0075   72.6287   93.5466   42.02   50.5862   79.0564   76.3514   101.214   71.9608   86.0472   83.4046   120.165   66.9608   78.8999   99.1556   72.6695   
8   44.0454   50.9215   70.6045   24.5967   16.4012   25.0599   28.178   33.3766   45.2217   58.7282   9.05539   39.3954   67.8823   6.7082   45.0111   37.4433   9.21954   53   25.632   43.4166   65.7343   20.2485   31.8904   38.0789   38.9102   65.8027   35.171   45.9674   42   61.9839   23.7697   26.0768   50.2195   0   56.2029   43.4951   59.19   83.8767   47.3245   54.655   48.0974   82.884   62.0574   43.9666   78.1326   46.8277   70.4269   64.245   66.4936   68.852   31.298   47.2938   48.2488   57.8648   66.6559   43.2062   57.19   40.854   30.324   45.2354   57.3766   68.2385   53.3976   44.8803   72.9337   73.0784   39.4951   52.8904   46.2029   
42.5206   80.6226   76.3217   106.963   35.5106   37.1618   16.1245   64.6375   34.2053   9.21954   68.0661   31.4006   40.7922   74.7262   39.9625   28.6007   59.0762   42.0119   54.7083   54.1202   79.9312   101.671   47.8539   45.1774   39.2173   63.3877   77.7817   38.3275   9.43398   27.7849   95.3834   19.105   50.9902   65.0077   36.8782   0   80.3733   87.4936   101.031   77.3566   59.2019   79.622   104.804   94.8498   38.2971   94.4884   65.5106   105.051   97.1961   32.434   96.7608   53.6433   73.3514   81.0094   25   37.8035   62.1235   86.7044   66.5399   56.7383   37.9555   53.4683   101.965   88.0213   80.9017   93.3388   107.599   76.3733   70.1201   37   
29.1548   29.0172   29.0689   52.8867   51.3517   42.2966   49.0918   8.94427   44.9444   72.9178   78.7718   38.2099   65.9242   88.193   24.3516   74.2428   26.0768   31.257   77.4919   14.8661   29.0689   50.4876   38.6264   55.3624   46.5188   22.8035   83.2346   43.8292   72.2011   71.1758   54.9181   46.6154   20.2485   68.2642   29.4279   63.9531   0   66.4722   97.0377   51.9706   56.1663   26.6023   97.8145   48.176   67.679   94.4003   68.3289   49.6816   49   87.3199   69.2033   55.0135   57.8246   44   78.9328   90.5672   44.0832   65.0106   56.0132   39.9317   57.909   64.5188   62.7772   33.6525   22.3852   57.5441   66.2408   18   50.5082   69.1543   
36.2215   33.5261   80.1561   48.5077   37.5899   35.171   66.4831   42.45   77.5242   77.3886   36.0139   43.2897   42.5206   44.1814   48.0521   60.8769   73.8241   35.0571   44.0114   59.9416   32.573   41.4849   25.1794   30.4795   82.0366   72.4017   36.1386   79.0759   81.3449   58.1378   27.4591   66.1891   63.561   25.1794   44.1814   72.111   51.0882   0   48.8024   30.5602   93.8781   71.3173   49.8378   37.587   85.5845   49.2415   42.1725   66.448   45.6142   97.3449   27.6619   54.833   28.1655   36.8087   88.111   82.4927   84.5195   16   45.7849   71.3462   79.9829   95.4985   42.1359   62.3844   69.8238   107.243   46.4008   65.6004   91.7743   79.6846   
61.7738   64.405   111.018   73.2462   51.6236   54.7083   85.9069   73.6614   101.242   88.278   21.4709   64.5136   46.3897   22.8035   74.3034   64.7611   103.005   59.9416   37.1618   89.202   63.5059   66.3702   48.7647   41.4367   106.405   102.303   12.7279   103.619   94.0479   63.1506   49.0918   86.5852   92.0869   21.0238   68.8767   86.0233   82.0366   31.6228   0   61.3627   121.229   102.12   24.2361   68.3895   106.758   31.3335   56.337   97.2504   76.4166   113.465   55.5261   75.7423   58.968   67.6111   104.031   89.8095   111.627   46.8024   63.1774   96.8984   97.3752   121.037   69.4876   89.452   101.447   136.504   64.4876   96.2086   118.978   93.4907   
20   28.6356   65.7951   51.3128   27.8029   22.2036   51.4198   29.1548   61.2046   65.4599   42.72   28.4605   37.9473   52   31.5753   53.535   57.9828   19.105   45   44.1022   27.6586   45   11.4018   25   65.6201   57.0088   46.3249   62.6498   68.4763   50.4777   36.3593   50.8035   47.4131   31.7805   28   59.0593   37.0135   16.4924   45.3431   0   79.4557   57.8973   66.3303   33.2354   71.748   61.9871   37.8551   63.0977   47.2488   85.7428   44.1543   43.0649   26.3246   29.544   76.4403   73.735   68.8991   32.4924   24.8167   55.1246   64.0308   79.192   44.6007   49.2415   52.8973   91.4038   49.6006   55.0135   70.5619   65.8614   
43.9659   69.6348   38.9102   94.8683   57.0088   51.1077   27.7308   48.5077   8.06226   50.636   93.4773   41.3401   70.0071   102.201   31.7805   66.7308   22.2036   45.5412   84.8999   27.313   69.4262   91.9239   56.648   66.2873   5   27.8029   101.356   4   46.0435   64.6607   93.1933   25.0599   21.9317   85.9593   36.4005   42.2019   42.1545   79.8311   105.19   63.3482   0   53.5016   119.285   89.4503   43.0868   112.164   83.2282   86.1837   88.0382   61.6622   103.926   63.5827   80.7608   77.3684   58.3291   79.0087   36.083   93.5906   77.2536   47.3311   47.9571   23.544   102.341   71.3028   52.2426   56.5833   105.804   57.0486   31.0294   58.3573   
32.9848   34.2345   23.3452   57.0701   55.109   46.0977   49.1935   14.7648   42.638   73.736   83.863   41.0122   69.857   93.2952   26.1725   77.0065   21.0238   35.171   81.9329   12.0416   34.3657   55.1453   43.382   59.808   43.566   17.2627   88.6002   41.0488   72.45   74   60.4152   46.5296   17.2047   73.4983   32   64.622   5.83095   56.8507   87.6812   42.5206   38.9487   0   103.645   54.007   70.2597   100.231   73.9062   55.5126   54.6742   89.2831   75.0343   60.8445   63.6556   49.831   82.4085   93.6384   41.9258   70.8416   61.8441   42.5913   61.3847   61.3117   68.4829   39.4834   22   53.7696   71.2939   23.831   36.4722   74.5712   
61.9112   65.7951   111.732   75.1665   50.9902   54.4243   85.3756   74.5185   101.02   87.1436   19.6977   64.2573   45.1774   20.6155   74.4312   63.3482   103.407   60.0333   35.4683   89.6437   64.8845   68.2642   48.8774   40.7922   106.231   102.825   10.6301   103.47   93.0054   61.8142   51.0392   86.1278   92.4175   20.2237   68.884   85.0941   82.807   32.7567   2.23607   45.9674   105.119   88.4138   0   70.3437   105.423   27.7703   55.537   99.2047   78.3709   112.665   53.171   74.407   55.4599   69.5653   103.231   88.0363   111.755   48.7567   65.4135   95.9878   96.5752   118.752   71.7237   91.688   98.8646   136.945   66.7237   98.3571   116.298   92.8462   
33.6155   11.4018   62.2656   32.2025   46.8722   40.3609   65.7419   25.2982   71.0211   82.9759   57.3149   44.4072   57.0088   65.9242   41.4849   72.7186   59.6657   33.8378   62.6498   46.5296   10.4403   26.1725   30   44.0114   74.4312   56.921   58.2409   71.4493   85.2115   69.6419   22.0907   64.4748   51.2445   46.1736   40.7185   75.8024   34.176   22.1359   53.2353   19.2354   71.1126   39.9249   54.5619   0   84.6852   71.3775   56.4367   43.8617   31.2687   101.845   45.2132   60.0182   41.0416   40   92.4209   92.9703   76.0083   38.1359   44.052   65.1007   78.7637   90.9667   33   37.4307   56.5612   91.7201   35.2483   51.2982   76.3971   81.8081   
37.3363   73.4983   61.8142   100.125   39.0512   37   5.09902   55.1725   18.9737   24.0208   75.0267   28.2843   48.7647   82.7647   30.6105   41.2311   44.4072   37.6431   63.6318   41.1461   72.9452   95.5249   46.3897   49.2443   24.1661   49.0306   84.119   23.0868   20.6155   39.6232   91.7606   6.40312   37.3363   69.857   29.9666   15.2971   52.8015   71.5681   90.6091   56.5155   26.9258   52.4786   90.0278   70.6824   0   97.943   68.1967   95.6986   89.7386   36.1896   95.2162   47.9835   73.1896   72.0804   40.0333   53.1006   45.257   83.588   65.7703   44.0364   26.7703   34.5913   97.5748   78.6692   65.2597   75.4138   102.415   63.8197   55.4833   39.2127   
56.0803   66.2193   108.074   79.1581   42.3792   47.0106   76.844   71.8679   93.4719   77.0065   8.94427   56.8243   35   12.3693   68.4105   52.7731   98.3514   54.037   24.6982   84.8528   65.2534   72.111   43.1856   32.311   98.8383   98.3107   3.60555   96.1769   83.0542   51.3517   55.5788   77.8332   87.1149   12.2066   62.426   75.4255   79.6304   32.7567   12.53   42.72   98.1122   85   10.7703   54.8179   81.3204   0   47.305   98.6796   78.3709   102.414   58.6177   66.9251   55.6197   69.5653   92.98   77.2828   105.632   48.7567   60.6232   90.8024   88.558   112.082   67   91.9616   95.6112   132.154   77.0176   91.1065   111.281   84.365   
26.6271   51.1957   80.6226   72.8972   12   15.8114   46.0977   48.0521   62.1691   51.2445   26.9072   25.5539   15.6525   36.0694   38.2099   33.2415   68.884   24.4131   23.5372   56.0357   50.2195   66.242   15.5242   2.82843   67.5352   69.6348   34.4819   64.8845   56.0892   30.4795   54.5619   46.8402   57.4891   19.3132   31.8277   47.3814   54.0833   27.6586   39.8121   22.561   66.888   58.6941   39.2938   41.4367   50.8035   31.305   0   82.4642   63.0396   75.9775   54.8344   36.4709   31.4642   47.0666   66.5443   54.8416   74.959   43.1725   33.0384   61.5435   60.0595   82.1403   66.0104   68.1479   72.7776   103.337   72.1616   68.3289   80.0815   54.8824   
50.0899   17.4642   47.0956   26.0768   69.6419   61.3514   77.1557   26.2488   74.6257   99.2975   85.9884   61.2944   82.201   94.7259   51.0882   95.1893   52.8867   51.4782   90.0222   44.2945   18.4391   26.5707   53.1507   69.5845   76.0592   48.0521   87.0919   73.4302   99.6393   92.0272   38.9487   74.9667   49.6488   74.8131   54.0833   90.802   29.6816   50.9608   81.5414   45.0444   71.5542   32.6956   83.006   28.8617   81.3204   83.678   67.3647   0   34.8806   116.898   63.3011   77.6585   65.6806   57.768   108.029   114.403   73.6839   66.448   69.8611   69.577   87.5906   92.0322   51.7127   33.0294   48.9857   79.2129   58.5707   47.6816   69.1678   98.6953   
37.5366   3.60555   57.7754   26.9072   53.2353   46.0435   68.7968   23   71.8401   87.6812   65.3758   48.7955   64.195   73.9797   43.382   79.177   57.3149   38.1838   70.4557   45.0111   2.82843   21.9545   36.2353   51.2445   74.7329   53.9351   66.2193   71.8053   89.3756   76.0592   23.7697   67.2309   50.0899   54.231   43.8292   80.0562   31.257   30.0832   60.8358   26.2488   71.0211   36.6742   62.2415   8.06226   73.5731   62.8172   48.7647   20.8806   0   104.907   45.0179   63.2485   47.5753   34.2485   97.8583   99.9838   73.4138   43.6142   51.0655   66.7032   77.9682   89.6902   37.854   32.6398   51.6203   88.8011   43.3105   49   73.1464   86.1964   
53.4135   91.351   82.7647   117.796   46.3249   48.3322   24.1868   74.6525   38.0132   8.94427   77.3175   42.4382   50.0899   83.3607   49.8197   35.1141   65.307   53.0094   63.1506   62.2415   90.6863   112.614   59.0339   55.7315   42.107   70.0928   87.2067   42   2   35.171   106.55   26.8328   58.5235   75.1066   47.3814   11.1803   73.2462   83.2166   96.0469   70.2353   46   73.3553   95.0053   86.8389   21.1896   85.0529   58.0517   100.896   90.9065   0   107.931   59.4166   84.5218   89.8471   30.434   43.3018   66.4466   96.7087   76.0931   64.4661   46.0177   55.7809   112.897   97.8784   86.4493   95.0253   118.492   84.2494   76.6729   44.095   
44.0454   31.6228   82.9277   41.1947   47.5079   44.5982   75.3127   45.2769   85.0529   87.2067   42.9535   52.1728   52.345   50.1597   55.1453   70.8378   78.5493   43.1856   52.7731   64.846   30.8058   34.1321   34.2053   40.4599   89.2749   76.4853   41.0122   86.2844   91   68.1175   18.3848   74.8131   68.9638   32.8938   52.0384   81.7068   54.2033   10   33.5261   24.0832   86.7006   60.0333   35.171   21.2132   80.4114   38.0132   37.6431   48.3011   28.0179   92.8493   0   64.833   38.1655   46.8087   98.111   92.473   92.4691   26   48.8998   78.761   85.8713   103.275   39.0333   58.644   76.5885   111.747   38.2483   71.2769   94.6451   89.1118   
12.6491   50   63.5689   75.6902   12.2066   6.08276   26   38.0789   40.7185   39.0512   48.0104   4.24264   26.8328   56.8507   19.3132   33.3766   49.7393   11.1803   40.8044   38.2753   49.2037   70.0357   15.8114   20.8087   46.0652   51.4782   55.9464   43.4166   41.6773   30.2655   63.1348   26.1725   38.4708   40.7185   12.6491   32.249   41.0122   40.7922   60.7289   26.8328   45.4863   44.1814   60.407   43.9318   31.0161   52.7731   21.4709   62.6498   48.9183   43.4166   50   0   42.2724   48.9669   53.3055   59.7696   54.3609   56.3243   35.7319   40.2389   39.2132   64.3847   70.8863   60.487   57.5294   85.577   75.208   52.1442   65.5395   41.6436   
22.8035   34.2345   71.5891   55.4707   24.8395   21.1896   52.345   35.3553   63.9531   64.0078   36.4005   29.1548   33.1059   45.6946   35.1141   49.8197   63.0079   21.3776   39.0512   49.2037   33.2415   48.8774   11.0454   20.1246   68.6586   62.3699   40.2244   65.7343   67.624   46.8615   38.2884   52.0865   52.1536   25.4951   30.5941   58.3095   43.0116   14.1421   40   6.32456   66.7608   48.4149   40.4599   24.0416   57.4282   36.6197   17.4642   51   31.5753   69.4622   23.4094   26.6833   0   35.8686   75.1664   72.1378   72.4379   30.1421   31.1412   56.72   65.8965   82.0804   48.1448   53.5601   59.2219   96.5053   55.0694   61.0116   76.8864   64.7032   
18.7883   21.9317   58   46.7547   33.1059   25.807   51.0784   20.8087   58.0775   68.0147   51.264   29.4109   44.911   60.5392   28.0713   59.0339   51.4296   18.868   53.0848   37.5766   21.0238   41.0366   16.1555   32.249   62.0081   49.93   54.7083   59.0085   70.214   55.9017   35.7351   49.98   41.4367   40.3113   26.2488   60.803   29   22.4722   53.0377   8.544   59.2115   34.6554   53.8145   15   56.0803   51.1077   30.0666   37.3363   20.2485   71.8471   27.6586   29   14.8661   0   77.4654   81.7559   65.0306   34.8087   33.3607   51.0143   63.31   77.0725   41.5136   38.7386   51.3852   84.8782   50.2483   46.8087   69.7032   65.8035   
44.0454   82.0731   76.531   108.467   37.4833   39   16.4924   65.8027   33.7343   9   70.0357   33.0151   42.7551   76.6551   41.0488   30.2324   59.2115   43.6005   56.6127   54.7083   81.3941   103.233   49.6588   47.1699   38.6005   63.6396   79.7621   37.855   7.81025   29.5296   97.1288   19.4165   51.4198   67.0075   38.2099   2   64.8845   74   88.0227   60.8276   41.7732   65.3911   87.0919   77.4209   15.0333   77.4145   49.366   92.0054   81.5659   9.43398   83.5703   34   60.1664   62.426   0   39.8035   60.2903   87.2392   66.6236   55.3113   38.3234   48.7851   103.804   89.1075   80.208   90.4471   109.124   76.8331   70.4316   28.6619   
49.3964   86.093   94.2603   110.802   31.8904   38.5876   36.0555   74.6324   55.9464   18.3576   53.3385   38.6005   27.8568   58.0345   52.469   9.05539   77.7817   47.927   38.0132   70.0071   85.235   104.637   48.6004   38.0132   61.2699   81.3019   63.3877   60.0083   25.5539   10.7703   94.7945   38.8973   68.1175   53.7587   47.0744   22.8035   76.4853   68.4105   73.7564   59.6657   63.6946   78.6384   72.3671   78.6003   37.1214   61.8142   40.8044   99.4032   84.5991   27.2947   78.4092   36.7696   56.5685   64.3506   24.0832   0   81.307   81.0132   62.9198   70   56.777   71.7127   103.391   97.2342   91.9547   111.413   109.266   86.5695   85.859   43.7386   
35.8469   57.8705   30.5941   82.8613   52.4976   45.2769   30.0167   36.6742   16.4012   55.0818   87.8635   36.1248   66.6108   96.9381   23.3238   66.7308   13.1529   37.7359   81.0555   15.2315   57.7062   80.05   48.8774   60.8276   16.6433   18.0278   95   14.2127   51.788   64.2573   82.0061   27.0185   9.84886   79.404   29.2062   46.0109   30.0832   70.5195   97.6166   54.0833   12.083   26.9258   97.7548   60.0083   31.257   91.6079   60.959   59.4811   59.4138   52.1728   76.6877   40.3609   58.1808   49.0306   46.0977   65.307   0   82.6222   69.4829   35.8114   47.6586   35.627   90.5072   60.3451   40.6982   45.0832   93.9708   48.0832   26.3246   60.6079   
34.2345   32.9848   78.6448   49.0408   35.8469   33.2415   64.4981   41.0122   75.5381   75.5844   36.0139   41.3038   41.2311   44.4072   46.0977   59.4138   72.0694   33.0606   43.3244   58.1808   32.0156   42.0595   23.1948   29   80.0625   70.7248   36.6879   77.1038   79.4796   56.6392   28.6007   64.195   61.7414   25.02   42.19   70.2282   49.5782   2   32.8024   14.5602   77.8781   55.3173   33.8378   21.587   69.5845   33.2415   26.1725   50.448   29.6142   81.3449   11.6619   38.833   12.1655   20.8087   72.111   66.8431   68.6222   0   36.6155   68.8855   77.9864   93.5114   42.8473   59.0178   67.4575   105.482   48.4008   66.0106   85.1221   76.8687   
16.6433   38.8973   69.0652   62.1289   17.0294   12.6491   44.1022   35.171   56.7539   55.5698   37.4433   21   27.6586   46.8722   29.1548   42.72   58.7282   14.7648   36.4966   45.2769   37.9473   55.8032   3.60555   15.0333   61.6847   58.7963   43.1393   58.8218   59.0931   39.6611   46.4004   44   47.5079   27.5862   23.7697   49.7695   41.6293   22.561   45.1774   10.8167   60.1664   46.5296   45.2769   30.0167   49.163   39.6232   13.0384   54.5894   36.7696   60.9262   31.9531   18.2483   8.544   17.2627   51.6236   48.9183   52.4786   20.6155   0   51.7679   53   75.9202   53.9487   56.0013   57.19   92.5786   57.9318   56.534   74.2119   57.1627   
20.1246   47.927   39.6232   74.2428   37.4433   29.7321   24.1868   28.0179   23.3452   48.7032   72.1803   21.095   51.9711   81.3204   7.61577   54.7449   24.5967   21.9545   66.0303   15.0333   47.5395   70.3847   33.121   45.2769   27   26.9258   79.2023   24   47.4131   51.9711   69.7209   21.6333   13.6015   63.6003   13.4536   39.5601   25   55.5428   81.8841   39.0512   24.3311   25.0799   81.9878   47.676   27.8029   75.8024   45.2769   53.8145   48.7032   48.3735   62.3939   25.2389   42.72   35.0143   40.3113   55   15.8114   53.6004   36.7151   0   40.3132   44.2947   76.5224   51.5842   41.3169   60.8946   80.9242   35.9317   36.6011   48.5753   
26.5707   63.0079   57   89.627   30.8707   27.2947   5.83095   45.3431   21.2603   29.4109   67.5352   18   42.638   75.8024   20.5183   39.3954   40.1995   26.9258   57.6281   33.9559   62.426   84.9058   36.0555   40.8534   26.9072   44   76.1577   24.7588   28.3019   37.1214   80.9938   5   31.1448   61.3514   19.2354   20.2485   43.909   61.2046   81.7435   45.8912   27.8029   44.3847   81.3204   59.9333   10.7703   73.1642   42.0595   71.5891   62.9682   29.4109   69.8713   21.2132   47.0956   45.31   21.0238   37.6563   27.6586   59.2115   39   19.3132   0   41.4131   86.8092   68.5771   60.6301   72.7419   91.649   55.2449   53.9832   29.0384   
45.2769   74.6324   47.4236   100.464   55.0727   50.3289   22.6716   53.8516   4   43.4166   91.7878   40.4969   67.0075   100.17   34.0147   61.6117   30.5287   46.5296   82.0061   33.8378   74.3303   97.0824   57.2713   64.846   4   36.0555   100.18   5   38.3275   59.8164   97.0155   20.5183   28.6007   85.0882   37.3363   35.4683   48.3735   81.4985   105.005   65.192   8.544   45.8039   104.752   74.9667   20.5913   97.0824   65.7951   78.032   75.6902   38.1182   89.0505   44.3847   67.897   62.0725   34.7851   57.7062   19.105   79.511   60.6383   27.2947   24.4131   0   103.586   77.3079   57.6611   56.1096   108.219   63.2264   39.5734   53.4515   
46.2385   20.2485   74.7329   26.4764   55.8659   50.8035   78.5493   38.833   84.8528   94.0479   57.5587   56.356   63.5138   65.0692   55.109   80.9197   73.3485   46.0977   66.1287   60.407   19.7231   19.4165   40   50.8035   88.3629   70.342   56.0357   85.3756   96.8969   77.9872   8.24621   77.4919   65.192   47.0744   53.7587   87.4643   47.5395   22.1359   48.2701   28.6007   85.0941   53.1601   50.01   14   83.5703   53   48.0104   35   17   98.6154   15.0333   55.2268   31.1448   27.5136   89.1852   87.6926   74.0068   22.8473   38.9487   61.5224   72.8011   88.8144   0   49.5345   67.9711   105.084   25   64.833   89.6323   93.3172   
33.8378   15.5242   39.3954   38.6005   54.5894   45.8912   60.1415   9.21954   58.5918   82.3772   75.8947   44.7772   68.0661   85.0941   34.0588   79.555   40.0125   35.4401   77.5242   29.1204   15.8114   36.2215   39   56.0357   60.5392   36.1248   78.721   57.7754   82.6196   76.4003   42.0595   57.9828   34.4819   64.846   37.2156   73.8173   14.3178   43.8292   75.452   33.2415   56.3028   19   76.5506   23.4307   64.3506   75.1532   54.1479   17.0294   18.3848   83.8689   44.5982   46.4866   39.5601   24.7386   75   83.2166   44.2719   42.72   41.1096   37.0135   54.5619   62.1691   35.3412   0   36.703   71.5127   57.9473   32.3178   55.4722   80.3506   
28.1603   34.0147   27.0185   58.2409   50.2195   41.2311   44.7772   13.1529   39.6611   69.0797   79.6116   36.0139   65   89.0449   21.2132   72.0069   21.3776   30.3645   77.2528   9.48683   34   55.7315   38.9487   55.1543   41.1461   18.7883   84.6463   38.4708   68   69   59.5399   42.19   14.8661   69.4046   27   60.0083   5.38516   53.8238   84.22   38.8973   36.7696   5   84.8646   38.3275   48.2597   81.0555   54.1295   34.9857   36.0555   68.9638   57.6975   39.2046   44.5982   31.4006   60.8358   73.6817   24.6982   52.2015   42.19   20.5913   39.8121   43.0465   51.9711   19.6469   0   56.7885   70.4495   23.3852   41.4722   66.5461   
62.2896   70.342   17.1172   90.05   81.5414   73.6003   59.2284   51.4782   41.0122   83.3847   115.434   65.192   96.0417   124.74   50.6063   96.7988   19.8494   64.4438   110.114   33.3017   70.6045   89.56   74.9533   89.0225   37.1214   20.2485   121.631   37   79.0253   94.3398   96.8401   56.2939   31.241   106.066   57.2014   74.6726   42.5441   92.6499   122.442   77.201   33   36.7696   122.919   76.6942   59.4138   118.106   88.7299   64.0078   73.0821   79   96.6023   69.3397   82.4621   70.1783   74.4312   95.0789   30.0832   90.9725   78.492   44.1022   57.5674   41.1096   89.8109   54.8179   38.9487   0   107.72   60.5441   46.8494   86.6058   
51.0784   22.4722   77.2528   23.0217   60.8276   55.8032   83.3847   42.2966   89.2693   99.0454   61.1882   61.2944   68.2422   68.3593   59.6657   85.7963   76.7919   50.9902   70.3847   64.1249   22.1359   16   45   55.6058   92.6553   73.5459   59.0339   89.6772   101.872   82.8794   4.12311   82.28   69.029   50.9608   58.5235   92.4392   50.8035   26.4008   50.4876   33.6006   89.2749   56.2939   52.345   18.2483   88.3912   56.1427   52.8015   35.3553   19.6469   103.586   18.2483   60.208   36.0694   32.311   94.1541   92.6337   78.0256   27.2947   43.9318   65.9242   77.6209   93.2148   5   37.9473   55.4437   92.72   0   68.2966   92.7661   98.1145   
25.1794   29.1548   31.8277   54.0833   47.3814   38.3275   45.8039   8   42.9418   69.3181   75.2928   34.2345   61.9839   84.7231   20.6155   70.2567   26.6833   27.2947   73.6817   14.0357   29.0689   51.1957   34.9285   51.5461   44.9444   24.1661   80   42.1545   68.7968   67.1863   54.3323   43.4166   19.2354   64.8999   25.4951   60.4152   4   48.6004   79.2086   33.9706   40.8044   8.60233   79.9062   32.9848   49.679   76.4003   50.3289   32.0156   31   69.8928   52.3259   37.0135   39.8246   26.2488   61.4003   72.5672   28.8617   47.0106   38.0132   21.9317   40.4969   46.5188   46.6905   15.6525   5.38516   44.2945   50.2494   0   45.0745   68.4782   
37.6431   55.1453   24.3311   79.3095   56.0357   48.2701   36.0139   34.0147   22.4722   61.2046   90.5097   39.6611   70.4911   99.7246   25.4558   71.8401   7   39.6989   84.6286   12   55.0818   76.9415   50.6063   63.7809   21.9317   11.7047   97.1854   19.8494   58.0517   69.2604   80.1561   33.0151   7.28011   81.5659   31.8904   52.0865   26.4764   70.7743   99.0202   54.5619   17.0294   22.4722   99.2975   58.4209   37.4833   93.723   63.6553   55.1543   57.0088   58.4637   76.243   43.8292   59.1692   48.7032   52.2398   70.859   6.32456   68.942   54.2033   18.6011   33.2415   24.8395   72.3395   40.7922   21.2132   25.5539   76.1052   26.0192   0   61.2709   
32.5576   70.7107   70.0071   97   27   27.5136   11.6619   55.2268   31.9061   18.0278   61.6847   21.4009   34.9285   69.0797   30.8707   27.4591   53.2353   32.0156   49.6488   46.5296   70.0071   91.6788   38.0789   37.054   37.4433   57.0088   71.0634   35.8469   19.4165   25.6125   85.4751   14.3178   44.0454   57.4282   27.2029   10   55.1543   62.6418   78.4092   49.1935   39.3573   56.3205   77.6466   65.8027   14.2127   68.4471   39   81.2712   70.0928   21.095   72.111   22.3607   48.7032   50.8035   11.6619   24.7386   40.6079   60.7289   40.1622   31.5753   13.0384   34.2053   77.5242   64.3506   51.5461   70.342   82.4924   51.4782   46.2709   0   
