15
30
999999 9 10 14 5 16 15 12 16 5 10 17 7 7 17 9 11 11 12 16 6 8 5 17 14 14 9 8 11 16 
0 3 4 10 4 11 12 9 7 3 6 9 6 3 9 5 10 5 2 6 3 5 4 15 8 5 2 1 7 11 
20
0   0   0   0   0   0   0   0   0   0   0   0   0   0   0   0   0   0   0   0   
-3   -2   3   3   -2   1   -1   2   0   3   0   0   -1   0   -1   -3   -1   4   5   2   
-4   10   -9   3   -6   4   -4   5   -7   10   -5   0   -5   9   -4   6   -9   8   -7   2   
-7   14   -12   12   -12   8   -7   5   -4   4   -12   8   -5   7   -2   5   -2   6   -9   11   
0   0   0   1   0   -1   0   0   0   1   1   1   -2   -2   -2   2   0   0   0   0   
-2   0   -4   11   -2   0   -13   8   -8   6   -7   5   -5   15   -10   13   -8   10   -5   6   
-7   0   -5   9   -6   0   -2   5   -2   5   -6   9   -12   10   -14   6   -9   0   -13   10   
-2   1   -3   11   -4   6   -1   0   -2   5   -8   8   -3   5   -7   5   -1   4   -3   2   
6   0   9   -5   15   -3   5   0   12   -7   6   0   8   -5   -1   -6   0   -2   -2   -5   
0   0   1   1   0   0   -2   1   1   1   0   0   0   0   -1   -1   -1   0   1   0   
-5   7   -10   5   -9   10   -5   5   -8   10   -7   6   -5   4   -8   5   -7   10   -6   4   
-13   9   -7   13   -8   13   -4   9   -11   12   -7   6   -7   11   -11   10   -4   13   -9   11   
3   -5   3   -6   1   -1   4   -4   2   -3   7   -3   1   -5   5   -4   5   -6   5   -5   
2   0   1   0   0   2   1   -1   2   -1   0   0   3   0   1   -1   5   0   2   2   
5   -4   4   -5   6   -5   1   -13   15   -8   10   -10   4   -5   14   -1   -3   -6   5   -9   
7   -2   6   -4   7   -8   0   -5   6   -5   2   0   8   1   4   -6   3   -6   2   -3   
-6   1   -2   -1   -1   4   -2   1   1   -1   -6   7   -4   1   -5   7   0   1   -4   3   
-11   4   -4   6   -5   1   -3   6   -3   4   -5   4   -2   3   -8   2   -6   1   -7   2   
1   2   -6   2   -4   10   1   3   6   -1   -2   -2   -8   6   1   4   -8   3   0   7   
-9   12   -4   -2   -1   2   -6   1   -7   6   -8   4   0   -2   1   6   -3   6   -5   9   
-4   5   -1   0   -5   1   -5   2   -3   0   -4   4   -3   5   -5   4   -4   6   -1   5   
-6   5   -3   6   -7   4   -6   4   -6   7   -4   3   -5   4   -5   3   -4   5   -6   6   
3   0   1   -1   2   -1   1   -1   0   0   0   -2   0   0   3   -1   1   0   0   -1   
-5   14   -5   5   -10   -3   -11   6   -10   6   -2   7   1   7   -6   4   -15   6   -9   0   
8   -10   8   -9   3   1   13   -2   12   -12   7   -8   10   -11   3   -4   8   -8   1   -2   
6   2   7   3   9   5   5   -2   0   0   5   -4   6   -2   0   3   9   0   4   1   
9   -6   1   -4   5   -9   6   -8   3   -6   -1   -2   5   -2   5   -3   0   -1   7   -4   
4   -4   1   -1   1   -3   1   -4   5   -4   3   -4   4   -1   5   -4   2   -7   4   -1   
-4   8   -8   4   -10   7   -6   8   -10   1   -6   8   -9   11   -8   6   -5   11   -8   10   
-5   11   -6   0   0   7   1   0   -2   0   4   5   0   5   8   -6   0   -5   -11   -5   
0   62.2067   36.083   49.1548   56.4005   52.2099   82.4222   74   81.482   57.0927   65.6688   34.6205   63.9418   54.8855   71.5447   35.8114   63.0454   40.0384   63.2353   72.9183   72.1536   64.8365   63.3456   69.618   67.93   74.8303   47.8403   62.0488   65.0833   70.0465   
43.1393   0   58.7063   83.3011   80.5619   95.3493   35.2837   117.139   121.484   27   47.0832   43.5862   100.212   71   103.301   63.3011   51.8469   66.3504   97.293   21.0711   33.3178   102.685   89.5122   69.5918   96.111   99.6513   71.7979   101.496   86.0703   27.4018   
12.083   40.7063   0   61.2378   40.4008   56.2491   75.4343   77.0079   91.6609   54.6431   65.0777   34.0294   65.2769   63   71.8859   47.8944   56.1361   25   63.643   61.2217   63.7029   76.9195   56.5753   59.541   79.5363   67.2443   49.8378   57.2753   77.1663   54.4833   
29.1548   68.0955   40.05   0   80.2451   65.0116   102.685   59.5666   58.5933   77.3401   71.6443   56.7852   57.5046   53.4005   35   36   88.0068   58.1995   33.3178   89.1666   95.3095   40.9249   74.3814   93.0347   53.6956   101.217   30.0416   71.6154   59.3363   87.5762   
36.4005   60.531   26.4008   57.2451   0   41.6043   90.6998   77.783   85.5355   74   90.7631   60.4301   57.4646   85.0211   86.6158   66.6624   60.8281   46.5967   73.978   81.6021   77.0983   88.8011   32.3848   44.0238   101.142   47.8473   71.4437   50.8328   101.484   80.1601   
38.2099   76.922   36.2491   43.0116   27.5136   0   109.625   57.3961   65.0713   90.8922   94.2247   70.2785   37   91.0575   66.0106   68.8539   74   61.2491   53   97.4708   96.89   78.6972   36.2079   67.4665   93.2928   60   73.0532   27.6056   102.348   87.6705   
63.1269   20.5913   59.0339   88.6848   74.6726   94.578   0   136.007   140.608   44.246   64.0109   62.8133   118.235   79.7765   123.685   83.8924   57.1856   74.9032   113.841   29.2127   27.6015   123.276   102.196   78.1445   114.082   108.204   92.3891   110.049   106.662   35.9545   
58   101.139   63.0079   40.5216   63.3482   36.2215   120.967   0   26.2462   115.046   109.344   92.6205   43.3961   92.1187   54.4591   73.7062   110.222   78.8547   51.2488   122.21   126.711   49.9559   67.3982   103.688   94.2172   96.2215   66.6236   63.0132   94.2365   117.491   
62.482   105.475   68.6003   41.5933   70.859   44.0454   125.607   8.24621   0   114.705   112.042   92.8974   49.0713   94.9938   46.1794   77.5933   118.045   87.1009   48.0179   126.546   130.403   49   70.1507   106.22   87.2681   97.6304   71.6349   71.2594   96.3127   122.209   
38.0132   8   37.6431   61.2944   60   73.736   27.8568   95.7758   99.7046   0   37.8254   49.4722   101.955   60   95.6298   64.3401   58.6611   62.6431   89.2344   29.0711   41.3178   94.6262   92.3848   71.4243   83.1249   100.498   63.7393   90.8947   80.0803   35.4018   
42.0476   30.0832   47.8539   54.6443   73.7631   80.2247   46.0109   93.9149   96.0417   22.8254   0   50.0483   104.97   46.095   89.6443   61.2491   81.4865   71.8197   86.0955   51.1543   61.2719   92.6069   104.429   94.2497   65.4866   111.462   61.72   104.096   56.8782   57.485   
15.6205   27.5862   17.0294   41.7852   42.72   51.923   47.8017   73.5935   77.8974   22.4722   31.0483   0   76.3095   57.2025   76.7852   42.1948   50.7696   42.0294   75.0392   48.6573   52.0119   80.457   67.2597   65.5533   76.1202   84.2737   56.5753   74.3047   70.1935   42.7924   
42.9418   85.2115   45.2769   36.1386   42.9535   16   104.235   20.3961   28.0713   80.7775   82.9699   58.3095   0   83.1158   47.9706   69.5184   90   68.8406   51.1868   106.283   108.98   63.3113   40.0799   77.6003   82.6222   72.3927   66.1802   38.2483   90.3485   99.7603   
34.8855   46   45   36.4005   71.0211   70.0357   64.7765   76.844   77.8781   38   21.095   32.2025   69.1158   0   71.4005   38.2036   82.972   67.6154   66.9902   67.0711   74.075   72.382   90.8915   95.4853   50.3059   109.716   41.4951   88.3485   44.2483   73.4018   
47.4342   87.983   56.8859   20   68.4471   47.0106   108.559   27.4591   25.1794   81.2712   73.8783   61.2699   33.9706   54.3783   0   56   103.945   70.5685   30.1529   109.054   113.282   31.7082   71.231   107.145   57.107   105.672   50.0416   72.2189   65.2195   104.062   
15.8114   48.3011   27.7849   20   51.6624   47.8539   68.884   57.7062   60.2163   41.3401   36.2491   23.1948   47.5184   22.2036   40   0   73.9644   47.8444   49.2025   69.3722   75.0833   59.3573   63.4665   77.2944   57.1321   90.6417   32.544   66.1957   51.6497   65.9872   
44.0454   35.8469   33.1361   73.0068   34.8281   60   43.1856   93.0376   99.5389   39.6611   60.8276   36.7696   73.4302   68.4763   89.9444   58.0517   0   47.3766   96.7791   50   46   108.882   67.2129   40.2483   111.975   69.7293   82.9739   77.3075   103.907   40   
13.0384   42.4853   2   40.1995   24.5967   34.4384   60.6053   61.8547   67.6018   39.5601   49.8197   19.0263   43.8406   46.6154   56.5685   28.8444   33.3766   0   65.643   63.2217   65.7029   77.8749   48.6142   50.6956   78.2383   69.2443   48.5398   55.4005   78.1217   56.4833   
36.2353   78.4092   44.643   14.3178   55.3173   35   98.813   26.2488   28.0179   72.2496   68.0955   51.0392   24.1868   50.5964   13.1529   32.2025   77.4661   44.1475   0   99.4803   103.051   33.8885   64.2666   90.0616   65.1221   94.624   44.3594   60.4187   65.0392   93.8316   
48.9183   7.07107   45.2217   74.7061   62.8172   81.1234   14.2127   106.794   111.396   15.0333   36.4005   33.6006   90.2718   53.0094   94.5145   55.0364   34.7131   46.8722   84.6286   0   34.0623   109.66   95.202   74.19   98.1582   104.219   78.7726   102.273   93.1413   32   
52.1536   14.3178   46.669   79.3095   61.0983   81.6088   13.6015   109.343   114.403   22.2036   44.2719   37.5766   91.9348   60.075   98.8433   60.0833   30   48.1041   88.3233   8.06226   0   116.83   91.9466   69.0937   102.006   95.0759   85.9429   101.928   100.388   35.2195   
48.8365   87.6584   59.1354   19.9249   72.8011   52.6972   108.24   33.9559   31   80.6226   71.4213   61.6847   40.3113   51.225   6.7082   39.3573   92.2659   59.0339   17.8885   94.3716   99.1615   0   73.4811   107.95   55.4966   110.006   49.9665   78.3073   59.2217   104.477   
36.3456   71.5122   31.5753   47.3814   18.3848   9.21954   88.193   45.3982   53.1507   69.1231   78.0577   48.2597   25.0799   70.214   54.231   48.4665   51.7397   29.6142   41.5933   75.1532   74.9466   59.4811   0   60.3954   94.0948   44.5296   64.3964   27.6023   94.1311   84.242   
45.618   52.1728   33.541   72.0347   21.0238   48.4665   61.4003   83.9345   91.2195   54.4243   73.2462   44.5533   63.6003   76.4853   86.1452   61.2944   18.2483   32.6956   73.0616   52.1536   48.0937   89.6772   39.3954   0   110.934   46.6228   81.2354   64.8539   110.701   58.2483   
49.93   72.111   61.9112   32.6956   85.0412   75.2928   91.0824   69.029   67.2681   64.1249   46.4866   54.1202   68.6222   26.3059   42.107   34.1321   90.7579   62.9682   45.1221   79.1581   86.0058   36.4966   78.6003   95.3834   0   123.13   47.6985   100.328   32.6301   96.9126   
58.8303   81.0062   49.2443   76.2168   22.8473   37   92.5743   71.4493   79.6304   81.4985   96.4624   65.4599   52.3927   93.6483   83.672   73.6003   49.7293   47.4236   71.1196   82.2192   79.0759   89.0056   29.5296   31.6228   106.104   0   93.926   57.132   123.661   89.7293   
21.8403   56.7979   33.8378   12.0416   55.4437   47.1699   77.3692   51.6236   53.3385   49.7393   42.72   31.5753   44.0114   25.4951   31.8904   8.544   65.4905   34.5398   25.4951   63.561   68.6222   30.8869   49.3964   67.2309   29.6985   76.4199   0   65.6952   46.8707   74.3677   
41.0488   78.7909   38.2753   46.6154   26.8328   3.60555   96.0417   38.0132   46.0109   75.8947   83.0963   54.3415   18.2483   73.3485   50.2494   51.1957   60.3075   36.4005   38.4187   82.7647   82.9277   56.0357   8.60233   47.8539   78.8923   34.2053   50.6952   0   97.5659   91.276   
48.0833   64.0703   59.5483   37.3363   84.2912   78   82.2982   76.2365   75.3127   56.0803   36.8782   49.1935   73.3485   18.2483   50.2195   32.6497   85.9069   60.8769   51.0392   71.0282   78.2304   45.2217   80.1311   92.4175   10.6301   106.212   30.8707   81.5414   0   91.0069   
43.0465   11.4018   37.4833   70.5762   53.1601   72.6705   21.9545   100.125   105.209   17.4929   40.3113   28.7924   82.7587   53.7587   89.9611   51.6624   25   38.9487   79.2591   10   9.21954   90.4765   66.242   42.19   79.1581   72.2496   60.1664   74.0945   72.0069   0   
