15
70
999999 6 17 7 15 7 10 8 15 16 14 10 13 12 9 6 17 14 8 10 16 10 10 11 6 12 16 14 6 15 17 11 7 12 9 10 17 15 16 10 15 7 7 17 5 11 8 13 5 9 11 14 13 10 12 7 6 12 9 8 12 13 6 11 10 13 5 8 11 14 
0 2 14 1 4 2 3 4 14 7 13 6 4 11 2 1 13 4 2 8 8 7 7 6 4 8 11 4 1 13 3 7 2 2 7 2 7 1 1 4 9 6 2 4 3 2 5 11 1 6 7 7 11 8 7 6 2 6 7 1 4 10 2 4 7 6 1 5 1 4 
20
0   0   0   0   0   0   0   0   0   0   0   0   0   0   0   0   0   0   0   0   
-5   3   -5   6   -4   4   -4   6   -4   5   -4   4   -4   4   -4   2   -3   4   -4   2   
-4   -6   5   -1   9   6   2   -4   -5   -4   3   0   3   7   9   1   3   -1   11   -9   
-4   5   -4   4   -5   3   -5   5   -5   1   -3   1   -7   4   -2   4   -3   6   -2   4   
1   -5   3   -7   2   1   10   -4   9   -9   4   0   -1   -8   8   0   4   -13   -2   -7   
3   0   0   -4   4   1   5   -3   0   -3   2   -3   1   -3   2   -2   0   1   2   -1   
-6   7   -2   7   -8   5   -3   9   -6   6   -9   7   -4   8   -6   7   -1   5   -3   8   
-2   6   -4   -1   -4   2   -2   3   -5   3   -2   4   0   6   -4   5   -5   5   -1   3   
4   -8   0   -5   13   -10   9   3   2   8   -5   5   7   -10   0   3   0   -1   5   -1   
5   0   3   3   -3   8   3   4   7   -2   -4   -4   -10   10   2   0   -4   11   -5   0   
3   -6   4   -5   9   -4   4   -3   1   0   3   0   2   5   6   0   5   0   4   -2   
-3   3   -4   4   0   3   -2   0   -3   7   0   4   0   2   -3   0   -3   7   -9   -1   
-3   1   -1   -2   -5   0   0   0   1   7   0   0   0   -1   -5   2   -2   3   -2   5   
-2   -4   4   -8   4   -4   5   -7   2   -7   2   -5   5   0   4   -12   5   0   10   -1   
6   -4   4   -4   6   -2   3   -3   6   -1   3   -6   4   -5   3   -6   3   -3   6   -8   
-3   5   0   3   -2   1   -3   0   -3   0   -3   2   0   4   -5   5   0   1   -1   2   
9   -14   12   -2   5   -3   1   -10   5   -7   14   -11   13   -9   11   -15   5   -4   9   -3   
-8   12   -9   12   0   2   -3   9   -8   6   -5   11   -7   8   0   10   -12   6   -8   11   
1   -2   0   -1   2   -3   0   -2   1   1   -3   0   -1   1   0   0   1   -2   0   -6   
2   -7   2   -6   5   -2   0   -10   6   -5   6   -3   6   -4   8   -4   7   -4   0   -4   
-14   14   -15   4   -8   3   -3   2   -8   10   -12   7   -8   13   -4   2   -4   10   -8   4   
4   -3   6   -4   7   -2   3   -5   1   -3   1   -3   10   -4   6   -5   1   -5   10   -10   
-5   4   -2   7   -7   5   -8   3   0   10   -4   0   -4   8   -10   3   -4   6   -6   0   
-2   1   0   2   -4   3   -3   6   0   5   -5   1   0   -3   -1   1   1   2   2   2   
2   0   1   -4   0   -2   1   0   -1   -1   0   -5   -1   0   5   0   0   1   -2   0   
4   0   0   -2   1   -2   1   4   -5   -4   1   -8   5   -4   9   -2   2   0   0   6   
-3   6   1   4   -6   2   -6   -7   -11   1   -7   6   -4   -8   1   10   -4   2   -8   14   
10   -5   9   -4   6   -11   14   -12   4   -11   14   -6   8   -12   13   -10   8   -10   5   -11   
-4   5   -2   6   1   1   -2   2   -3   3   -2   -3   -3   3   -2   2   -2   1   0   2   
4   -6   -7   -7   -2   -4   1   4   9   -5   0   0   -2   -6   -1   -4   5   8   4   -2   
-4   9   -9   9   -7   8   -6   13   -5   5   -8   4   -11   11   -3   13   -14   13   -4   10   
4   -2   0   -8   -1   -1   -1   1   1   0   -4   -3   2   -1   4   0   -1   -1   -2   -1   
-2   0   0   -3   -6   2   -2   3   -1   3   0   0   -1   5   0   3   -3   3   0   4   
-8   3   -6   6   -9   10   -10   10   -5   0   -12   7   0   7   -3   4   -4   6   -8   2   
7   -5   2   -2   -1   6   2   -6   3   -5   0   -1   -3   -5   0   -1   0   -1   0   1   
-1   3   5   2   0   3   -3   4   -3   2   -2   1   -4   1   0   1   -1   1   -3   -2   
-4   -2   0   4   4   -1   -7   -2   -5   9   -2   6   -1   2   5   1   -2   -3   0   -6   
7   3   -5   7   -4   1   -10   5   -5   5   -5   6   -5   6   -10   1   -2   15   -1   7   
-9   7   -5   5   -13   0   -9   1   -5   8   -15   5   0   12   -2   9   -6   6   -13   15   
0   0   0   0   1   -1   0   0   5   0   2   0   3   -4   5   -3   -2   -3   1   -6   
-7   14   -6   5   -5   9   -6   -2   -3   -1   -5   3   5   0   -6   -2   -5   10   -10   4   
0   1   0   2   -3   4   1   5   -2   -1   -4   3   1   1   -4   1   -4   3   0   6   
-2   2   1   0   1   4   -1   0   -5   0   -2   -1   -1   2   -1   0   0   7   -3   1   
-6   -1   -7   1   -5   9   -3   -7   0   1   4   -1   -6   9   -10   1   1   -1   -4   4   
-1   2   -3   0   -2   0   -1   3   -3   3   -2   2   0   3   -1   2   -2   2   -1   2   
0   -7   2   -4   2   -4   3   -6   -3   -3   3   -4   4   -4   2   -1   3   -4   7   -9   
1   -2   2   -1   1   -5   2   -1   4   0   3   -3   3   -2   0   2   3   0   2   -4   
-10   13   -6   8   -4   10   -8   8   -2   7   -7   8   -9   7   -13   13   -4   11   -6   1   
-2   2   -1   1   -3   2   -2   3   -1   1   -1   2   -2   0   -1   2   -1   2   -1   2   
-1   0   1   -4   4   -4   0   -3   0   2   -3   2   2   0   -3   -2   -1   2   -7   -3   
-11   3   -2   4   -2   3   -4   2   -6   1   0   2   -8   8   -7   3   -3   1   -4   2   
4   -7   8   0   2   -5   5   -3   0   -4   0   -1   8   0   2   6   2   4   1   0   
-2   -3   0   6   -1   -2   -6   0   -5   -2   5   -6   5   1   0   0   4   -1   4   -3   
0   -1   0   -3   4   1   3   -3   0   0   1   -2   2   0   -3   -2   1   -4   1   -5   
0   6   -4   -3   7   3   0   6   0   1   2   2   -6   1   -4   1   -3   0   0   1   
0   0   -3   0   -4   1   1   0   -3   3   -2   -1   -4   2   2   0   -3   -2   0   -1   
-4   4   -3   1   -6   5   -4   2   -5   4   -1   3   -3   4   -2   -1   -6   3   0   4   
3   -11   7   -1   8   1   8   -9   7   0   1   -12   4   -6   6   2   5   -7   1   -4   
-7   1   -7   9   -4   8   -3   3   -5   6   -7   9   -4   2   -6   0   -8   5   -7   7   
-2   -1   1   0   -1   0   0   -1   1   -2   -4   0   -3   2   4   2   -2   -1   0   0   
6   -4   2   -8   3   -8   4   -3   6   -10   4   -8   8   -4   8   -4   8   5   0   -1   
-5   0   1   4   3   5   0   2   -8   1   0   9   -4   -1   3   -1   -6   2   0   -9   
1   0   1   -3   2   0   3   -1   2   -2   5   0   3   -1   5   -1   4   -1   2   1   
3   0   0   -3   -3   -1   0   4   -4   2   4   0   0   -2   -1   -4   1   -2   0   0   
-3   4   -2   2   -6   2   -5   5   -6   0   0   0   1   3   -4   0   -4   8   -2   4   
2   5   -1   3   -4   3   0   0   6   0   -3   -1   -4   0   0   -5   -1   -2   -3   0   
-1   1   -2   1   -3   1   0   0   0   3   0   0   0   0   0   2   0   0   0   0   
-4   4   -8   8   -2   3   -5   0   -1   4   -4   3   -4   8   -5   3   -3   7   -4   7   
-2   2   0   -7   0   5   1   2   0   0   2   2   4   -2   -2   0   0   0   -1   3   
4   -4   8   -5   4   0   4   0   3   -6   4   -9   -6   0   0   0   -2   -4   -2   6   
0   58.7184   61.8013   61.5518   59.4367   45   49.0761   57.4187   79.3019   64.3834   27.2309   48.4642   65.2025   49.0143   57.3019   48.2025   54.4437   69.2593   70.0193   48.4642   59.1033   67.5899   71.1943   45.9615   40.5815   59.6545   54.6962   79.926   59.45   42.3607   51.5904   50.8366   51.7892   45.3019   48.305   43.0868   33.434   69.2332   54.6611   57.9318   69.8621   55.7185   66.2769   79.5754   85.7107   45.2053   62.8467   28.9789   61.7074   39.745   27.4853   55.6088   42.2354   61.3272   77.258   62.9381   25.8167   55.9177   47.9848   64.2292   62.5395   37.0263   51.9559   74.5698   69.0377   61.7151   48.3019   47.5466   53.0832   39.6815   
40.3609   0   101.237   81.7422   89.1188   45.2971   38.1494   21.7082   42.4617   70.9357   53.4504   24.2956   100.264   48.0156   37.4164   85.2214   66.3109   97.0578   75.9839   30.4018   67.0111   79.7319   83.4478   38.3593   43.9258   87.562   81.2873   118.783   97.8524   55.615   52.8782   47.9547   76.1882   34.4164   86.819   74.2061   46.1127   73.3836   72.2362   97.0279   82.6884   96.0794   93.2335   89.686   126.072   73.9187   35   51.7151   85.0071   64.9132   64.8365   71.4917   65.6383   89.497   33.0278   89.9727   58.4394   34.4391   54.6486   43   60.0977   47.4799   54.9952   111.441   79.9175   93.3288   30.2971   79.9406   34.0263   71.0088   
46.6154   85.7555   0   81.7513   42.1327   77.1119   91.6261   99.9926   121.56   73.4799   69.7809   92.3473   60.0963   83.6375   100.679   46.0161   63.3011   38.7697   72.3159   92.9009   95.2247   98.9431   67.3385   83.0864   83.1315   63.8994   47.9848   35.1246   36.4992   67.4879   78.6375   93.3866   53.2426   89.8144   32.5696   45.2843   70.9464   107.254   85.0507   27   100.575   23.0828   49.0868   112.059   48.2711   64.2966   109.462   71.5289   68.105   79.0109   61.6356   57.0623   58.4833   70.4296   118.783   72.0091   68.3667   91.6614   76.5862   108.582   86.1618   83.6417   77.3196   26.1803   105.533   33   90.6101   49   92.5506   63   
44.7214   67.7422   66.7308   0   93.425   81.0549   64.8582   85.1142   103.437   104.088   48.4819   75.3114   49.5416   92.885   74.736   52.0907   93.0631   99.5883   109.193   73.0827   37.3452   35.2483   110.173   81.3937   58.0488   37.0907   91.0779   87.7387   68.8779   82.6333   94.425   61.2534   89.3354   72.2804   72.479   77.3202   61.579   47.7019   36.1803   88.214   35   79.4654   96.1721   45.562   85.7536   44.0185   81.2353   50.9825   104.198   36.8403   61.8019   92.6042   81.7518   32.9234   97.9575   29.3178   51.7351   87.4493   92.7062   69.2353   107.261   61.0128   96.6772   92.9111   34.2483   74.4624   86.0968   85.0928   64.8365   54.3017   
41.4367   74.0405   24.0832   76.4003   0   62.7772   85.4768   84.6419   103.905   55.9555   66.6444   83.0355   74.3587   63.4065   92.8543   62.2041   43.5862   24.0623   55.5261   84.3621   97.8302   103.903   50.2746   67.6236   77.4502   72.7963   35   59.2078   50.7616   54.6427   62.4664   89.8673   40.4742   81.2038   46.8321   32.4391   71.8045   110.67   90.3323   37.1327   105.036   37.3452   30.1231   115.301   72.3543   63.4065   104.283   70.4156   46.025   77.8537   54   44.2938   46.6719   80.3817   106.141   83.897   67.2534   72.6003   60.638   103.006   72.4065   78.463   59.638   50.2635   106.277   43.632   79.8218   36.2315   92.0286   59.2666   
24   30.1496   60.1082   67.0522   44.7772   0   54.2441   39.7386   66.1774   46.6407   50.2131   40.7099   88.3863   33.53   54.632   72.2025   43.8534   66.7918   53.7093   45.7943   78.6053   86.3442   57.6005   31.0711   49.8277   78.0439   50.4199   95.2328   78.4988   31.7703   28.53   64.0494   45.3209   42.632   63.2017   50.8277   45.6155   83.3542   75.5063   70.2033   89.0302   73.9005   68.8467   97.1816   105.308   63.0106   65.1496   47.3847   63.7983   63.745   51.4853   52.947   43.6716   79.0692   63.1774   85.2681   49.8167   34.8924   31.3137   66.1522   44.6431   57.4006   31.0416   86.2886   85.8679   68.8015   41   56.5466   50.121   63.6815   
30.2655   23   76.243   45.1221   71.0282   36.0555   0   40.6871   58.1498   79.2941   41.953   29.1977   86.9757   57.8406   28.53   72.5527   72.2505   94.0227   86.3389   26.3693   43.0842   55.9892   88.8241   47.1448   35.544   72.6853   80.7647   106.281   85.3337   60.4535   64.5855   23.8489   76.3165   32.53   74.7725   68.1675   37.0227   60.3553   61.3657   88.1973   59.5533   84.2569   91.8847   65.5461   112.519   61.3282   38.2132   39.1246   88.3757   50.7646   51.3631   76.2409   69.4461   73.3787   52.2491   69.7731   43.2634   49.45   63.8017   30.2971   76.4031   32.083   62.8017   98.309   62.7732   85.3401   47   77.8121   28.1231   58.3401   
38.4187   6.7082   82.4197   70.1142   69.2892   24.7386   26.6833   0   46.5699   65.5246   56.8284   31.0038   102.178   47.2331   34.2094   85.1783   63.8305   91.5305   69.5788   34.3178   69.7676   82.6725   78.4138   35.8789   50.634   88.8011   75.1586   117.544   95.6598   52.4401   47.4138   50.5322   70.0596   40.5446   85.2013   70.2847   48.0651   80.0918   78.9444   92.6879   86.2367   93.8676   89.3494   92.2294   123.977   76.2036   41.7082   54   82.853   69.0822   64.4363   69.0113   61.0652   93.482   37.1359   94.3665   58   35.4324   52.1682   49.7082   54.3954   50.4006   52.5148   108.6   86.6257   90.8484   27.8167   77.0833   40.7345   77.717   
60.208   20.5913   104.202   87.3212   89.8999   45.1774   42.2019   21.9317   0   80.2887   74.0416   44.8869   120.855   57.2019   44.2655   105.813   78.4941   111.629   86.6251   50.993   85.2861   98.0244   92.6466   57.7119   64.5171   108.153   95.2568   137.585   116.552   74.3718   67.3348   66.0508   90.1577   55.0077   105.028   92.2164   66.704   87.3395   92.8275   114.62   100.187   114.858   109.533   106.2   144.863   94.51   51.4764   72.3064   96.2253   85.5044   85.4277   85.3626   82.9969   110.088   35.434   110.564   76.6825   55.0303   63.7293   60.3275   66.0096   68.0712   69.4773   130.382   97.0244   112.681   49.6497   92.686   54.6176   91.6   
44.1022   54.9181   58.1893   88.6848   35.3553   27.2947   63.2851   48.5077   64.4981   0   71.333   66.7416   99.7136   37.0868   78.0319   82.8211   28.3693   54.6079   24.0711   69.4026   100.718   109.925   34.1529   47.4924   74.3558   96.4131   49.4951   93.1857   83.9592   43.6454   33.3208   87.1316   45.5204   67.2075   73.1566   57.3655   60.2548   110.649   97.4953   67.7695   112.329   70.5428   58.2753   121.815   105.802   82.3355   85.3103   69.3173   46.4165   83.8472   64.6154   39.1172   51.8617   100.541   83.6432   102.44   69.9188   50.5922   31.4924   89.5263   40   73.909   30.4924   84.3697   113.14   78.9874   68.1096   49.1794   77.4157   76.1893   
12.2066   39.4462   54.1295   34.4819   52.6308   32.573   22.8254   39.5601   60.0333   55.6058   0   47.7415   64.8362   61.2208   50.1069   52.5576   62.5533   76.693   78.6815   46.6049   53.1863   58.8553   78.6011   51.1905   31.4222   53.4498   65.8395   86.2595   64.5296   51.6006   61.103   43.3408   61.8359   44.5797   60.5115   55.2933   31.1655   61.0595   45.2055   68.0377   60.7939   62.0521   73.2939   70.8802   94.3629   38.4165   59.6239   28.5765   73.914   29.6491   38.0312   60   48.3847   60.7131   72.4739   59.2215   25.4142   59.0164   57.9535   53.1225   73.4649   27.8167   59.8634   80.2845   62.0366   61.4166   51.4006   57.5933   40.2074   42.6011   
30.8058   10.2956   76.9415   58.2151   67.082   25.7099   14.8661   12.0416   30.8869   52.5547   29.1548   0   88.9686   45.0644   36.1623   75.8033   61.5296   90.5527   76.6166   27.3246   57.9503   70.8552   80.2884   41.7242   38.3044   76.2666   74.1808   108.123   87.1752   53.0571   54.2399   38.7149   69.0818   24.1623   76.614   70.5964   41.4009   68.0899   68.5977   88.7376   74.4194   85.1969   93.2466   80.4122   115.43   62.6233   43.025   40.4197   84.2707   54.6005   53.2046   69.0392   69.0031   80.355   43.3234   80.8905   44.8444   40.3848   52.8469   38.8254   61.4004   39.9249   56.2491   103.122   75.5155   88.4166   33.6619   75.345   37.7703   63.8615   
48.0833   85.235   40.3113   34.5254   58.5918   71.3863   66.6033   84.9706   105.816   83.6002   45.793   74.9466   0   97.0975   93.8733   42   88.1531   75.8547   99.7636   89.4301   69.7332   65.9545   99.6831   88.0405   74.6612   31.4222   80.427   62.2938   44.0416   80.1211   97.4203   78.1269   80.0635   86.906   53.9435   70.2183   70.8306   77.8905   56.3168   62.4993   65.7347   53.3857   74.7063   74.9057   60.2215   41.4197   104.817   64.5489   90.5506   56.3168   56.4525   81.082   73.9575   31.72   118.263   45.2237   62.85   96.2761   94.5008   96.9004   108.793   73.6097   95.499   55.4708   68.7736   48.2866   90.9297   76.439   86.0004   44.4109   
35.0143   32.0156   67.624   77.8845   49.4065   11.0454   43.8406   25.4951   42.2019   23.0868   43.4166   31.0644   82.0366   0   57.2638   81.307   36.3806   70.7075   45.3855   48.8387   86.2035   97.3896   50.7705   38.1687   57.0488   89.0893   54.0657   101.463   85.6767   33.7813   25.2213   67.6895   49.4187   47.1444   70.4241   53.6611   53.0005   93.7182   85.0071   75.5231   100.046   78.5543   67.2541   108.198   113.746   74.056   64.8303   58.4301   54.1734   73.0657   58.3038   43.2491   46.314   90.1146   62.0435   93.3135   60.8309   35.6015   21.6158   68.8984   37.5563   59.7345   34.2801   93.8043   96.8841   79.8469   34.4165   56.7131   54.3609   74.6958   
39   13.4164   85.6154   57.28   77.5242   37.108   12.53   19.2094   30.2655   63.9062   34.0588   11.4018   78.8733   42.0595   0   83.6246   72.9313   101.586   84.8378   31.0554   55.6142   68.5191   91.3247   50.6757   36.799   82.3364   85.5825   116.821   95.1561   64.4589   65.6379   36.3788   80.4835   31   84.2638   77.4152   48.1127   66.2568   64.3249   96.9318   72.0833   94.7185   97.6149   75.8276   124.711   70.0388   27.8489   48.241   92.7919   57.4969   63.893   80.441   72.9104   82   46.4442   80.2993   51.3126   47.8555   62.1699   37.0416   72.8022   40.3531   67.6509   109.452   72.7907   90.5844   43.7135   83.0422   26.8995   70.87   
32.2025   71.218   31.0161   35.7351   44.2041   54.8179   55   70.1783   91.6079   66.7533   32.5576   61.0737   17   65.307   66.6033   0   70.4518   67.0022   84.1295   75.8769   69.331   65.6236   84.0491   73.8557   62.2278   31   63.8539   54.6394   41   67.5402   82.2221   70.3223   66.2543   73.1444   39.5183   56.1199   54.4969   79.4842   58.0128   51.9422   69.1728   41.9422   68.0109   79.4631   61.6773   31.3178   91.414   50.6136   80.6795   48.239   41.2543   65.448   58.7592   42.8087   103.543   39.4131   47.6518   81.0779   79.3026   85.1144   93.5943   58.6236   80.3008   57.1965   69.9834   46.095   75.7315   62.0116   72.0145   29.2127   
32.6497   51.0392   48.3011   76.8505   27.5862   21.0238   55.1543   45.2769   64.195   12.3693   44.5533   46.5296   71.3442   22.3607   57.8705   54.4518   0   49.5301   31.4012   65.4361   91.4259   99.9125   40.6721   48.3178   65.2443   79.828   32.8877   82.4251   69.9203   38.0711   35.3704   79.0032   28.4742   63.0977   54.6232   39.712   52.2278   101.556   86.7791   55.6865   102.185   60.6716   46.2785   111.898   95.4114   66   81.4277   61.3016   37.3026   71.2228   49.0935   22.0711   30.4924   90.2319   82.4129   93.1933   58.1393   51.7898   31.7648   85.355   48.8473   69.676   35.2643   74.4815   101.687   60.7316   51.0139   30.3178   71.1448   65.8803   
49.2544   82.0061   23.7697   82.3772   8.06226   52.5547   79.0063   77.1622   97.5756   40.6079   60.208   75.1332   61.8547   56.6039   85.5862   48.7955   34.4093   0   56.5899   91.7919   104.954   110.623   52.3342   75.6859   85.5125   79.7955   37.4536   58.1096   53.4763   58.0864   68.6973   97.9296   37.4709   89.2661   46.3196   40.5013   77   115.372   96.973   38.1421   112.561   40.0599   24   122.648   72.0408   71.4687   110.037   78.2334   42.8473   81.4166   62.0623   52.3561   54.7341   88.4439   114.204   88.2086   75.0711   80.6626   65.0918   109.303   77.2268   86.2807   67.7003   49.9501   114.34   51.6943   82.7608   44.2938   100.091   67.3289   
49.0408   61.9839   57.2713   93.1933   33.5261   34.0147   69.8355   55.5788   71.3442   7.07107   60.8769   59.4643   85.703   30.1496   70.8378   69.1231   16.4012   37.5899   0   76.4736   107.789   116.314   20.7082   54.5635   81.4269   96.2292   46   92.3959   82   49.6586   40.1794   93.6844   44.8754   74.2786   71.0244   56.1132   67.3259   117.369   103.18   68.1283   117.479   70.8713   54.587   128.299   105.028   82.4012   92.3814   76.3883   33   87.624   65.4947   38.4723   46.8936   106.633   90.7142   108.536   74.5405   57.566   38.5635   96.5974   42.6155   80.9801   37.5635   83.4516   117.912   77.1329   64.5661   46.719   84.1357   82.2815   
31.3847   11.4018   77.8203   56.4358   68.7314   28.1603   12.3693   14.3178   31.7805   55.1543   28.6007   2.82843   74.3303   33.8378   9.05539   60.8769   48.8365   76.7919   62.0322   0   55.4536   68.3585   82.1025   37.8854   32.3044   76.1758   76.9255   109.688   88.5966   51.2156   54.2178   36.2182   71.9102   18.1623   79.0705   73.4249   44.2294   70.9183   64.0435   89.3165   71.9227   87.1033   93.4612   77.9154   117.095   64.0104   36.9042   42.8506   84.7422   51.3363   55.6611   70.1507   67.5533   77.8696   41.6586   78.7542   45.9686   38.2132   55.4536   41.6539   64.2289   34.7883   59.0776   104.001   73.1295   86.0955   34.4222   74.1479   32.2462   63.6905   
44.1022   51.4782   80.2247   23.3452   83.5703   60.6053   28.8617   55.5428   69.0652   86.267   31.9061   43.6807   55.5428   70.1783   39.0128   51.2445   75.9276   90.7579   92.0217   41.2311   0   31   110.088   74.8638   49.6518   58.4367   95.9666   105.884   90.6576   81.4891   89.1352   36.2354   91.6029   59.1096   82.7647   82.2715   59.0122   33.4403   35.4164   97.3941   34.2007   88.3594   104.396   39.8473   107.795   65.0132   59.0156   51.4006   105.81   49.5372   64.2866   91.4977   77.2851   54.9649   77.0156   51.3593   49.2866   74.4173   89.8596   47.0156   101.63   55.2062   91.4997   102.128   31.0384   83.2604   66.8015   88.4302   53.9848   62.4264   
52.3259   64.3817   82.2253   17.2627   89.0674   71.3442   41.5933   68.2495   82.0549   95.901   40.3609   56.2939   51.788   81.4125   52.0096   51.6236   84.8999   95.7079   101.237   53.9351   13   0   117.861   83.8849   58.8548   54.3534   104.746   103.996   85.091   87.9095   97.863   49.2354   100.812   71.3079   82.9574   87.7986   65.3782   34.4536   33.8924   98.7688   24.1623   90.9935   106.651   32.3137   102.011   54.4969   70.7214   54.6079   114.033   51   72.7732   99.9588   87.7899   49.1809   88.7214   45.5753   57.7732   86.4617   97.8872   58.7214   111.552   55.2492   100.224   105.475   21   90.0977   78.846   97.9541   62.7056   63.0977   
50.9313   67.4759   53.3385   94.2019   29.2746   38.6005   73.8241   61.2046   77.6466   13.1529   63.0317   64.2884   84.2021   36   75.6902   68.0074   18.868   32.311   6.7082   66.7608   94.6414   103.247   0   60.0689   82.0955   96.9816   37.095   86.5672   80.0362   46.8869   45.8973   97.673   38.1896   79.784   67.0991   51.8502   71.0958   120.165   103.828   61.1905   120.793   66.6198   47.0483   130.507   101.044   84.6803   97.8868   79.9103   30.4868   90.0907   67.9615   38.6011   49.3604   101.981   96.2196   105.22   76.748   63.1686   44.0689   102.103   49.3237   83.5733   43.0689   78.9531   119.969   71.4937   69.8818   41.0799   88.7215   81.9112   
25.9615   23.0868   65.9469   66.2873   51.6236   7.07107   31.1448   17.72   38.5876   33.2415   32.1403   19.3132   74.0405   12.8062   30.6757   57.9396   28   59.4643   40.1622   21.9317   57.4543   68.8767   45.1221   0   42.3019   79.8645   57.491   99.3249   81.586   34.72   35.601   54.9937   52.392   40.094   68.4023   56.8021   43.025   87.4031   76.9089   74.4649   85.5891   79.1507   74.2785   96.6909   109.841   65.3355   58.0868   51.2267   65.0106   61.7894   47.6155   50.0711   50.7426   83.1211   54.856   85.1859   48.0644   27.8102   34.422   58.1386   42.3196   53.6356   38.1127   90.3806   88.3181   74.0517   34.0623   55.4005   50.8029   63.643   
22.0227   27.2029   67.72   41.0488   63.1981   31.8277   8.544   29.0689   47.5395   58.4123   14.4222   17.2627   59.203   41.0488   19.799   46.8615   49.2443   71.1126   64.6375   15.8114   29.1548   40.8534   68.0955   28.3019   0   60.3801   73.9507   98.7745   76.9062   55.2156   60.3576   32.3929   68.8516   33.1421   68.2711   63.355   36.5602   52.5366   51.097   79.9545   57.6578   76.4743   85.3833   69.0021   104.233   49.2415   45.2062   27.6619   83.7302   35.5407   44.8617   71.3154   60.8121   62.0977   57.47   70.3666   37.7859   49.6574   58.1393   38.8411   70.6215   26.6056   62.8693   93.1626   60.1932   75.8388   42.0416   69.5693   28.8995   49.0151   
38.0526   72.45   45.618   22.0907   58.7963   62.0322   52.8015   72.8011   93.0215   78.1601   33.2415   62.1691   14.4222   73.0068   65.215   15   65.8027   63.7024   81.3449   61.2944   41.4367   39.0128   80.9568   63.6396   45.793   0   76.5873   69.6394   55.3645   73.5491   89.643   68.2526   75.9423   75.0339   51.3836   61.1774   59.1475   69.2195   47.1603   64.2682   57.0907   55.1545   76.4752   67.3262   69.4773   38.0333   89.8872   53.0001   93.001   43.8395   54.2653   77.7694   68.3356   25.831   102.953   33.434   49.8378   91.4499   86.0374   81.0692   100.592   59.5441   90.0084   68.9235   56.0125   50.0555   84.6422   77.0116   70.4707   42.2237   
37.6962   66.2873   32.9848   77.0779   10   36.4005   65.7647   61.131   81.1542   25.4951   49.6588   60.1332   63.5689   39.9625   71.007   47.8539   17.8045   16.6433   24.3311   62.0322   81.4125   88.2326   21.095   43.4166   58.4637   61.5873   0   67.8121   57.1857   41.7099   51.805   86.5688   28.099   76.0085   48.7336   31.9706   61.9995   106.679   89.4043   39.3516   106   47.3452   28.4536   117.272   81.2559   69.2665   97.8237   66.6751   39   77.4412   55.2826   26.8167   36.6815   87.215   98.267   87.214   63.5128   69.5943   49.5693   95.3057   55.4081   71.0446   53.0688   59.1652   106.051   46.1403   68.8184   34.2462   86.5215   62.8634   
63.2456   103.407   20.1246   72.111   43.4166   79.3977   91.236   100.658   122.577   78.1857   68.4471   94.0479   39.2938   87.4185   101.71   38.6394   68.4251   41.1096   76.922   94.578   89.8053   89.0056   72.5672   84.8646   82.7345   50.04   52.811   0   42.9737   86.0053   98.7621   108.962   72.5597   108.547   50.3574   63.8017   90.9443   115.437   93.2334   45.5912   103.09   41.5006   59.0804   113.412   34.1421   69.9572   126.092   89.253   80.5336   86.8783   73.3574   76.7414   74.2143   70.2268   136.237   78.0525   86.2911   110.093   96.7108   121.533   106.286   96.2637   97.4442   25.9443   106.052   47.9072   110.735   69.1246   108.654   67.852   
42.45   82.807   16.2788   52.1728   36.4005   61.4003   69.3542   80.6598   102.552   66.3702   46.5296   73.1095   24.0416   70.6824   80.1561   17   54.9181   38.4708   67   73.4098   68.1836   68.469   64.2806   66.0303   60.9016   30.3645   43.1856   22.1359   0   70.3104   86.137   83.2892   60.4373   84.5902   37.2971   49.0156   65.7751   96.2125   74.0089   43.2788   86.1728   37.1444   50.7696   95.61   48.3196   48.3178   104.768   65.2443   74.7315   63.0977   47.9706   63.2544   62.9323   55.7617   115.068   55.5601   64.6518   87.8173   83.7809   98.0952   93.3565   74.3462   84.1287   36.0294   86.377   32.0454   90.7519   56.1947   86.737   46.2127   
22.3607   40.6079   50.3289   67.082   34.0147   10.7703   43.0813   35.4401   55.9017   22.0227   33.6006   35.0571   66.1211   17.4929   46.2709   49.163   12.083   41.7852   27.6586   37.2156   64.3817   73.8783   30.8869   17.72   37.2156   58.5491   25.7099   70   53.3104   0   30.5242   66.6063   40.5572   52.0459   52.9667   36.2036   40.4307   89.7522   76.3494   64.9318   91.9378   69.8039   54.1635   101.936   96.6226   65.0259   69.0091   51.3396   46.5941   60.793   47.3059   34.1541   37.0384   83.6879   72.0135   85.2988   48.1773   43.5967   27.1655   72.5155   46.7544   57.805   33.1529   76.5093   91.3984   67.909   39.318   39.7883   60.8913   62.0422   
35.5106   36.8782   64.6375   79.3788   45.4533   12.53   47.5079   30.4138   47.0744   18.1108   44.9444   35.3553   81.3941   5   46.5188   64.4981   18.0278   52.4309   25.1794   38.0789   73.0068   83.863   31   16.4012   44.0454   73.1095   35.805   84.5991   68.7095   15.5242   0   71.3568   46.241   52.1444   68.4908   51.7278   50.0775   95.8841   86.0414   72.5002   100.875   75.6298   64.2289   109.712   109.713   74.2642   69.8303   57.8634   50.5851   74.2908   56.8797   40.032   43.4604   91.5992   67.0435   95.1071   60.3725   37.9282   18.8284   73.8984   31.4299   61.245   17.8284   89.7166   98.3979   78.7594   39.4165   48.3456   59.3609   75.1921   
34.3657   32.249   78.0897   37.6962   75.8024   44.6878   9.84886   36.4005   50.3587   71.6101   24.0832   24.6982   63.1269   53.1507   20.0998   53.6656   62.6498   83.6002   77.9359   22.1359   19.2354   32.1403   81.4923   40.3609   13.4164   48.8365   71.5681   91.4166   69.2892   50.6063   56.5685   0   82.2681   39.3607   77   71.6931   45.8568   48.5539   43.5707   91.1453   53.4361   86.1352   93.8705   59.0827   109.294   58.2036   44.4008   36   96.0731   48.9571   58.2781   84.0832   72.4679   68.5079   59.4166   67.014   45.02   59.2988   71.5557   38.2788   82.6805   35.5242   72.6505   101.257   50.2738   84.1096   52.1887   81.6765   30.9284   57.1096   
33.541   61.1882   35.4683   74.3303   14.2127   31.3209   61   56.0446   76.1577   22.8035   45.6508   55.0818   63.0635   35.2278   66   46.8188   13.4536   21.4709   23.0217   57.0088   77.5242   84.8116   21.1896   38.3275   53.8516   59.9416   5.09902   55.5428   44.0114   20.6155   31.241   67.0522   0   69.3308   44.2619   29.013   53.6358   101.748   85.0857   44.4506   100.705   48.9184   33.0278   110.86   83.0074   61.8431   89.6246   60.5203   33.8661   69.643   45.9013   26.3049   28.3178   79.1442   92.4854   82.3831   58.4919   58.9444   43.4253   90.416   55.4044   66.0443   42.4253   61.6486   99.6429   47.0606   59.9335   18.2426   80.4138   62.4005   
28.3019   13.4164   74.686   55.1453   65.6201   25.632   12.53   15   34   52.8015   26.0768   3.16228   71.8679   32.0156   12   58.1378   46.0977   73.6817   59.6154   3.16228   41.1096   53.6004   64.195   19.7231   14.1421   59.0339   59.0085   91.526   70.4344   34.3657   36.0555   22.3607   54   0   73.5742   64.0128   32.868   66.6788   62.3772   86.2337   71.0139   84.0205   84.4014   78.0761   113.407   59.5301   36.3776   40.8253   80.9598   49.6828   54.807   68.1688   66.0691   75.3175   44.8209   76.729   39.807   38.3437   53.6314   41.4722   62.0427   32.7631   53.8839   100.866   67.8516   86   30.7279   65.0882   31.6023   63.1573   
31.305   71.0282   15.5242   54.5894   23.8537   47.2017   60.7289   68.1175   90.0278   51.1566   38.6394   61.9112   34.9285   55.9464   70.2638   20.5183   39.6232   28.3196   52.0865   62.6498   65.7647   68.9493   49.8197   52.4023   52.2015   35.3836   28.8617   32.5576   15.2971   38.4708   53.7122   62.6498   29.0689   59.5399   0   31.7631   57.7063   90.1183   69.6562   38.8114   84.7583   33.7559   48.4951   95.0514   59.19   43.7484   94.1517   58.7462   56.7612   56.3715   48.4094   51.0815   42.4951   60.1096   104.056   59.9314   55.7843   80.2125   65.6363   90.9605   80.181   66.456   71.3388   41.7045   84.3559   28.6569   77.7887   43.0192   78.8468   37.3452   
23.0868   58.6003   28.2843   60.1082   18.4391   31.8277   53.0377   54.7083   76.2758   35.0143   34.2053   50.5964   48.8365   39.6611   60.4152   32.28   23.0868   26.1725   36.8782   51.923   65.3911   71.5612   35.8469   37.8021   45.0111   45.1774   16.9706   47.8017   32.0156   22.2036   37.1214   57.4282   14.7648   48.7647   16.7631   0   48.5375   90.4999   72.1004   45.8254   87.6889   41.0307   42.2036   97.7752   72.6468   47.3017   84.0928   51.8161   46.4109   56.5441   33.7883   37.4322   23.2195   65.2494   91.6281   70.535   48.9034   65.6124   48.541   83.3348   63.3542   60.1131   54.9498   54.4646   92.1245   35.9317   61.5216   33.0075   73.345   51.9072   
9.43398   31.1127   55.9464   46.5725   49.0102   20.6155   22.0227   29.6816   51.225   45.2548   12.1655   21.4009   55.5428   31.3209   29.7321   40.4969   35.2278   57   51.0882   21.9545   41.0122   51.0392   54.0833   20.025   14.5602   44.1475   43.9318   72.6705   51.7397   23.4307   33.1059   27.8568   39.2938   18.868   40.7063   31.1448   0   67.0969   55.295   67.3657   69.7762   65.0899   69   77.9277   94.9312   50.4109   55.2455   36.7703   68.7981   39.7386   36.9193   57.2989   44.318   69.7713   63.6131   67.0416   35.2506   44.3059   46.3847   52.3198   62.3446   34.53   50.9343   82.1267   66.614   67.0765   42.2485   49.6931   38.2132   45.4197   
54.2033   56.6127   90.4489   29.9666   93.984   69.3542   35.3553   61.4654   72.3395   95.5877   42.0595   50.0899   63.8905   78.4092   43.4166   61.0328   85.6037   101.193   101.533   47.4236   10.4403   14.1421   104.403   65.6049   37.5366   50.2195   91.6788   99.4082   78.0256   73.8783   81.5659   25.5539   87.7097   47.8853   76.1183   75.7694   50.448   0   45.8567   107.834   35.6159   98.7997   114.526   43.7673   115.72   68.639   60.0588   61.3401   115.911   59.9775   74.4166   101.938   87.7254   62.89   78.0588   59.2845   59.4166   84.8053   95.676   48.0588   107.924   60.2099   98.157   112.569   32.4536   93.7007   77.2418   98.6481   56.4823   71.7731   
39.0512   57.2189   69.0507   11.1803   75.1798   59.5063   34.3657   60.0083   76.4853   83.006   27.4591   48   42.1545   70.0071   46.3249   39.0128   71.7008   81.8596   88.0909   46.0435   13.4164   13.8924   89.8276   57.8705   31.1448   28.1603   74.4043   77.2334   56.0089   61.0328   72.0139   26.5707   71.0634   45.0111   55.3624   57.6888   38.9102   22.2036   0   87.1977   37.6205   79.4224   93.2509   46.2062   96.934   42.9258   70.9714   43.6985   99.8486   29.5563   59.8444   87.4591   74.8611   44.1037   83.9214   40.4982   44.8444   77.3699   85.2353   60.432   100.19   52.6142   87.3225   89.0274   34.8924   78.2158   69.9181   85.0523   57.499   59.311   
43.9318   81.3941   9   70.214   15.1327   54.2033   74.1485   77.5242   99.0202   49.7695   53.0377   73.1642   47.0106   60.8276   82.5651   35.2278   40.4969   15.2315   48.5077   74.3303   81.3941   84.7585   44.4072   60.4649   65.7647   50.2195   24.3516   28.4605   23.3238   43.9318   57.4891   77.1038   27.2947   71.1688   15.8114   22.8254   52.8867   91.7824   71.1688   0   100.57   32   39.2315   110.863   56.7376   59.5597   106.778   71.1492   53.1283   72.1829   53.1214   51.1682   46.045   74.0935   114.422   74.6409   69.7484   84.0074   70.72   104.446   77.1348   80.8544   69.72   34.6469   100.167   32.2127   81.7308   45.5373   91.0999   53.1566   
54.4885   67.3647   82.9699   17   90.5539   73.9256   44.5533   71.1969   85.0529   98.2344   42.638   59.2284   51.3517   84.0773   55.0091   52.1728   87.1149   97.0618   103.479   56.8859   16   3   105.361   71.5891   43.6578   39.0512   90   89.0898   68.884   76.2168   86.4523   35.1283   86.6833   56.5155   70.0071   73.2393   53.535   16.4012   15.6205   85.7963   0   93.9935   108.839   35.2956   102.754   57.4969   73.7214   57.6079   115.437   45.1448   75.0454   102.638   90.0621   49.9234   91.7214   46.3178   60.0454   89.4617   99.9197   61.7214   113.909   58.2492   102.501   102.843   24   89.1068   81.846   98.4621   62.6621   66.0977   
40.7185   80.1561   6.08276   61.4654   23.3452   55.2268   70.214   77.0065   98.8585   55.5428   48.0521   71.1969   37.0135   63.2456   79.7057   25.9422   44.9444   25.0599   55.3263   72.0069   74.3303   76.6551   52   60.8276   61.6847   40.8167   31.0644   24.2074   13.4164   45.8039   60.5392   72.0069   32.7567   68.884   9.48683   23.6008   50.0899   84.5931   63.3482   10   77.4919   0   47.4094   104.299   54.3538   53.2352   103.565   68.233   61.1045   65.8584   54.8938   57.8811   46.8204   61.6476   113.184   64.2494   65.2712   88.6379   72.1419   100.447   86.4726   75.8687   75.182   32.2631   93.8427   30.099   85.1219   50.9993   87.5762   46.8321   
45.2769   78.1601   23.0868   79.0569   4.12311   48.8467   75.0067   73.3894   93.9415   38.2753   56.2939   71.1969   59.6825   53.2541   81.6149   46.0109   31.241   4   35.8469   72.8354   86.977   92.1303   31.0483   55.7136   67.1193   60.8112   13.4536   41.5933   36.7696   38.0789   49.2037   79.6304   18.0278   69.7209   25.4951   22.2036   53   97.4064   78.2624   14.1421   93.5361   23.4094   0   117.832   70.8797   67.5296   106.098   74.0197   44.587   78.7477   55.9919   40.2703   45.4231   84.5048   110.092   85.424   71.0936   76.7234   61.4004   104.092   68.8617   82.3032   60.4004   48.789   109.851   46.3548   77.3968   36.2704   88.0608   62.8403   
64.3506   73.7564   93.0054   26.4764   100.846   82.9277   51.5461   78.1601   90.1998   107.815   52.345   66.4078   60.0083   92.7847   60.8276   62.0967   96.8969   107.355   113.217   63.8905   22.8473   12.0416   115.278   80.1311   51.8845   48.5077   100.21   98.4124   78.6448   85.7963   95.4149   41.7612   96.8297   63.9062   80.2309   83.4865   62.8013   18.0278   25.807   96.0052   10.2956   87.5957   103.832   0   112.13   66.5385   78.0078   66.6495   125.656   55.3633   81   112   98.7754   59.3998   96.0865   55.7942   68.7587   97.2646   109.186   66.0865   122.451   67.2908   109.868   113.139   31.3137   98.5632   89.6488   108.758   69.6597   75.1393   
70.7107   111.036   32.7567   70.7107   56.7186   89.3085   96.5194   108.977   130.863   90.802   73.8173   101.237   36.2215   98.1122   107.801   41.6773   80.4114   55.0091   90.0278   101.415   90.802   87.9659   85.9884   94.2019   88.2326   49.4773   65.7343   14.1421   28.3196   80.6226   95.7131   95.2943   68.0074   98.4937   42.19   58.5918   79.9312   99.6895   77.6209   41.5933   87.5728   35.4683   55.2268   96.1301   0   72.9952   132.419   91.6187   90.6551   87.1126   76.2902   88.8922   81.8114   67.9416   143.074   76.4358   88.6568   116.137   107.133   126.119   118.383   99.6286   109.022   36.0907   104.959   54.7151   116.737   81.7567   113.02   70.2178   
23.0217   58.8303   42.2966   27.0185   49.4065   47.0106   41.1096   58.6003   79.404   64.2573   19.4165   48.5489   26.4197   58   53.0377   14.3178   52   55.5698   67.9779   48.0104   38.0132   40.4969   68.2642   48.6621   33.2415   15.0333   50.2494   52.6308   30.5941   43.9318   58.2151   39.3573   47.8017   45.4863   28.4605   33.3017   29.4109   48.1664   26.9258   44.2719   41.6293   36.4966   52.1536   51.8941   55.9464   0   78.4477   40.2036   79.3778   31.5242   36.4447   64.9898   50.7771   40.8642   89.669   40.1896   42.8422   72.5428   69.4437   71.4067   85.5612   47.2331   74.4358   62.2652   57.4367   45.4006   70.8171   61.6053   59.6239   24.4031   
48.8467   17   95.462   64.0781   86.977   45.2769   21.2132   23.7065   26.4764   71.3092   43.6005   20.025   87.7838   48.7032   9.84886   76.0592   66.2722   95.0368   78.339   18.2483   43.7379   56.5685   83.5464   38.4708   29.2062   73.8783   80.1561   111.508   89.8888   55.0091   53.4509   26.4008   75.1066   21.3776   80.1124   70.0928   39.5601   46.0435   52.9245   92.3472   59.5399   89.5545   91.0824   64.0078   117.414   62.2896   0   56.8647   101.45   64.7468   72.5763   87.6085   81.755   91.3039   45   90.1482   58.8292   51.4391   70.319   35   77.0977   48.8024   71.112   119.202   74.7763   100.433   46.4138   86.4657   36.7484   78.2013   
13   36.7151   56.5155   35.9026   54.1295   31.3847   20.1246   37   57.3062   55.3173   2.82843   26.4197   48.5489   42.0595   31.241   35.3836   44.5982   61.8142   60.8112   25.807   31.4006   40.6079   63.2535   30.4138   11.6619   35.8469   50.6952   71.1126   49.2443   33.3017   43.8634   22   46.5188   23.3238   41   35.6931   10.7703   41.3401   28.178   55.1453   43.0116   50.448   57.8705   52.4976   76.6094   22.2036   40.8044   0   74.5392   32.4775   39.0278   62.8284   51.2131   54.108   67.4656   55.4708   28.1623   55.0762   57.155   50.4217   72.7334   28.0623   61.6919   82.6958   61.6079   64.245   53.0188   60.4217   38.4009   41.4009   
47.7074   70.0071   44.1022   89.1964   20.025   40.05   73.3757   64.1249   82.2253   19.4165   59.9083   65.4905   76.5506   40.025   76.7919   60.8358   19.0263   22.8473   15   67.7422   91.8096   99.4887   9.48683   47.0106   66.8506   74.4312   13   63.1506   55.7315   30.5941   35.171   80.2309   14.8661   64.9384   41.7612   29.4109   52.3927   101.872   85.7963   35.1283   101.415   43.1045   21.587   111.521   76.6551   62.6259   85.2877   60.5392   0   84.5091   60.7673   38.2315   43.1839   94.0103   100.781   97.2492   73.3579   67.2398   50.7911   103.11   55.4093   80.9104   49.9089   69.7752   114.265   59.1403   69.9121   33.1087   90.171   75.2228   
23.6008   48.7032   57.0088   21.8403   60.4152   45.2217   28.0179   50.01   69.0797   67.6757   12.6491   38.6005   38.8973   56.0446   40.4969   29.7321   56.2228   67.4166   72.6223   37.3363   23.5372   29.2062   74.2765   44.5533   21.5407   24.8395   59.0762   68.1542   46.0977   45.793   57.5847   24.4131   55.6058   35.4401   42.2966   42.5441   24.7386   33.9559   15.5563   57.8705   31.1448   51.0392   63.6946   41.2311   71.1126   15.5242   49.0408   14.1421   70.2922   0   47.8537   70.8659   58.7732   44.9038   78.9949   41.2982   38.0633   68.6274   70.6026   55.4599   86.0638   36.6815   72.4624   77.7894   50.2062   60.9248   61.0116   70.2424   50.4402   39.0263   
8.48528   48.8365   38.8973   42.8019   37   30.5941   37.3631   46.8615   68.6804   46.6154   16.0312   39.2046   40.7922   41.3038   46.9574   24.3516   34.4384   44.3847   50.6063   39.6611   46.6154   53.0094   51.4004   33.6155   28.8617   32.249   35.2278   54.9181   33.9706   26.3059   41   40.0125   31.8904   36.6197   23.4094   18.7883   17.8045   57.0088   39.2046   37.1214   54.8179   32.8938   40.5216   65   62.2254   17.72   56.7979   18.0278   46.6905   23.8537   0   53.8137   39.6011   54.3932   81.3197   57.3546   34.3019   61.4257   53.4714   67.6601   69.6527   41.4951   56.0512   65.0776   72.8238   52.0663   56.6197   47.6586   56.0177   30.0416   
32.8024   56.4358   41.6293   75.6042   20.5183   26.3059   58.2409   50.9902   70.5762   17.1172   45   51.0392   67.082   29.1548   62.2013   50.448   7.07107   27.4591   18.6815   53.1507   76.844   84.9588   18.6011   33.3766   51.6236   62.7694   10.8167   61.7414   49.2544   16   25   65   6.40312   50.2494   34.0588   18.2483   37.1618   86.8217   71.4213   33.6155   87   38.6005   24.2074   97   74   49.7393   71.007   45.4863   15.2315   55.8659   32.8024   0   34.7209   83.4977   88.0135   88.7833   58.6191   55.6583   35.6333   86.1803   52.5296   65.6588   42.3354   67.8097   101.84   52.4708   55.318   24.6458   75.375   62.844   
19.2354   50.3289   37.4833   61.4003   24.1868   22.6716   47.2652   46.0652   67.4166   28.8617   31.3847   42.9535   55.0818   30.5287   53.3385   38.1182   16.4924   32.249   32.2025   44.5533   63.2851   70.9366   32.8024   28.8444   39.8121   49.3356   18.6815   57.0088   40.4969   13.0384   28.2312   52.8867   14.3178   41.4367   25.4951   9.21954   25.318   73.4302   57.3149   31.6228   72.9178   32.8024   28.2843   82.9759   67.6018   35.7771   62.8013   32.2025   28.6007   41.7732   18.6011   14.2127   0   71.8516   83.0368   73.8595   44.0167   56.6352   38.6982   77.5623   53.3363   54.3631   40.632   63.6637   88.2731   45.1513   50.3412   32.5605   63.5312   48.6427   
41.1096   73.1642   51.4296   17.0294   64.3817   65.0692   52.4786   74.0405   93.6216   82.5409   34.7131   62.9682   17.72   76.1052   65   20.8087   70.2282   69.4262   86.0058   61.8466   38.0132   34.2345   85.8836   66.1211   46.0977   5.83095   66.8506   55.2268   36.0555   62.3699   76.531   47.5079   65   59.808   41.1096   50.2494   46.2709   46.1736   24.5967   56.0357   34.0147   46.6476   66.4831   43.1856   53.7587   18.4391   73.2393   37.108   79.6116   24.5967   36.1386   67.5426   53.8516   0   103.505   28.6056   55.6688   89.7142   87.8828   80.0566   103.649   61.2783   92.1899   72.0849   51.2278   55.8865   82.0984   76.9016   74.9205   42.8422   
58.258   18.0278   103.774   80.9568   91.4166   46.8402   36.2491   22.1359   9.43398   69   56.2228   27.5862   101.833   46.0435   23.7697   88.5268   67.082   99.2975   76.0066   27.6586   61.5224   74.4312   82.0244   39.8497   42.72   88.5099   83.2406   121.4   100.658   57.5674   51.0392   43.4166   78.1601   30.4138   89.0505   76.4788   48.9183   64.0312   69.9214   99.2975   77.4145   98.1835   95.5196   82.0061   128.818   75.6042   18   53.4135   85.7088   64.0078   66.7083   73.0068   68.0294   88.5889   0   104.069   70.2208   47.541   67.6592   49   75.4436   62.0435   68.8676   129.469   88.3303   111.357   48.3248   90.2168   50.6692   88.3303   
43.4166   74   55.0091   14.3178   67.897   67.2681   52.7731   75.1864   94.3398   85.44   36.2215   63.8905   20.2237   78.3135   65.2993   24.4131   73.1642   73   89.0505   62.6259   36.3593   31.5753   89.0674   68.0074   46.8188   9.43398   70.214   58.4209   39.5601   65   78.9177   47.2017   68.2642   60.7289   44.6878   53.535   48.0416   44.0114   23.0217   59.6406   31.1448   50.2494   70.0357   40.05   56.4358   21.1896   73.2462   38.4708   82.9277   25.2982   38.8973   70.6612   56.8595   3.60555   89   0   55.1214   92.3475   90.6333   80.7581   105.956   61.9798   94.2787   75.5895   48.5661   59.4895   85.704   80.5071   75.7183   45.5927   
10.8167   39.1152   53.3667   35.7351   51.4198   31.3209   23.2594   39   59.6825   54.2033   1.41421   28.8444   46.1411   42.2019   34.2053   32.5269   43.1393   59.0339   59.4643   28.4253   33.2866   41.7732   61.6198   31.0644   14.7648   33.8378   48.3322   67.9779   46.1411   32.2025   43.6578   25.02   44.2945   25.807   37.855   32.9848   11.0454   43.4166   28.8444   52.0865   44.0454   47.2969   55.109   53.7587   73.6003   19.7231   43.8292   3.16228   58.5235   13.9284   15   43.6005   30.0167   35.5106   56.0803   37.1214   0   55.3513   55.6293   53.5565   73.0803   29.2309   61.2776   77.588   62.7732   58.72   52.8149   55.2492   41.5632   44.0153   
33.2415   18.4391   73.6614   71.4493   58.6003   13.8924   32.45   12.0416   31.305   36.4966   38.0526   18.3848   81.2712   13.6015   28.8444   65.3911   33.541   66.3099   43.566   21.2132   60.4152   72.45   49.163   7.81025   31.6228   70.406   49.98   92.6553   73.8173   24.5967   18.4391   42.19   44.9444   20   60.208   45.4533   26.3059   67.7422   62.3699   68.0074   75.2728   68.593   62.6498   83.2586   102.005   55.5428   35.1141   36   52.2398   50.04   41.1461   39.5601   36.4005   72.5603   33.541   74.2428   37.1214   0   35.2172   55.8044   45.3019   52.7567   36.2675   98.1909   87.8516   81.385   30.6158   63.1871   51.6023   68.8652   
32.9848   38.3275   61.0328   77.2528   42.0119   11.3137   47.2017   32.0624   49.7293   16.7631   42.9535   35.8469   78.2304   7.61577   47.1699   61.2944   14.7648   49.0918   23.7697   38.4838   71.8401   82.3772   29.1548   16.5529   43.1393   70.2567   32.45   80.9938   65.192   12.1655   3.60555   55.9732   27.8029   36.2353   50.1597   33.541   31.3847   80.6598   70.2353   53.9073   84.9058   56.9386   45.8039   94.0479   92.1303   55.4437   54.5711   42.0595   32.5576   55.5428   38.0526   21.6333   24.6982   73.8241   53.2353   76.2955   41.6293   20.025   0   74.6723   34.5602   64.8506   21.434   86.111   97.1816   69.4727   42.0323   45.0826   60.1022   68.0942   
45.5412   25   91.4822   53.2353   86.0058   48.1041   15.2971   31.1448   38.3275   75.2396   37.6962   22.8254   79.3095   53.8516   12.0416   69.1158   68.4105   94.0213   82.0792   20.1246   32.0156   44.7214   86.6487   42.0476   23.7697   65.0692   80.3057   106.104   84.0952   56.5155   58.1808   16.2788   75.4255   22.4722   75.9605   68.1836   37.054   34.0588   42.0595   89.4427   47.676   85.44   90.0222   52.0096   110.788   54.9181   12   35.1141   87.0976   40.4599   52.6308   72.1803   62.0322   63.7809   30   63.4114   38.2753   40.8044   58.6003   0   84.2259   42.2029   75.0339   113.606   61.5533   96.9953   50.4819   86.7472   38.9411   70.9017   
47.5395   46.0977   71.1126   91.7606   49.4065   25.0599   59.397   39.3954   52.0096   15   57.3847   46.4004   92.0217   15.5563   57.1402   75.0267   22.8473   55.2268   20.6155   49.2037   85.4459   96.3846   27.313   28.3196   56.4004   84.5931   39.4081   91.236   77.3692   26.0768   12.53   68.6804   35.8469   47.5079   62.0967   45.3542   45.618   93.8616   84.5281   63.1348   98.9798   67.7791   52.6308   107.912   103.247   69.8713   63.0714   56.3649   34.4093   70.0071   52.345   29.5296   37.3363   88.2836   57.7062   90.802   56.0803   28.3019   14.5602   69.0652   0   71.3028   29.6015   97.2929   110.928   81.2859   49.9728   53.1651   69.9172   82.3866   
19.0263   30.0832   64.2884   39.0128   60.407   31.4006   12.083   31.4006   50.5668   57.3847   10.8167   19.9249   55.8032   41.1825   23.3452   43.2782   47.7074   68.2642   63.4114   18.7883   29.2062   40.2492   66.5733   28.6356   3.60555   42.5441   56.0446   79.1581   57.3062   35.805   43.8292   15.5242   51.5461   16.7631   48.7647   42.107   12.53   38.2099   29.6142   62.514   42.9535   58.2409   64.2806   51.6236   84.6286   29.7321   32.8024   8.06226   64.8845   18.6815   25.4951   49.6588   37.3631   43.0813   46.0435   43.9659   11.1803   32.7567   42.638   27.2029   56.3028   0   61.6576   87.5584   59.7063   69.9004   45.6472   62.2231   32.505   43.4109   
33.9559   38.4708   61.8547   78.1857   42.638   12.0416   47.8017   32.1403   49.4773   16.4924   43.8634   36.2491   79.2275   7.28011   47.5395   62.2896   15.2643   49.6488   23.5372   38.9102   72.6223   83.2166   29.0689   17   43.8634   71.2531   33.0151   81.8352   66.1287   13.1529   2.82843   56.6392   28.4253   36.7151   51.0784   34.4384   32.249   81.3941   71.1196   54.6717   85.7555   57.8014   46.4004   94.8683   93.0215   56.4358   54.8179   42.9418   32.7567   56.4624   39.0512   22.2036   25.632   74.8131   53.1507   77.2787   42.5441   20.0998   1   59.0339   13.6015   43.4166   0   87.111   97.7616   70.3701   39.6982   44.3196   61.1022   68.0882   
55.5698   95.4411   11.1803   69.0507   34.7131   70.7672   84.309   92.4554   114.337   69.2892   61.6847   86.2844   38.4708   78.6003   94.3663   34.0147   59.4811   33.0151   68.1542   86.954   85.0941   85.4751   63.9531   76.3806   75.7694   47.0744   43.9659   8.94427   17.0294   61.2209   75.7166   85.1645   46.6154   83.863   24.4131   39.0512   65   95.0053   73.0274   19.6469   85.8429   15.5563   33.1361   95.5249   22.0907   47.2652   104.202   64.2573   54.5894   62.6498   47.4131   52.8015   48.2701   52.6308   113.464   56.0446   61.0983   84.1487   72.111   99.368   82.2922   72.2357   72.9452   0   103.087   44.1803   98.6113   60.1803   101.892   61.7583   
53.0377   64.4981   83.1986   18.2483   89.9444   71.8679   41.7732   68.4471   82.0244   96.5401   41.0366   56.5155   52.7731   81.8841   52.0384   52.6118   85.5862   96.6075   101.912   54.1295   13.0384   1   103.966   69.3181   41.2311   40.0125   89.0505   90.0056   69.4622   74.5185   84.3801   32.249   85.6037   53.8516   69.8928   72.4017   51.614   13.4536   14.7648   85.703   3.16228   77.6209   93.0215   11.3137   88.955   41.4367   56.4358   41.2311   100.265   30   53.8238   85.703   71.7008   35.2278   74.3303   32.5576   42.45   72.8011   82.9277   44.5533   96.8969   40.7063   83.7616   86.4696   0   86.8373   79.8399   97.6992   63.1774   64.0977   
36.7151   76.6094   11   56.4624   25.632   52.8015   65.7875   73.7564   95.6713   55.5788   43.4166   67.4166   33.2866   61.4003   75.5844   21.095   44.3847   28.6007   56.0089   68.0955   69.2604   71.5681   53.2353   58.0517   57.2451   36.0555   32.1403   26.9072   11.0454   43.909   59.0339   67.2681   33.0606   65   5.65685   21.9317   46.1411   79.511   58.2495   14.2127   72.4224   5.09902   26.4197   82.5409   36.7151   31.4006   85.4283   45.8803   44.7214   46.0109   28.6356   38.4708   30.8869   41.8808   94.6256   45.4863   42.72   65.8559   55.4617   80.9568   67.0522   53.7587   56.3649   18.868   72.5328   0   81.2281   48.6761   83.624   43.0021   
28.3019   15.2971   71.6101   64.195   58.8218   15   25   10.8167   32.6497   41.1096   31.4006   11.6619   75.7694   19.4165   22.8473   60.4152   36.0139   66.7608   48.0833   14.4222   52.8015   64.846   53.1507   8.06226   24.0416   64.2884   50.9902   89.9389   70.1783   25.318   23.7065   34.6699   45.8912   12.7279   57.3847   43.909   20.2485   60.208   54.9181   66.7308   67.6757   66.2193   62.9365   75.6439   98.4937   49.6488   30.4138   29.1548   55.0364   43.0116   36.6197   41.1947   35.3412   66.0984   32.6956   67.6018   30.5941   7.61577   24.3516   34.4819   34.8281   25.318   24.6982   81.6884   65.192   63.0317   0   57.6807   42.2603   65.6681   
29.5466   58.9406   34   70.0928   15.2315   29.5466   57.5587   54.0833   74.686   25.1794   41.5933   52.345   59.439   34.7131   63.0714   43.0116   14.3178   23.0868   26.3059   54.1479   73.4302   80.604   25.0799   36.4005   50.2195   55.9017   8.24621   54.1202   41.1947   18.7883   31.1448   63.3246   4.24264   51.0882   26.0192   10.7703   35.6931   83.6481   66.8431   26.4008   82.4621   30.6757   19.3132   92.6175   66.1287   43.6005   72.3395   42.5441   19.105   51.4004   27.6586   8.06226   10.4403   60.9016   76.2168   64.1405   40.2492   43.382   27.5862   72.1734   37.1618   47.8017   28.3196   45.1774   81.4002   30.4138   43.6807   0   71.1427   57.7002   
30.0832   19.0263   76.5506   48.8365   70.0286   33.121   4.12311   22.561   38.6005   60.4152   24.2074   10.7703   69.029   40.3609   9.89949   56.7274   52.811   78.0577   67.082   8.24621   32.9848   45.7056   71.3092   27.8029   9.89949   55.4707   64.2806   92.1792   70.4911   40.8044   44.2041   13.9284   59.4138   8.60233   61.0983   52.345   21.2132   39.3573   38.2099   73.9797   48.6621   70.5762   74.0608   55.6597   98.0051   43.1393   19.4165   21.4009   71.3092   30.8869   37.6962   56.2939   46.0109   55.4707   33.121   55.9464   24.4131   28.6007   44.1022   16.0312   55.9017   13.4536   44.6542   85   45.8912   66.3099   21.2603   56.1427   0   56.8645   
18.6815   57.0088   38   33.3017   43.2666   42.2966   41.3401   56.0803   77.4209   58.1893   18.6011   46.8615   29.4109   53.1507   52.6308   14.2127   45.8803   49.6488   61.7414   46.6905   42.4264   46.0977   61.9112   44.643   33.0151   20.2237   43.8634   50.3289   28.2312   38.3275   53.0094   41.1096   41.4005   43.9318   23.3452   26.9072   26.4197   52.7731   32.311   39.0512   47.4131   32.0156   46.1411   57.7062   55.2178   6.40312   62.2013   21.4009   56.2228   19.0263   12.0416   43.4166   29.5466   24.3516   74.3303   27.313   18.4391   51.8652   50.0899   55.9017   64.3817   29.4109   51.0882   44.1475   47.0106   27   46.5188   37.2022   42.8019   0   
