15
50
999999 14 7 11 8 8 6 5 17 13 6 12 5 11 14 9 10 7 5 7 11 5 5 11 15 12 16 16 9 8 7 8 14 17 11 7 9 15 9 12 14 14 8 17 5 5 13 13 12 12 
0 13 6 2 5 2 3 1 4 5 1 6 3 3 5 2 2 2 3 4 6 1 3 3 1 1 5 14 2 4 5 3 4 1 1 1 7 2 4 4 12 9 7 13 4 2 8 2 7 10 
20
0   0   0   0   0   0   0   0   0   0   0   0   0   0   0   0   0   0   0   0   
4   -9   9   -1   0   1   0   0   0   0   6   -5   10   -1   0   -2   2   -2   5   2   
-3   3   -4   3   -1   6   -1   1   -3   0   -2   2   -2   4   -5   4   -3   6   -4   7   
-3   0   -8   11   -5   2   -6   10   -8   11   -8   8   -4   7   -6   6   -4   6   -4   6   
4   -3   3   -5   5   -5   3   -2   5   -6   3   -2   6   -2   3   -2   7   0   5   0   
-3   6   -2   2   -4   4   0   5   -5   4   -4   4   -1   0   -6   3   -7   2   -3   3   
0   -4   0   0   -1   -3   -1   0   1   0   1   -1   0   -2   -1   0   0   -3   0   1   
0   1   -1   0   -1   0   -2   1   0   0   -2   0   -1   1   -1   0   0   2   0   0   
8   -4   11   -12   13   -3   8   -10   2   -11   8   -3   8   -6   8   -2   6   -11   9   -11   
-5   6   -8   -4   -6   2   -5   3   -9   4   -5   11   -7   6   0   5   -11   7   -9   2   
0   0   0   2   -2   -1   -2   5   -4   2   -1   2   -2   3   -4   3   -4   1   -2   3   
-1   0   -7   -6   -6   -3   0   1   7   -2   2   4   2   -4   0   -4   -4   -2   -3   3   
2   2   1   0   0   0   0   0   2   0   0   -1   0   -1   0   -1   0   0   1   0   
-2   3   -5   2   -5   7   -6   4   -5   0   0   4   -9   3   0   6   -3   3   -6   4   
-1   7   0   -7   1   3   6   -1   -8   -6   -3   0   0   5   1   -2   10   2   2   -1   
1   -1   2   -7   3   -7   3   -3   2   -2   7   -3   7   0   7   -4   2   -8   2   -5   
4   -1   5   0   2   2   5   -2   -1   0   -1   1   8   -1   7   -1   5   -6   2   1   
-4   3   0   3   -7   3   -4   5   -4   1   -3   3   -4   2   -6   4   -2   7   -6   7   
0   -1   1   -2   2   -1   1   -1   0   -1   0   -1   0   0   3   0   0   0   1   -1   
-1   2   -2   3   -4   0   0   1   1   4   -3   4   0   0   0   0   -3   0   -1   1   
4   -4   0   -3   3   -1   -5   -3   0   -2   3   -3   1   -5   0   -4   -3   0   0   -2   
0   0   0   -1   0   -1   -1   0   0   -2   0   0   0   0   0   0   0   -1   1   0   
-1   1   -4   3   0   3   -2   3   -3   2   -2   2   -3   5   -3   1   -2   3   -1   3   
2   0   1   0   -1   2   0   0   0   3   -1   -1   0   -2   0   4   1   0   -3   3   
0   1   -7   0   -13   14   -13   0   -8   9   -6   11   -7   9   -14   8   -2   7   -1   0   
-9   2   -8   8   -5   3   -6   7   -11   3   -6   7   -4   8   -4   8   6   10   -9   3   
-11   2   -6   5   -14   13   -15   8   -10   3   -12   6   -5   7   -9   9   -6   7   -4   8   
-14   2   -6   15   -4   2   -1   11   -14   3   -9   10   -8   1   -10   0   -4   2   -5   0   
-2   2   2   3   0   4   0   5   -3   6   0   5   4   3   -5   5   -3   7   -1   4   
-1   3   0   0   0   1   0   0   -6   0   -2   2   -4   2   -4   2   -1   -4   0   3   
0   3   0   -2   -4   4   0   0   -1   2   0   5   -1   1   0   1   1   -1   -3   0   
-4   3   -2   5   -3   4   -2   4   -2   2   -2   7   -1   6   -1   1   -2   2   -3   -3   
11   -10   9   -4   4   -6   4   -2   5   -6   2   -9   4   -5   0   1   3   -6   6   -3   
-11   11   -4   14   -13   15   -7   13   -14   6   -9   8   -12   8   -9   8   -15   14   0   10   
0   0   6   0   3   -1   3   -1   0   0   8   1   1   3   1   1   8   0   3   2   
-1   0   -2   -2   -1   2   0   2   -1   1   0   1   1   0   -2   2   -2   1   -1   0   
-1   -9   3   -2   3   0   2   -1   6   -3   1   0   -2   -4   3   1   7   -4   3   0   
-4   14   -9   8   -6   0   -3   8   -9   15   0   -2   -12   1   2   6   -9   9   -3   2   
-8   1   -3   5   0   0   -4   3   -7   6   -6   3   -8   4   -7   5   -2   9   -1   1   
0   0   11   -1   8   4   6   3   -5   -1   7   -3   1   -4   8   -3   7   2   5   0   
-8   0   -11   3   -8   13   0   6   -8   5   -9   8   -8   10   -10   7   -11   12   -9   4   
-2   2   -5   0   -8   5   -8   -2   -6   -8   -1   -4   -1   -1   -5   5   -11   0   -2   4   
0   1   -3   0   -2   2   -2   1   -5   2   -4   3   -1   6   1   4   0   0   -1   0   
13   -7   4   -13   5   -2   4   -4   11   -6   6   -11   4   -3   3   -12   14   -4   8   -8   
0   0   0   0   1   0   0   0   0   1   0   0   -1   0   0   1   -1   0   0   0   
-2   1   0   1   -3   0   -1   1   -3   1   0   2   0   0   -3   1   -2   1   0   3   
-7   10   0   10   -13   6   -11   13   -9   5   -9   9   -10   -1   -6   9   -7   10   -9   12   
-4   0   -7   5   -11   7   -10   8   -5   6   -5   4   -12   12   -7   10   -8   6   -5   8   
-8   8   -7   4   -10   4   -7   4   -8   12   -4   10   -8   7   -7   11   -5   5   -9   5   
-8   5   -1   6   -12   7   -11   11   -12   6   -12   10   -7   10   -6   -2   -9   9   -11   5   
0   37.0294   69.7185   71.1725   47.3951   61.5216   75.5519   68.4829   29   48.3261   49.2292   46.9422   82.9017   67.3546   37.9423   64.8543   31   77.9572   74.4979   45.257   70.4612   48.5652   52.3695   69.8803   59.0595   63.8619   67.8017   82.0681   24.0499   49.2994   73.5395   77.1378   48.0227   76.811   58.249   65.4264   53.2081   62.6621   67.9608   40.0799   42.0278   65.2019   53.4279   65.7695   70.4162   78.4282   66.3897   65.1461   66.1736   64.4236   
17.0294   0   66.2025   66.818   55.5032   47.1661   65.2832   46.2025   30.2643   50.0868   57   38.53   82.0074   57.6431   49.9857   64.3587   41.0227   70.7195   86.7437   38.8661   67.5265   60.0483   63.9183   55.5466   56.1248   79.9071   50.2025   72.6975   40.095   47.0483   83.3273   72.4274   38   86.3758   69.1041   71.7647   58   79.6915   81.2681   53.3019   48.1725   56.5793   51.4631   56.1321   63.3897   66.5964   47.8329   57.0139   61.1045   77.4891   
54.3783   41.7253   0   86.6251   67.6873   57.6079   88.2277   66.0918   64.7185   79.2456   60.4072   64.0106   123.733   70   75.208   63.3113   78.6686   44.3607   101.6   55.4929   93.3692   96.1416   82.0303   62.105   91.6938   80.2495   38   36.3607   69.6952   88.7736   116.572   43   56.6497   118.207   98.1332   67.6004   69   117.04   122.339   87.6563   72.2701   57.9473   93.0282   65   101.9   46.2036   43   89.6938   102.83   93.4685   
55.1725   44.2945   69.4622   0   99.7977   44.0172   27.2361   40.6155   74.5588   55.4267   97.1925   54.7648   93.722   35   93.1148   107.765   81.3792   107.267   129.67   61.5533   28.53   60.3645   107.542   44.7968   43.2483   119.034   70.4722   105.823   79.2223   47.3645   114.793   101.978   82.2945   123.843   107.804   111.059   97.2943   106.761   109.173   57   92.467   99.703   54.7851   38.4722   51.5737   103.144   72.6905   46.2237   47.3311   117.257   
33.3766   40.4969   51.1566   84.7231   0   77.3705   101.166   86.6994   42.2389   73.9741   28.2801   69.9429   100.047   92.6693   36.8885   43.6274   49.9633   65   55.1386   61.2735   101.381   80.4548   38.1327   82.2086   90.3969   43.6333   73.0861   67.3289   39.3452   81.5342   65.0398   62.3847   44.0689   66.7598   46.6007   32.0554   29.2111   74.4138   88.3817   73.4565   31.5242   39   86.8045   91.8354   97.5522   67.4969   83.7062   97.5108   93.3095   40.0278   
40.5216   24.1661   40.6079   29.0172   62.2254   0   48.1496   30.7924   52.8021   53.0606   74.45   36.0312   97.6378   33.6301   74.1518   80.2118   61.3542   79.0956   110.91   32   53   64.6903   88.0844   30.3852   52.4215   99.7253   42.3848   76.9686   64.2611   58.0555   102.057   73.0091   52.3017   110.542   93.2701   90.5711   81.1725   103.184   105.434   60.4708   72.3386   74.5399   55.4708   27.6301   62.6281   78.3964   35.3848   50.4215   64.4005   99.9812   
54.5619   44.2832   70.7107   2.23607   84.5991   30.1496   0   39.6989   74.5475   50.6971   99.4286   57.0008   89.0759   33.868   90.7711   108.642   71.9828   107.022   128.539   62.1496   29.2956   58.2311   106.931   47.0328   33.4924   118.424   72.5344   107.071   78.6118   47.7924   116.182   103.159   75.1893   120.73   104.703   113.022   99.2624   105.25   106.185   55.5766   89.6419   100.863   53.7034   40.7083   39.7099   105.38   65.5344   38.4391   40.2036   118.986   
47.4236   32.2025   49.0918   20.6155   71.5052   9.84886   22.1359   0   62.4668   57.1361   84.2988   45.8801   101.71   28.831   82.1882   90.0606   71.203   88.9445   118.931   41.8489   49.1455   66.2701   96.1208   30.4868   51.6007   105.894   52.2336   85.4524   71.4735   54.7351   111.906   82.8579   62.1505   115.09   100.212   97.6531   84.3181   110.086   113.471   63.0512   73.1378   84.3888   58.0512   24.1623   56.8857   88.2453   45.2336   54.2324   52.6431   109.692   
15   15.2643   40.7185   59.5399   25.2389   37.8021   59.4811   46.6905   0   59.0143   39.8711   51.7849   89.206   71.4323   40.0905   52.0795   36.9684   67.3249   74.4549   43.4094   76.6213   63.1416   51.6836   67.43   65.2195   59.2834   58.0135   68.0882   26.198   62.3127   72.6547   61.1856   29.2462   76.2383   54.2156   48.5531   33.7883   77.6621   82.9608   54.6563   28.6619   44.0172   66.7274   65.4323   73.0339   63.4382   52.4833   67.8197   72.2228   65.2666   
25.0799   23.0868   63.2456   32.7567   57.9741   31.3847   31.6228   33.1361   35.0143   0   72.8559   42.0294   68.4533   50.0555   61.1411   87.0938   46.4591   92.7946   98.0061   60.2053   44.6064   33.0298   77.4494   60.4401   33.2047   88.9418   69.2277   95.7843   49.1297   28.2824   82.0379   95.276   58.6563   87.111   70.4518   81.5379   66.7731   75.9083   77.6825   28.8102   63.6762   79.0315   23.8102   57.2984   39.6202   89.6832   62.2277   34.1245   35.3776   89.5035   
35.0571   39   44.4072   83.1925   7.28011   59.0339   83.2586   68.6003   24.0416   58.5491   0   70.4782   103.187   90.0996   44.1687   35.0623   50.9497   53   62.4187   57.45   99.6177   81.289   42.3607   87.7809   88.2159   43.2793   65.1935   58.0813   40.1794   84.3565   67.2259   55.1603   51.349   74.0399   53.8808   30.6301   31.0828   81.6939   85.7248   75.137   38.8043   27   82.3594   84.6563   97.0755   50.2415   76.525   91.8613   93.9267   46.4094   
25.9422   12.53   47.0106   31.7648   53   16.0312   31.7805   21.5407   27.7849   17.0294   51.4782   0   85.4827   47.4197   62.2277   76.8887   53.4631   79.9842   99.2737   32.8885   53.5811   50.0592   76.4483   42.0238   42.1794   87.0683   49.9706   83.3713   49.5576   37.6008   90.0548   82.0391   50.53   98.9058   81.1808   76.338   61.5732   88.6043   88.0278   42.6982   54.4187   69.1093   40.8396   43.6614   54.4842   79.1264   43.2062   48.4951   50.2415   90.0191   
55.9017   68.0074   109.343   76.0066   81.0247   82.6378   74   83.678   70.8378   51.264   85.8836   67.5426   0   101.32   85.1585   118.883   70.6308   131.194   97.0241   100.431   84.3972   55.4401   88.8705   103.649   74.1427   103.493   117.513   135.918   79.9516   67.1152   74.3273   132.023   99.7817   79.1709   71.8705   106.955   96.8223   54.2375   48.1548   67.0813   85.6419   112.884   62.643   104.833   68.366   127.071   110.749   72.1427   76.0865   100.907   
52.3546   37.6431   54   17   77.2334   15.6525   18.868   5.83095   52.3259   36.0555   74.4043   26.4197   85.5102   0   87.6288   95.8643   72.7979   92.0211   124.018   47.6525   42.3196   66.4833   101.561   27.3246   48.4631   111.609   53   90.3607   75.9773   53.4833   116.161   84.5059   64.9318   120.921   102.86   100.879   86.1142   109.525   112.635   63.1947   78.9687   90.1924   58.1947   21   57.3401   91.1642   51.0373   46.4631   56.2156   115.132   
21.4009   34.9857   60.208   76.4853   17.8885   59.0593   75.9276   67.1193   22.561   46.1411   23.4307   46.2277   63.1585   72.4224   0   58.493   36.7883   75.0412   53.7967   61.4501   90.6257   69.8365   31.6525   79.4296   79.3457   45.5314   73.1354   78.6607   28.8924   68.8685   56.4724   76.7491   51.8072   56   38.0333   41.9615   37.4391   61.0116   65.5079   61.4808   37.0416   50.4307   64.3964   86.6894   85.7613   70.9181   75.0444   80.2656   81.5186   41.9258   
50.2195   50.3587   40.3113   93.0054   22.6274   66.2118   93.4077   76.0592   37.054   72.0069   16.6433   62.1691   102.474   81.8596   40   0   66.5747   41.0868   71.4782   66.6064   112.338   96.914   51.8469   87.8745   101.47   51.1548   67.2096   50.5213   55.8044   95.025   83.8693   42.4591   51.5106   85.884   69.2281   40.0935   39.0623   97.0412   102.368   90.2994   49.5574   24.0623   95.8172   93.8419   110.088   43.0907   70.4437   100.284   107.385   53.5753   
5   22.0227   58.6686   58.7282   33   45.3542   57.9828   52   18.4391   27.4591   35.6931   30.4631   52.6308   56.7979   18.7883   51.5461   0   80.5632   72.585   50.257   70.294   51.0161   50.4408   72.4869   59.566   64.3197   69.6308   86.2889   27.7703   51.0147   64.4569   79.6247   47.6853   68.0406   46.0179   60.7498   46.6142   62.7379   64.1736   45.0799   37.4391   62.4563   51.2693   70.7695   67.0793   76.4401   66.3517   57.566   62.8366   60.7141   
61.2944   54.7083   25.0599   91.0879   42.9535   62.2013   92.0217   71.5681   46.3249   77.7946   35.7771   63.9531   116.825   76.9415   58.0086   23.0868   64.2028   0   93   64.1696   114.316   105.377   74.6228   81.9265   106.123   71.4429   55.8497   30   69.9073   101.554   103.003   26.0623   57.7973   107.622   88.4863   59   57.8382   117.367   121.423   99.5132   65.8109   43   101.605   86.0211   117.415   21.1231   68.0599   109.443   113.172   76.6621   
58   71.4003   86.977   113.172   36.1386   95.1315   112.539   103.6   57.4543   82.0061   42.5793   82.9759   83.0241   109.018   36.7967   51.4782   54.6717   74.5453   0   96.5295   124.966   96.3941   45.8254   116.226   114.238   36.3607   105.758   97.4924   65.6892   105.532   47.5941   93.0336   80.2075   41.9258   48.6356   49   60.2638   65.636   80.7186   97.0759   63.793   65.0916   101.06   122.437   121.577   88.1757   109.938   112.238   117.384   35.025   
31.257   14.8661   29.1548   44.5533   46.2277   17   45.2769   26.8328   23.4094   34.2053   42.45   17.8885   82.3772   32.6497   45.8803   49.2443   36.2215   47.0956   80.5295   0   67.8517   63.4975   75.093   38.4009   56.45   79.5463   32.4929   63.2701   49.6074   55.4894   91.4145   55.6079   35.2047   96.2307   74.208   68.8161   54.0512   93.9191   96.1342   60.5867   52.0713   57.5441   58.0155   42.4591   72.1641   66.0465   42.1327   60.0116   67.9215   86.2555   
53.3385   46.0977   77.3692   12.53   85.235   37   10.2956   30.5287   60.7289   28.6007   84.7703   34.2345   65.192   28.3196   74.6257   96.3379   56.0357   97.2522   110.603   50.1597   0   51.4384   105.708   55.6442   37.4018   117.2   79.3848   113.43   77.3884   42.4307   110.639   105.768   77.8276   115.712   99.0525   109.282   94.5172   103.461   100.462   50.6497   84.857   102.677   52.4109   49.3196   39.3956   112.694   72.3848   39.7279   35.1529   116.552   
31.257   36.6197   78.1025   42.9535   64.0078   47.4236   41.2311   48.2701   44.9222   16.1245   66.2722   33.0151   35.4401   50.3587   48.8365   81.3941   31.0161   90.377   81.3941   49.4975   34.4384   0   78.0312   66.374   41.2195   94.3678   81.9903   109.317   55.3069   28.6917   74.1082   103.279   66.6588   89.4831   77.034   89.6071   76.2721   66.6488   63.1041   27.4853   65.0918   88.9394   24.2195   70.4198   36.9317   103.216   76.2213   44.8035   44.2036   90.7623   
36.8917   48.9183   66.0303   91.6788   15.1327   72.4224   91.214   81.0555   34.6699   61.7738   22.3607   60.8112   74.2159   86.5563   15.6525   35.8469   34.4384   57.5847   22.8254   57.7062   90.2109   64.0312   0   95.082   94.0044   33.6056   84.8548   80.146   44.5449   84.521   48.2025   75.8499   59.0267   49.1059   38   31.8045   37.095   69.0104   68.535   76.9716   46.6569   49.3607   80.0488   100.053   100.934   72.6022   84.5762   92.0044   97.1513   30   
45.8803   29.5466   42.0476   27.6586   67.2086   5.38516   29.1204   7.07107   43.0116   35.4401   63.7809   21.0238   86.6487   12.1655   64.4127   70.2353   50.6952   64.7765   100.404   21.4009   37.1214   51.264   77.666   0   56.3836   99.6074   47.7699   78.4083   64.5371   58.3573   107.442   72.3149   52.1838   115.922   95.6089   89.8731   75.1082   106.136   109.052   63.722   70.6443   78.945   59.2503   27.3246   63.9568   83.7816   40.7699   54.3836   59.7141   105.366   
42.0595   36.1248   70.9366   18.2483   74.3303   32.2025   16.4924   28.6007   50.2195   17.2047   74.2159   25.1794   58.1378   28.6356   63.2851   86.4696   44.6542   89.1067   99.2018   42.45   11.4018   24.7386   78.8923   33.9411   0   105.921   74.5873   105.72   66.1094   32.8167   97.201   98.0579   72.0882   104.316   87.6565   98.7426   83.9777   90.9256   87.8427   42   76.8727   92.7041   37.2643   49.6228   31.4536   102.721   67.5873   22   32.2195   105.211   
49.3964   58.6003   66.2193   102.626   18.3848   80.6102   102.396   89.8721   43.4166   74.4648   22.8254   71.0282   89.2693   95.5877   29.4279   29.1548   47.8017   52.2398   22.3607   64.5368   102.416   78.2624   15.1327   85.5862   91.2853   0   88.0189   77.8587   56.6844   97.9196   59.0654   71.6138   62.4537   58.3044   46.7658   32.6412   43.8444   76.7863   82.5587   89.4762   49.909   48.6721   93.4474   105.22   113.795   68.0098   94.2693   105.368   109.842   18.6056   
47.8017   32.2025   16   53.6004   54.7814   25   54.9181   33.1361   37.0135   50.9117   49.1935   33.9706   99.8599   38   59.1354   50.2096   52.6308   39.8497   90.7579   17.4929   61.9839   66.6033   68.4105   26.0768   56.356   72.0069   0   52.3607   63.2116   71.5714   107.663   51.0156   49.0172   111.275   89.3392   75.5399   69.7598   110.464   112.762   76.6688   62.2652   70.607   74.7219   52   83.6108   52.4005   27   75.4215   79.3682   88.4983   
66.0681   57.6975   22.3607   91.0879   50.3289   62.0725   92.1954   71.007   51.0882   80.6226   43.0813   65.8027   121.918   76.1052   64.6607   31.0644   69.3542   8   82.4924   48.2701   98.1529   94.0213   65.146   64.0312   90.7083   60.208   38.2099   0   77.2862   103.404   110.307   30.0623   65.7973   112.082   92.2624   63.8365   65.8382   124.743   126.83   100.884   73.8109   51   104.433   87.3607   120.243   29.1231   63.1774   108.282   116   78.8135   
10.0499   21.095   50.6952   63.4114   23.3452   45.1774   63.0079   53.2541   10.198   34.7851   25.1794   32.5576   63.0079   58.6003   13.8924   40.8044   10.7703   53.9073   50.448   32.5576   62.6099   41.1096   28.3196   50.5371   51.4782   39.8121   47.0956   59.4138   0   56.2019   61.0444   65.7397   37.4391   69.6813   47.6586   47.8698   33.105   70.3289   74.9439   50.1297   27   52.1794   56.4588   72.8076   72.2495   73.6362   62.6814   68.3364   70.1626   55.8183   
32.28   31.0483   70.4911   30.3645   65.5134   36.0555   28.7924   35.7351   43   8.06226   66.3702   23.6008   48.0521   37.4833   52.8015   80.025   34.0147   85.7263   87.9204   41.3401   23.4307   13   68.4471   39.3573   12.53   81.5966   57.4891   88.3912   42.2019   0   87.1082   95.4114   66.7186   93.0592   77.8164   89.6002   74.8354   79.4654   76.1041   28.2195   69.2019   87.0172   29.4721   53.8973   32.1245   97.6448   66.807   32.8167   32.9284   94.7273   
47.5395   64.3273   93.5575   98.7927   46.0652   88.0568   97.6371   94.578   55   66.0379   53.2259   73.0548   53.6004   99.1615   33.3766   67.9559   42.72   89   30.5941   77.4145   93.2363   60.1082   32.2025   93.4077   82.201   44.0454   92.0054   96.2549   45.0444   69.814   0   106.133   77.8373   33.4031   34.4391   64.007   69.2975   40.0998   48.1725   83.6053   59.3982   80.2259   81.437   113.309   97.0399   102.406   106.195   99.604   101.415   62.2025   
58.1378   49.6588   17   84   44.3847   55.0091   85.0235   64.195   43.1856   72.6154   37.108   57.9741   114.022   69.4622   57.7062   27.4591   61.5224   8.06226   78.0256   40.6079   90.6697   85.9593   59.439   57.3149   82.9759   56.0357   32.0156   8.06226   51.7397   80.4114   89.8888   0   55.6197   108.545   87.9461   61.1502   58.5461   114.584   118.561   94.8267   60.8722   45.6007   96.4257   78.833   109.639   21.831   53.833   97.4326   107.993   74.6413   
22.0227   15   32.6497   57.9396   29.0689   33.3017   58.1893   42.8019   8.24621   37.6563   25.807   26.6833   77.7817   48.6004   30.1496   35.5106   26.0768   40.7185   63.5059   17.2047   60.8276   49.6588   40.7185   38.1838   51.0882   47.4236   29.0172   44.6542   18.4391   45.7056   63.0317   36.6197   0   81.4493   59.5131   51.6965   36.9317   84.6848   89.9835   62.1026   32.4391   49.8927   61.4666   59.6637   77.2765   56.6742   53.0832   71.7809   73.0339   66.0292   
52.811   69.3758   96.7471   104.848   47.7598   93.3006   103.73   100.09   59.2115   72.111   55.0273   78.5493   59.2284   104.785   37   68.884   48.1041   90.6201   26.9258   82.0366   99.4887   66.4831   33.1059   98.6712   88.4081   43.1856   96.0833   98.0816   49.4975   76.0592   6.40312   92.0489   67.0671   0   38.0227   64.9104   67.3927   40.0799   50.0161   90.0084   65.8014   82.0273   87.8401   118.58   103.415   105.269   111.628   105.67   107.489   61.7912   
32.249   48.1041   75.1332   86.5563   28.6007   72.2357   85.703   79.6053   37.2156   54.4518   35.5106   58.1808   57.8705   84.5991   15.0333   51.0882   28.0179   71.1969   28.6356   60.208   82.8794   52.7731   17   77.6209   71.5052   31.6228   74.0608   78.2624   27.6586   59.8164   18.4391   71.6938   45.0444   22.0227   0   48.8045   52.4724   54.241   56.6197   65.8035   51.074   61.4863   76.9926   98.0185   89.7048   85.7521   89.6989   85.5839   89.2393   47   
42.4264   48.7647   53.6004   93.0591   9.05539   69.527   93.0215   79.0253   33.541   66.9403   10.6301   61.2944   88.955   84.8116   25.9615   18.3848   42.0119   41   34   53.0377   93.984   73.0274   17.8045   74.3303   83.1685   12.6491   59.5399   48.8365   32.3883   74.5252   50   44.0454   36.2353   50.6063   34.0588   0   28.7648   83.4692   86.3395   82.5063   40.5796   36.0312   86.8471   95.2864   104.638   60.8717   86.0243   99.5779   102.318   31.2547   
29.0172   34   45   78.2943   7.2111   55.1725   78.2624   64.5368   18.7883   52.7731   6.08276   46.5296   80.1311   70.2922   18.4391   22.3607   29.6142   39.6611   43.0116   39.0512   79.3788   60.208   21.095   60.1082   68.6804   25.4951   47.7598   46.5296   19.105   60.531   49.98   39.9249   21.9317   52.3927   31.7805   14.7648   0   79.4507   83.947   69.0971   38.1803   33.0828   75.5638   81.5103   91.3544   51.7151   71.2716   85.1542   88.1485   44.1006   
48.6621   65.3758   101.02   91.7606   59.4138   87.0517   90.2497   91.7878   60.407   59.9083   65.9469   71.1126   34.4819   95.5249   43.0116   82.0366   43.7379   101.02   50.636   79.9062   84.0773   49.6488   48.0104   92.1358   73.9256   61.7738   96.3172   107.615   50.3289   61.4654   20.0998   100.499   68.6222   25.0799   31.241   65.2993   61.4003   0   31.0828   77.134   75.7122   91.9276   73.0088   112.641   86.5805   113.115   110.09   86.0902   89.6938   77.1808   
50.9608   67.2681   104.278   90.802   64.3817   88.0511   89.1852   92.1954   63.561   59.6825   70.7248   72.0278   29.1548   95.6347   47.5079   87   46.1736   105.423   56.7186   82   82.4621   48.1041   53.535   93.0054   72.7324   67.5352   98.7623   111.83   53.6656   60.4401   26.1725   104.561   71.6938   31.0161   36.6197   70.6045   65.9469   6.08276   0   75.5893   80.6656   97.7248   72.3236   114.337   84.4763   117.662   112.525   92.173   91.7782   83.2635   
25.0799   28.3019   69.6563   39   58.4209   39.5601   37.5766   41.3038   37.6563   8.24621   60   24.6982   43.0813   44   44.5982   74.5453   25.9615   82.4621   79.0759   41.0122   32.6497   8.48528   60.1664   43.6807   21.6333   73.7631   58.1378   85.8836   35.1283   9.21954   60.6053   77.8267   41.7852   66.8431   50.8035   67.4759   54.0093   52.811   52.1728   0   62.1283   81.6736   22   63.1168   41.3441   94.8984   67.9043   37   39.4722   86.524   
18.0278   26.1725   48.2701   69.8928   15.5242   49.4065   69.6419   58.1378   11.6619   42.45   17.2627   38.4187   69.6419   63.7024   12.0416   33.2415   18.4391   48.1041   45.793   34.9285   69.857   49.0918   23.0217   54.6443   58.8727   32.7567   47.2652   54.2033   8   50.01   45.3982   46.8722   18.4391   49.0102   27.074   24.5153   11.1803   53.7122   57.6888   43.1045   0   44.2627   64.4588   77.0366   80.2495   62.8955   64.1452   72.1893   77.8275   46.4006   
42.2019   42.5793   37.9473   85.703   17   59.5399   86.0233   69.3542   29.0172   64   10   54.5711   95.0158   75.1798   33.2415   8.06226   43.6578   26   50.01   42.5441   88.6454   73.3485   31.6228   63.8122   78.6384   28.4429   45.607   33.5261   32.8938   72.0069   63.0635   28.1603   27.8927   64.622   45.4863   16.0312   15   75.9276   80.6598   66.4831   25.4951   0   87.8102   85.0032   102.051   47.1231   72.607   96.8369   99.3776   47.0485   
29.4279   30.4631   71.0282   34.7851   62.8013   38.4708   33.2415   39.0512   41.1947   7.81025   64.0703   24.7588   44.643   41.1947   49.3964   78.2304   30.6757   85.0941   84.0595   42.0119   27.8029   9.21954   65   42.1545   17   78.4474   58.6941   88.1419   39.4588   4.47214   65.437   80.1124   44.643   71.7008   55.8032   71.8471   58.1378   57.0088   56.0446   5   47.3814   70.1783   0   58.3694   35.9737   97.0595   67.965   32.2643   37.4005   91.3222   
49.7695   34.1321   48   22.4722   72.8354   10.6301   24.1661   3.16228   48.2701   36.2215   69.6563   24.0416   86.8332   6   69.1158   76.4788   54.4243   71.0211   105.437   27.4591   33.0151   51.4198   82.801   6.32456   31.6228   91.2195   32   70.1142   55.2268   38.8973   97.0824   63.5059   43.9318   102.528   81.8596   80.1561   65.7951   94.6414   95.1315   44.4072   59.8164   69.9714   42.2019   0   60.048   81.2681   43   52.4631   55.8053   106.217   
48.2701   46.3897   83.672   27.8927   81.5843   45.607   25.7099   41.8688   59.0339   24.0208   82.4924   37   49.366   41.3401   68.352   96   49.6488   100.663   102.577   54.7814   16.0312   21.9317   83.9345   47.3814   13.4536   97.4166   69.4622   102.786   58.2495   16.1245   82.0366   94.921   61.2944   88.4138   74.0945   90.6091   76.6551   70.7248   68.4763   23.7697   66.0984   88.0057   18.9737   44.8219   0   112.986   80.2062   34.3049   26.2426   110.278   
57.4282   50.5964   22.2036   87.1436   40.4969   58.3095   88.0511   67.7422   42.4382   73.6817   33.2415   59.8415   113.071   73.1642   54.9181   22.0907   60.4401   4.12311   73.171   43.0465   93.1933   86.3308   55.3624   61   85   51.0098   36.4005   9.84886   50.2494   81.6088   86.406   5.83095   36.6742   88.2553   68.4251   39.3192   36.7151   97.9081   102.201   78.3901   44.6878   23.7697   80.9938   67.2681   96.5401   0   59.6639   103.058   109.059   69.6154   
46.3897   29.8329   23   46.6905   57.7062   18.3848   48.0521   26.1725   37.4833   46.2277   52.6972   29.2062   96.2549   31   60.0167   55.4437   51.3517   46.5725   93.2309   15.1327   55.3624   62.2013   70.5762   19.105   50.2494   75.4718   7   45.1774   47.1699   52.3259   92.1954   38.833   30.0832   96.6282   74.6726   63.2456   50.5371   95.0368   97.0824   53.8238   48.5077   50.2096   53.9073   25   63.5138   43.0116   0   67.3128   74.3633   94.0774   
41.1461   36.0139   71.6938   20.2237   73.6817   33.4215   18.4391   30.2324   49.8197   16.1245   73.7564   25.4951   56.1427   30.4631   62.2656   86.2844   43.566   89.4427   98.0051   43.0116   12.7279   22.8035   77.8974   35.3836   2   90.471   57.3062   91.214   50.6952   10.8167   80.604   83.4326   51.0098   86.8332   70.1783   82.5651   68.1542   72.0902   70.8378   20   58.1893   78.4092   15.2643   33.2866   12.2066   85.3288   51.3128   0   34.0623   102.566   
46.1736   43.1045   79.7057   24.3311   79.3095   41.4005   22.2036   37.6431   56.2228   21.3776   79.9062   33.2415   52.0865   37.2156   66.7083   93.0484   47.927   97.0824   101.548   50.9215   13.1529   22.2036   82.3468   43.1393   9.21954   95.5196   65.3682   99.0404   56.0446   13.9284   82.0731   91.214   58.0775   88.4138   73.2393   88.295   74.1485   71.6938   69.7782   22.4722   63.7887   85.0941   17.4929   40.6079   4.24264   92.9624   59.3633   8.06226   0   108.634   
47.4236   57.4891   67.4685   101.257   18.0278   79.9812   100.955   89.0955   42.45   72.4983   23.4094   69.814   85.9069   94.7629   26.9258   31.5753   45.5412   54.5894   20.025   64.2028   100.648   75.71   12   85.0412   89.4427   3.60555   72.4983   62.514   38.0789   79.4796   40.4599   58.0086   47.0106   39.6989   28.1603   14.0357   25.2389   58.1808   63.9531   71.4703   31.4006   30.0666   76.2168   90.5539   95.1893   53.1507   75.6637   88.5664   93.4077   0   
