15
30
999999 6 15 7 10 14 12 5 5 12 12 17 12 6 9 13 16 7 10 13 7 17 7 15 11 15 16 7 17 9 
0 2 1 3 6 4 9 2 2 10 11 5 9 2 7 1 4 2 4 10 2 4 6 6 5 6 6 5 14 2 
20
0   0   0   0   0   0   0   0   0   0   0   0   0   0   0   0   0   0   0   0   
-1   -4   1   0   0   0   1   -2   0   -1   0   -4   4   -1   0   -1   1   -4   1   -4   
-5   -2   -14   5   -7   1   -9   10   -1   4   -9   -8   -5   6   -15   13   -4   4   -4   9   
1   0   2   1   0   3   1   1   4   2   1   0   0   -1   0   -6   -1   0   0   1   
4   -7   1   0   3   -6   3   -5   4   0   7   0   4   -5   3   -7   -2   -3   0   1   
-7   6   -8   -2   -5   1   0   12   1   -2   -5   5   -3   9   -5   5   0   7   -8   7   
6   -5   10   -6   3   -9   6   4   3   -9   7   0   4   0   4   0   -1   -7   -1   -2   
-2   3   -3   1   -3   2   -3   2   -3   2   -3   1   -2   3   -4   2   -3   3   -2   4   
0   0   1   -3   1   -1   0   -2   0   0   0   0   1   -1   0   -2   0   -1   0   -2   
-7   5   -6   6   -4   4   -7   6   -7   12   -12   2   -4   12   -7   9   -7   7   -9   12   
0   0   0   5   -4   -7   -2   6   -2   1   -3   7   -2   1   -4   0   -4   -3   -8   -3   
7   -9   -1   0   6   0   2   -1   0   2   4   -3   12   -3   0   0   2   -4   5   -6   
-1   9   -7   3   0   3   -6   6   -2   9   -7   5   -10   -2   -4   8   -11   5   -9   6   
0   3   -6   3   -3   3   0   2   -4   0   -1   2   -1   1   -6   2   -2   0   -4   1   
2   0   -2   4   0   1   -4   1   -2   2   -1   1   -6   0   -1   3   -3   -2   -5   7   
-4   0   -6   11   -9   10   -7   10   -10   5   -13   3   -4   6   -11   11   -1   4   -10   11   
5   -7   2   -2   0   -8   6   0   2   -6   7   -8   0   -3   3   -11   4   -3   0   -10   
-2   2   -5   0   -4   0   -7   0   0   3   -6   4   -1   0   -3   2   -2   6   -6   0   
4   -1   4   -5   -1   -2   1   -4   1   0   0   -3   -1   -2   2   -3   -1   -6   -1   -9   
-6   -6   -2   10   0   2   0   8   0   13   -4   0   5   -2   -1   -3   -11   6   -9   3   
0   2   0   -1   0   0   -1   0   2   -3   3   0   1   0   1   -4   1   0   -1   0   
-6   0   -1   1   6   -4   -5   3   2   3   -1   3   -4   1   5   2   0   6   -15   8   
-2   1   0   0   -1   2   0   0   -4   -1   0   1   -4   0   0   0   -1   0   -1   0   
2   -1   -8   7   -11   2   6   10   -5   0   -7   8   -5   -2   2   7   -12   8   0   2   
7   -1   6   -4   5   -4   9   -7   7   -1   0   -6   3   -3   1   -10   6   -1   8   -4   
-9   1   -3   -1   -2   6   0   0   0   8   1   -1   -1   3   -5   1   -12   10   -6   3   
-2   3   6   1   -3   -2   4   4   -4   -7   -3   -6   -2   -4   -7   -3   10   -6   -1   -13   
3   -4   5   -2   6   0   4   -2   6   -2   5   -3   4   0   -1   -2   7   -1   4   -4   
-4   11   -9   13   -10   10   -6   5   -7   3   -13   7   -8   0   -6   14   -2   6   -11   5   
-2   0   0   2   -2   3   2   6   -1   5   0   1   -5   7   1   6   -2   -2   -4   3   
0   38.2132   41.0217   52.6833   49   83.7647   47.4253   88.2891   35.0333   51.4109   67.2494   52.0889   54.0132   76.4161   65.2666   53.805   24.0711   46.3132   59.7063   61.2255   75.3088   65.9807   53.2156   29.2111   60.1545   51.3766   70.2354   57.573   51   32.3178   
15.8114   0   27.9443   57.45   64.8114   75.3355   59.566   95.3709   39.6125   60.7772   59.3957   37.1246   68.448   81.9357   69.6119   44.5296   37.1421   55.5791   66.2535   70.3624   65.7695   66.0999   69.027   33.5563   62.0109   67.188   51.609   73.3844   37.6469   35.0416   
23.0217   8.94427   0   66.3942   72.0217   84.2798   68.5103   102.617   48.5568   69.7215   68.34   32.1803   73.1995   78.776   77.2163   53.4739   40.8102   62.0595   60.4185   79.3067   74.0446   69.0094   76.2373   42.5006   61.6005   74.3984   60.5533   76.566   42.8494   33   
26.6833   42.45   48.8467   0   29.8167   103.391   30.4164   64.4952   49.8506   28.1803   92.8401   75.8068   40.3516   70.788   51.6228   78.0088   49.9666   31.0623   62.5793   31.6015   89.4622   74.6058   38.1803   55.8944   66.0977   34.0711   94.059   30.4031   77.6833   55.2156   
35   50.2494   55.5428   10.8167   0   108.19   38.2036   61.0359   58.1618   38.2485   98.2192   79.6921   33.0294   69   57.7063   88.805   51.6742   41.5179   55.3954   28.1421   94.2621   85.4224   30.5083   63.3987   67.382   26.3852   101.858   28.7703   86   60.0116   
65.7647   60.208   65.307   83.2406   94.0213   0   93.265   113.803   73.1402   95.4995   38.3961   89.5577   118.647   137.495   81.8487   55.8058   89.8358   89.8024   119.818   104.889   36.9284   47.6142   109.017   81.7282   119.906   104.894   45.2746   107.907   70.8017   85.8471   
28.4253   43.566   51.4004   12.6491   22.2036   74.4648   0   51.4833   37.2132   18.2361   81.9542   75.9884   53.0007   78.3273   39.9737   67.0882   47.9706   29.7047   75.2284   36.2527   75.6821   59.6508   36.5183   48.6356   78.7468   34.4268   83.0077   29.0416   79.4253   60.7432   
65.7951   80.4301   88.6172   44.7772   46.8402   95.0053   37.4833   0   74.6965   54.8782   113.962   113.472   79.8695   110.055   57.2415   103.654   85.4539   67.188   102.236   53.8938   104.22   88.1891   63.3954   82   106.155   60.2953   116.21   54.9102   116.795   98.113   
15.0333   25.6125   34.4093   26.5707   37.1618   57.1402   21.2132   55.7584   0   39.4493   62.4602   62.7371   66.9223   82.9638   51.807   47.5941   39.1044   43.7883   68.0833   54.6249   65.6005   53.4006   51.6492   28.2956   75.0446   47.5261   71.0454   47.4138   63.0789   45.8617   
29.4109   44.7772   52.4309   11.1803   20.2485   76.6942   2.23607   36.8782   23.0868   0   83.6018   78.2245   50.4401   80.5634   38.6155   69.3242   50.2066   31.9408   67.2353   36.3417   77.9181   61.8869   38.1231   46.0832   74.5685   34   85.2438   30.8995   75.4401   58.4264   
50.2494   41.7732   45.793   71.8401   82.2192   20.3961   65.4905   92.9624   45.3542   67.6018   0   67.2832   104.263   122.639   84.9839   37.5602   70.4135   82.8905   104.566   98.895   38.4929   53.6531   97.0034   63.5216   103.784   92.8803   23   92.768   43.5136   73.7587   
33.2415   20.1246   11.1803   57.8014   63.3246   72.7324   61.6198   99.0353   45.4863   62.482   52.5547   0   72.3095   78.2797   87.2833   60.2832   44.0179   72.8323   59.9222   85.3516   84.0799   80.1898   86.4571   51.2278   68.0813   83.5256   62.3153   78.1405   43.0799   41.5913   
38.0132   50.448   53.1507   24.3516   17.0294   102.616   37   63.561   45.9674   35.4401   88.193   58.3095   0   55.0179   74.0556   89.5732   57.4005   53.8444   38.2074   45.1715   104.376   96.6508   47.1458   60.4185   50.4253   43.0227   101.172   45.7997   86.0928   58.1995   
57.0088   64.0312   62.7694   51.788   45   122.495   64.3273   90.934   68.9638   62.9682   105.475   62.9682   28.0179   0   100.162   106.935   75.345   72.7083   41.3576   73.1421   125.259   115.17   66.0408   86.2028   42.9249   71.0406   115.64   70.1453   98.3772   72.0096   
39.3954   51.4004   60.2163   31.6228   40.7063   63.7887   18.9737   33.2415   25.807   20.6155   59.8415   71.2811   55.9732   83.1986   0   61.4342   63.4665   48.6784   86.0625   44.4138   70.2494   59.2345   55.492   54.1026   92   53.4004   80.9839   48.0153   87.6117   71.6687   
35.805   29.5296   35.4401   57.0088   67.3573   30.8058   51.0882   80.6536   30.5941   53.1507   14.8661   44.2832   73.5731   91.9348   47.4342   0   59.8761   69.1775   88.5185   84.3702   43.6155   35.9545   82.2433   47.1548   91.5405   78.1202   32.5602   78.0079   46.587   64.5712   
7.07107   14.1421   18.9737   29.9666   36.6742   70.1783   33.9706   71.4493   22.0907   34.6554   53.4135   28.0179   36.4005   52.345   46.2385   39.598   0   41.6008   51.2278   60.9044   74.4394   64.98   53.5601   28.3417   61.2353   51.0555   65.7511   59.2353   50.7343   34.8102   
19.3132   35.1141   42.0595   8.06226   18.3848   75.8024   11.7047   48.4149   18.7883   11.6619   63.8905   51.614   28.8444   54.7083   29.0689   49.0408   23.6008   0   62.0116   39.6637   77.1289   67.8365   37.2354   47.0839   64.0435   39.1327   81.601   36.3417   68.469   51.631   
40.7063   46.0109   44.4185   42.5793   39.3954   105.262   54.0833   86.0349   54.0833   53.2353   87.6812   44.9222   24.2074   18.3576   72.0625   74.5185   35.2278   43.0116   0   67.5376   109.667   100.208   64.4475   63.5695   28.2426   60.3244   97.6199   64.5395   83.6578   52.9706   
39.5601   55.3624   62.1691   13.6015   14.1421   89.8888   15.5242   32.8938   36.0139   13.3417   80.895   71.3442   31.1448   59.0339   30.4138   66.3702   43.4166   20.2485   53.1413   0   91.2062   75.175   32.6964   59.4249   75.4556   29.5963   98.5319   24.2111   88.7175   68.8171   
53.2635   49.7695   56.0446   69.4622   80.2621   13.9284   60.5392   82.0975   43.6005   62.7694   17.4929   64.7765   89.3756   110.259   50.2494   20.6155   58.2495   62.1289   93.4773   75.9605   0   40.0312   95.0625   63.0977   111.78   91.1266   40.4929   89.5808   61.0065   84.8111   
43.8634   45.0999   53.0094   55.6058   66.4003   29.6142   45.6508   66.1891   31.4006   47.8853   28.6531   63.2851   77.1557   100.17   34.2345   21.9545   49.98   48.8365   84.5281   60.8358   16.0312   0   81.9396   52.7696   103.4   78.8395   50.9706   73.4543   60.0813   69.3415   
37.2156   52.7731   58.5235   11.1803   4.47214   93.9149   20.5183   42.45   37.6431   18.3848   82.9699   66.7083   21.2132   49.0408   38.2753   68.1542   39.5601   19.2354   43.8634   10   80.0625   65.7343   0   55.0488   71.6385   26.1231   96.0494   33.2425   87.7044   64.4838   
7.2111   15.5563   24.2074   30   39.4588   58.7282   28.6356   65   10.2956   30.0832   43.8292   35.2278   44.4185   64.2028   36.0555   29.1548   13.3417   22.0227   47.8853   41.7732   46.0977   36.7696   41.0488   0   66.2443   57.0135   57.5216   52.2278   45.5941   34.105   
42.1545   46.0109   43.6005   46.0977   43.382   105.802   57.3149   89.8888   56.0446   56.5685   87.7838   43.0813   28.4253   19.9249   75   75   36.2353   46.0435   4.24264   57.0088   94.3398   86.0058   47.8539   49.2443   0   64.567   96.6928   68.7821   79.9295   49.0588   
33.3766   49.0306   55.0273   7.07107   5.38516   89.8944   17.0294   42.72   33.5261   15   78.848   63.5059   22.0227   50.04   35.3553   64.0312   36.0555   15.1327   43.3244   9.84886   76.0592   61.8547   4.12311   37.0135   47.1699   0   91.9415   25.3852   82.1863   62.2867   
46.2385   35.609   38.4187   69.8713   79.8311   29.2746   65.0077   95.2103   44.0454   67   9   44.2832   84.1724   99.6393   61.9839   14.5602   48.3735   61.8142   81.5659   80.0562   25.632   33.9706   81.0494   40.5216   81.3449   76.9415   0   91.4592   34.2354   65.634   
32.573   48.3839   55.0364   6.40312   10.7703   85.9069   12.0416   38.9102   30.4138   9.89949   75.71   64.1405   27.1662   55.1453   30.0167   61   36.2353   13.3417   47.5395   7.2111   72.0139   57.4543   8.48528   35.2278   51.2445   5.38516   74.3303   0   80.8219   61.6187   
34   19.6469   19.8494   60.2993   69   47.8017   58.8218   93.5361   38.0789   60.4401   27.5136   25.0799   70.0928   82.3772   61.6117   21.587   33.7343   52.469   64.0703   72.3671   41   43.0813   71.1126   30.5941   63.4114   67.1863   19.2354   65.7647   0   48.8707   
14.3178   12.0416   13   37.2156   43.0116   71.8471   41.7732   79.2465   28.8617   42.4264   53.7587   20.5913   40.1995   52.0096   53.7122   41.0488   7.81025   31.241   33.9706   50.774   60.8276   54.3415   46.2385   19.105   34.0588   42.9535   47.634   43.566   30.8707   0   
