15
60
999999 13 16 15 8 7 17 5 5 14 13 5 8 14 5 17 14 13 8 15 7 12 13 9 11 16 5 16 17 14 14 15 8 17 16 6 11 13 10 13 6 5 9 7 11 14 10 10 17 5 15 10 12 6 7 16 14 15 7 12 
0 6 6 7 1 2 6 1 2 2 7 2 6 8 1 15 3 2 3 3 2 11 11 3 8 5 4 9 3 3 10 3 6 16 2 4 10 10 1 12 2 3 7 6 1 10 1 4 5 3 3 5 8 2 4 15 11 14 4 7 
20
0   0   0   0   0   0   0   0   0   0   0   0   0   0   0   0   0   0   0   0   
-2   -4   0   -4   8   -1   3   -1   -4   -5   1   2   0   0   4   2   0   10   -1   -9   
-9   6   -14   10   -6   15   -4   14   -14   11   -8   7   -9   12   -11   13   -7   12   -9   10   
-7   -1   -5   6   0   9   0   6   0   0   -4   -1   0   6   7   -1   1   0   5   0   
-3   3   -3   3   1   1   0   0   1   1   0   -1   -2   0   -3   3   0   3   0   3   
3   -4   3   3   -2   -4   2   -3   -1   -5   2   0   0   -3   4   0   -1   -4   2   0   
-12   4   -7   9   -4   10   -9   4   -6   13   -8   12   -12   7   1   9   -8   10   -9   15   
-1   2   -1   1   -1   2   -2   0   -1   1   0   0   -1   0   -3   2   -4   2   -1   2   
-1   2   -1   0   -2   1   -1   1   -1   1   -2   2   0   4   -3   2   0   2   -1   1   
-12   5   -12   3   -7   3   -13   11   2   11   -13   10   -10   8   -14   9   -12   11   -11   0   
0   -13   9   -1   9   0   3   -2   3   0   7   -7   2   -7   5   -9   8   -3   7   -4   
-1   2   0   1   -2   2   0   3   -1   1   -1   1   -3   2   -1   2   -1   2   -1   1   
-3   6   -8   6   -6   6   -8   6   -6   4   -6   5   -5   7   -4   3   -4   4   -8   3   
0   -2   11   -9   8   -7   4   -6   9   -14   1   -9   0   -1   10   -3   4   -5   8   -8   
-1   1   -3   2   -3   1   -3   2   -1   1   -1   2   -1   3   -2   1   -2   2   -1   1   
-2   4   1   7   -6   10   -2   3   3   9   -15   6   -4   12   -3   5   -10   11   -1   9   
11   -6   9   -8   14   -11   11   -3   13   -2   12   -7   6   -8   3   -13   0   -4   10   -6   
6   -2   5   0   -1   -1   -3   3   3   -4   5   0   -3   -1   0   -5   6   0   3   0   
-1   1   -3   1   -2   -1   -3   3   -8   4   -3   2   -1   2   -2   1   -3   5   0   2   
-6   8   2   11   -9   13   0   -1   -6   4   -7   8   -2   14   -10   5   -8   3   -10   5   
-1   1   -5   4   -2   2   -6   5   -3   4   -4   4   -2   0   -3   0   -1   0   -4   4   
3   -2   10   0   1   2   1   -1   0   -6   -3   4   -1   -5   6   -5   3   1   7   -2   
-4   -2   2   1   -4   0   0   0   2   0   -5   2   6   0   5   2   1   1   0   3   
4   0   4   -6   6   -4   1   -1   4   -5   4   -1   5   -5   7   -3   3   -8   5   0   
-5   1   -2   0   2   0   -7   1   1   4   0   1   -1   4   -4   0   0   4   -3   -2   
-8   0   -4   3   2   6   0   6   0   1   -5   5   0   2   -4   6   -5   0   -8   7   
-3   2   -1   3   -5   3   -3   2   -2   2   -2   2   -3   1   -3   4   -2   2   -3   4   
2   -10   0   -2   -6   2   -8   3   2   -8   -6   8   -9   10   7   0   3   -7   -5   6   
6   -7   3   2   2   -4   10   -3   5   -3   3   -9   8   -10   5   -1   4   -4   -2   -6   
-6   10   -7   1   -5   1   -2   5   -6   -1   -6   0   -10   4   0   2   1   7   1   4   
-1   -3   5   0   0   2   0   4   6   0   -8   1   3   5   -1   2   1   5   -4   2   
1   3   2   0   1   -4   3   -2   1   5   0   -9   15   -3   -1   -4   1   -3   14   -4   
-6   3   -4   6   -2   5   -3   5   -5   2   -3   5   -8   3   -6   3   -4   3   -1   2   
-5   4   0   -1   -7   8   -14   14   -5   6   -7   7   -6   9   -8   4   -8   2   -1   5   
-8   6   6   5   1   0   6   -5   -3   -5   -4   -6   4   2   4   -4   -5   0   5   -6   
-1   -5   1   0   1   -1   0   0   5   -3   2   0   2   -2   3   -3   2   1   5   0   
6   -6   8   -10   7   -6   7   -5   5   -8   6   -6   6   -4   4   -7   4   -8   10   -7   
4   5   -3   6   -9   7   2   4   -11   1   2   3   -5   7   -1   6   -3   2   -8   5   
-2   5   0   6   -7   7   1   2   1   0   -4   4   -4   6   -6   4   -7   6   1   8   
-12   11   0   9   -10   6   -9   9   -6   5   -10   12   -1   12   -10   11   -5   12   -11   12   
3   -1   1   -2   -1   -1   -2   0   4   -1   0   0   1   2   1   1   0   0   2   -3   
1   -2   2   -1   1   0   1   -1   0   1   1   -1   1   0   0   0   0   -2   2   1   
0   1   1   2   0   0   -1   4   3   -2   0   -1   1   0   -2   1   4   -1   0   0   
-5   5   -2   6   -5   6   -4   3   -2   7   -2   2   -3   1   -3   4   0   3   -4   2   
-2   0   -2   6   0   -4   2   -1   0   3   -3   3   -2   -1   -2   2   0   4   0   1   
1   -6   6   -9   7   -9   3   -8   3   -9   10   0   9   2   6   -2   3   -4   11   -5   
-3   10   -5   3   -6   10   -8   8   -4   7   -6   10   -4   9   -4   10   -4   5   -3   8   
1   -6   1   -4   3   -7   -2   0   8   2   5   -4   0   -2   6   -1   4   -2   -2   0   
7   -4   7   1   9   -1   -3   -9   -2   2   4   -1   4   0   0   -7   0   2   3   -2   
3   0   0   -3   0   -1   1   -2   2   -2   1   -1   1   -3   2   0   1   -1   1   -1   
-5   -1   -13   7   -8   8   0   -7   -7   0   -5   5   1   6   -3   13   3   4   -5   0   
0   2   -1   6   -3   3   -4   2   -5   3   -2   3   -2   2   0   0   0   2   1   5   
-2   -1   2   -3   1   0   0   1   3   0   8   2   4   2   -2   0   0   -7   2   2   
0   4   0   3   1   1   0   -4   -1   1   0   -4   -1   -2   -2   2   0   2   -1   0   
-6   4   -4   5   -7   4   -6   5   -4   3   -3   5   -6   5   -3   2   -2   5   -5   3   
-2   5   2   0   0   7   4   -1   4   5   -11   -7   0   1   0   6   -10   -1   4   4   
-6   4   -3   9   2   -2   -5   6   -6   8   -2   6   -9   1   2   0   -9   6   -7   2   
2   8   0   0   -4   11   -3   6   -8   6   0   6   -11   3   -5   4   -5   2   2   9   
2   -4   5   -2   1   -7   2   -5   2   -3   5   -4   2   -5   2   0   6   -6   3   -6   
-7   -1   -9   1   0   1   -1   2   -2   -2   1   7   -9   5   1   4   -3   7   1   3   
0   54.2324   35.4165   42.3961   59.607   31.6525   67.0454   69.4023   23   56.5398   78.4826   64.2445   50.3847   42.0179   47.1868   41.1839   40.799   43.8928   50.4005   61.0185   66.7525   60.8648   60.8912   76.0454   56.3227   45.4008   67.93   82.6375   43.8578   67.4135   66.5755   65.1664   45.8087   53.209   58.2019   68.2311   71.2541   83.5592   75.8747   70.0653   84.5549   55.573   44.0238   65.7547   63.8352   55.9102   52.5398   58.2311   69.1806   61.4367   72.4777   86.0317   41.0294   84.8982   46.8058   51.8444   65.7922   39.7697   59.0454   35.0554   
30.2324   0   64.1139   42.2132   89.1702   49.7322   93.7585   96.4693   46.6497   58.6506   106.826   66.5581   61.7419   31.2788   49.8617   69.0205   56.1096   66.0918   50.3209   89.1756   69.0661   88.7013   85.0314   93.8986   84.1593   54.2415   95.7666   95.1647   64.3814   97.6459   62.6004   57.45   55.5626   74.5035   80.9083   54.4591   72.5154   111.641   103.099   95.525   84.2977   35.2195   52.6833   94.1127   91.2168   83.8431   54.8534   44.4591   96.2086   82.4052   87.3089   89.4098   64.7113   80.5686   75.1837   32.4018   50.1548   67.6063   85.8394   40.2982   
19.4165   49.6488   0   52.3553   41.7308   42.7099   54.5795   51.4696   31.7648   60.1856   58.3365   71.1479   50.121   59.72   53.4005   29.53   42.02   34.0294   64.0425   40.4951   71.7449   42.4951   57.2476   60.607   44   51.3657   58.2311   79.482   19.8284   53.8917   74.0088   76.208   45.0179   25.0499   54.7037   82.7419   77.0833   63.0542   55.4663   46.4109   82.7647   65.7545   49.0624   46.7321   45.1448   41.3311   60   72.9464   50.6155   48.2324   65.6004   80.561   17   83.7806   35.5602   71.2609   74.0803   30.6205   48.8707   53.2488   
20.3961   21.2132   36.8917   0   78.6226   33.53   72.8234   84.8597   43.3311   34.6918   91.9307   47.1448   66.8951   52.492   30.0623   61.58   32.9737   64.2889   58.5982   71.6293   49.7131   74.8276   81.2873   73.2788   76.7188   54.8121   85.3442   78.8968   55.6699   87.8096   53.6228   55.1204   33.2788   61.9416   78.598   47.4631   81.0312   97.0073   86.4855   80.676   95.3303   53.7924   54.6497   79.2028   74.446   76.3062   44.8087   42.8806   87.5072   72.1275   73.6905   71.3385   53.8917   92.0282   57.4166   33.6491   63.607   60.1658   73.264   36.4018   
45.607   74.9533   27.7308   64.4981   0   68.231   59.9444   25.0454   59.4957   85.2531   40.4924   93.7621   61.8839   82.6869   80.8032   44.2808   66.7188   43.6356   84.5881   40.8537   93.2285   23.4721   56.2195   75.9947   33.1327   71.5307   46.1548   94.0296   47.5593   29.8102   97.3116   101.989   70.2857   38.0832   56.704   110.473   90.2499   41.8403   38.4776   29.4222   91.4393   93.4853   71.2033   31.6023   60.8378   29.0454   87.7308   100.677   31.4721   66.0983   82.5134   104.386   44.7308   95.0274   49.0689   90.7482   91.5391   46.5539   68.2311   69.535   
15.6525   32.1403   26.5707   12.53   54.231   0   63.8497   73.6569   36.3132   38.7703   80.0626   48.6784   66.0372   57.6703   28.7703   54.2399   24   58.7393   66.053   66.7267   47.6497   67.205   76.131   69.5622   68.7099   61.0532   82.941   68.9088   44.5383   78.6017   50.7567   55.3312   29.831   51.2025   73.8544   59.0488   81.3573   84.0568   76.4689   67.4135   98.7912   56.2099   56.8898   68   59.6508   66.041   36.9737   55.4106   75.3254   57.9285   54.6962   69.1041   41.7099   95.8157   57.1448   46.0799   73.9781   55.4222   57.8973   31.434   
52.0384   78.4474   38.2753   58.8218   44.9444   46.5725   0   56.2173   70.0401   72.2037   57.2279   74.9073   88.3963   94.0563   73.1218   67.8053   59.8497   72.3047   102.318   44.095   71.8035   68.4165   92.9527   37   69.8659   89.641   91.0992   49.0143   56.6005   65.7604   76.1378   86.5612   61.72   54.1729   92.979   96.7186   115.359   58.1448   45.1448   54.311   121.04   102.477   87.3378   57.1214   35.1803   73.9898   68.2037   86.7186   65.4131   32.7047   50.8568   66.0977   55.2753   122.056   47.7697   92.4709   106.542   68.8958   33   72.4603   
52.4023   82.4621   33.2415   69.814   11.0454   58.5235   39.2173   0   64.1484   91.4098   33.0711   100.831   70.5788   92.0592   85.7842   53.5018   74.4036   54.681   93.2781   39.105   95.8311   32.7809   63.6148   71.3363   41.4129   79.9365   53.4504   88.2316   52.212   27.9012   104.773   107.078   77.4015   49.1286   64.3081   113.588   98.9682   28.2066   32.6619   34.0711   99.2912   98.1381   80.7672   31.6569   47.1603   38.224   91.955   103.588   24.2956   59.0488   80.4131   99.3807   49.3836   98.0536   49.4109   95.6598   99.4865   52.1141   54.3363   79.4643   
4   32.6497   17.4642   24.3311   42.5206   19.3132   52.345   49.8197   0   55.1603   73.8507   67.9916   45.0179   44.4429   45.1603   39.3391   41.8035   38.0998   54.4005   57.9593   66.9629   59.0199   57.9762   77.7582   54.4778   46.1868   66.0851   82.0142   37.2927   70.94   66.923   69.1664   43.1868   42.5141   58.3275   71.7941   75.2541   78.0262   72.9305   63.8751   76.4004   58.0147   44.6469   61.2041   62.6091   54.2037   56.2869   62.2311   67.3357   62.2019   67.8015   87.0681   34.4642   72.4004   46.1496   54.2516   58.1995   37.9249   61.4072   33.0384   
33.2415   37.1618   43.566   17.6918   70.6045   18.1108   52.4309   73.4098   37.108   0   94.4565   35.1087   80.0781   68.1911   31   68.037   38.6815   74.216   76.29   75.5071   39.2127   83.2606   94.1327   65.1076   86.8207   70.9289   99.242   58.2832   62.6491   91.9757   30.8661   34.7631   40.0333   61.1699   91.4434   46.6816   96.2984   101.119   90.2675   84.5539   105.661   62.7671   63.6488   85.8098   69.1725   84.1517   25   41.6155   93.4362   61.2311   50.2415   63.2491   59.8207   103.408   61.2945   42.2488   79.2535   71.0818   64.0977   41.0799   
59.4643   89.4986   40.3113   76.8375   16.4924   65.4599   42.7551   7.07107   56.8507   80.0562   0   103.881   76.8017   99.1303   91.0067   58.2062   76.9223   60.1281   98.4622   40.1868   102.53   37.4853   68.3192   73   46.1172   85.3649   58.1548   91.7694   59.2831   32.6056   107.515   112.193   80.3682   48.2866   69.0125   120.659   103.673   22.3852   36.083   38.6491   104.027   105.209   86.9828   35.7279   48.1403   42.9284   99.026   110.659   29   61   82.0768   101.044   56.4547   105.125   56.482   102.731   106.558   59.1852   56   82.5282   
46.2385   49.3964   54.0093   31.1448   79.7621   30.6757   53.9073   81.0432   49.98   13.6015   87.2812   0   93.6795   78.5549   43.8394   81.3028   48.082   83.6586   89.743   77.6946   27.7866   92.6091   106.807   59.6005   95.1073   84.5303   109.719   57.184   66.0384   101.338   19.2426   37.9284   44.4764   74.7714   104.44   52.3766   109.9   107.228   94.2643   90.6324   119.262   76.3686   77.2502   90.1577   73.1692   95.3403   36.7047   52.1662   101.012   61.1022   52.1548   42.318   71.0093   117.005   73.6624   55.8503   92.8549   82.9104   75.0918   54.6813   
31.3847   44.911   35.7771   48.5077   44.911   47.0106   73.9256   55.5788   28.0179   64.0781   61.3922   77.3886   0   45.7019   69.5242   37.6335   67.8035   32.2483   41.4247   75.0538   94.6603   58.7208   33.3547   95.1314   47.0161   28.083   44.6105   109.112   49.9494   68.2445   93.9249   93.3192   69.2643   59.5982   29.2315   89.3272   42.1603   82.9611   79.2988   70.9876   57.6497   54.7205   32.2483   65.1566   80.9219   55.6395   80.9258   81.2681   68.7716   79.8777   95.7214   110.021   47.121   56.0161   68.2051   69   56.6105   39.3607   84.6478   54   
28.0179   16.2788   45.607   30.6105   67.1193   37.3363   80.0062   76.0592   28.4429   48.2701   82.8553   61.5549   30.4631   0   54.6005   65.0204   61.3363   60.7364   38.8102   86.1021   80.3236   79.6992   63.8177   98.5843   73.5862   36.3848   75.0735   106.245   60.1475   88.6337   75.5549   71.8595   63.8893   70.6569   59.6946   68.5077   50.8855   102.466   98.8033   90.4921   65.3657   29.4868   37.4536   84.6612   89.5785   72.6281   71.1322   60.7379   85.0282   84.1809   92.0325   98.7616   62.607   61.4138   72.5491   47.9422   31   63.6173   87.0633   53.1603   
24.1868   28.8617   37.3363   8.06226   65   10.7703   53.7122   69.1158   28.1603   10   76.0066   23.6008   54.4243   38.6005   0   65.0102   34.7703   65.0104   66.6605   76.1725   45.0189   75.6847   85.0779   66.4975   76.8013   61.6476   92.1168   68.2832   55.3087   87.0678   40.8661   44.7631   34.4018   61.9728   82.3887   49.6105   89.0935   94.8271   87.2392   78.1838   97.4092   56.5183   59.98   78.7703   68.4059   76.8113   30.8062   46.6155   83.4622   68.0476   60.2415   65.9188   52.4802   93.4092   65.4788   36   69.6005   63.9565   67.5296   34.5242   
23.0868   50.448   14.2127   43.4166   25.2389   36   51   34.5398   19.3132   54.037   41.1461   65.7647   23.5372   41.8808   46.1736   0   54.2861   21.5373   58.5931   49.5254   83.6497   38.5092   44.0413   74.8197   33.9672   45.3069   45.5745   88.8131   31.2643   50.4294   84.9031   85.0643   56.3192   39.2625   41.4974   89.8008   65.6975   62.7464   60.8308   51.7799   71.8385   65.5411   43.0689   47.4974   59.3575   33.693   72.8579   80.2956   46.8251   62.4451   79.0328   94.7737   31.2127   70.5743   46.2586   69.2288   64.0408   17.4142   63.0834   48.0156   
19.799   39.1152   25.0799   18.9737   51.923   7   39.8497   55.0091   22.8035   18.6815   61.7738   29.1548   50.8035   43.9659   14.8661   36.6742   0   57.8497   70.0727   61.3609   44.0832   67.575   80.6902   56.1182   69.0799   63.827   82.2487   62.5176   42.0217   73.1354   48.3974   53.4446   29.6056   50.1297   78.0009   60.3431   88.3573   83.0397   74.7561   66.3964   99.1686   61.8281   57.2672   71.812   53.6611   65.0918   43.6815   51.3836   74.3205   46.1603   48.305   63.2782   42.0799   95.2039   51.4008   50.8661   74.3555   54.0885   46.311   31.8114   
24.0832   49.0918   19.105   44.4072   28.6356   38.3275   56.356   38.6005   20.0998   56.4358   44.9444   68.6586   18.2483   39.0512   48.0104   5.38516   39.8497   0   52.6431   53.8162   83.9329   38.1661   44.7502   79.0821   32.8045   46.0158   46.2834   94.1983   34.7664   51.1383   87.0228   89.1513   58.5706   40.9485   40.8087   91.8703   60.4085   65.1337   61.2653   52.2099   69.0408   63.3814   46.7762   48.2063   61.7809   34.4019   73.5668   82.3142   47.534   63.5764   80.5491   96.8378   32.0155   65.0408   46.9675   70.0172   66.507   18.1231   67.9757   53.1382   
36.4005   31.3209   50.04   44.5982   66.1287   49.0918   87.2983   76.243   35.171   62.2415   82.5409   75.743   22.8035   15.2315   52.3259   41.9762   55.0727   37.6431   0   90.06   93.2819   75.8092   56.1582   108.135   68.2353   30.3417   67.414   114.344   66.5242   88.7813   90.7864   87.091   70.9254   75.0899   52.0351   79.6003   34.7231   102.777   98.9084   89.853   52.0161   44.7184   32.5242   85.8494   95.1848   72.045   79.0692   72.1808   85.177   95.3692   102.672   113.046   64.0425   49.313   81.3206   57.1461   32.8102   55.7662   95.446   55.6611   
44.0114   73.7902   25.4951   57.6281   23.8537   45.3431   21.095   19.105   42.72   57.6888   24.1868   63.6946   58.0517   71.0634   55.1725   34.5254   40.3609   39.8121   75.06   0   79.9839   47.3259   77.4672   53.7851   54.609   76.8608   70.0085   70.1093   45.3235   47.0062   82.9372   89.9474   57.9318   40.5242   75.7979   100.704   100.212   46.5719   38.2643   32.0416   106.364   91.2496   74.5575   39.1555   32   49.6105   77.7568   91.7445   43.4006   42   62.0114   77.0079   42.4951   103.769   35.2127   84.0906   98.5662   51.9396   45.2483   62.8774   
48.3011   53.7122   54.3323   34.7131   79.2275   32.6497   50.8035   79.8311   51.8941   17.0294   85.8662   5   79.6492   65.2993   26.8701   66.7083   30.0832   69.9214   79.196   61.9839   0   93.0397   108.781   58.6989   95.5379   87.9583   110.15   45.5753   66.469   101.314   22.544   42.9284   45.8568   76.0391   106.503   57.1403   113.328   103.896   90.896   89.2462   122.69   79.7965   80.6782   90.1332   71.8248   95.175   36.2127   47.1403   101.385   56.5933   49   41.3961   71.3323   120.279   69.636   59.2782   96.2828   84.1225   71.5296   58.0488   
41.6173   70.7248   24.3516   60.8276   4.47214   50.9215   45.607   15.0333   38.4187   67.6831   20.8806   77.3175   40.6079   62.6817   61.6847   20.8087   49.0306   24.1661   61.6847   24.7588   77.026   0   54.7851   74.2082   34.7047   65.9877   43.0185   92.7042   44.18   27.0416   96.5602   100.56   69.3694   41.0907   58.7131   105.437   82.7681   43.2399   41.4951   33.8943   86.4622   86.3497   63.8775   31.4018   48.7131   33.0711   82.9104   95.4371   25.4853   59.4626   86.56   101.767   41.3516   89.2069   52.6586   86.9525   84.8495   38.095   68.1825   65.7393   
45.8912   64.0312   42.2019   65.192   38.0789   61.131   77.0065   49.0306   41.9762   79.0759   53.2353   91.7606   19.3132   49.7695   70.0357   28.0179   63.3246   23.7065   40.6079   57.8014   93.3006   34.7851   0   102.789   43.8176   47.3963   27.4164   116.831   58.473   61.8266   108.899   111.058   82.2771   64.6551   26.1231   108.64   61.0789   75.6205   75.1664   67.5011   58.1248   74.0337   51.5615   66.1868   83.1193   50.8568   97.2733   100.581   58.3192   87.2829   104.051   120.19   55.7221   60.6742   70.4518   88.3132   63.2701   41.8296   87.8378   73.3132   
54.7083   77   45.607   56.0803   58.1808   45.0999   15   53.6004   56.0803   45.5412   57.5587   43.6005   80.9938   81.5843   49.4975   59.5483   38.1182   64.6607   91.0824   34.7851   39.6989   58.1808   86.977   0   82.71   95.1124   99.0618   43.0787   60.2217   79.2184   62.1527   71.8079   60.8192   53.9871   99.8999   90.2175   122.69   73.0762   60.1448   64.5711   128.372   99.2947   92.4029   68.0397   45.7879   78.0642   58.1406   82.2327   77.8533   30.5563   28.8661   54.6228   62.607   125.508   53.5576   85.4975   112.474   76.2275   42   69.9296   
40.1622   66.8506   27.1662   60.4401   15.1327   52.345   55.8659   26.1725   36.4005   70.1142   31.0644   81.0987   31.0161   56.5862   62.8013   17.088   52.0096   17.8045   53.2353   35.609   81.4985   11.7047   23.0868   67.424   0   59.0992   41.4012   100.745   46.9946   36.7228   100.341   100.47   72.0004   49.0689   46.1948   105.883   73.1764   51.2215   51.8477   42.7924   78.1378   81.1312   60.1569   43.1065   60.4178   31   86.9966   96.5529   33.1172   69.1536   90.6831   105.811   44.1662   82   57.3553   83.4471   79.9368   31.5529   64.6063   65.1036   
26.4008   33.2415   37.3363   39.8121   52.9245   41.0366   75.1864   62.9365   24.1868   56.6039   69.2892   70.1783   12.083   18.3848   46.6476   28.6356   46.0977   24.3516   13.3417   62   73.0068   48.4665   31.3847   80.1124   40.4969   0   56.6935   106.201   57.1647   75.4898   87.4206   84.7455   63.74   62.3862   41.3146   80.3113   48.0647   89.4853   85.6169   76.5615   55.5576   45.7523   23.2801   72.5579   82.4811   58.7535   77.4539   73.3993   71.8856   85.5687   91.9883   109.376   54.3363   51.5576   70.3364   56.3113   42.6155   42.4747   84.4463   57.2252   
51.0882   73.5391   42.0595   71.3442   29.1548   65.123   72.1803   39.3954   47.0956   83.2166   42.45   95.0368   30.6105   60.5392   75   29.2746   65.9242   27.0185   53.0377   51.6624   95.901   27.0185   13.4164   83.8153   16.4012   42.4382   0   117.146   59.8036   46.7603   111.662   113.452   82.593   63.9585   33.4012   115.369   68.4782   62.2597   65.1093   58.577   64.8365   85.3309   62.8587   53.4504   75.7316   39.2603   98.6039   106.413   43.1548   85.5548   105.586   121.875   57.0527   74.0906   72.0047   91.3692   76.6865   43.1603   81.0075   74.1332   
64.6375   80.5233   60.6053   59.4811   77.1622   51.4296   35.0143   73.3485   67.0075   44.2832   77.5242   36.4966   94.1116   88.6397   51.6624   74.8131   45.2769   79.511   100.344   54.3415   31.5753   76.6942   102.801   20.025   85   91.022   101.213   0   78.0166   99.2434   54.1193   69.8792   61.618   71.0519   115.309   88.7156   132.787   93.1012   80.1591   84.596   143.37   107.05   102.544   88.0647   65.8129   95.5195   61.4872   78.7156   97.6441   50.5813   32.2127   31.8661   77.6053   139.408   64.6488   86.532   119.632   91.2258   61.1386   77.0883   
17.4929   47.7074   2.23607   34.6699   29.9666   24.3516   38.6005   35.3836   15.8114   41.4367   42.45   52.0384   35.8469   44.1475   35.1141   15.2643   23.0217   19.8494   49.163   26.9258   52.469   26.5707   43.2666   45.2217   29.0689   36.6742   43.6807   59.6657   0   53.5899   71.2811   76.0517   44.8463   27.2859   54.6305   80.8684   76.9117   63.5902   57.0777   48.647   82.5932   64.7695   48.8909   46.5606   47.3809   41.1595   59.8284   71.3632   50.4439   49.5851   61.8039   81.6744   16.8284   80.6408   37.7963   60.2964   73.0091   32.6786   47.0161   39.0832   
53.4135   82.7345   35.3553   72.2011   7.81025   61.7414   47.927   9.21954   50.3289   77.7946   11.1803   86.4928   51.2445   74.6324   72.4983   32.8024   59.1354   35.8469   73.0068   27.2029   85.7088   12.0416   42.107   61.9839   20.3961   59.9333   31.3209   81.4923   37.5899   0   105.122   109.8   78.0959   45.8934   58.0116   117.474   92.6688   33.5655   39.6155   34.6525   93   97.2594   75.8713   29.9012   50.7696   31.4642   93.5853   107.479   19.6056   68.2683   89.2143   104.211   52.3553   100.888   54.1283   97.8863   96.8432   50.1366   63.5559   76.6731   
48.0833   48.6004   57.0351   31.6228   83.1865   32.7567   58.1378   84.7703   51.923   14.8661   91.0824   4.24264   78.924   61.5549   24.5967   68.3593   32   71.0211   76.0592   67.624   8.544   80.6226   93.8616   47.8017   84.006   71.1969   97.6217   40.025   55.0091   90.0278   0   24.198   48.0689   76.036   106.285   55.0666   110.782   111.471   98.5069   94.8751   120.527   72.6281   78.5148   94.4004   77.4119   96.1686   39.0357   51.7386   102.476   65.1373   53.2866   42.0179   71.8375   118.006   73.3624   57.1149   92.5549   85.7736   67.2541   55.9459   
48.1664   42.45   60.208   29.1204   87.3613   34.1321   66.4831   90.0777   52.1536   16.7631   96.6644   13.9284   77.6209   56.8595   24.0208   70.0643   35.4401   72.0278   71.8679   73.9256   18.6815   84.4038   93.9042   57.1402   86.4696   68.7095   99.0051   50.2195   58.0517   94.5569   10.198   0   54.0156   77.933   106.368   39   106.591   117.882   107.031   101.317   117.477   65.6624   75.4654   102.132   85.9355   98.0119   39.3576   32.1245   105.761   75.0305   63.4847   52.2159   74.8801   115.98   78.0575   53.241   87.8595   87.4785   77.4521   57.8429   
20.8087   37   28.2843   16.2788   55.3624   5.83095   42.72   58.5918   24.1868   15.2971   65.3682   26.4764   52.1536   43.0813   11.4018   39.3192   3.60555   42.2019   54.9181   43.9318   27.8568   52.3927   65.4599   40   55.0091   46.669   68.593   45.618   26.1725   62.6259   29.0689   32.0156   0   53.3341   79.0105   56.8277   87.1882   84.6419   73.0339   70   98.0366   62.0409   57.7202   72.7331   57.2666   67.2398   38.0333   46.8277   76.6164   49.7658   51.9105   65.4264   43.0009   96.5871   53   47.4018   74.0813   56.4475   49.9165   32.2643   
28.6356   58.6686   10.0499   43.8634   24.0832   32.2025   29.5296   26.4197   27.2029   47.1699   33.2866   55.7315   44.5982   55.5428   42.72   21.4709   28.6356   26.8328   60.0083   15.5242   55.1453   22.0907   48.1041   38.9487   29.0689   47.1699   45.2769   55.9464   11.4018   30.8058   59.2284   63.9062   32.2025   0   62.9683   88.2393   86.7585   54.6262   48.6007   47.5658   92.8146   75.8044   59.1123   48.0238   37.3776   44.6982   67.9472   78.2456   47.576   42.4325   59.0813   80.7204   27.0499   91.8736   25.4031   69.4185   84.1302   38.8851   43.8035   48.2053   
42.2019   59.9083   39.6989   61.2944   38.3275   57.5674   75.452   49.366   38.3275   75.4321   54.0093   88.2326   15.2315   45.6946   66.2873   25.4951   60.0083   20.8087   36.8782   56.7979   89.8888   34.7131   4.12311   84.8999   23.1948   27.313   16.4012   100.265   40.6079   43.0116   90.2497   90.0944   62.0322   46.2277   0   104.559   54.7351   73.0085   75.0426   65.9872   58.1283   69.952   47.4798   64.0977   82.5895   45.6586   94.3754   96.4997   56.3121   84.385   101.358   117.646   52.8242   54.1283   67.7762   83.2763   67.3932   38.9318   87.624   69.2315   
50.5964   32.28   67.1193   30.4631   94.8262   41.0488   82.0975   99.5691   54.4059   29.6816   106.508   33.3766   75   48.5077   30.6105   73.6817   45.3431   74.2159   63.6003   85.703   38.3275   91.236   93.2631   74.7329   90.7579   64.195   100.807   69.8713   64.8845   102.474   30.0666   20   41.7732   73.2393   89.202   0   98.3234   125.018   114.785   108.404   110.705   56.8534   73.8197   108.06   98.5185   103.712   48.3516   24   114.073   88.8025   79.9232   72.0844   81.7129   109.922   86.7008   45   79.5077   90.3662   91.6541   60.7852   
53.2541   50.6952   62.9365   64.0312   72.2496   67.3573   101.193   83.1505   51.1077   81.5659   88.5664   95.1315   28.1603   34.8855   71.5891   51.6236   72.8011   46.3897   19.7231   86.1452   98.4124   68.1175   38.0789   106.888   57.5587   26.9258   51.4782   117.89   62.6259   77.9295   95.6033   91.586   73.1095   72.2772   35.7351   82.8734   0   108.744   107.459   98.5996   32.0623   57.0595   50.2059   93.3169   108.081   80.7916   98.7923   91.8203   90.6759   108.038   118.909   132.769   75.2812   28.0623   93.3572   76.8692   40.3607   64.5128   109.642   75.3841   
64.5368   94.6414   45.2769   81.5659   21.8403   70   44.1022   12.2066   62.0081   84.119   5.38516   90.824   66.7083   88.193   80.4487   46.5188   66.0379   50.3289   87.9204   27.2029   89.1852   26.2488   58.0775   59.0762   36.2215   74.6726   46.8722   79.1012   47.3814   16   94.7048   100.623   69.6419   37.8021   59.0085   111.018   93.771   0   33   36.6433   108   110.345   89.5844   40.8045   53.5255   47.4642   96.2922   115.795   34.3852   62.6621   87.462   104.211   61.5902   110.26   61.6174   106.634   110.56   63.933   61.3852   85.4213   
56.9386   87.1321   37.5899   72.1803   22.1359   60.1082   31.1448   11.6619   55.0091   72.9452   12.083   78.7909   65.0308   82.6378   70.1783   42.5793   55.4437   47.2652   84.5281   15.2643   76.896   25.4951   60.1664   46.0977   37.108   71.1969   50.9902   66.1211   39.4462   20.6155   82.7647   89.1852   59.0339   28.6007   60.208   100.767   93.0054   13   0   34.0554   109.895   103.344   85.6482   30.1421   41.095   49.8829   90.5399   105.862   35.9545   52.4006   73.4774   92.2723   54.5899   109.715   50.0689   98.0192   106.62   59.9936   47.4006   76.806   
48.8262   79.0569   29.4109   65.1153   14.4222   53.4135   32.311   7.07107   46.6476   67.5352   12.6491   74.6324   56.0089   73.9256   63.8201   33.541   49.3964   38.2099   75.505   12.0416   73.2462   17.088   51.8652   46.5725   28.7924   62.1691   43.566   66.2873   31.4006   15.6525   78.4347   84.0952   53   21.2603   51.6624   94.4034   84.0238   16.6433   9.05539   0   101.436   95.1654   76.6099   21.831   39.1896   39.0416   82.7951   99.5058   31.3667   54.0416   74.0357   89.0495   46.4109   99.5862   46.6634   90.4199   97.5818   50.9552   52.2655   69.4656   
61.5549   62.2977   68.4251   74.3303   73.2462   76.4199   106.513   84.2912   58.8982   91.6079   89.0225   105.209   32.6497   46.2385   81.6088   55.7136   81.3449   50.3289   31.0161   89.8443   108.231   69.4622   36.1248   113.534   58.1378   35.3836   48.8365   125.877   68.4763   78   105.948   102.474   82.0366   77.0779   35.0143   94.5569   12.0416   94   94.8947   86.1452   0   69.1011   58.6637   96.7527   112.11   80.6729   109.021   103.197   91.255   112.527   126.7   140.459   79.7706   22   97.2964   88.1622   52.4023   68.452   113.282   86.6497   
32.573   9.21954   51.4782   28.7924   74.8131   38.2099   83.3847   83.2166   34.0147   45.6508   90.1388   58.2495   39.9249   9.48683   36.7696   49.679   45.1774   47.3814   23.1948   76.5506   62.434   70.4344   59.2368   83.2947   65.1153   27.8568   69.8355   88.2326   49.7695   82.4621   57.6281   51.6624   43.566   61.0983   55.1543   40.8534   42.0595   95.4149   89   80.5295   53.8516   0   39.4722   92.4866   95.3539   81.7834   64.0729   51.6197   94.515   88.1237   91.1864   95.8413   62.7545   64   78.3246   41.6213   40.4868   65.5045   91.4884   46.0167   
21.0238   26.6833   35.0571   32.6497   54.2033   34.7131   71.8471   63.561   19.6469   49.6488   70.214   63.2456   18.2483   13.4536   39.6611   29.0689   40.2244   25.807   15.5242   60.407   66.2193   49.7393   37.3631   75.6108   43.1856   7.28011   47.4131   85.44   34   61.5873   64.1405   61.4654   40.4599   45.0999   33.2415   57.0789   32.6497   75.5844   70.8802   61.9839   42.0119   22.4722   0   74.0133   80.2019   60.2089   70.4673   71.1424   73.341   81.8488   87.4484   101.841   50.8284   54.9487   65.7965   59.0851   42.0238   43.9301   80.0692   44.4558   
46.7547   76.8375   27.5862   64.2028   8.60233   53   37.1214   5.65685   44.2041   68.1542   12.7279   76.1577   51.1566   70.6612   63.6318   29.4109   49.6588   33.7343   71.3092   16.1555   75.1332   11.4018   46.1736   50.9215   23.0868   57.9741   37.7359   70.342   29.7321   11.1803   79.8123   84.8646   53.2259   21.0238   46.0977   94.0319   79.0063   17.8045   14.1421   5.83095   80.7527   77.6981   58.3095   0   41.9422   32.4391   81.7308   99.2693   29.9525   58.1555   78.1669   93.1634   44.5862   98.7751   41.5153   90.0285   93.4517   46.8251   53.2053   68.8153   
47.676   76.2168   31.1448   58.1808   33.8378   45.6508   11.1803   28.1603   47.1699   55.1725   32.1403   59.1692   65.8027   75.5381   54.4059   42.3792   39.6611   47.7598   81.1542   10   56.7979   34.7131   67.1193   25.4951   45.3431   68.469   61.5224   45.3982   32.0156   36.7696   63.2851   70.6045   43.0116   21.3776   65.8635   84.2912   93.6216   34.0588   21.095   21.1896   98.0816   80.05   66.0076   25.9422   0   58.3609   69.5796   89.8393   52.4559   31.4403   52.5171   71.4847   48.1448   112.656   39.0294   86.6612   105.025   59.7935   26.4403   66.9215   
38.9102   66.8431   24.0208   58.8727   11.0454   50.01   50.9313   22   35.3553   67.4759   27.4591   78   33.9559   57.6281   60.6383   16.4012   49.0918   18.6011   55.5428   30.6105   78.1601   7.07107   27.8568   62.6817   5   42.4853   21.2603   80.4984   26.0768   17.4642   81.0555   84.0119   52.2398   24.6982   27.6586   89.3197   61.2046   32.7567   32.5576   24.0416   62.3939   65.7951   44.4072   18.4391   40.3609   0   84.0208   96.6969   32.5563   66.5337   83.7791   104.582   41.0208   81.787   50.1013   84.1729   80.442   32.2788   66.8012   64.4168   
34.5398   40.8534   43.1045   20.8087   69.6348   18.9737   49.2037   71.8679   38.2753   4   78.3901   11.7047   65.7419   51.4004   12.8062   54.3323   18.0278   57.0701   65.0692   55.5698   14.2127   66.9104   80.0812   41.7852   70   58.8218   83.6002   40.3113   41.0488   76.6551   14.0357   18.3576   15.0333   45.8803   76.5376   33.121   84.22   82.2922   70.8308   65.7951   94.0213   49.1935   52.0096   66.7308   52.4976   67.1193   0   38.3516   91.4927   53.2099   50.2746   48.6497   57.8772   106.215   65.2945   46.2488   81.4003   71.4808   64.3387   45.0799   
41.2311   27.4591   57.2451   20.8806   84.9706   31.0644   72.7186   89.5879   45.1221   20.6155   96.5194   27.1662   67.2681   42.9535   20.6155   64.2884   35.3836   65.1153   58.1808   75.743   32.1403   81.4371   85.0059   66.1287   81.3204   57.0701   91.9239   63.0714   55.0091   92.5905   24.7386   16.1245   31.8277   63.2456   81   10   77.8203   101.02   90.7855   84.4038   89.1572   36.6197   49.8197   84.0595   74.5185   79.712   24.3516   0   103.443   77.5615   70.8571   66.7565   71.8375   100.493   78.2972   40.088   72.6039   80   81.6946   55.1397   
50   79.2086   32.2025   68.9638   4.47214   58.6941   47.4131   10.2956   46.8615   75   14   84.0119   47.8017   71.0282   69.4622   29.2062   56.3205   32.249   69.4622   26.4008   83.3847   8.48528   39.3192   61.0983   17.1172   56.3649   29.1548   80.3617   34.4384   3.60555   87.4757   91.7606   59.7746   28.2843   40.0125   99.2975   74.6726   19.105   21.9545   15.6205   75.0267   78.8733   57.9828   10.2956   36.2353   13.9284   73.9797   89.4427   0   63.2969   85.3487   103.409   49.2025   94.1408   50   92.8162   91.7948   43.4109   59.2719   73.5215   
41.4367   66.9104   30.2324   47.1275   43.9659   34.9285   11.7047   41.0488   42.2019   41.2311   46.0977   44.1022   65.8635   69.1809   42.0476   44.0454   28.1603   49.2037   77.3692   22   41.5933   43.4626   71.4213   15.5563   52.1536   65.7875   68.5055   33.2415   30.0167   48.6621   48.2597   55.9732   31.0161   23.4307   69.3542   70.8025   92.3093   48.6621   35.9026   34.0147   98.4886   72.111   61.8466   37.4833   15.2315   47.5079   38.2099   61.2944   47.2969   0   39.0227   55.0122   46.8451   110.657   34.0294   78.0476   97.201   60.8529   28   59.9716   
50.4777   67.897   46.8722   46.6905   65.5134   37.6962   27.8568   63.0714   52.8015   33.2415   68.0294   29.1548   79.9312   75.0267   39.2046   61.0328   31.305   65.6049   86.3539   44.0114   25   64.56   89.0505   14.8661   72.0902   76.844   88.1022   14.2127   45.8039   70.5762   33.2866   42.9418   31.9531   43.0813   86.4002   61.3514   103.73   70.3491   57.4282   56.0357   111.665   75.1864   71.3442   59.4138   36.3456   67.7791   29.2746   53.3667   69.0507   22.0227   0   43   62.6324   125.202   56.0521   75.2046   105.66   77.4927   42.0768   63.1163   
63.0317   73.4098   63.561   53.3385   84.1724   48.1041   46.0977   82.0549   66.0681   36.2491   87.023   25.318   94.0213   83.7616   45.2769   77.3692   43.2782   81.4923   96.8297   63.0079   20.3961   82.9759   105.19   31.6228   89.8109   89.0955   105.475   14.8661   62.1691   89.4539   28.0179   38.0132   42.4264   61.131   102.215   58.0086   115.434   89.2749   76.3217   75.0267   124.459   81.8413   82.807   78.3135   55.2268   85.7263   32.6497   52.469   87.8237   41.0122   19   0   78.9976   137.756   75.0416   78.4979   114.05   92.7147   61.0768   74.6907   
17.0294   47.2017   3   35.3553   29.1548   25.7099   41.1096   35.3836   14.7648   43.1856   42.45   54.1479   33.121   42.72   36.4005   12.53   25.02   17.0294   47.0425   28.4429   54.7449   25.4951   40.4969   48.0104   27   34.3657   41.2311   62.482   2.82843   36.8917   57.0088   59.6825   28.0179   13.0384   37.8021   65.7419   60.0833   47.5079   40.2492   31.9061   65.7647   48.7545   32.0624   29.7321   34.1321   24.3311   43   55.9464   33.6155   32.7567   48.6004   64.846   0   80.9766   33.4642   63.1248   72.9643   29.9442   49.8446   41.9116   
58.8982   58.5235   66.7083   71.0282   73.0274   73.5391   104.924   84.0536   56.4004   88.4081   89.0225   102.005   31.0161   42.5441   78.4092   54.4059   78.6448   49.0408   27.313   88.7694   105.119   69.1158   36.6742   111.508   58   32.5576   49.7293   123.406   66.6408   78.1025   102.65   98.9798   79.2086   75.6108   35.1283   90.7579   8.06226   94.0851   94.4299   85.5862   4   50   38.9487   80.3057   96.7678   62.0725   90.9065   85.4927   75.0267   96.6023   109.202   121.631   63.9766   0   96.0045   84.4591   48.4138   67.1601   113.657   79.3817   
30.8058   60.0083   14.5602   43.4166   29.0689   31.1448   23.7697   29.4109   30.1496   44.2945   35.8469   51.6624   50.1597   58.5491   41.1096   27.4591   26.4008   32.7567   64.2806   14.2127   50.636   27.6586   54.4518   32.5576   35.3553   51.788   51.6236   49.6488   15.1327   35.1283   55.3624   60.8358   30   6.40312   52.4976   71.7008   77.4919   39.8246   29.0689   23.2594   82.7647   63.3246   49.0408   24.5153   17.0294   30.8707   42.5441   61.7171   33   17.0294   37   55.3173   17.4642   81.1542   0   75.4291   87.0071   44.8444   36.6433   54.2159   
28.8444   11.4018   47.4236   12.6491   74.4043   25.0799   71.4703   80.6598   32.249   26.2488   87.7268   38.0789   51   25.9422   19   51.4296   31.6228   51.264   41.1461   69.6348   42.4853   70.4557   69.3542   68.3593   68.4471   40.3113   77.3692   70.214   45.2769   82.201   37.2022   31.241   28.8617   55.3173   65.2763   24   60.8276   92.6337   83.8689   76.4199   72.0902   20.5183   33.1361   75.0067   70.6612   67.6018   30.0832   17.088   78.8162   59.7746   58.1378   62.3939   45.4533   68.4471   55.4707   0   56.9422   68.6141   77.9338   38.2132   
40.7922   29.1548   56.0803   45.607   73.5391   51.8941   92.5419   83.4865   40.1995   63.2535   89.8888   76.4853   30.6105   15   53.6004   49.0408   58.3095   44.9444   7.81025   81.3941   80.2808   69.0797   48.2701   95.3362   60.9016   20.6155   60.8112   103.315   55.0091   80.5295   76.3675   71.218   57.6975   66.1211   44.5982   60.9262   22.3607   95.2733   91.444   82.4621   34.3657   20.1246   21.0238   78.4474   87   63.0714   66.4003   56.6039   76.9675   82.201   89.5545   98.737   53.0848   30.4138   70.0071   40   0   63.0675   99.8376   57.5441   
23.7697   50.6063   15.6205   44.1475   25.5539   37.0135   52.3546   35.1141   19.9249   55.0818   41.6293   66.9104   22.3607   41.6173   47.0956   1.41421   37.855   4.12311   41.2311   35.6931   67.9117   21.095   26.6271   60.959   16.5529   27.8927   28.1603   76.2168   16.6433   33.0151   69.4622   71.0282   40.4475   22.8254   24.0832   74.3303   50.4876   47.0106   43.4166   34.3657   54.4243   49.5782   28.6531   30.0832   43.6578   16.2788   55.4437   65   29.4109   45.4533   62.426   78.7147   13.8924   53.1601   28.8444   51.8941   48.3839   0   60.4863   49.4298   
44.0454   70.6116   30.8707   51.264   41.2311   38.8973   8   37.3363   44.4072   46.0977   42   49.0918   66.6408   72.0069   46.5296   44.1022   32.311   49.3964   79.4292   18.2483   46.5296   41.1825   70.8378   17   50.6063   67.4463   67.0075   36.1386   31.0161   45.3542   53.2541   60.959   35.3412   22.8035   69.029   75.6042   93.6376   44.2832   31.4006   30.2655   99.2824   75.4255   63.9531   34.2053   10.4403   45.8039   43.1393   66.0303   44.2719   5   26.0768   45.0444   33.6155   97.5756   16.6433   63.9062   84.5931   45.4863   0   64.1224   
9.05539   25.2982   26.2488   11.4018   53.535   9.43398   53.4603   59.4643   13.0384   25.0799   66.5282   38.4708   39   28.1603   15.5242   32.0156   15.8114   33.1361   39.6611   48.8774   41.0488   49.7393   54.5894   53.6004   49.0408   32.0156   60.1332   60.8276   24.0832   61.2944   39.9249   39.3192   15.2643   34.2053   50.8035   41.7852   58.0517   71.4213   62.8013   55.2268   67.3573   30.0167   25.4558   53.8145   50.9215   47.5395   26.9258   32.28   57.9828   42.107   47.0106   57.3847   24.4131   64.3817   34.8855   21.2132   42.5441   32.7567   45.5412   0   
