15
50
999999 15 17 12 17 9 9 6 17 8 15 17 6 6 13 7 17 9 15 7 16 10 12 9 16 15 16 15 9 15 17 15 6 15 6 6 16 6 16 7 8 7 7 11 7 16 14 9 13 10 
0 2 7 1 12 5 1 4 5 7 7 3 4 4 6 2 13 4 1 1 10 4 6 5 2 13 11 2 5 13 2 8 1 5 5 4 8 1 8 4 2 4 6 9 5 7 10 5 7 5 
20
0   0   0   0   0   0   0   0   0   0   0   0   0   0   0   0   0   0   0   0   
-12   12   -5   4   -11   1   -6   9   -5   10   -7   6   -10   0   -12   11   -2   0   0   -4   
-1   -5   -9   0   3   -2   0   -4   -4   3   -1   0   -5   4   1   2   -7   0   4   9   
-4   3   -3   0   0   0   -2   0   -3   7   -4   6   0   -5   -2   5   -10   2   0   8   
5   9   8   -9   10   -10   3   -5   4   -2   6   -2   -2   -14   12   -3   6   -14   6   -7   
-1   8   -1   6   0   3   -4   7   -7   3   -7   0   -5   -1   -3   8   -8   7   -2   2   
-3   0   -1   4   1   1   -1   0   -6   -1   3   4   -2   -2   0   4   2   1   0   -1   
1   0   5   -4   4   -4   2   -3   1   -2   4   -2   5   -4   2   -4   5   2   3   -4   
-8   15   -11   10   -10   8   -2   2   -7   11   -2   6   -3   11   -4   1   -4   6   -14   7   
-1   -7   2   -3   2   -2   7   1   0   -4   -1   0   1   -1   0   -3   3   0   0   -1   
-11   1   -13   7   -8   11   -7   12   -9   14   -10   9   -9   8   -11   12   -14   5   -5   13   
5   7   -4   9   -6   9   -7   13   -9   4   0   13   -14   3   -7   8   -10   9   -14   5   
-3   5   -2   2   -3   3   -3   2   -1   5   1   3   0   4   3   5   -4   5   -5   4   
-3   2   -2   1   -3   3   -5   1   -2   3   -6   3   -3   3   -3   6   -5   3   -5   1   
6   3   -4   0   -7   8   -3   1   1   8   1   5   -5   -3   -7   -4   -8   0   -3   1   
5   -7   4   -2   4   -1   3   -5   6   -3   6   -6   5   -3   5   -6   6   -1   5   -3   
-11   11   -12   1   -13   6   -5   7   -6   6   -15   1   -3   2   -14   12   1   10   -12   3   
-2   3   -2   0   -3   9   -4   5   -3   0   -5   0   -7   6   -2   -1   -1   3   -5   6   
-11   14   -2   8   -4   14   -9   1   -11   8   -5   12   -7   6   -11   3   -1   6   -14   6   
-2   0   -1   2   -4   1   -1   2   0   4   -2   2   -2   1   -1   2   -3   0   -2   1   
-5   7   -3   15   -13   2   -6   1   -12   4   -4   11   -13   5   -3   10   -5   12   -12   3   
-2   -6   -3   0   2   0   -3   -3   2   0   -2   6   -2   0   -2   0   0   0   0   0   
0   1   3   4   -4   -2   -1   2   0   -8   0   6   4   -1   -1   -3   -4   0   9   -1   
-7   -2   0   3   0   3   0   -1   1   0   0   0   2   2   0   8   0   0   -3   1   
1   6   5   0   -2   0   -3   0   -8   1   -2   -1   -10   -1   -6   9   -5   -7   -4   -4   
3   -3   -2   2   2   -5   -6   0   7   4   -2   0   -3   1   -13   3   -3   -4   8   -4   
8   -4   -1   -12   4   -3   -1   0   2   -10   10   -8   3   0   11   -7   1   -6   0   -8   
5   4   -3   7   0   -4   -1   0   2   -2   3   -5   -2   -1   -6   0   0   15   -1   4   
1   0   6   -2   6   0   0   -7   1   -1   0   2   3   -3   3   -4   3   -2   3   0   
-14   4   -9   4   -11   3   -7   6   1   2   4   0   -2   -1   -8   0   -1   15   -4   7   
-5   0   -3   5   1   6   0   1   1   7   -2   5   1   0   -7   0   -1   15   -4   7   
9   -5   7   -10   -9   -3   2   -5   1   -3   4   -10   2   -11   0   -1   1   3   8   -2   
-1   2   -4   2   -1   2   -4   0   -2   3   -2   0   0   1   -1   0   -6   0   0   2   
-9   6   -6   10   -11   5   0   8   -10   15   -10   10   -2   11   -11   10   -9   13   -3   5   
3   -3   3   2   3   2   0   -3   0   0   0   -3   1   -1   -1   0   4   2   2   -1   
4   0   3   -5   0   -2   1   -3   2   0   2   0   4   -2   4   -3   2   -1   0   0   
1   8   -5   13   -6   1   0   9   15   4   -3   4   -6   2   -2   7   -1   7   -14   -8   
-1   5   -3   3   -3   2   -6   6   -3   6   -1   2   -4   4   -2   2   -5   5   -4   6   
7   -6   4   3   3   -3   0   3   8   -2   3   -14   -4   -9   -2   4   12   -1   7   1   
-1   0   -2   0   0   4   -1   2   1   3   0   0   0   0   0   -2   1   2   -1   0   
3   -5   6   -2   4   -4   3   -1   5   -3   5   -3   3   -5   4   -7   1   -3   6   -3   
7   -2   4   -4   5   -4   6   -2   0   -6   4   -5   1   0   5   1   3   -7   2   -6   
-4   5   -3   3   -2   3   -6   7   -4   3   -7   6   -5   5   -4   5   0   6   -2   6   
-6   3   -5   5   -6   4   3   7   2   7   0   0   -4   0   -5   0   -3   -1   -5   0   
0   2   -2   1   -2   5   -4   0   -2   5   -3   1   -3   4   -4   0   -3   2   -3   4   
-2   -4   1   1   -5   2   3   4   -5   0   -3   6   0   4   1   2   0   3   -3   3   
-4   3   -2   6   -3   1   0   8   -5   6   -9   2   -2   12   -4   6   -12   7   -4   2   
-5   4   -5   1   -4   0   -6   3   -1   2   -6   7   -1   7   -1   5   -5   3   -4   0   
-5   1   -4   -4   3   7   4   7   6   0   0   -1   0   -6   3   1   0   1   -4   -3   
-3   2   -8   4   3   0   -4   0   0   5   0   -1   -6   4   0   0   -1   1   0   1   
0   45.6982   58.9236   40.4307   67.4145   49.9559   86.1389   79.1262   46.4695   63.4599   34.7648   60.2616   53.8246   39.4929   53.5398   73.535   34.6491   54.2022   67.679   54.0132   41.72   83.258   80.482   56.311   79.258   62.833   52.833   58.4367   68.4367   47.4722   83.5063   57.1321   54.7131   67.679   67.8365   42.3607   36.0554   70.8941   51.3847   70.3814   46.3132   77.6952   45.4109   61.5254   85.258   71.0106   84.9365   72.1664   71.8035   68.6773   
24.6982   0   82.7454   62.3609   75.2353   70.0104   62.4533   55.7309   45.4307   56.8944   44.3607   44.3645   78.5228   22   58.72   53.5214   32.0294   77.0712   82.192   72.5206   58.3792   72.2753   59.1207   45.1359   83.9714   57.7852   50.6497   72.6956   69.5207   62.6818   63.0588   63.8771   31.3178   92.3771   40   64.6982   40   78.0089   28.0623   89.4134   47.3847   50.0588   63.9183   65.2385   102.722   57.7151   100.059   52.4197   51.6586   59.6956   
43.2666   67.6018   0   44.8403   77.1595   51.1403   126.618   117.812   73.251   78.6003   62.0847   82.1175   30.099   76.7454   76.5211   109.966   69.4091   36.2315   78.8085   41.5967   44.5121   98.5227   121.087   82.2115   84.0072   99.4464   91.0271   83.151   71.5856   43.1603   109.502   62.2616   93.5179   30.3427   104.25   39.4131   63.1041   83.943   89.6257   26.2195   70.4166   100.709   54.2947   70.1741   42.0238   96.4476   83.4622   115.433   114.048   91.0625   
23.4307   46.6154   21.8403   0   69.9381   48.7685   108.292   99.1341   60.3554   60.7902   48.7442   65.6283   35.4642   57.3609   65.3685   96.0941   49.4138   29.8924   70.697   31.0294   28.1529   79.9365   103.913   64.667   88.7308   86.2637   76.2637   81.0088   51.157   25.6158   84.3542   39.0783   77.9333   46.9258   86.6154   37.6525   52.4138   62.0212   74.6777   48.0599   42   78.195   25.6619   42.4008   60.8281   75.2228   93.3542   93.4213   95.2343   71.0882   
46.6905   60.4152   58.1378   54.7083   0   49.0192   102.871   95.0577   51.9112   101.115   57.6497   97.7377   74.0085   72.2353   39.105   80.0981   76.2094   83.2803   30.3246   85.7377   57.7852   120.816   98.6896   95.2679   31.083   60.4513   58.7043   36.6815   103.331   80.3165   120.648   92.4788   74.0339   83.2722   100.415   58.2938   57.8246   114.513   81.6847   84.3573   89   107.648   80.3702   93.8974   94.1581   107.617   31.2788   90.0294   100.11   102.459   
33.9559   56.0089   32.1403   31.6228   26.0192   0   109.309   100.803   58.1811   87.7248   46.4764   91.86   49.0606   63.0104   57.241   91.9395   68.605   56.5601   46.5153   62.6522   40.6155   109.791   104.408   88.0984   57.1023   79.8035   69.8035   61.3593   82.7798   57.2385   108.384   70.7011   81.6021   60.3113   96.0089   38.2788   57.0156   93.644   74.531   57.0122   73.6228   104.646   57.2847   74.0235   70.1507   95.2309   57.298   97.5862   92.201   99.8465   
68.1175   45.4533   111.212   91.2853   84.5931   92.3093   0   23.2195   75.5235   94.3788   84.7249   85.4126   121.942   67.4533   84.9876   41.0217   77.4827   121.178   110.797   117.974   98.7741   97.4572   31.6569   77.1664   103.006   69.1814   64.4072   88.4876   108.285   106.884   85.029   108.102   51.4536   132.741   62.2278   102.212   77.5138   113.507   56.3576   131.434   91.6094   75.0789   109.372   110.498   144.104   82.897   114.005   38   43.8045   89.9403   
59.0339   36.2353   102.201   82.134   78.0577   84.1546   9.21954   0   65.6952   87.9626   73.895   76.7923   112.859   57.2176   79.1803   38.7883   68.2635   110.918   102.033   108.756   90.7259   88.0068   21.6056   68.5461   100.803   62.4294   58.0132   77.0333   102.564   95.0189   77.514   100.112   39.4131   125.425   49.0713   98.4445   73.7464   107.385   48.5379   121.301   83.6201   75.0899   100.154   99.4923   135.675   83.208   109.336   30.1803   31.6023   77.8558   
24.1868   30.0167   58.2495   43.6807   30.6757   34   58.5235   50.6952   0   80.1786   30.7047   72.0827   75.6852   47.4307   34.8062   61.9404   49.7648   73.5731   50.9026   74.71   57.9369   91.9059   67.4509   63.8365   53.9625   43.4008   39.8045   37.6011   84.31   61.2769   91.1665   75.3095   56.0172   84.0379   70.0167   52.8378   41.1327   94.8237   53.0483   84.469   62.1741   80.0754   69.3426   85.6941   95.922   78.9335   61.9545   61.8121   69.4072   73.5483   
40.4599   40.1123   62.3939   43.0116   87.1149   70.7248   79.3788   70.8802   62.1772   0   71.0364   34.53   74.3658   61.4849   90.8734   90.0795   51.8878   64.5128   104.29   56.2242   64.3164   45.9249   92.4857   40.4165   113.866   97.8975   90.0795   97.7671   30.4222   52.3188   51.1529   39.1948   68.0817   84.1492   62.6508   69.2242   65.182   32.4924   61.0106   80.6795   37.0217   43.2062   60.1283   46.2237   87.5368   38   118.325   81.7887   87.8172   38.1421   
14.7648   30.2655   47.0106   32.0156   32.6497   26.4764   66.6483   58.1808   11.7047   55   0   68.0882   63.9444   40.3607   35.9249   70.2907   44.5959   61.9081   52.3593   63.045   39.5913   88.5602   75.2699   63.6544   62.8634   55.1055   48.1548   49.3058   76.1506   52.0147   87.1529   68.0521   56.6249   69.6443   70.1453   42.6716   26.2111   80.6408   58.1321   70.3385   54.0147   78.7414   57.6775   71.7647   89.0344   74   63.9285   73.5168   71.9215   73.8179   
37.7359   30.3645   68.1175   47.0425   83.7377   70.7743   67.0522   58.6941   56.2228   12.53   51.0882   0   79.7192   52.0532   87.013   79.4144   45.6125   72.4646   103.447   63.3839   68.3746   43.0471   80.0967   26.2462   110.185   87.5612   79.4144   88.8131   42.9522   56.3769   41.6398   51.7248   57.4166   88.2074   56.121   73.2824   65.9318   45.0224   50.3456   84.7376   41.0799   41.2931   61.7732   55.5296   97.3894   28.4868   115.017   74.1887   68.8035   29.1231   
39.8246   63.8122   5.09902   17.4642   59.0085   33.0606   107.935   98.8585   56.4358   57.3149   44.9444   63.1981   0   74.8251   79.6287   109.195   66.8781   34.2956   72.4282   43.7231   42.4131   92.9415   118.321   80.4091   89.1063   99.0945   89.0945   80.2193   65.1275   43.08   100.558   54.171   90.5185   32.8995   103.812   44.5121   65.3431   71.3847   89.0282   31.3186   56.6394   95.6593   43.1262   59.865   47.1228   87.5045   87.1969   110.886   111.628   82.1193   
17.4929   8   60.7454   40.3609   53.2353   48.0104   50.9313   41.7732   23.4307   41.4849   22.3607   33.6155   57.2014   0   58.237   52.6264   38.3417   70.2533   74.3334   67.7045   56.2603   72.7913   61.567   50.807   77.3932   58.8329   48.8329   61.0318   71.0104   60.8021   67.7397   67.643   33.8045   82.6599   48   53.2173   35   72.4358   35.8924   78.5368   53.1603   58.0588   59.1022   65.9318   88.9667   58.2311   83.1158   47.1448   53.4215   54.6197   
34.5398   42.72   60.5392   50.04   19.105   31.241   66.0984   59.2115   12.8062   74.0945   19.9249   68.7677   59.7746   36.2353   0   63.9763   60.327   77.7107   41   81.0694   52.2156   104.712   80.2572   76.6427   45.2947   48.4008   41.8403   34.0711   92.2314   71.9396   102.966   85.1279   54.025   85.357   79.2173   53.108   41.9422   100.566   57.0813   82.3081   73.9396   92.7788   75.7019   91.6896   101.392   91.7397   47.6155   72   77.037   86.3545   
53.535   36.4966   94.7945   76.844   61.9839   72.2011   23.0217   18.7883   38.2753   76.0592   48.1664   65.0692   92.1954   38.6264   43.9659   0   68.526   105.697   84.9659   106.331   87.7576   99.6825   35.6469   76.172   82   38.2132   46.1359   62.4166   105.584   99.1783   88.3514   97.1685   45.2036   117.811   56.3453   87.7248   68.8615   108.552   49.0689   114.265   83.8813   75.3514   97.7286   98.28   127.593   86.9916   91.5814   31.7648   34.2094   87.3702   
12.6491   17.0294   52   30.4138   58.1378   46.5725   62.482   53.2635   31.7648   30.4138   25.4951   25.6125   47.8539   13.3417   43.8292   51.8652   0   60.3063   76.9508   58.4599   54.0172   68.6595   74.2167   44.6977   84.2965   71.1536   61.19   66.0803   54.002   47.1631   67.2523   48.3585   46.4138   73.5014   54.2753   50   33.3848   62.9062   45.0916   69.3783   31.8661   65.0789   49.8904   49.5941   86.8905   54.0993   89.4166   60.4865   66.7632   53.4109   
37.2022   59.5483   15.2315   13.8924   64.7765   39.5601   104.652   95.462   57.2451   48.0104   45.5412   54.9181   10.2956   53.7587   62.6498   90.6973   42.8019   0   80.3954   28.434   42.0454   84.8978   115.326   72.3074   92.2445   100.035   90.0351   83.4622   55.648   37.224   93.2243   43.5694   87.5632   32.4924   95.1311   41   66.3063   66.5123   87.0036   28.3693   49.0209   90.0612   30.1529   46.2843   38.2132   83.405   96.0554   100.904   107.18   78.6941   
49.679   65.192   56.0357   55.0364   6.32456   24.5153   90.7965   84.1487   35.9026   89.8053   36.3593   87.2009   57.4282   57.7754   25   68.2495   61.6117   64.0312   0   86.0657   58.5441   124.92   103.354   95.9938   29.0384   66.7032   63.3897   43.0061   105.327   76.9016   123.512   94.1147   79.025   83   103.022   62.7941   62.5704   113.202   82.0813   81.5275   90.2681   113.973   80.6983   97.4371   94.666   110.359   35.3178   92   102.037   108.783   
37.6962   57.4891   24.5967   17.0294   71.3092   47.0106   102.942   93.723   60.0167   40.1995   48.5077   48.3839   19.7231   52.6972   67.0075   90.824   40.4599   9.43398   71.1688   0   45.1823   73.0339   112.353   68.6488   100.207   99.8662   90.5291   92.8962   46.1124   41.2315   84.4468   34.0294   86.5017   41.9264   92.0263   50.434   60.8803   53.9473   85.5514   37.8033   51.0185   83.4057   35.6023   40.025   47.6472   71.2939   102.588   99.8421   100.147   74.923   
17.72   42.3792   26.8701   13.1529   41.7852   20.6155   84.6286   75.7166   32.2025   50.2494   20.5913   51.2445   24.4131   34.9285   37.2156   67.9412   29.0172   25.4951   42.5441   30.1496   0   87.7711   95.0569   68.5184   69.8516   75.6032   67.7393   68.8369   64.3099   36.3576   87.7631   52.2278   68.733   57.2127   82.3792   25.099   39.2603   75.1742   69.1048   53.0896   47.2947   89.6268   38.8149   55.5537   58.7214   79.7313   73.064   81.6375   88.35   74.3624   
58.258   50.9902   82.0366   62.9365   104.738   90.05   81.3019   74.0068   77.6209   19.9249   72.1388   21.4009   76.9415   54.9181   90.1388   83.5464   46.669   67.3647   107.935   59.0339   69.7711   0   92.9479   44.1548   130.966   107.855   98.9144   110.214   47.0644   72.2436   35   58.1152   77.9441   97.1505   62.3169   89.1491   80.0538   43.0799   70.9969   95.1277   56.9466   42.3665   71.2707   55.1152   98.3893   29.5602   136.017   93.3576   90.2045   40.3576   
62.482   39.8246   105.603   85.6329   80.2247   87.0919   5.65685   3.60555   53.4509   74.3303   61.2699   62.0967   102.303   45.2769   61.5224   19.6469   56.8507   98.9949   86.3713   97.3088   79.0569   77.0584   0   72.1516   101.647   57.8601   57.05   80.6389   104.753   98.6244   81.0094   102.608   43.0187   127.909   50   98.4943   77.3519   106.823   52.1435   123.786   87.2093   68.0094   103.743   102.088   134.244   86.3877   109.138   33.7859   35.2079   81.1691   
32.311   22.1359   67.082   45.3982   77.201   66.0984   60.1664   51.5461   48.8365   19.4165   44.6542   8.24621   62.3699   25.807   61.5224   57.0088   19.6977   55.0273   80.9938   49.6488   47.5184   29.1548   55.0273   0   102.799   79.9211   72.7856   85.7781   49.8387   64.6231   45.2947   50.5576   51.2278   86.4804   49.6586   69.6977   53.0825   51.9089   49.1603   82.3573   49.3261   34.0263   61.1545   47.5576   93.2405   36.733   107.408   64.4072   59.4166   36.8167   
58.258   69.9714   69.0072   66.7308   12.083   37.2156   89.0056   83.3847   39.9625   98.7168   43.8634   94.7945   70.2567   63.2456   27.2947   66   69.2965   76.4853   13.0384   83.2406   53.8516   115.966   85.1469   87.9659   0   72.0999   63.5412   48.7646   114.378   88.2672   130.261   104.562   81.3197   95.3552   106.512   66.2445   69.2369   124.504   84.376   94.2278   97.8781   118.73   92.3927   104.944   106.241   117.863   24   94.1485   94.4292   113.511   
48.6621   41.7852   84.3801   69.8928   42.3792   57.28   44.1814   39.5601   26.4008   81.0247   38.0789   72.111   82.7647   39.6232   26.4008   21.2132   52.1536   83.5703   48.7032   85.8662   58.6003   92.7038   40.7922   63.9062   45.0999   0   30   40.7697   106.156   84.8308   100.284   98.1523   45.8058   107.723   77.5585   79.2386   61.025   112.059   59.2156   108.417   84.0197   91.8439   94.073   101.748   117.322   93.8499   68.0865   52.978   55.4226   88.4648   
38.833   32.6497   76.0263   60.5392   40.1995   50.8035   44.4072   38.0132   17.8045   71.3092   29.1548   62.7694   74.0945   29.8329   21.8403   22.1359   42.19   74.3236   46.3897   76.243   49.7393   83.6301   40.05   54.626   45.5412   10   0   45.0227   92.2334   79.0814   94.0005   90.5485   38.4307   98.7991   71.0918   69.614   49.3645   102.269   53.0689   99.4933   74.0561   82.7084   84.2439   91.7842   108.461   85.6921   69.4558   53.9008   48.9559   80.307   
41.4367   47.634   66.7308   57.0088   18.6815   36.3593   66.1891   60.0333   18.6011   80.6226   26.9258   74.8131   66.2193   41.7253   7.07107   43.4166   50.2494   69.4622   25   74   44.1022   96.2133   62.0081   67.3573   23.7697   23.7697   22.0227   0   99.3025   78.9405   109.465   92.199   60.4535   92.428   86.2883   60.179   49.0133   107.567   64.1524   89.3792   79.7454   97.6928   82.6707   97.6902   102.824   97.4877   47.7697   72.4876   70.9786   92.1025   
41.4367   48.8365   52.2015   35.805   86.2844   66.468   91.2853   82.4621   65.2534   14.4222   56.0803   26.1725   47.1275   48.0104   75.9605   85.3288   35.0571   37.108   88.0057   28.2843   46.0109   31.0644   86.0058   31.3847   98.27   87.2067   77.2334   82.8734   0   42.4253   62.3792   35.083   80.1543   69.469   77.0731   64.2096   68.4419   30.3137   75.4328   65.4773   42.1359   57.6284   41.4951   34.434   72.3517   50.8105   117.563   91.3303   90.8013   45.4253   
22.4722   43.1393   28.1603   7.61577   60.0083   38.2884   88.459   79.2465   45.2769   35.4401   34.0147   40.0125   23.3452   37.8021   53.2353   75.6637   26.2488   16.6433   60.9016   15.2315   18.3576   55.3624   82.807   39.0512   72.0902   70.8308   61.131   60.2993   28.4253   0   79.4391   37.0294   71.6066   46.9531   80.5241   43.4566   48.8058   58.739   71.2016   43.6356   36.2971   73.0775   33.2777   39.105   54.8565   66.3852   91.1798   84.9469   91.2237   61   
59.5063   46.0109   90.0056   69.3542   104.293   93.0484   69.029   62.514   75.1665   28.6356   71.8679   22.561   85   51.7397   87.9659   74.3303   46.9574   76.1643   108.227   68.7314   73.7631   15   65.2763   27.2947   114.809   86.2844   78.0064   93.3809   42.3792   62.1289   0   65.8365   75.72   106.882   51.5254   95.8434   80.3422   55.833   69.4005   102.849   63.6409   33   78.992   62.8365   109.172   40.1529   134.702   82.9006   77.5155   37.4391   
34.1321   47.4236   40.2616   24.0832   76.4788   55.3173   92.1141   83.006   58.3095   23.1948   48.0521   32.2025   35.171   44.643   67.9117   83.1685   31.3209   25.318   77.6981   17.0294   35.2278   42.107   86.6083   34.8281   88.5494   82.1523   72.1734   74.9533   12.083   17.0294   51.788   0   77.407   57.8104   77.1082   57.7111   60.566   37.6155   71.231   53.6873   33.0312   64.8539   30.4164   17   62.4849   60.6893   107.758   91.7879   89.4312   57.5084   
34.7131   14.3178   77.801   57.9828   59.0339   60.8769   33.4215   24.4131   29.0172   54   34.4819   43.4166   74.5185   17.8045   40.025   22.2036   30.4138   71.5052   64.6297   70.4557   51.3128   62.9365   27.8029   35.2278   66.7308   30.8058   23.4307   43.0813   63.1506   55.6058   55.5698   61.4654   0   100.464   43.207   71.0218   46.4138   84.2692   21.0711   96.3413   61.7025   64.3766   76.8547   78.4654   106.771   66.3839   87.6405   38.4536   38.5529   69.1221   
49.679   73.4983   8.24621   26.9258   66.2722   40.3113   117.796   108.706   66.0379   64.0078   54.6443   71.0211   9.89949   67.0075   68.7095   102.069   57.3062   16.1245   64   24.1868   34.2053   83.1505   112.161   70.8802   77.0065   92.2822   83.7616   74.9466   52.469   31.9531   92.2659   41.0488   84.386   0   111.256   47.6593   71.3503   75.8466   97.8719   26.1231   64.1275   104.906   46.2775   58.0488   40.0384   95.4806   91.7084   114.152   120.429   92.0188   
48.8365   25   90.2497   68.542   83.8153   81.0062   35.2278   28.0713   53.1601   45.6508   55.1453   33.121   86.0058   33   65.192   40.7063   38.2753   80.1311   89.0225   76.0263   66.4906   46.0977   31   27.6586   92.3093   55.8659   49.4065   68.8767   58.8218   63.5295   34.5254   62.2415   26.0768   95.2733   0   86.2173   65   78.1433   44.1359   107.165   70.1414   43.0227   88.1658   75.2163   118.344   51.7567   112.807   47.5211   42.1359   51.311   
22.3607   46.8402   24.4131   15.6525   39.2938   16.2788   88.2043   79.404   33.8378   55.0727   22.6716   56.3205   22.8473   39.2173   37.108   70.7248   34   26   39.3954   32.0156   5.09902   74.686   82.6801   52.6118   51.2445   60.0333   51.614   43.7379   50.2096   22.0227   78.848   39.0512   55.0727   32.249   71.1969   0   44.3593   76.6668   73.7454   46.3847   52.3937   86.6381   41.3144   56.0512   57.6578   79.8027   70.5726   86.3622   92.6389   79.4401   
9.05539   24   48.1041   30.4138   39.8246   32.0156   63.5138   54.7083   15.1327   48.2597   7.2111   43.9318   45.3431   16   25.9422   46.8615   18.3848   44.2945   43.566   45.8803   21.2603   65.0538   57.9828   37.4433   50.9117   40.025   30.3645   32.6956   50.2892   30.8058   64.6607   43.1856   30.4138   55.2268   49   24.6982   0   78.1816   51.4849   71.0829   47.1603   68.626   54.4663   57.566   78.8999   70.0192   71.1034   63.1448   61.9574   64.634   
51.8941   56.0089   62.3939   47.0106   97.3499   77.7817   95.8175   87.3613   75.2728   16.4924   66.6408   28.7924   57.3847   56.4358   86.406   92.2659   44.1475   47.1699   99.2018   37.9473   57.3149   25.0799   90.802   35.9026   109.293   96.026   86.1452   93.2309   11.3137   39.6989   38.833   23.0217   70.1142   61.8466   61.7414   61.5224   60.5392   0   77.5031   75.5392   47.6497   59.6986   52.8088   40.0217   78.0339   51.6105   128.629   94.2309   95.3095   54.6346   
31.3847   8.06226   74.6257   54.037   61.6847   60.531   37.5366   28.3196   31.0483   47.0106   34.1321   36.3456   71.0282   13.8924   43.0813   29.0689   25   67.2086   66.9403   65.437   48.7545   55.9732   31.8904   28.1603   70.2638   37.2156   29.0689   47.0106   56.5155   50.9313   49.0918   55.4617   7.07107   80.8022   22.1359   52.9245   28.8617   63.1981   0   92.4293   55.447   53.4005   71.8507   72.4617   102.859   60.4367   90.6968   33.3576   40.799   61.0789   
47.3814   70.8025   9.21954   24.2074   67.0298   41.0122   115.434   106.301   64.8845   60.0333   53.3385   67.2681   8.544   64.5368   68.3081   100.265   54.3783   12.3693   65.123   20.0998   32.7567   79.1012   109.786   67.3573   78.0577   91.2414   82.4924   74.7262   48.3735   28.6356   88.3629   37.0135   82.0731   4.12311   92.1303   31.3847   53.4135   57.7235   78.2432   0   59.6578   101.384   42.5223   54.0135   34.3693   91.3936   92.6818   111.601   115.371   89.6356   
19.3132   31.3847   43.4166   22   65   47.7074   76.6094   67.424   43.1741   23.0217   34.0147   25.0799   38.6394   28.1603   53.8516   66.7308   14.8661   31.3847   67.2681   27.0185   27.2947   42.4853   71.0282   23.7697   76.844   66.0076   56.0089   60.7454   22.1359   15.2971   47.5184   16.4924   45.1885   47.1275   49.0918   32.2025   28.1603   32.6497   39.4462   43.6578   0   57.796   34.868   33.4924   69.5979   50.5399   96.2788   72.8037   72.8218   45.1548   
50.6952   34.0588   85.7088   64.195   93.6483   84.6463   57.0789   50.0899   63.8201   29.2062   61.7414   18.3848   80.895   40.4969   76.6094   61.3514   38.0789   73.0068   97.949   66.7308   66.4831   24.3311   53.0094   19.0263   103.73   73.4983   65.437   81.6884   43.6005   57.5587   13   50.5668   42.72   89.0505   22.0227   71.5681   54.626   43.4166   36.4005   85.3756   42.2966   0   73.9083   62.8539   107.761   29.8062   123.613   66.123   60.7379   39.2643   
29.4109   48.9183   27.2947   11.6619   66.1287   43.2666   94.3663   85.1469   52.345   35.1283   41.0488   41.7732   22.2036   44.1022   60.1332   82.2982   31.8904   13.1529   66.6408   8.60233   24.3516   54.7449   88.7299   42.1545   78.1857   77.8781   68.1542   67.1863   25.4951   7.07107   63.0714   13.4164   61.8547   29.2746   67.9559   27.2947   37.855   36.3593   56.8507   25.4951   18.868   59.9083   0   30.4164   51.3661   69.4079   94.9568   90.2082   91.6897   64.0227   
34.5254   46.2385   43.1741   26.4008   77.8974   57.3149   90.5539   81.4923   58.6941   20.2237   48.7647   29.5296   38.0789   43.9318   68.6804   82.28   30.5941   28.2843   79.3221   20.025   37.0135   39.1152   85.0882   32.5576   89.9444   82.0244   72.0278   75.6902   9.43398   19.105   48.8365   3   60.407   44.0454   60.1082   41.0366   43.566   20.6155   54.231   40.0125   16.0312   47.8539   16.1555   0   65.3847   58.0165   109.176   87.5885   88.853   54.8593   
58.258   80.7217   21.0238   34.8281   79.1581   53.1507   125.865   116.675   76.922   64.5368   65.2993   73.3894   20.8806   74.9667   80.6536   111.606   63.8905   21.2132   77.0065   25.0799   44.7214   82.3893   120.208   74.686   90   103.315   94.414   87.0919   51.3517   37.6431   93.1719   41.4849   92.6984   13.0384   100.703   43.6578   64.8999   59.0339   88.4138   12.3693   51.6236   91.7606   32.7567   44.3847   0   96.3737   104.486   121.771   124.445   96.7771   
47.0106   36.7151   77.0065   56.2228   92.6175   80.2309   67.897   60.208   64.3817   17   60   9.48683   72.0278   41.2311   77.0779   69.0507   34.6699   63.3877   96.2601   56.2939   60.7289   14.5602   63.3877   15.5563   103.479   78.2943   69.3542   82.8794   31.3847   49.0408   13.1529   39.5601   48.3839   79.511   32.7567   65.8027   52.8015   30.6105   41.4367   75.6637   34.3657   12.8062   50.2494   36.6879   81.0432   0   122.964   69.2268   73.5441   22.3852   
62.9365   76.0592   69.4622   69.3542   16.2788   38.6005   96.0052   90.3549   46.0652   103.325   48.9183   100.005   71.1969   69.1158   33.6155   73   74.411   78.1601   14.3178   85.44   56.8243   121.017   92.1358   93.4077   7   52.0865   52.469   30.5941   102.078   75.1798   120.433   91.9239   73.3757   77.2334   98.7927   53.7122   56.0803   113.225   76.6942   78.6384   81.0555   109.604   80.9568   93.4933   90.2718   108.853   0   101.148   101.425   118.737   
48.1664   26.4197   91.214   71.4213   68.0294   73.0548   20   11.1803   39.8121   63.7887   47.0106   52.1536   87.9659   31.1448   49   14.7648   43.2666   84.8999   74   83.6002   64.6375   69.5845   14.4222   44.4072   74.1485   32.249   28.6356   50.4876   74.3303   68.884   59.7746   73.7902   13.4536   97.8366   25.9422   68.2642   43.566   80.2309   18.3576   95.5249   57.8014   46.8402   75   72.4983   106.104   55.2268   81.0494   0   19.3852   69   
50.8035   27.6586   94.0479   73.7564   73.1095   77.201   17.8045   8.60233   44.4072   62.8172   50.9215   50.8035   90.6035   33.4215   54.037   19.2094   44.6878   87   79.0253   85.1469   67.7422   67.1193   12.2066   43.4166   79.4292   37.5899   33.9559   55.7315   74.0945   70.7248   56.5155   74.4312   16.5529   100.424   22.1359   71.5891   46.9574   79.3095   19.799   97.949   58.8218   43.7379   76.5768   72.9452   108.208   53   86.3134   5.38516   0   71.2445   
41.6773   32.6956   72.0625   51.0882   87.4586   74.8465   66.9403   58.8558   59.5483   14.1421   54.8179   4.12311   67.1193   36.6197   72.1803   66.3702   29.4109   58.6941   91.022   51.923   55.3624   18.3576   62.1691   10.8167   98.4124   74.4648   65.307   78.1025   28.4253   44   18.4391   35.4683   45.1221   74.8131   32.311   60.4401   47.634   29.5296   38.0789   71.0211   29.1548   15.2643   45.5412   32.6956   76.844   5.38516   103.711   53   51.2445   0   
