15
70
999999 8 5 8 8 17 17 14 10 15 13 10 13 12 12 13 17 11 12 13 5 16 11 16 15 15 12 17 14 5 6 5 15 14 17 10 13 12 16 13 10 16 13 11 15 16 6 17 10 16 17 8 6 7 16 17 7 16 10 9 5 13 10 14 7 6 13 6 16 11 
0 7 4 5 4 6 1 1 3 8 9 3 6 9 9 2 2 10 7 2 1 6 5 15 5 11 3 1 8 1 2 3 5 11 10 9 11 4 7 2 3 11 8 5 9 9 2 15 3 1 2 7 4 5 2 11 2 13 1 5 3 12 8 5 3 1 10 1 10 6 
20
0   0   0   0   0   0   0   0   0   0   0   0   0   0   0   0   0   0   0   0   
-1   3   -2   0   0   2   0   3   0   0   -2   -4   0   3   0   1   2   -2   0   5   
0   0   -1   0   -2   0   -1   0   -2   1   -2   1   -2   2   0   0   0   0   -1   1   
-2   2   -1   0   1   0   2   0   1   -2   1   1   -2   0   -1   0   0   -2   0   2   
-1   -2   -2   1   3   0   1   4   0   2   0   2   1   1   0   2   -1   3   -2   0   
0   5   -13   6   -8   0   -4   4   2   11   -7   3   -6   0   -6   12   -5   2   -11   3   
0   -10   1   -2   5   14   0   -1   2   -1   0   2   -5   3   0   3   -7   7   -8   0   
-7   2   -14   5   -4   8   -5   7   -6   1   2   0   1   5   -4   -3   -4   6   0   5   
-3   -3   -5   -1   -1   3   0   2   2   -2   -1   -2   -2   -1   4   2   0   -3   -2   1   
1   -4   0   8   0   4   3   1   0   6   4   2   0   8   0   1   -2   1   5   0   
-4   1   6   0   -3   -4   -4   2   -1   -3   0   -7   -4   -4   -2   4   -2   4   2   4   
-6   7   -3   4   4   0   2   -3   1   -1   -4   -2   0   -4   1   -4   2   -2   0   0   
-6   -1   -10   9   0   4   -6   0   0   1   -3   7   -5   4   -1   4   -2   4   -8   2   
3   1   -2   2   3   0   -2   0   3   -3   3   0   2   -1   1   -3   4   -4   0   -1   
-3   0   -9   -3   0   1   -8   0   0   -3   3   8   1   3   0   0   -3   2   -5   5   
-12   5   -4   5   -7   7   -6   2   -3   2   -2   2   -10   1   -8   11   -4   3   -6   0   
4   -7   -2   -9   12   -15   9   -13   8   -8   9   -8   3   -3   12   -2   13   -2   8   -13   
-9   3   -7   3   -5   1   -4   9   -2   4   -9   1   -3   4   -6   7   -2   11   -2   10   
4   -4   11   -11   6   -9   12   0   8   -4   9   -3   12   -6   7   -4   10   -11   3   -8   
3   -5   6   0   0   0   4   -2   1   -1   -1   8   3   -2   6   -7   4   -6   7   0   
0   1   -1   2   0   1   -3   0   -3   3   -2   1   -3   2   -1   4   -2   2   -1   0   
-8   7   -14   7   -7   13   -3   15   -9   4   -12   0   -10   5   0   6   -1   9   2   9   
2   -10   5   -3   -4   -5   4   0   9   4   0   -5   1   -5   7   -4   3   -5   3   -1   
-1   9   -7   -9   2   1   4   -1   2   6   2   8   0   3   2   8   4   -4   -1   2   
12   -12   14   0   12   -6   10   -10   -1   -7   5   -15   8   -8   9   -12   10   -1   7   -1   
-6   -2   0   -1   -4   4   -6   5   -5   0   -3   8   -10   3   -11   5   -11   0   2   6   
6   -5   11   -7   8   -9   2   -9   6   -6   8   -11   1   3   9   -3   8   -6   4   -2   
12   -11   8   -4   1   -3   15   -4   8   -10   12   -8   10   -4   12   -15   9   -9   13   -7   
8   -1   9   -4   13   2   8   -6   12   -12   7   -9   4   -4   12   -14   0   -8   8   -8   
2   0   1   -2   1   -1   2   0   1   -3   1   -1   0   -3   1   -3   1   -1   3   -2   
1   -3   5   3   3   -5   4   -1   1   -4   0   -1   0   0   1   0   2   -1   2   -3   
0   -2   1   0   0   0   0   -1   0   -1   2   -1   0   0   2   -1   0   0   0   -1   
-3   -11   9   -14   3   -5   12   2   6   -8   9   -6   8   -6   3   -15   4   -4   12   -10   
9   -9   4   -11   -1   -7   1   -7   12   -8   10   -5   3   0   0   -4   7   -1   2   -1   
3   -7   3   -7   11   -8   4   0   1   -10   8   -5   9   -4   6   -4   14   -14   8   -5   
-6   9   -9   5   -3   6   -7   7   -8   6   -7   5   -10   7   -4   5   -4   3   -8   10   
1   8   -4   6   0   2   -5   0   -6   2   -9   9   0   8   -4   1   0   5   -4   5   
-4   -1   3   2   -5   0   -7   -5   0   -2   0   7   -1   -4   -1   0   1   6   0   -1   
-1   -4   -6   5   -2   0   -6   2   -1   8   7   -1   -1   -11   -5   4   0   -5   -4   1   
-10   5   -2   10   -5   5   -11   6   -2   9   -6   3   -8   8   -4   12   -7   7   -9   9   
-3   0   -3   0   0   4   1   -1   0   0   -1   3   1   -5   0   -6   2   2   1   1   
0   2   8   -11   7   1   6   2   12   -4   -2   -2   0   -6   7   -3   2   0   -2   -6   
-11   7   -5   5   -1   0   -3   1   -7   3   -3   3   1   2   -9   3   -1   -2   -4   5   
1   1   2   -2   0   2   -2   3   1   3   0   -5   2   -2   -1   0   -3   0   2   1   
-4   -1   -3   3   -4   10   1   5   -3   3   -5   -1   -9   2   0   -2   -7   1   0   10   
7   -13   11   -10   1   -15   8   -6   15   0   9   0   9   -8   6   -12   7   -2   13   -5   
-2   4   0   5   -1   2   -1   2   0   3   0   4   -3   2   -3   0   -1   4   -3   3   
-5   3   -10   3   -10   9   -11   9   -3   4   -9   9   -5   9   -4   8   -6   1   2   9   
6   -5   4   1   6   -4   3   -3   5   -3   2   -4   0   -5   -1   -5   6   -4   2   -4   
3   0   0   1   -3   -2   -10   0   -8   -8   -1   3   0   2   1   2   7   1   -4   2   
1   -1   2   9   1   3   -4   4   1   10   5   8   3   2   -2   -5   4   3   2   -1   
0   4   -6   2   -3   3   -2   5   -4   5   -4   4   -4   5   -4   7   -5   4   -4   3   
-1   1   0   0   0   0   0   0   0   1   -2   0   0   0   0   0   0   3   -1   3   
-2   0   -2   0   -2   -1   -5   4   0   0   -3   2   -1   0   -1   3   0   2   -3   2   
-1   5   6   0   0   0   -1   0   0   0   1   -3   -8   -7   5   -10   8   0   -1   -2   
12   -2   12   -7   12   -7   3   -12   13   -3   7   0   9   -10   11   -10   7   -6   13   -10   
0   3   0   2   0   3   0   3   2   -1   0   2   -3   3   1   -4   -2   -2   2   1   
5   -2   8   -4   15   -6   9   -2   6   -10   2   -10   3   -14   7   -6   5   -5   9   5   
-3   0   -2   -4   1   4   3   0   -5   0   4   -6   -6   0   -1   0   4   0   2   0   
-8   6   -6   5   -9   4   -7   3   -1   9   -2   1   -8   3   -6   3   -6   7   -4   8   
-1   2   -1   2   -2   1   -1   1   -1   2   -2   2   0   1   -1   1   0   1   -1   2   
-5   5   -4   5   -1   0   -2   -5   -4   0   4   3   -1   8   -8   6   -8   8   -7   7   
8   -7   6   -5   4   -6   9   -4   4   -4   9   -2   6   -7   10   -6   4   0   3   -7   
-5   2   0   -7   1   -1   3   1   3   -2   -5   0   3   5   2   2   3   0   -3   13   
-3   3   0   0   -4   3   -1   2   2   6   -4   0   1   2   0   6   -2   5   -1   0   
0   1   -1   0   -3   -3   -3   -2   1   0   0   2   1   -2   0   -1   0   1   -1   0   
-1   5   -4   0   -1   0   3   0   -1   -6   7   -1   4   -6   2   6   0   4   1   2   
3   -3   4   0   6   -4   4   -1   1   -3   1   -2   1   -5   2   -4   4   -5   4   -3   
-6   10   -6   5   -11   10   -1   10   -11   5   -10   12   -5   7   -5   0   -9   4   -7   12   
0   1   0   4   -3   6   -1   0   -5   -1   2   0   0   1   -3   3   -2   -1   -4   1   
0   55.8044   57.2049   31.3137   59.6003   63.8188   52.0526   61.0792   69.7865   68.923   55.8121   70.6236   44.2843   57.72   63.405   54.2046   59.9413   60.0172   32.7609   77.8813   76.8333   64.774   50.9858   65.7324   33   77.6974   56.099   56.7768   45.5805   29.7013   55.6232   58.605   64.8709   61.2126   72.6604   30.9443   60.3316   49.171   62.3271   22   40.5155   53.5254   73.6893   41.3238   67.6632   31.5563   60.1204   31   66.4782   26.3137   21.099   39.2389   83.5886   47.0799   80   73.9181   51.781   68.3289   85.4003   31.2627   76.1808   68.5725   59.9026   61.5412   55.4819   65.7612   81.5483   69.5395   82.8769   88.7677   
40.8044   0   96.1575   69.6366   100.405   72.9258   87.2438   92.1066   43.3516   67.7122   68.8212   103.14   34.6015   78.0624   86.05   68.5964   48.4086   97.3204   54.4005   44.1725   37.9317   35.4403   80.0371   40.4709   44.3019   48.0185   50.0416   97.5812   80.6658   48.7161   68.1566   55.434   84.287   58.0416   99.8508   66.7671   95.6492   46   96.4125   62.8044   46.4605   64.2616   82.8958   66.1774   106.907   45.5539   100.385   71.5619   75.6847   67.1181   53.2353   72.9181   120.809   52.2029   92.1864   101.228   78.8727   78.0833   107.922   72.0671   103   55.9473   57.0624   46.1725   96.2428   71.7598   79.1327   52.4138   94.922   103.556   
42.72   80   0   44.7321   45.2389   100.122   32.1529   83.3066   110.921   105.636   62.6508   93.9583   83.4622   94.4199   98.0292   65.8035   102.661   64.8035   67.083   120.299   117.932   104.269   39.8035   106.865   68.8556   119.815   85.2511   50   47.5913   72.4214   65.8803   94.6232   99.7469   97.4264   98.6562   63.9443   33.6619   91.891   35.8062   55   68.7587   90.5453   111.383   77.0409   31.6619   74.2764   63.1661   60.0125   104.416   48.7567   63.819   75.3323   60   70.1725   104.455   93.5572   48.4605   77.4603   105.837   47.9422   91.4319   93.1336   82.3633   104.255   51.9857   96.0562   81.0083   112.259   115.888   118.704   
13   52.345   29.7321   0   48.0147   73.6118   47.1317   65.0454   82.7865   79.3095   53.3979   76.1725   56.6079   67.4866   70.6488   54.7674   72.9413   59.0789   41.2485   90.8813   89.8333   77.774   43.3546   78.7324   46   90.6974   61.9198   46.0156   37.6977   42.7013   51.1618   68.8539   71.9902   70.231   79.0517   37.1245   52   62.171   50   29.2462   48.037   63.0476   83.6181   49.2843   53.4462   44.5563   57   32.3137   76.407   21   34.099   49.5287   72   46.6228   79.3506   75.6941   40.4951   63.8539   93.7672   26.3852   78   66   58.1995   74.5412   49.0713   76.469   80.8243   79.4401   89.4166   97.8783   
44.4072   85.2115   25.2389   34.0147   0   87.8011   57.3918   64.3897   110.002   96.3943   84.5852   72.2713   86.5013   81.8107   81.2013   83.0298   100.5   49.7531   65.7819   118.998   118.814   109.131   61.7379   105.564   77.4072   118.514   94.8486   32   59.2046   71.5874   85.0077   90.3465   85.352   92.7468   77.9849   57.8024   54.8917   90.0043   53.0132   53.6989   79.2573   83.2425   96.3175   68.1985   41.8254   75.9636   40.6977   47.8024   90.977   55.0147   65.5062   59.72   34.799   79.5515   86.3023   72.8859   73.6994   97.8686   86.811   55.2053   70.811   97.201   89.2462   99.8021   37.2788   89.2282   102.037   113.455   94.1758   88.7805   
46.8188   52.9245   84.006   57.0701   72.8011   0   97.1868   52.3836   57.3693   24.3246   97.5316   51.1059   58.2666   29.6301   35.4676   97.9004   45   73.1565   52.5437   73.0027   78.0391   81.6657   95.5761   59.0128   70.6058   71.2955   84.6045   82.0522   90.5326   63.391   100.701   39.2868   33.2315   36.1245   48.28   50.4966   104.701   47.9258   106.69   59.2117   79.743   39.1421   32.2665   38.3311   108.449   60.638   77.0593   64   25.0554   69.6118   67.9178   50.4138   107.6   78.6198   42.0832   49.1059   97.5652   113.015   59.02   78.0815   65.0595   98.6058   87.8354   54.314   76.6127   31.6569   127.005   50.0713   46.02   62.0139   
38.0526   71.1969   13.1529   26.1725   36.0555   83.1865   0   91.0941   105.46   103.814   48.6956   99.9938   78.0416   93.6591   96.8213   54.0696   97.9939   74.0517   66.0951   109.854   108.041   93.1321   29.8489   101.124   57.9418   112.163   73.7041   52.4708   25.434   66.2018   53.1167   92.0584   98.1627   96.4035   103.093   63.297   33.544   87.2236   35.4403   55.2865   59.6005   87.111   109.791   75.4568   44.8149   69.2851   70.9535   58.4862   102.579   47.1725   57.6232   73.8707   63.0416   59   105.523   97.9938   35.6525   55.3113   107.193   38.0238   99.2194   69.7122   69.634   99.5938   59.7732   93.6384   63.0106   105.613   114.706   116.897   
46.5188   75.1066   65.7951   48.9183   46.3897   35.3836   70.4557   0   87.3089   55.0366   100.774   25.6619   79   47.8395   40.4165   100.723   75.0106   35.2354   61.2127   97.7141   101.976   102.444   86.9178   82.9493   79.5188   97.1247   102.362   54.4475   81.2681   72.0599   100.08   62.0106   42.6589   63.4131   29.8693   58.176   90.6637   67.8867   98.9183   64.8024   87.0343   62.2315   51.7888   47   86.5566   77.7587   44.0713   54.8024   50.5773   65.0454   67.6178   47.8403   81.1886   91.5195   38.1867   24.7703   89.277   112.77   37.8254   68.7587   34.7047   109.698   105.933   81.1759   53.3209   54.0555   126.119   76.9333   47.02   40.9258   
53.2353   24.3516   95.7549   66.1891   95.1315   41.1096   89.1852   72.2357   0   53.1152   88.0625   89.4292   44.667   66.2475   71.9676   88.1459   29.3693   100.883   61.4721   27.4018   40.2627   47.0846   97.8922   21.4721   66.6648   29.8489   65.3839   108.826   94.4245   55.7852   90.5253   42.3305   69.7315   42.8036   89.3896   70.782   112.829   38.587   114.757   73.8749   66.01   50.6176   72.3422   62.8039   119.635   53.6264   102.238   80.7798   66.165   79.549   66.1597   73.998   129.93   73.8681   82.7794   90.1402   101.831   97.0811   95.8365   84.498   98.3749   80.2989   71.9017   27.7703   102.879   55.777   102.295   31.0384   84.0303   93.026   
51.923   53.7122   90.0056   62.6498   79.1202   6.32456   88.8144   41.0366   39.1152   0   99.9593   54.0505   60.4711   35.9547   36.0227   103.379   43.6586   73.9828   58.8683   66   72.3205   77.2817   101.901   54.6563   76.1452   66.0104   88.0529   88.3768   96.8571   65.3735   105.295   33.6011   39.5561   36.1245   50.2491   56.8211   111.026   47.0179   112.65   65.5362   84.5226   36.8885   31.0333   44.6556   112.628   66.9626   83.3838   69.5403   31.3799   75.9363   73.022   54.6742   113.919   84   48.4077   55.4304   103.145   117.107   58.2616   83.1857   64.8722   102.698   91.9276   52.5485   82.9365   32.198   132.845   48.3059   52.3445   65.3275   
37.5366   49.2544   45.5412   35.4683   64.0078   81.8352   32.6956   83.2166   72.0625   85.9593   0   108.16   65.7056   93.5293   99.2789   24.1623   84.6116   91.7103   60.2277   93.4255   86.406   73.8081   42.8473   88.3715   45.9258   94.2365   47.6356   79.1517   45.4951   57.9743   28.2361   84.5442   100.644   87.7058   110.197   66.2661   58.2244   77.8989   56.2244   59.5366   42.3607   83.4128   110.178   75.2082   74.0088   54.8121   87.9918   67.4166   102.967   56.3113   49.7131   76.7755   95.7372   50.1948   111.462   107.987   41.088   27.8062   121.042   46.0156   113.468   40.4009   40.3848   89.2315   78.8172   102.322   38.0227   92.7805   120.414   121.301   
56.6039   81.2219   77.3886   60.1082   57.2713   34.9285   82.0975   11.6619   74.9533   39.4462   93.8136   0   85.4787   40.0278   32.0278   110.716   76.5859   46.8973   68.8467   101.134   105.221   105.688   98.5797   86.5545   89.6039   99.6527   109.66   66.1094   92.93   80.1664   110.818   64.7924   34.6977   66.19   25.099   61.909   102.326   71.1402   103.067   66.614   96.1199   56.19   47.0185   55.4401   96.5982   78.9839   55.7332   62.4264   45.807   73.7401   77.7029   49.6816   86.8805   94.7057   33.4164   20   99.5875   121.62   34.1803   79.0692   22.8102   118.056   107.285   86.3393   59.72   62.3631   131.836   82.0967   41.5529   35.5242   
28.2843   13.6015   69.4622   40.6079   72.4707   43.2666   62.0322   62   27.4591   45.3431   45.7056   68.7314   0   62.8803   68.4509   62.3542   46   82.72   38.7279   50   50.5576   47.0416   71.7275   40.1948   39.7663   54.0147   47.5862   83.0307   68.2599   29.6205   64.8539   49.8944   71.4558   46.7321   83.6586   47.9411   85.931   43.8045   86.45   46.9764   43.9752   49.5296   75.5331   46   94.054   26.7279   85.857   59.2843   68.322   53.598   41.2074   63.4367   107.27   42.561   85.3498   82.7533   68.6236   73.5118   95.3158   59.5469   88.1095   66.5351   55.7648   45.5372   83.7662   59.7359   83.7283   49.2029   84.9242   90.2168   
42.72   57.2713   76.4199   51.264   63.3482   10.6301   76.922   24.8395   49.2443   16.6433   79.511   25.7099   45.8803   0   23.5162   96.5535   55.6301   60.0749   57.3145   76.646   79.4905   87.6108   90.2126   64.6394   69.5619   75.9616   89.0694   73.4891   85.133   58.2782   98.0161   48.1868   21.2801   46.7547   43.8687   49.6207   99.1874   57.0624   101.122   53.8121   81.6351   43.1172   31.4306   46.4165   97.2239   64.2019   65.7545   51.9568   24.2195   62.6446   63.819   37.0907   98.1472   80.2209   42.0278   38.7697   90.591   107.317   51.2655   73.9827   48.5202   98.5714   87.8011   56.6394   64.0744   37.7047   115.237   53.4005   39.1246   54.3645   
47.5079   65.1153   77.666   54.5894   62.2013   17   79.4796   19.4165   57.0701   22.0227   84.8646   18.0278   53.4509   8   0   101.712   61.7345   54.6519   61.8593   84.4719   87.4905   91.7631   94.6647   71.5448   77.5619   83.7134   97.0694   73.864   89.2595   66.2782   103.131   49.4549   22.2361   48.582   39.0312   57.6207   103.023   57.05   104.589   61.8121   84.424   44.9018   35.1327   49.8395   104.027   67.8774   63.4878   59.9568   29.8167   70.6446   68.6069   45.0907   96.339   84.6757   30.8167   38.0278   95.0845   112.671   42.3607   74.9416   40.838   104.092   93.3221   63.5826   69.0435   36.4165   122.887   61.4005   38.4536   48.8473   
39.2046   48.0416   48.7032   37.9473   67.0298   82.662   35.8469   85.235   71.2531   86.6083   3.16228   95.6922   45.3542   80.7217   86.2786   0   86.9548   94.8725   63.39   88.501   82.9615   66.3951   41   82.8852   49.0881   89.06   40.7881   82.314   47.3038   60.1741   29.6056   87.7065   102.002   90.8681   111.865   69.4283   58.19   79.8888   59.3866   61.2046   42.5755   82.7968   110.047   78.3705   77.171   57.9743   91.1541   69.7731   104.941   58.9473   52.8754   78.4435   98.8885   42.1543   114.624   110.005   38.2485   30.9685   123.06   49.1779   115.385   33.4391   30.4924   90.8914   81.9795   103.104   34.5183   94.5571   116.725   124.464   
45.8803   28.2843   88.5438   58.8218   85.4459   29   83.3607   60.0083   12.3693   27.6586   70.6116   62.5859   25   36.8782   44.7214   70.342   0   87.7343   56.8469   39.7711   46.0762   52.4819   94.8376   27.0499   59.2832   40.1359   68.774   94.9815   91.4608   54.6205   87.7854   34.2745   58.1583   33.8852   77.28   57.72   106.212   33.6054   108.207   67.8803   63.2701   40.4709   58.6919   49.6554   111.71   51.7279   92.1557   66.6972   54.0554   70.0803   66.2074   67.2034   119   67.561   71.0832   75.6479   89.0067   98.4179   83.1211   77.143   85.3962   78.4981   76.4624   23.2361   93.0762   45.9747   104.86   21.2361   71.0093   83.0077   
45.0111   81.3204   50.8035   42.0595   28.4605   51.8652   58.0517   19.2354   83.7616   57.9828   77.4919   29.1548   67.72   41.3401   37.6962   80.0062   72.2011   0   59.18   109.711   112.073   105.996   78.6817   94.9919   77.0079   107.493   99.3613   45.8473   77.4613   69.6931   93.2213   73.6657   59.9249   77.2947   49.1047   49.6931   80.7171   78.3502   81.4737   57.0128   85.4785   67.2947   71.0242   53.1113   70.2859   70.8859   35.0554   50.0172   65.5596   61.3587   66.1101   42.2947   57.3038   84.0643   57.4221   44.0057   79.3682   105.298   57.0608   67.0847   44.3516   108.059   100.259   95.2393   36.2788   71.0882   114.525   91.6223   64.1814   60.1612   
11.0454   36.4005   52.8867   23.3452   50.9313   36.2491   49.0102   41.9762   44.4072   41.1096   46.2277   50.6952   22.8473   33.3017   39.0512   47.4236   35.8469   45.1221   0   69.7648   68.2033   63.8188   62.0311   55   36.9545   68.1507   62.2076   62.6968   56.6259   31.4018   66.6686   46.1395   53.6232   47.5372   67.2915   24.4868   71.3769   42.0799   73.3452   33.0454   50.0784   37.5372   64.568   29.2127   75.8778   36   70.0106   42.0454   57.5212   34.2485   30.6619   44.2237   85.7303   49.0689   69.8679   66.7465   62.8263   74.0339   79.8016   42.308   73.5054   66.4296   67.7063   52.7771   61.2753   49.0161   81.9419   57.083   72.4263   82.902   
61.6117   26.1725   103.446   74.3303   104.69   52.345   95.8541   83.5703   11.4018   50   75.4255   86.3481   34   60.6383   68.4471   74.1687   23.7697   94.6678   53.7587   0   29.8662   44.8681   104.865   32.8375   70.4744   19.2361   71.163   115.419   101.539   63.6205   94.3291   50.6962   81.1333   51.1692   98.6499   77.2896   119.931   46.9526   120.45   80.9764   72.633   58.9833   80.6348   71.6039   127.777   60.7279   113.64   87.1388   76.1859   87.598   73.9828   82.3636   139.489   76.1507   91.145   98.5058   99.4808   100.024   103.56   92.8744   106.74   82.1198   79.0086   36.1359   108.439   64.0697   105.305   39.3311   94.779   104.428   
60.8276   21.9317   101.514   73.1095   104.805   58   93.0591   87.3613   17.2627   56.3205   70.406   91.0824   32.5576   65.4905   73.437   68.884   29   97.0464   54.2033   8.48528   0   38.0294   99.855   38.7348   64.1199   27.7213   57.0465   115.588   100.817   62.1781   89.1803   59.1814   86.7706   59.6545   105.454   78.6902   117.581   55.4379   118.344   79.534   68.3922   65.0306   85.3442   78.5576   126.203   59.2856   114.499   91.8276   83.0554   86.1556   73.7651   90.8489   139.579   74.1347   99.6303   104.26   100.804   97.2162   110.006   89.8024   113.893   75.0803   73.469   44.6212   110.418   72.555   99.0542   47.8163   97.006   110.289   
50.774   10.4403   88.6172   61.8466   95.1315   61.4003   79.0569   85.2877   26.9072   61.4654   54.1202   91.0494   24.0416   66.6108   74.5453   52.3927   34.4819   91.7606   46.8188   24.0416   17.0294   0   85.8308   43.6125   54.7422   40.632   48.1725   107.072   90.6348   53.6621   74.7853   64.7035   87.8909   61.5412   105.51   71.3056   105.436   56.4403   104.045   71.018   56.9008   64.4975   90.7639   70.0416   114.056   50.7696   109.899   81.774   84.4439   76.8547   63.6756   83.3584   129.93   57.1321   98.5868   105.381   82.7647   81.9265   111.515   77.6553   112.151   62.0512   58.9026   54.6776   106.256   70.5155   84.0303   53.3593   105.362   113.996   
34.7131   63.561   22.8035   25.0599   43.7379   81.3204   9.84886   72.9178   82.9759   86.5852   22.8473   84.386   55.5428   76.1577   79.6492   26   78.2304   62.6817   45.7056   88.8651   85.4927   70.8308   0   94.3534   52.4063   104.273   63.3515   61.2217   29.8863   57.6594   38.2952   87.267   96.0069   90.3608   102.787   61.1412   34.4391   82.2986   32.4391   53.2629   49.3553   83.2428   107.588   73.3009   54.4654   60.1774   72.2451   56.3304   100.377   45.0167   49.0571   73.952   71.3149   52.6114   104.411   97.6881   20.831   45.0161   110.743   39.7231   99.4506   59.4391   56.4924   96.2543   64.6476   90.4003   54.3275   99.4665   108.439   113.844   
48.7647   21.4709   91.2853   61.7171   90.7855   39.0128   84.7703   68.9493   4.47214   37.6563   68.1836   72.1803   23.1948   46.5296   54.4518   67.4759   10.0499   79.925   40   14.7648   19.0263   25.6125   78.6448   0   58.2897   34.0009   67.31   102.528   91.4547   52.8153   86.3624   38.4402   67.8097   38.0509   85.4184   64.4868   109.096   37.6433   109.645   70.1712   62.4586   47.0351   66.7055   55.8808   115.163   49.9227   98.5249   76.0517   62.4153   74.2485   63.6946   66.6972   125.584   61.0444   77.5554   85.2993   91.8185   95.9898   90.6781   80.0274   94.0239   77.4182   76.3738   29.6444   97.2419   50.1404   100.604   25.4018   78.0312   91.0267   
18   28.3019   51.8556   25.9422   59.9333   55.6058   42.9418   63.2456   47.5184   59.3633   26.9258   72.4983   20.0998   54.5619   60.803   27.2947   44.2832   63.0079   21.9545   53.1413   50.1199   36.7967   35.7351   43.2897   0   69.4509   38.5772   71.9579   47.541   31.3137   48.2235   58.7705   75.5777   59.6946   89.246   44.1204   70.1742   52.1252   68.1742   40   23.7082   57.6391   84.3542   51.1672   79.3884   29.0384   78.1204   49   78.7814   44.3137   38.0384   57.2389   94.7323   23.2801   91.6196   84.6824   54.5753   54.7321   99.4923   49.2627   94.1808   43.5586   32.7883   65.637   72.9711   70.9706   61.813   65.5192   93.6865   104.171   
61.2944   27.0185   103.354   74.0945   104.062   50.4876   96.0052   82.0792   9.84886   48.0104   76.2365   84.6463   34.0147   58.9406   66.7083   75.06   22.1359   93.4933   53.1507   2.23607   10.6301   25.632   89.1852   13.6015   53.4509   0   67.6766   114.705   100.992   63.6352   92.9333   49.1141   79.5804   51.6488   98.2596   77.6376   119.946   47.4322   120.465   80.8151   73.479   59.4628   79   69.4823   127.541   60.7426   112.087   88.8332   75.543   87.3992   75.2221   80.2987   138.861   74.6459   91.1568   97.7104   101.717   98.1878   104.28   92.4145   106.093   82.9658   73.0085   36.6155   105.609   63.7419   106.151   39.0032   91.6327   102.875   
40.0125   24.0416   68.6003   46.8402   80.6536   70.6045   57.3149   84.1724   48.3839   72.9178   28.6356   92.6553   27.5862   72.0694   79.1581   26.5707   50.774   85   42.2019   49.163   43.0465   26.1725   48.1041   45.31   22.0227   50.3587   0   92.8558   64.1286   50.2969   45.2205   71.4518   93.3495   74.3184   109.493   66.1432   80.4681   66.2769   80.5431   62.0125   32.4924   74.6127   102.871   71.4146   96.3168   51.0611   98.8365   71.0125   95.6599   62.8365   52   79.2514   115.453   36.9575   109.894   106.705   57.8225   50.475   121.515   64.3469   115.466   36.066   25.2956   70.2141   92.8241   87.3222   61.0889   70.7118   111.194   117.803   
41.1825   81.8352   29   32.0156   6   67.0522   38.4708   40.4475   90.6091   73.3757   64.195   51.4198   68.8186   57.4891   56.2228   67.1193   80.604   22.8473   46.7547   100.419   100.896   91.9239   45.2217   86.3134   57.5847   99.7046   78.848   0   62.2616   69.6675   83.1774   84.0809   72.534   86.0276   70.0892   53.6465   57.4599   85.2679   59.0132   53.2327   80.0526   76.0639   85.5713   61.06   46.2312   70.3028   35.6206   44.1634   80.0191   48.4631   61.0652   51.2731   40.799   78.6384   76.1289   64.9902   66.0526   90.2378   78.2729   52.1361   63.1699   98.0156   89.0069   95.9456   24.4403   79.622   99.5492   101.84   81.192   81.3733   
30.1496   61.7738   20.5913   19.6977   39.2046   76.4003   9.43398   67.2681   80.0812   81.7863   25.4951   78.7464   52.811   70.9366   74.2428   28.6356   74.6726   57.1402   41.1947   86.539   83.6481   69.6348   5.65685   75.6902   33.541   86.7295   48.2701   40.2616   0   59.851   41.1725   87.3342   91.6879   88.7319   97.1375   56.8222   35.8885   79.3206   38.0959   48.9439   55.0122   78.7319   102.367   68.982   52.2532   60.7732   71.8941   52.0114   95.1561   40.6977   51.2486   68.1647   72.4756   56.8211   99.0483   92.0384   26.4878   50.673   105.094   32.3178   93.7946   62.0747   59.1281   91.6908   64.702   89.5891   59.9844   95.9087   104.954   108.194   
12.8062   28.0179   54.1202   25   57.2014   44.4072   47.5395   53.3667   41.7852   48.3735   37.5899   62.0322   15.6205   43.2782   49.6488   38.2753   36.1248   55.4437   11.4018   49.3964   48.1664   38.0789   42.107   37.3363   11.3137   49.2443   30.8058   53.8516   38.6394   0   53.8246   48.28   64.5583   54.4401   78.6933   34   72.2469   48.0192   74.2425   34.8062   35.0219   46.5287   73.1424   40.6144   78.4462   27.1623   72.9267   43.8062   65.9313   39.0832   29.6023   49.5753   92.0004   34.5938   80.4654   77.1664   56.0512   65.3961   91.1921   43.178   84   54.8723   44.102   56.2952   68.2881   60.4179   72.7936   52.0526   82.4028   92.2011   
39.6232   51.1566   45.8803   37.1618   65.0077   84.0595   32.8938   85.1469   74.108   88.193   2.23607   95.8019   47.8539   81.6884   87   3.60555   72.7805   79.1202   48.4149   77.3175   72.1803   55.7853   23.0868   70.2567   29.1548   78.1601   30.0832   65.3758   26.1725   39.8246   0   86.7803   102.038   88.8494   112.284   68.1483   57.5259   80.1349   55.5259   59.2041   44.5967   85.6488   112.343   77.3733   73.2451   57.0481   90.2279   67.907   105.132   56.5933   51.8782   78.8621   94.0625   45.7599   111.581   109.917   41.854   30.0423   119.891   48.2517   115.162   37.0446   34.098   91.3863   79.2884   97.431   38.1238   91.8772   120.33   122.374   
39.0128   35.3412   80.604   51.3517   74.793   17.72   77.0584   47.0106   25.2982   18.6011   69.4622   49.8197   26.8701   24.1868   32.1403   69.7782   13   59.6657   28.0713   36.6879   41.3038   43.6807   73.2462   22.3607   42.5441   35.1141   54.4518   69.6419   69.029   32.28   71.6938   0   45.4669   24.1623   66.0001   50.1873   99.3444   33.434   101.34   58.9023   65.9221   30.6023   46.311   38.0217   103.949   47.7321   88.8209   60.5441   42.7754   62.3198   54.2099   60.3017   109.592   64.5079   59.8032   62.9565   88.3313   97.2685   73.4264   70.2755   72.6299   82.3573   75.3324   36.2361   77.6406   37.0384   104.297   33.0384   60.4264   76.3385   
48.4149   64.5368   79.4292   55.9017   64.2806   15.2315   80.9938   21.6333   55.7315   20   85.6329   19.6977   53.1413   7.28011   2.23607   86.977   43.4166   39.9249   39.6232   67.082   72.2496   73.8241   80.9506   53.2353   61.2209   65.307   79.177   58.3095   75.5844   50   87.7838   31.0161   0   47.2655   37.6698   53.6214   104.955   59.286   105.902   58.9444   84.1759   47.1378   27.0384   41.4558   104.504   69.0918   65.7046   59.2369   27.6023   69.9247   67.9313   44.3708   97.2287   84.501   27.7703   33.8885   96.3968   113.439   44.5967   77.1777   42.508   104.78   94.0092   63.2769   69.0937   38.6526   121.495   59.7551   35.0384   50.0868   
42   37.5899   83.3607   54.231   76.9415   16.1245   80.025   47.4131   25.4951   16.1245   72.6154   49.4773   29.7321   23.7697   31.5753   72.9178   13.1529   60.8769   31.0161   36.8782   42.0476   45.5412   76.3217   23.0217   45.6946   35.171   57.28   71.6938   72.0625   35.4401   74.8465   3.16228   30.2655   0   61.5184   53.3495   102.332   30.0416   104.231   56.4264   69.0844   33.7646   47.1578   41.184   106.894   50.8944   82.8277   63.7064   41.1799   65.2646   57.3722   51   111.741   67.6702   58.0358   62.5395   91.4913   100.422   72.0377   73.2627   72.2875   85.5195   78.0328   34.0333   78.5873   32.1655   107.436   32.6491   62.1445   78.0865   
58.6003   80.7527   81.5414   63.0317   61.9839   32.28   85.7555   15.8114   72.9932   36.2491   96.0469   5.09902   68.6586   24.0208   16.0312   97.8008   60.6712   34.0588   51.8845   84.3445   89.4539   90.3549   87.6185   70.4557   73.8241   82.5651   93.4077   56.0892   82.0061   63.0714   98.0816   48.1664   17.2627   47.5184   0   60.9515   106.475   72.0089   108.166   67.9073   94.5295   60.0122   43.0783   58.7185   101.697   78.7694   59.8827   60.7547   40.1661   73.9754   77.4904   48.4215   91.3625   97.1042   32.8242   25.099   103.527   123.853   31.8102   84.1682   27.9093   117.383   106.612   79.6139   64.819   52.4477   132.319   77.0178   29.6619   32.1803   
12.8062   45.8803   48.2597   20.6155   42.8019   36.4966   46.6905   34.176   52.4023   42.19   50.3289   43.909   32.311   30.8707   35   52.0096   42.72   35.6931   9.48683   62.2896   63.2456   56.3028   45.31   48.1041   29.1204   61.5224   50.4876   38.2099   40.1622   20   52.4023   32.8938   36.0555   35.4401   45.8039   0   71.0304   48.2025   70.6155   34.8062   52.8286   47.024   61.0106   37.1655   72.8722   44.3626   55.1204   26   55.0902   39.12   33.9053   39.53   77.6009   52.4005   63.8258   58.9463   61.1106   78.1352   71.6004   41.9615   66.7192   72.6791   61.9087   60.0116   52.2062   54.0624   86.5279   63.9561   63.2701   75.1018   
46.2709   79.6492   11.6619   34   36.8917   90.6697   8.544   75.6637   97.719   96.421   39.1152   87.3212   70.5762   83.9524   86.0233   42.19   91.7824   61.7171   57.1402   104.389   101.533   87.367   16.9706   93.3006   51.4296   104.547   65.0692   40.4599   17.8885   56.0446   38.9487   85.2115   87.6413   88.1419   91.2414   54.231   0   95.442   18   63.2462   66.3259   94.6774   114.68   83.2843   43.3238   75.203   69.4518   66.3137   108.172   55   66.0277   82.4147   64.3982   67.2541   113.351   100.434   37.8015   58.9222   113.489   46.5678   99.8764   75.6291   72.6825   107.812   63.6476   102.182   70.4876   108.097   117.501   116.59   
35.171   26   77.7946   48.0833   75   26.9258   72.8354   52.8867   20.6155   28.0179   61.9839   57.1402   17.8045   32.0624   40.05   62.0322   10.7703   63.2851   25.0799   31.3847   34.4819   34.7131   68.0294   16.6433   35.171   30.2324   45.2769   70.2922   64.2806   26.0192   64.195   9.43398   39.2046   12.0416   56.0089   32.2025   81.2158   0   97.4981   57.171   57.8096   34   55.745   40.2389   100.958   43.0868   87.3229   58.2025   51.9812   59.3283   52.2415   58.0555   109.799   56.3954   66.9749   70.8322   82.0705   89.5757   80.8403   66.4337   76.8013   75.1667   64.3964   30.8167   82.8276   39.8403   96.5505   31.3693   69.1957   81.9839   
48.2597   81.4125   12.8062   36   38.0132   92.6553   10.4403   77.4145   99.6243   98.4124   40.2244   89.0674   72.45   85.9069   87.9318   43.2666   93.7443   63.2535   59.1354   106.231   103.31   89.0449   18.4391   95.2103   53.2259   106.405   66.5282   41.7732   19.6977   57.9741   39.9625   87.2067   89.56   90.1388   93.0215   56.2228   2   83.1865   0   62.3271   67.7944   96.1526   116.337   83.1433   34.0998   76.3694   71.4518   66.4654   109.126   55.3601   64.7622   80.9113   66.3982   69.2541   114.706   102.185   39.27   60.9222   115.24   45.0644   101.876   76.7057   73.759   109.801   64.792   104.079   64.8035   110.027   119.493   118.34   
6   45.793   41   12.0416   39.6989   45.1221   38.2099   41.1825   56.3028   50.636   42.2019   51.614   32.8024   39.8121   43.8292   44.1022   47.927   39.0128   12.083   65.2993   65.1153   55.9464   36.4005   51.8652   24   64.8151   46.0109   36.0555   31.3209   17.8885   44.2041   39.6232   44.9444   42.4264   53.9073   8.94427   46.0109   37.1618   48.0104   0   46.4618   49.6203   69.9549   37.8806   64.7695   37.2485   52.833   34.9443   64.0316   30.2462   27.0454   44.5183   74.4979   47.2801   70.037   65.9529   52.5367   70.0081   79.0079   37.2627   73.7731   67.5586   56.7883   63.8539   42.7924   59.4475   78.6204   68.5311   72.2143   82.1083   
24.1868   28.4605   53.7587   30.3645   64.2573   61.7171   43.6005   69.8928   50.01   65.215   22.3607   79.2023   23.3452   61.0737   67.424   22.1359   48.2701   69.1158   28.6531   54.3415   50.3289   35.5106   35.3553   46.0109   6.7082   54.9181   16.4924   62.3618   34.2053   17.8045   24.5153   47.8853   67.8012   51   80.5295   35.7351   51.8652   39.9249   53.535   30.1496   0   63.634   90.3288   57.8658   81.192   35.7466   82.9826   55.1868   83.7358   50.5005   39.4165   62.1041   99.0563   22.4142   94.2368   91.3906   53.4631   50.1669   102.193   55.4494   100.368   38.8534   28.083   68.8824   72.942   70.0803   56.6542   67.448   99.0052   103.889   
34.5254   40.2616   74.5453   46.0109   67.082   14.1421   72.111   38.6264   33.6155   17.8885   68.0955   42.19   29.5296   17.1172   25.0799   68.7968   21.4709   51.0882   23.5372   44.9444   49.0306   49.4975   69.2315   30.3645   41.6173   43.4626   56.6127   61.7738   64.6297   30.5287   70.3278   8.60233   24.3311   10   41.0122   26.3059   80.0062   15   82.0061   34   47.634   0   46.1656   33.2315   98.6769   54.6007   73.8277   52.3059   38.9545   57.0476   54.1991   42   101.881   64.8974   52.1014   55.887   85.6064   95.9018   66.6879   65.0882   63.0521   82.6804   74.4056   41.8473   76.6236   28.4853   103.315   41.6407   53.6879   67.2969   
58.6686   67.624   92.0706   67.4166   77.3175   14.7648   93.0054   33.6155   54.1479   15.0333   95   28.3196   57.9828   16.1555   15.1327   96.0469   42.5793   52.4976   48.8262   65.0077   71.3442   75.8947   92.3093   52.6118   69.3542   63   85.2115   71.3442   87.0919   58.0517   97.2008   32.311   13.0384   30.3645   24.0832   47.0106   99.925   41.6293   101.868   55.9464   75.6637   28.6007   0   51.3553   113.379   73.5685   77.6868   68.1123   33.2111   78.8001   79.4649   53.2462   109.801   92.6343   35.5787   46.9269   105.679   122.806   42.4008   88.9721   51.1299   111.185   102.142   62.7214   80.2299   44.2485   130.565   63.0136   32.4164   41.7697   
23.3238   45.1774   60.075   32.7567   51.8845   24.3311   58.8558   30   45.8039   30.0666   60.208   37.3631   32   19.4165   24.8395   61.5224   34.6554   38.0789   14.2127   56.6039   59.0931   55.4437   57.2451   41.8808   36.0555   55.4707   55.3624   46.6476   52.2015   25.0599   62.3699   23.0217   25.4558   25.0599   38.0789   12.1655   66.3702   25.2389   68.3593   20.8806   42.72   15.2315   35.3553   0   85.0377   49.6982   60.5206   38.1655   42.178   48.4611   44.4228   29.8167   86.6835   59.3356   50.609   53.4401   73.2518   88.0142   64.618   54.127   58.1947   79.6141   68.8438   53.4683   60.6197   38   96.0406   50.3836   57.2884   69.1699   
52.3546   90.9065   11.6619   39.4462   22.8254   90.4489   24.3516   68.1542   105.589   96.6282   57.0088   79.404   79.8812   82.0244   82.2192   60.1664   97.6934   51.0784   61.8466   113.741   112.201   99.7647   34.176   101.119   62.9682   113.534   80.2122   28.2312   32.249   64.3506   57.2451   88.8876   84.1487   91.4822   83.9345   56.0446   20   86.9253   20.0998   49.7695   65.192   82.2253   97.0824   67.2681   0   83.9109   58.4853   65.8722   106.244   60.4186   73.4536   77.1332   50.7099   81.8344   104.36   92.9246   55.007   78.9222   105.98   57.4005   91.4011   93.6055   86.0211   112.576   52.6715   105.268   84.9033   113.161   109.423   109.08   
15.5563   25.5539   57.2451   28.0179   59.8164   42.638   50.6952   53.7587   38.6264   46.3249   39.8121   61.9839   12.7279   42.2019   48.8774   40.3113   33.0606   56.8859   12   46.3249   45.2769   35.7771   45.1774   34.176   13.0384   46.1411   30.6757   56.3028   41.7732   3.16228   42.0476   29.7321   49.0918   32.8938   62.7694   21.2132   59.203   23.0868   61.131   20.2485   19.105   28.6007   56.5685   24.6982   67.4166   0   73.0814   45.1548   66.4214   41.8701   32.7646   46.1403   94.6154   34.105   75.3072   78.1383   59.2135   67.6183   86.2638   46.3403   79.307   56.597   45.8267   48.249   63.0408   57.086   74.8296   54.2966   81.3265   93.5891   
44.7214   83.3847   43.1856   39.2046   19.6977   59.0593   51.614   28.0713   88.2383   65.2993   73.9797   38.2099   69.857   48.7545   45.8803   76.6877   77.1557   9.05539   47.0106   98.813   100.499   93.7763   57.2451   84.2021   62.514   97.8008   84.4808   14.4222   51.8941   56.3205   75.4321   65.0692   48.0833   66.6033   43.1045   37.5766   54.4518   67.624   55.8659   38.833   68.1836   56.6392   60.8769   42.5206   42.4853   58.1893   0   44.1204   72.974   60.2046   65.8204   51.3501   54.4967   85.2604   66.2581   52.8417   76.5392   101.786   65.8968   60.9762   53.407   105.205   95.3023   92.9872   37.1803   80.1435   111.206   92.9042   71.0848   68.9972   
16   54.5619   40.0125   16.2788   32.8024   44   40.4969   32.8024   62.3699   50.04   50.6063   43.8634   41.1825   36.6742   39   52.7731   52.6972   29.0172   18.6011   72.1388   72.8011   64.8845   41.0488   58.0517   34   71.4213   56.0089   28.2843   35.5106   27.2029   52.4786   42.5441   40.4969   44.9444   46.7547   10   47.2969   42.2019   49.2443   10   40.1123   35.4401   52.6308   20.3961   46.8722   29.1548   29.1204   0   60.8938   37.2788   37.0454   31.8661   67.6014   57.2801   67.3735   57.5728   56.7732   78.2851   70.6279   41.4009   59.1022   76.394   65.6236   70.0116   41.7231   56.1995   87.2914   70.7797   66.4782   73.7283   
51.4782   61.6847   85.5862   60.407   71.8471   9.05539   86.1278   30.2324   50.04   12.083   87.8009   27.4591   51.4782   9.21954   10.8167   88.8651   38.0132   48.3322   41.6173   61.2046   67.0075   70.342   85.235   48.0416   62.2415   59.3043   78.492   65.9242   80.0562   50.9313   90   26.6833   8.60233   25.1794   24.1661   39.9249   93.1719   35.7351   95.1262   48.8467   68.593   21.9545   7.2111   28.178   91   49.5177   56.3028   45.8912   0   71.8641   72.2792   46.3103   105.636   83.6226   36.3727   41.807   99.5281   115.607   48.4429   81.8864   50.2693   104.635   95.0298   56.2562   73.294   30.9284   123.383   52.0135   39.6275   44   
11.3137   52.0096   32.7567   5   33.2866   52.6118   30.5941   44.0454   64.1405   58.3095   39.8121   55.1725   39.598   46.4866   49.6488   42.1545   56.0803   38.0789   20.2485   72.8011   72.1388   61.8547   30.0167   59.6825   27.2029   72.4224   48.8365   30.4631   24.5967   24.0832   41.5933   47.8539   50.9902   50.636   58.0517   16.1245   38.1182   45.31   40.1123   8.24621   32.3883   42.0476   62.6259   28.2843   41.6293   26.8701   36   11.3137   55.6597   0   32.4127   40.5539   68.0856   50.4831   78.2832   68.8158   45.4951   67.6183   79.7951   29.2956   70.4159   67.7703   57   72.1002   45.0799   66.2843   76.6728   74.5847   77.7919   84.9713   
5.09902   36.2353   45.618   16.4012   49.0918   47.8539   39.6232   50.6952   50.1597   52.5547   34.7131   60.4152   24.2074   44.8219   50.2096   36.0694   43.7379   50   11.6619   57.9828   56.7274   46.0435   35.0571   45.6946   13.0384   57.8014   35   46.0652   31.0644   8.60233   36.8782   38.2099   50.9313   41.3038   62.1289   16.5529   48.0521   33.2415   50.01   11.0454   19.4165   34.7851   60.4649   25.4951   55.7584   11.6619   49.8197   21.0238   53.2541   15.8114   0   44.3379   83.8907   36.3185   76.1041   75.4655   55.888   62.5194   88.1533   36.3617   80.126   56.597   45.8267   57.1741   53.8377   60.5441   70.5877   60.6549   79.6553   88.0069   
25.2389   54.9181   54.3323   30.5287   42.72   30.4138   55.3624   21.8403   56.6127   36.6742   62.6259   31.3847   41.4367   22.0907   24.1661   64.405   45.3431   27.2947   20.2237   67.4166   69.7782   65.307   55.5698   52.6972   41.4367   66.2873   62.3699   37.1618   50.1199   31.5753   64.6607   33.3017   25.632   35   33.4215   12.53   62.0967   36.0555   64.0312   20.5183   48.1041   25   37.855   10.8167   60.1332   32.1403   31.8277   14.8661   31.257   25.5539   29.0689   0   77.519   64.7168   53.4023   46.6107   71.0238   90.4321   56.2311   54.4915   54.195   84.9953   74.225   60.2277   50.8328   48.8167   98.9233   61.2003   56.8917   62.7662   
64.0312   104.809   35   53   19.799   90.6201   48.0416   60.531   114.865   96.933   79.4292   70.0286   92.1954   80.6536   78.339   82.5651   105   41.3038   70.7248   124.483   124.579   114.621   57.3149   110.535   78.8923   123.843   98.8989   24.4131   53.9351   76.8375   80.0625   94.0319   80.5233   96.0417   75.06   62.482   45.3982   94.6414   45.7056   59.4643   82.7345   86.093   93.3916   71.0211   25.7099   79.511   32.5576   52.4976   88.6002   52.8015   68.6003   61.2944   0   99.0773   98.6075   85.3013   78.1459   102.331   98.0562   73.3259   85.0703   116.004   109.045   119.601   48.8534   103.566   110.509   121.405   103.642   101.457   
25.0799   27.2029   55.1725   31.6228   65.5515   61.6198   45   70.5195   49   65   23.1948   79.7057   22.561   61.2209   67.6757   22.8035   47.5395   70.0643   29.0689   53.1507   49.0408   34.1321   36.7151   45.0444   7.28011   53.7587   15.2971   63.6003   35.609   18.0278   25.318   47.5079   68.0074   50.6063   80.9506   36.4005   53.2541   39.3954   54.9181   31.0644   1.41421   47.5079   75.6637   43.0465   66.6033   19.105   69.2604   41.0488   68.6222   33.541   20.2237   48.7032   84.0773   0   93.6555   91.9625   50.7805   51.0011   103.607   53.7648   98.4119   40.2676   29.4973   63.0977   73.8568   71.4945   57.3218   67.7293   99.6706   105.303   
58   75.1864   85.7263   64.3506   68.1175   24.0832   88.5664   22.0907   65.192   27.2029   95.462   14.4222   63.9062   18.0278   10.8167   96.9381   53.0377   41.3038   49.8197   76.4199   82.0244   84.3445   89.3588   63.0079   71.6101   74.5453   89.8944   62.1289   83.863   60.4649   97.5807   41.1096   10.7703   40   9.89949   45.3431   94.7048   49.6488   96.566   54.037   78.2368   34.9285   14.2127   35.609   89.2693   59.6825   50.1597   48.3735   15.2971   59.3633   60.8769   33.8378   82.6075   78.492   0   34.4222   104.846   123.268   33.1529   85.7583   37.2325   114.909   104.139   71.5532   68.469   46.2254   131.456   67.3106   26.1623   38.3693   
54.9181   79.2275   76.5572   58.6941   56.8859   33.1059   80.9938   10.7703   73.0068   37.7359   92.2009   2   66.7533   23.7697   16.1555   94.0479   60.6383   29.0172   48.8467   84.4038   89.1067   89.0505   83.0963   70.214   70.6824   82.7103   90.7579   50.9902   77.4661   60.1664   94.2019   47.8539   17.8885   47.5395   5.09902   42.19   86.3539   55.1453   88.1192   50   77.3886   40.1995   27.0185   35.4401   78.848   60.0833   38.0526   42.4264   25.807   53.7401   58.6686   29.6816   70.1142   77.8781   13.4164   0   99.1892   120.007   28.2066   79.529   24.8102   114.241   103.471   77.3699   61.72   52.572   128.566   74.1664   34.7609   37.2794   
33.2415   58.8727   28.4605   25.4951   48.2597   80.0562   15.6525   74.2765   79.0759   85.0706   17.088   85.5628   51.6236   75.591   79.6116   20.2485   75.0067   65.3682   43.9659   84.4808   80.7775   65.7647   5.83095   74.8131   31.5753   84.8999   42.5206   49.2443   9.05539   39.0512   17.4642   70.859   80.7775   73.9797   88.5268   44.7772   22.6716   65.0692   24.0416   35.8469   30.4631   67.4463   91.6788   56.3649   39.9249   42.0119   60.5392   41.7732   84.5281   30.4795   32.7567   55.8032   62.6498   31.7805   89.627   84.1724   0   41.0768   110.275   41.3732   100.875   53.6875   50.7409   89.9307   64.6588   92.982   48.9559   91.1038   108.047   115.202   
50.3289   57.2189   53.4603   47.8539   74.3303   94.0479   40.3113   95.9635   81.0494   97.9439   12.8062   106.607   55.9732   92.0978   97.5807   11.4018   80.9568   89.6939   58.7963   83.0241   77.1038   60.208   31.0161   77.4661   38.5876   84.0952   34.0588   75.1332   35.1283   49.6488   10.8167   80.9506   98.3107   84.0773   108.853   63.1269   44.9222   73.0068   45.5412   55   33.1059   80.1561   107.448   72.8629   64.3273   51.6236   85.7263   63.2851   100.265   52.3546   47.3814   75.4321   88.278   33.6155   108.208   105   26.0768   0   130.708   58.8219   122.387   39.1359   41.8942   96.404   90.1051   103.186   23.2195   99.1685   126.397   133.191   
66.4003   87.4757   88.5664   70.7672   68.1542   37.2156   93.1933   22.8254   78.3135   40.2616   103.856   11.1803   75.6902   30.2655   22.3607   105.603   66.1211   39.8121   59.5399   89.56   95.0842   96.8762   95.268   76.0592   81.4923   87.6926   100.846   62.3618   89.6437   70.6612   105.891   54.0093   23.0868   53.0377   7.81025   53.6004   98.4886   62.2896   100.24   61.7171   88.193   47.3814   26.4008   45.618   90.4434   70.2638   48.8365   54.4885   28.4429   65.7951   69.8928   41.2311   80.0562   88.5889   13.1529   12.2066   96.2601   116.662   0   90.2495   33.9906   125.051   114.281   83.519   70.9004   58.7772   139.881   79.2763   35   26.099   
17.2627   54.5619   25.9422   5.38516   34.2053   62.3699   21.0238   53.7587   69.857   67.897   32.0156   65.0692   43.566   56.648   59.9416   34.7131   63.0635   45.6946   28.0713   77.5242   75.8024   63.6553   19.7231   65.3911   27.0185   77.4145   46.6154   33.1361   14.3178   28.178   33.5261   56.1427   61.2699   59.0762   68.1175   25.9615   29.0689   52.3927   31.0644   17.2627   30.4138   51.0882   72.8011   38.0789   36.4005   31.305   41.9762   21.4009   65.7875   10.2956   19.6977   35.8469   52.3259   31.7648   69.6419   63.7024   20.5183   44.0114   75.8222   0   80.5031   68.1522   58.4969   76.8718   44.8058   76.0789   67.2309   80.2306   87.8791   94.6845   
58.1808   86   74.4312   60   52.811   42.0595   80.2808   11.7047   81.3204   46.8722   94.6678   7.81025   73.1095   32.311   25.0599   96.7471   68.9638   24.3516   53.6004   92.72   97.0824   96.0469   83.4506   78.339   74.9466   91.0934   95.8019   47.1699   77.7946   65   96.566   56.0446   26.9258   55.9732   12.53   45.8803   84.8764   62.8013   86.5332   52.7731   81.5966   48.0521   36.1248   41.1947   75.3923   65.307   33.2415   44.1022   35   55.2178   62.3939   33.5261   64.0703   82.2192   22.2036   9.21954   85.1469   107.378   16   64.6607   0   118.505   107.735   86.1775   56.4462   59.0114   130.503   83.386   42.1919   41.0238   
46.5725   37.9473   66.2118   50   82.201   82.807   53.7122   92.6984   62.2977   85.5862   21.4009   102.044   40.6079   83.2346   89.8888   18.4391   64.4981   90.934   51.4296   62.6498   56.0803   39.0512   43.909   59.2368   29.5466   63.9531   13.9284   81.3941   45.6946   40.3113   21.9317   67.3573   90.1388   70.2922   103.31   58.5235   60.4649   58.4123   61.6117   52.3927   22.8473   68.6804   97.1854   65.3682   77.8203   41.0488   89.0898   62.1691   90.2718   53.1507   42.0595   70.9366   99.0404   22.3607   100.703   100.225   38.0789   22.1359   110.941   48.2597   104.403   0   27.7703   79.6498   93.0656   92.9276   42   84.6386   121.715   126.736   
35.9026   32.0624   59.3633   40.1995   73.2462   72.8354   47.634   81.9329   55.9017   75.9276   18.3848   91.2853   31.7648   72.8011   79.3221   16.4924   56.4624   80.5047   40.7063   58.0086   52.469   35.9026   38.2099   52.3927   18.7883   59.0085   10.2956   72.0069   38.833   29.6816   19.9249   58.0086   79.6304   61.0328   92.5905   47.7598   55.1725   49.3964   56.5685   41.7732   12.083   58.6941   87.046   54.7083   71.0211   30.6105   79   51.6236   80.0562   43   31.3209   60.1664   90.824   11.6619   90.1388   89.4707   32.5269   25.1794   100.24   39.0512   93.6376   10.7703   0   72.7814   83.8571   82.1633   48.3989   73.6941   106.655   115.872   
45.5412   26.1725   88.2553   58.5235   85.8021   31.0161   82.7647   61.4654   10.7703   29.8329   69.2315   64.3273   23.5372   38.6394   46.5296   68.884   2.23607   73.2393   35.7771   22.1359   27.0185   32.249   77.4145   8   43.1045   20.6155   48.8774   81.0555   73.9797   35.3553   71.3863   14.5602   45.2769   15.0333   62.514   43.0116   91.2195   10.8167   93.1719   47.8539   46.8722   22.8473   44.7214   35.4683   97.5756   32.249   77.9872   53.0094   40.05   55.9464   43.1741   46.2277   105.423   46.0977   55.0091   62.3699   74.0608   79.404   68.0661   62.6418   70.6045   62.6498   54.7814   0   88.5052   47.1988   102.316   23.4721   73.2453   84.05   
34.4819   74.2428   34.9857   28.0713   16.2788   56.6127   41.7732   31.3209   81.3204   62.9365   62.8172   42.72   60.9016   47.0744   46.0435   65.5134   70.9366   16.2788   38.2753   91.4385   92.4175   84.5281   46.6476   77.1038   51.9711   90.6091   73.8241   10.4403   41.1825   46.6154   64.2884   59.6406   48.0937   61.5873   47.1275   29.2062   45.607   60.8276   47.2017   28.7924   57.4282   51.6236   61.131   36.6197   36.8782   48.7545   11.1803   19.7231   55.5788   25.0799   39.5601   26.8328   34.4819   58.5491   52.469   42.0595   49.6588   74.6324   53.8516   30.8058   39.4462   78.0256   68.0294   71.5052   0   74.231   97.852   87.0033   76.7894   72.2467   
41.7612   47.7598   80.0562   52.469   70.2282   5.65685   78.6384   36.0555   37.6563   10.198   76.3217   37.3631   37.7359   11.7047   19.4165   77.1038   25.318   51.0882   31.0161   49.0306   54.1479   56.5155   76.4003   35.1283   50   47.2969   65   64.622   71.5891   38.833   78.5493   13.0384   18.1108   12.1655   35.3553   32.0624   86.2844   21.8403   88.278   40.4475   56.0803   8.48528   20.2485   20   86.977   37.0135   57.6888   40.1995   13.9284   48.1664   42.5441   27.5136   88.5664   55.9732   28.0713   35.4401   74.9466   88.4816   41   57.7062   44.0114   77.1557   67.1789   27.1662   54.231   0   111.622   44.8146   47.4279   57.9284   
59.5483   64.1327   60.0083   56.8243   82.0366   103.005   47.0106   105.119   88.295   106.78   22.0227   115.802   64.0781   101.237   106.775   20.5183   88.955   98.4886   67.9412   89.4539   83.0542   66.0303   38.3275   84.8999   47.4342   90.6697   40.3113   83.1986   42.9535   58.6003   20   89.5545   107.49   92.6607   118.068   72.3464   50.4876   81.3941   50.8035   64.2028   41.6773   89.0505   116.516   82.0366   70.3491   60.4649   94.2444   72.4017   109.343   61.4003   56.5685   84.6463   95.0053   42.0595   117.414   114.202   33.9559   9.21954   125.877   52.8015   116.503   27   32.573   87.3155   83.2166   97.4166   0   106.267   135.616   142.374   
47.5395   30.4138   90.1388   60.4401   86.5332   28.0713   85.1587   59.9333   13.0384   26.3059   72.7805   62.0967   27.2029   36.4005   44.1475   72.5328   2.23607   72.6223   37.3363   24.3311   30.0666   36.3593   80.1561   11.4018   46.3897   22.561   53   81.6088   76.531   38.0526   74.9533   13.0384   42.7551   12.6491   60.0167   43.909   93.5575   12.3693   95.5249   49.3964   50.448   21.6333   41.3038   35.3836   99.1615   35.0143   77.7946   53.8516   37.0135   57.5847   45.5412   45.9674   106.019   49.7293   52.1536   60.1664   77   83.1685   65.2763   64.7611   68.6222   66.7308   58.6941   4.24264   71.8401   24.7386   91.1811   0   68.0094   81.0135   
60.8769   76.922   88.8876   67.4166   71.1758   25.02   91.7061   25.02   66.0303   27.4591   98.2904   16.5529   65.9242   20.1246   13.4536   99.7246   54.0093   44.1814   52.4976   77.1622   83.006   85.9069   92.4392   64.0312   74.2024   75.2396   92.1792   65.192   86.954   63.0079   100.419   42.4264   13.0384   41.1096   11.6619   48.2701   97.8621   51.1957   99.7246   57.0088   80.8022   36.6879   13.4164   38.2884   92.3959   62.1289   53.0848   51.4782   16   62.434   63.6553   36.8917   85.4751   81.0247   3.16228   15.8114   92.6553   111.018   13   72.7186   24.1868   103.175   92.6553   56.0357   55.5788   29.4279   120.216   53.0094   0   29   
68.7677   87.5557   92.7038   73.8783   72.7805   36.0139   96.8969   26.9258   77.026   38.3275   106.301   15.5242   76.2168   30.3645   22.8473   107.935   65.0077   44.5533   61.2944   88.1419   94.0053   96.6902   98.6002   75.0267   83.2166   86.209   101.98   66.9403   93.0054   72.2011   108.374   53.3385   23.0868   52.0865   11.1803   55.9732   102.421   61.9839   104.202   64.3506   89.8888   47.2969   23.7697   47.1699   94.921   71.5891   53.6004   57.6281   27   68.884   72.0069   43.8406   85.0235   90.2109   12.3693   16.1555   99.3579   119.097   5.09902   79.0253   21.0238   112.508   101.872   67.0298   58.1893   40.3113   128.316   64.0078   11   0   
