15
60
999999 11 11 9 16 15 11 10 11 14 6 13 6 5 10 16 8 11 6 14 10 6 10 7 12 16 6 8 11 11 5 17 17 16 14 17 12 8 8 17 7 15 10 16 16 10 13 8 7 6 8 10 14 13 15 13 7 15 9 6 
0 9 4 2 15 10 10 8 9 13 5 6 5 3 1 3 6 8 2 4 8 2 4 3 9 15 4 3 3 8 3 16 2 5 6 3 7 3 3 1 5 7 1 13 5 9 5 3 1 4 5 5 12 11 14 12 4 9 8 1 
20
0   0   0   0   0   0   0   0   0   0   0   0   0   0   0   0   0   0   0   0   
-9   11   -5   8   -9   7   -11   5   -7   8   -8   11   -9   8   -6   6   -11   3   -6   8   
9   -5   9   -3   7   -6   8   -10   7   -5   4   -4   6   -3   2   -6   9   -7   5   -6   
1   -3   3   -2   6   -3   0   -5   0   -2   0   -4   4   -1   1   -3   -1   -3   8   -6   
-5   15   2   4   -8   13   -7   5   -8   2   -12   10   -5   0   -6   12   -10   15   -15   2   
-2   2   -3   4   9   -9   0   0   6   -13   1   -3   11   0   8   -7   0   -8   4   0   
0   5   0   1   0   -1   5   1   2   0   0   0   -3   -3   0   0   0   1   1   -3   
2   1   0   3   0   3   0   -1   0   3   0   0   1   0   2   3   -1   6   -1   0   
-7   8   -9   10   -3   8   -5   4   -4   4   0   10   -9   9   -9   11   -6   9   -5   6   
-3   6   -9   1   -2   5   -5   5   -3   8   -7   1   -1   2   -1   1   -6   9   -7   4   
-4   -1   1   0   2   -1   0   5   0   -1   1   0   3   0   1   0   -1   -3   -1   -3   
-6   10   -8   8   -8   8   -12   13   -6   12   -7   9   -10   2   -11   6   -13   8   -6   13   
0   2   -5   1   -5   -2   -2   5   -2   3   -2   2   0   2   -3   0   -1   0   -3   -2   
0   0   -1   1   -1   0   -2   2   -3   2   -2   2   -2   2   -1   0   -3   2   -2   3   
-4   5   -1   7   -4   3   -3   5   -2   0   -10   0   -6   5   -8   8   -6   6   -3   3   
-8   7   -6   11   -9   11   -8   4   -12   7   -11   14   -7   12   -4   5   -2   8   -7   12   
5   -3   1   -6   2   -5   0   -2   1   0   4   -2   3   -1   1   -4   3   0   5   -4   
-2   4   -7   8   0   2   -7   2   -8   9   -3   5   0   0   -4   9   -7   8   -9   3   
-4   6   -6   3   -3   1   -3   6   -4   1   -4   3   -3   4   0   5   -1   6   -5   6   
-4   4   -3   12   -12   0   -2   3   -10   11   -6   8   -4   3   -10   6   1   5   1   5   
-3   2   2   -2   3   -1   0   3   0   1   4   -3   4   0   1   -1   2   -5   1   -6   
1   -1   5   1   1   -1   2   -3   0   -4   5   -3   2   0   3   0   3   -3   2   -4   
8   -9   1   -5   6   -3   1   -7   0   -3   6   -4   8   -6   2   -2   3   -10   9   -4   
1   2   1   3   -2   4   -3   4   0   0   -1   0   -4   0   -4   0   -1   3   -2   2   
-1   1   -3   7   0   9   -4   3   -5   7   -1   3   -2   0   -6   2   -5   4   -6   7   
1   0   6   -1   4   -7   11   -2   6   -10   8   -2   4   3   11   -4   0   -13   12   -2   
-2   5   -1   5   -6   3   -3   3   -4   5   -4   2   -3   6   -5   3   -1   4   0   3   
4   -3   5   -5   5   -3   1   -4   0   -1   6   -1   3   -4   3   -2   2   0   0   1   
1   -1   -2   2   -5   0   1   -3   -5   1   5   1   0   0   -3   2   -4   1   0   3   
6   -4   4   -6   4   -10   6   -6   6   -6   7   -1   9   -5   3   -5   8   -11   11   -8   
0   0   0   1   0   0   0   0   0   0   0   0   0   -1   2   0   0   -1   0   0   
-7   9   -8   14   -9   5   -6   6   -14   12   -6   12   -13   6   -7   10   -2   6   0   7   
-6   -6   0   0   4   1   0   -2   2   -5   6   -2   0   4   6   12   -2   8   9   -1   
0   -5   -10   6   -5   11   -3   0   0   3   6   -4   -7   -11   -3   5   -8   0   -6   2   
6   1   4   -9   6   -9   5   -5   10   -7   6   -4   10   -6   0   -7   3   -8   7   -4   
-1   4   -1   1   3   -3   0   0   -7   1   -2   5   -1   2   5   -5   8   -9   1   6   
-7   10   -8   4   -3   0   -9   11   0   1   -7   0   -1   8   -2   6   -8   -1   -3   -2   
-2   3   -4   4   -1   4   -1   5   0   5   -1   3   -5   3   -3   3   -2   4   -3   5   
-1   1   -2   2   -2   3   -3   2   -6   3   -4   4   -4   4   -4   0   -4   1   -1   1   
-5   4   -10   9   -4   3   -3   5   -1   -2   -8   3   0   5   -1   8   8   -2   2   6   
0   0   1   0   -2   0   2   -1   -1   2   4   -3   0   -2   -1   -3   2   -5   2   1   
7   -5   10   -9   5   -5   -5   0   11   1   2   -1   2   -1   2   -4   7   -9   8   -3   
-3   3   -2   1   -1   1   -1   3   2   7   -4   0   -3   0   0   0   2   0   0   0   
-8   10   -6   2   -4   6   -11   0   3   1   0   6   -5   -3   -10   7   0   11   2   5   
-2   0   4   4   -4   5   -13   10   -6   5   -15   0   -11   3   -14   7   1   13   -5   7   
-9   0   -4   6   -4   10   -1   5   -6   8   -5   8   -3   6   -7   3   -9   8   -2   5   
-13   8   -4   11   -5   0   -9   13   -9   3   -2   13   -11   2   1   7   -6   7   -11   11   
0   1   -2   2   -2   4   -3   3   -4   0   -4   3   -4   4   0   2   -2   0   -3   0   
2   -1   1   -1   2   2   3   -3   0   -1   2   -1   2   -2   2   -5   4   -6   5   -3   
0   3   -4   0   -1   2   -1   4   -4   1   -4   2   0   0   -2   4   -2   0   0   2   
-1   2   -5   3   -2   2   -3   0   -2   5   -5   1   -3   2   -3   2   -3   1   -1   2   
0   3   -6   5   -4   4   -10   9   -5   9   -7   0   -7   7   -6   3   -8   5   -7   9   
3   -6   8   -3   0   -3   1   -3   7   -10   1   -3   3   -4   0   -2   9   -10   3   0   
-9   4   -7   3   -6   9   -6   7   -3   8   -8   11   -10   6   -5   5   -9   8   -2   1   
-4   -3   -8   0   3   -4   -6   9   -11   1   -12   7   -9   0   8   10   -10   5   -3   5   
3   -4   11   -5   3   -6   10   -6   9   3   -8   -3   12   0   11   -12   9   -5   9   -5   
6   0   6   -1   0   -2   0   -3   3   -3   4   0   5   -1   2   -2   2   -5   4   -1   
0   10   -11   4   -9   7   4   3   -5   4   -1   12   -3   11   0   11   -8   5   0   6   
4   -6   2   -1   3   0   4   0   4   -3   3   -4   9   -3   2   -4   0   -8   5   -1   
2   -2   5   -1   0   -2   4   -1   4   -3   3   -2   4   0   6   -3   4   -3   0   -3   
0   51.1831   81.0591   37.2634   55.8497   69.0408   34.1905   49.8783   51   28.7703   61.083   60.9466   40.6982   58.4219   25.1803   69.234   83.6222   77.9682   67.6321   35.3776   60.0135   40.2485   59.4853   53.609   45.3608   52.4005   54.2173   71.9386   59.8378   68.4296   69.634   45.6356   87.3573   35.4018   43.9072   72.4131   64.0231   28.1803   66.4039   61.5216   53.0147   80.7622   42.1246   64.5448   53.0167   32   61.7214   36.1803   46.257   72.1828   62.2616   59.0122   59.2616   25.9443   35.8661   44.4722   83.1808   72.1808   64.8292   67.2015   
34.1321   0   53.4109   60.2769   26.8167   69.0197   35.9249   76.0416   41.46   57.8318   92.984   40.1529   24.8167   90.3229   57.0813   47.121   59.7151   83.5134   72.2315   69.5097   91.0322   67.575   39.2482   27.2066   36.198   57   87.8929   79.8254   76.1413   39.0832   71.0091   79.7677   94.199   58.4605   30   98.4923   38   47.2029   71.0807   73.7746   85.8027   57.7805   69.7419   37.2788   47.311   59.3573   38.6815   69.3438   77.0762   49.2813   60.9574   40.8087   67.2945   50.2389   68.6905   54.1214   52.4109   47.7386   39.8473   61.9285   
64.0703   30   0   86.869   42.3019   85.2019   64.2443   105.586   54.4838   87.376   116.358   37.9545   54.3609   120.323   87.0813   57.4849   32.1555   97.6149   88.4833   90.411   116.439   88.5597   53.0499   46.0156   53.4833   76.9422   113.673   97.5711   95.0759   42.9258   90.5376   102.313   112.635   81.0504   52.5899   126.788   32.9706   72.6127   91   101   108.541   32.2788   91.6108   37.5407   68.7099   84.6003   43   89.4098   103.207   46.4631   81.0714   51   78.0714   70.6443   91.9276   78.5859   16   39   51.1361   55.4969   
20.6155   45.2769   72.7324   0   69.0093   53.2361   43.0192   60.4445   69.5617   41.5993   47.2533   72.4363   56.9593   50.0826   29.0527   62.4686   87.4059   97.7525   85.9631   54.6606   53.31   18.2361   52.4187   58.8534   60.3757   72.0527   65.7431   58.28   67.6366   65.8652   81.9412   56.2019   63.2017   30.4721   50.3456   57.6005   74.8705   39.4951   44.3516   73.9453   38.3401   87.2635   19.4721   79.0328   45.7155   31.4012   69.1411   44.4951   62.1841   70.2635   46.1725   74.2495   52.4245   46.5598   45.1548   34.3137   88.7324   92.7963   66.4072   68.2701   
39.8497   10.8167   28.3019   54.0093   0   79.8363   42   81.7827   31.5249   61.4131   100.933   19.6569   35.6333   98.2716   65.0301   57.9376   55.0604   74.4443   64.8851   65.3814   91.5958   72.2453   48.6554   37.6274   36.7047   53.344   85.7248   90.642   72   48.9531   66.9618   80.7138   104.802   63.4342   34.9737   101.925   27.4018   51.2844   81.8974   75.7062   87.1642   58.2278   73.4814   27.6158   58.1276   63.607   48.7849   64.3011   77.1082   54.3363   71.7741   27.4018   71.0727   49.0483   75.2494   63.8722   44.3019   39.2094   50.664   70.4185   
49.0408   53.8516   70.7107   33.0151   64.6607   0   57.5306   91.4145   85.0423   71.8819   61.2277   81.6777   68.5179   79.0008   59.1163   49.2652   78.1249   123.851   111.107   84.4184   86.0357   50   47.28   58.7501   72.2364   96.123   98.0623   38.3693   97.0089   62.1746   109.384   89.217   51.4591   52.6564   60.8142   89.6048   78.3828   64.1217   33.464   103.671   67.2397   76.0085   52.4761   84.8317   36.6274   61.6855   59.1837   71.2713   92.6385   59.0119   22.0623   92.0624   30.8995   65.8774   78.1699   46.5707   86.7107   95.3757   60.6563   50.249   
15.6205   19.9249   49.2443   26.0192   28   43.4166   0   65.1564   47.5466   44.3908   72.0357   47.6569   34.3417   72.5009   39.2594   50.3679   75.7863   81.7308   73.1202   50.9981   67.4023   44.2553   40.318   45   44.4642   57.9487   69.8378   71.9329   59.0114   56.4931   72.7758   61.1747   82.6108   38.2627   35.6619   81.1289   52.8938   28.4823   61.8648   68.0098   60.8803   70.8799   45.4914   55.6158   38.095   39   49.7849   45.3512   61.8775   55.0789   59.4683   49.8938   56.6006   26.2462   51.4866   41.1246   65.2443   63.643   49.7924   55.3275   
32.28   62.0081   91.2853   44.5533   63.7024   77.4145   47.0106   0   69.4707   36.587   75.3301   83.3593   67.2533   56.1152   47.0606   96.0725   113.156   68.1202   60.356   32.4492   38.5407   60.7551   86.3674   80.6909   69.0791   55.7532   31.6444   100.604   36.025   95.3941   57.3506   20.2426   107.755   57.551   71.2898   55.2053   90.6367   50.6742   87.6586   43   59.0512   111.471   60.8839   84.9366   78.6457   48.4999   90.686   38.4642   26   102.09   88.0646   77.3633   87.6996   56.6679   34.4642   74.0096   107.285   102.912   95.7694   99.4808   
37   19.6977   39.3954   54.5711   12.0416   70.9366   29.5466   55.4707   0   57.2019   98.083   31.6984   33.9294   95.4219   62.1803   66.8187   65.9902   65.1943   52.6409   62.1152   85.9039   72.8071   58.9459   46.9043   29.8062   37.4094   76.7145   98.201   65.2311   58.7809   51.6563   65.3128   109.831   67.8092   47.0153   97.0061   39.4433   56.5106   84.8308   73.8722   85.007   70.2694   74.0432   39.6574   67.0087   62   57.2753   64.2719   76.4004   65.5077   80.6551   31.1231   79.0737   54.2746   60.2719   68.6588   55.3954   46.8444   57.5441   70.626   
10.7703   43.2782   73.2462   25.9422   47.4131   57.4891   26.0768   21.587   42.2019   0   61.5997   67.0699   49.7431   55.3387   35.2111   76.4447   93.3451   74.203   63.774   29.5249   43.7551   40.6982   66.3948   60.0435   51.8469   53.0516   42.4747   82.7089   42.2063   74.5599   60.0039   32.1588   89.1439   41.2099   52.8943   55.9781   72.2413   32.2788   70.1887   47.8047   45.3209   88.9467   44.5428   74.0396   55.1123   32.1588   67.8516   22.1231   35.1525   78.9959   66.9385   60.3249   66.3678   35.4391   18.1231   48.257   89.2462   82.9511   69.5619   77.9719   
47.0744   75.4255   102.357   30.1496   84.0238   46.2277   56.0357   55.2268   83.6002   46.5188   0   102.586   86.1437   41.3961   55.9026   87.6419   117.263   120.722   110.293   76.0437   55.8398   48.3857   81.7951   86.342   87.0274   99.475   74.9562   58.5441   87.9231   96.0148   106.523   72.1761   65.0488   57.0128   80.4952   55.751   105.02   69.6447   51.0588   92.1665   33.2788   114.5   48.0179   108.933   69.2443   59.2311   94.6726   64.618   76.6941   99.3855   63.9318   103.468   73.2277   70.3323   64.6419   61.5601   117.108   119.255   91.0902   88.9452   
44.9444   13.1529   22.8254   58.0775   5.65685   66.1891   32.249   69.3542   16.7631   52.8394   88.2043   0   37.9696   102.144   69.6962   57.4636   50.7297   79.0081   69.404   68.0377   95.5254   73.7471   51.9571   40.3595   37   54.1725   91.3817   92.9783   77.6568   46.6719   68.4194   82.0758   107.352   64.5512   36.0907   106.258   23.0711   51.6962   84.2337   77.1348   92.8211   54.3026   77.407   22.1623   60.4639   68.6157   41.9072   69.958   82.7651   56.3553   74.1104   33.0586   75.8595   54.0555   70.9625   67.2744   38.8254   30.6015   52.8277   57.4166   
24.6982   10.8167   40.3609   39.2046   15.2971   54.4885   13.3417   51.225   16.6433   33.0151   69.0072   20.2485   0   83.1201   49.8785   55.7798   64.3162   76.3602   63.8069   51.5106   76.7703   57.4407   47.0679   35.0263   30.1231   48.5753   75.4898   80.7295   59.72   47.7267   68.2997   65.1739   95.103   50   36.4868   88.9932   37.8035   41.8239   72.6602   71.4773   74.2219   58.4853   56   42.4107   48.8904   51.3645   41.0185   54.8378   68.1676   54.0526   61.8615   42.6977   67.5982   39.5879   51.1383   54.4663   55.6989   50.8499   45.1496   65.7732   
43.1741   76.3217   105.551   34.7131   82.9699   61.327   56.4624   39.1152   79.6304   38   20.3961   87.9318   67.72   0   49.2364   93.2205   121.336   107.235   98.0224   64.2969   41.3848   46.8502   87.1319   89.1051   87.702   89.1441   55.6232   76.291   73.7135   100.578   93.3572   56.2492   76.0328   54.834   83.2867   34   104.788   67.1512   64.3691   77.4166   26.0416   117.435   54.1852   107.524   75.4126   56.3631   99.0253   58.2156   60.4166   102.966   80.8856   98.3249   80.5235   68.923   54.2156   64.0109   121.551   115.355   94.0253   96.7587   
11.1803   43.0813   72.4707   12.083   50.01   44.4072   23.2594   33.0606   48.0416   13.8924   35.9026   54.8179   34.7131   33.2415   0   67.0041   89.3136   88.0955   75.8792   43.4173   53.8058   30.3191   59.0623   56.0119   53.5215   60.6476   55.8156   64.3289   56.0987   71.4437   73.8963   44.4138   75.2847   24.0623   52.5441   62.2046   70.0803   36.341   56.4005   61.5296   50.1948   85.527   31.5552   72.4891   50.6371   25.3852   64.7955   36.0155   49.0449   78.3383   54.054   67.2411   52.0135   34.105   32.0155   39.2354   88.4707   83.3611   71.2701   76.5894   
48.7647   33.121   41.4849   44.6878   43.0116   30.0167   35.1283   81.0432   52.7731   59.4811   69.6419   42.45   39.2938   79.2086   51   0   48.831   111.946   100.331   84.1423   97.9978   62.9239   27.0499   35.0238   58.4367   87.8691   101.956   59.8225   94.1397   28.8661   104.13   91.6399   74.4071   68.5012   54.8329   102.288   55.8782   63.5258   52.6694   103.138   81.1789   43   64.1599   61.2548   49.0227   73.6952   39.0454   80.3947   94.6336   28   41.3516   70.4134   38.3516   61.2897   77.6042   59.4215   57.4849   71.1411   37.6301   26.6056   
68.6222   36.7151   15.2315   73.0616   39.0512   64.1249   53.0377   98.4733   50.9902   78.7464   101.237   34.3657   47.5079   107.336   75.2861   34.1321   0   112.846   103.631   99.0185   120.44   91.2977   51.0697   54.4067   68.7149   88.3996   120.535   90.2406   107.228   39.5407   102.647   110.905   105.319   82.8012   62.8688   130.477   48.2021   78.482   86.4231   110.49   111.402   30.831   92.5338   52.7722   67.2681   90.8678   47.249   95.3977   109.718   36.2036   75.4837   66.2315   72.4837   76.3075   96.8695   82.4414   31.2315   46.6833   49.1548   59   
62.9682   65.5134   82.6075   83.4386   58.2151   109.836   66.7308   54.1202   46.3897   59.203   105.152   62.0081   58.5235   92.3093   72.2496   97.719   96.0833   0   26.8062   66.3249   92.6609   99.3701   103.101   91.936   71.3205   50.8447   74.7186   134.907   53.9285   104.597   35.8114   74.0051   145.3   95.105   86.0074   109.325   85.0791   81   124.134   53.7567   104.524   112.053   97.134   80.6028   103.818   86.0499   99.542   76   71.3356   111.897   119.17   66.0425   116.17   88.0328   77.3261   102.202   98.6075   92.6095   103.673   117.016   
50.2096   54.3323   74.2159   70.7248   48.0937   97.0979   54.1202   44.2832   36.0555   46.8722   93.1504   52.469   46.5725   81.2712   59.6657   85.8662   86.8332   12.8062   0   52.6277   82.7373   85.8443   90.1085   79.7192   59.2981   29.2315   65.099   121.405   41.7459   93.4155   22.099   60.9248   132.927   77.8542   72.0446   95.2624   75.3043   62.2017   109.086   45.1868   92.1931   99.1115   90.197   66.9711   92.2153   79.0309   87.591   68.9953   57.3192   99.6002   106.082   58.4833   105.464   67.2597   64.9953   87.4003   87.6418   76.6418   91.7222   106.682   
21.3776   46.3249   75.1665   39.4462   47.3814   70.214   33.541   16.4012   39.1152   13.6015   58.8303   53.0377   35.5106   47.2969   27.4591   68.593   83.006   46.3249   34.4384   0   53.0606   52.8158   73.859   68.3525   54.0135   48.02   38.6229   91.3889   35.0384   83.1545   52.5287   31.4118   100.86   45.9531   58.1545   62.0109   73.3141   43.1948   77.5086   44.8062   58.9224   93.9959   52.2594   69.5619   67.6732   37.2594   76.5291   35.4018   27.8062   86.1688   80.54   60.0465   79.4726   44.318   31.4018   61.8585   91.1665   81.5282   80.6602   88.5791   
37.0135   71.0282   101.02   38.2753   75.591   70.0357   52.4023   21.5407   69.8928   28.178   37.1214   81.0062   61.0574   18.3848   30.8058   81.6333   105.38   75.5844   65.307   33.0606   0   55.0555   88.8173   86.8177   80.0249   73.0478   39.2603   87.1399   55.0015   99.7963   74.6452   37.5372   90.505   54.8681   80.9208   29.0384   98.7616   60.4568   73.2115   58.2488   44.4264   116.333   57.7475   99.1865   81.443   56.191   95.6013   48.632   41.2488   107.174   84.4478   88.5029   82.8194   62.9578   44.632   70.0412   115.439   109.194   97.7399   104.215   
20.2485   46.5296   74.3303   2.23607   55.0091   35   27.0185   42.7551   55.109   24.6982   29.0172   59.2115   40.05   32.6497   10.8167   46.8615   74.9466   82.7587   70.0928   38.2753   36.0555   0   54.6548   56.5441   61.2127   71.4643   65.9234   54.8497   66.9045   68.1013   84.1772   54.5216   65.4378   27.198   52.5816   59.8365   77.1066   41.7312   46.5877   72.3462   40.5762   85.1159   21.7082   79.1289   47.8554   33.6373   64.0208   45.1868   59.8507   72.4996   48.4086   73.8558   53.8617   43.9615   42.8213   36.4536   90.3303   89.1969   68.6433   70.5061   
39.5601   24.2074   39.0128   38.4187   34.6554   32.28   25.318   71.7844   43.566   50.3289   65.7951   35   29.4109   73.1095   43.0116   10.0499   35.4683   87.9204   75.9605   58.8558   73.8173   40.4599   0   31.0416   46.1314   74.9249   92.8036   59.9419   83.0652   29.9403   89.8266   82.4877   74.3155   61   33.9249   96.0192   48.7253   53.8003   52.4757   92.0592   76.7588   45.7321   57.8909   56.98   42.5529   64.318   27.3246   70.6692   85.4814   31.7585   41.074   62.0572   42.0832   51.5642   68.452   49.2029   55.0128   58.5737   22.3246   36.6554   
35.609   12.2066   32.0156   40.8534   22.6274   42.9535   20   66.6483   31.7648   46.0435   70.342   23.3238   19.0263   74.4312   42.0119   21.0238   33.3017   76.922   65.307   52.2015   72.1249   42.5441   12.0416   0   35.6155   67.198   88.5182   71.9835   77.0016   34.7961   79.4905   78.2022   86.3571   54.6585   26.198   97.4878   41.6469   48.4823   64.5173   85.9811   77.1511   50.5897   58.2832   45.4861   41.0868   59   32.1803   65.3512   80.0078   36.6143   53.1156   50.0151   52.8378   46.2462   64.1666   47.8058   48.0156   53.9253   27.1803   47.6293   
28.1603   10.198   38.2099   43.2897   11.7047   58.1378   17.4642   53.0754   12.8062   35.8469   73.0274   17   4.12311   71.3092   38.4708   41.4367   46.5188   56.3205   44.7214   37.0135   64.0078   44.1022   31.7805   20.6155   0   50.2156   75.6364   84.8526   57.0813   49.2812   64.4626   68.0057   97.006   48.0147   28.2066   91.4425   39.1065   36.8806   73.1808   67.6488   78.3445   59.7852   60.1231   39.1623   53.0135   53.9559   45.1416   57.97   64.8198   57.2298   65.9846   38.6525   71.2701   42.4165   53.97   57.3363   54.2099   47.6015   47.7959   62.6807   
36.4005   40   62.7694   57.0088   35.171   82.0975   38.9487   39.0512   23.4094   35.1141   81.5414   40.1622   31.5753   72.0069   46.6476   70.8308   74.2159   27.7849   15.2315   25.02   58.0086   56.6127   60.8769   50.4876   30.0666   0   63.6429   108.339   41.5913   79.0832   36.0333   55.5106   119.481   63.5079   58.2731   87.0309   61.9422   58.5576   98.5893   46.7588   80.435   85.9531   73.3401   54.5025   77.0437   58.3401   72.5938   53.0555   52.8262   84.1158   91.0608   39.9422   95.4017   58.4215   53.2372   79.7274   77.8845   66.8845   76.7249   92.7473   
39.2173   69.2026   98.4124   50.0899   70.7248   83.0963   54.1295   7.2111   62.2013   28.4605   57.4282   76.3806   58.4123   39.6232   39.0512   87.9318   105.683   56.7186   48.0104   23.3452   21.2603   48.1664   78.7718   73.8241   60.208   44.5982   0   103.016   41.5153   102.549   63.1882   27.4537   111.765   61.7117   78.5009   50.2987   96.2158   57.8853   92.9056   44.0832   65.6648   114.883   67.6563   92.1477   83.0702   52.6563   95.8423   45.6754   33.2111   106.304   93.1053   83.3917   91.0648   60.0652   41.6754   76.7175   112.673   104.873   98.0224   106.419   
56.9386   65.7647   83.0241   38.2753   76.5376   12.3693   53.7587   82.4621   82.201   64.0781   42.5441   78.2943   65.6049   60.4152   50.3289   42.0476   76.0066   119.202   106.4   77.3886   72   39.8497   44.643   55.1543   69.4046   91.6788   87.4757   0   105.338   70.9137   118.293   94.3713   37.1327   62.8345   73.1835   88.7216   90.7521   76.4911   30.9284   111.098   66.2494   85.0476   57.7475   97.201   48.9967   69.6765   71.553   82.7704   98.446   70.0476   34.4316   102.071   38.4709   78.2467   81.4166   58   99.0241   103.217   66.9676   62.6183   
33.8378   53.1413   79.925   52.4786   51.6236   82.8734   44.0114   20.025   41.2311   26.6271   70.8025   57.1402   42.72   57.3847   40.4969   79.0253   89.5545   34.9285   24.3311   13.0384   41   51.3128   69.0652   61   43.0813   20.5913   24.5153   90.3383   0   90.4467   37.6469   32.4642   113.898   58.9915   71.1929   70.0384   76.6498   56.2332   90.547   33   71.8637   101.205   65.2978   75.0937   80.7116   50.2978   83.7385   44.0832   40.8447   96.7726   93.5656   60.5335   92.5104   57.3564   40.0832   74.8841   95.0759   87.4757   87.8696   99.3389   
49.93   24.0832   26.6833   51.8652   31.9531   44.1814   34.4819   81.3941   43.1741   60.5392   79.7057   30.0167   33.2415   86.4002   55.1725   14.8661   21.5407   89.4427   78.4092   67.0671   85.7963   53.8238   13.9284   14.8661   34   64.0312   88.5494   56.4358   75.71   0   94.3565   92.3906   85.5681   62.8178   40.1473   109.112   39.6008   59.7214   66.4041   96.5651   90.2053   37.3852   71.3373   51.4067   47.4181   68.5697   21.7082   79.8331   94.8734   20.3852   55.0024   59.3548   53.1214   60.7281   78.4981   62.6719   42.6833   56.6228   29.6158   40.4222   
47.634   55.0091   76.5376   67.9412   49.6488   95.3834   52.9245   39.4588   37.6563   43.4166   89.3588   54.3415   46.5296   76.896   56.5862   85.703   88.6454   15.8114   5.09902   30.5287   60.6383   67.1789   75.71   65.4905   45.0999   15.0333   43   104.293   19.6469   79.0569   0   52.108   131.143   76.4818   73.3064   89.6767   76.9755   66.7656   108.037   42.105   88.7375   100.986   82.7881   69.5358   91.0195   67.7881   87.5481   63.7301   58.3349   99.1491   102.321   54.9755   102.884   64.5296   59.7301   91.6736   92.5376   81.7409   91.6792   107.284   
28.6356   57.8014   87.046   42.2019   59.4643   74.8131   43.0813   4.24264   51.3128   18.1108   55.1725   65.1153   47.0106   40.2492   30.4138   77.3692   94.3027   52.2015   41.7732   12.2066   23.5372   40.5216   68.0074   62.6099   48.8365   35.5106   11.4018   80.3617   17.4642   77.3886   37.108   0   103.664   53.1327   68.3111   52.5756   84.8141   47.6956   83.7972   42.6056   56.8973   104.045   57.0495   81.7684   73.2231   44.0776   85.9624   34.0278   25.6056   95.1542   84.4678   72.253   82.4273   53.5499   33.0357   66.3678   102.71   93.7347   87.6727   95.8372   
67.3573   80.1124   98.1529   47.2017   90.802   27.4591   66.6108   89.1572   95.7183   72.9452   41.0488   92.8493   79.0759   61.0328   59.0762   57.1402   91.0055   130.3   117.516   86.5332   75.505   48.2597   59.6657   69.8928   83.006   103.238   93.3006   15.1327   99.5691   71.5681   114.978   87.6641   0   72.9061   87.3568   95.0328   104.562   85.7248   41   120.484   74.3276   100.116   66.6738   111.011   63.2415   78.6029   85.1153   91.6968   107.832   83.1158   48.2415   116.505   53.6037   84.0928   90.8024   64.8615   113.357   116.364   80.1153   74.0085   
11.4018   37.108   65.7951   9.84886   45.0999   38.3275   17.2627   40.05   44.911   19.2354   39.0128   49.4975   30   39.8246   8.06226   42.9418   67.8012   74.3303   61.5549   31.9531   38.833   10.198   35   34.6699   34.0147   47.5079   46.3897   45.6508   44.7772   47.3814   59.0339   37.0135   55.9732   0   49.4605   61.7547   67.8035   39.5821   46.9061   67.0401   43.7924   78.0081   26   68.345   37.8403   30.0554   62.3246   37.105   54.3879   66.679   48.1496   67.1564   45.1496   37.346   37.3585   32.0416   81.7951   80.0989   57.3246   61.5296   
26.9072   9   37.5899   36.3456   18.9737   46.4004   11.6619   56.9386   24.7588   36.8782   66.4831   22.0907   9.48683   68.0294   34.8855   29.8329   41.8688   68.0074   56.0446   42.1545   63.8905   37.6563   19.9249   10.198   12.2066   41   64.1405   57.9828   50.8035   25   55.9017   52.8394   72.0069   28.4605   0   90.2152   45.1618   40.1442   65.5395   79.6717   72.2529   59.5341   54.4605   44.253   45.1868   50.6228   38.4391   53.5366   69.9607   45.3852   60.9988   46.0185   62.008   37.9081   55.0013   52.7865   53.5899   48.541   37.3784   55.3883   
47.4131   81.4923   111.306   43.6005   86.9253   72.45   62.1289   34.2053   82.0061   39.8497   32.249   92.1954   72.0139   12   39.2046   88.2383   114.477   88.3233   78.2624   46.0109   13.0384   41.4005   81.3449   81.2158   75.2396   71   32.6497   72.1803   53.9351   94.1116   73.5459   36.4966   73.0274   46.7547   73.7835   0   108.414   70.8679   76.3691   71.2872   38.0416   124.226   53.2046   109.799   82.2193   59.19   104   53.8973   54.2872   113.103   89.773   100.175   91.2181   73.3096   57.6704   76.0109   127.306   119.594   103.669   105.831   
47.0106   13   17.6918   57.8705   11.4018   62.3939   32.8938   73.5935   23.3452   55.8032   87.9659   7.07107   22.8035   89.3197   56.0803   36.8782   27.6586   69.029   59.3043   57.4891   83.7616   59.2284   30.4138   19.6469   20.5183   46.5725   80.7217   74.6726   62.6498   23.6008   61   69.3542   89.493   50   21.587   94.414   0   57.3149   80.3491   82.8767   93.774   45.0208   76   29.2333   56.5793   69.6391   45.3091   74.1838   84.2922   43.986   71.4878   38.8035   72.4847   55.0789   73.9263   67.1214   33.6918   34.0416   45.4008   51.4833   
7.28011   27.2029   57.2014   25.4951   32.573   50.1199   10.4403   36.6742   30.0666   16.2788   53.6004   37.6962   17.4642   50.448   18   45.3982   62.482   60   47.2017   23.1948   43.8292   25.632   35.6931   30.0167   20.8806   32.5576   43.8292   59.203   34.2345   44.7214   45.2769   32.6956   70.7248   15.6525   20.6155   54.5619   39.9625   0   62.5586   63.1947   57.1708   75.9495   41.6525   58.1622   48.5353   29.1529   58.4828   30.9706   51.0011   65.1065   60.0595   56.3722   57.7185   23.2361   34   45.2074   73.1631   68.2976   57.197   65.7678   
43.2666   55.9732   77   24.3516   66.4831   12.2066   41.6173   68.6586   70.8308   50.1597   34.0588   68.9638   54.2033   49.3964   36.4005   38.6005   72.3671   105.891   93.086   63.5059   59.2115   25.9615   38.0132   46.6905   58.1808   78.5684   73.8241   13.9284   76.4788   51.3517   90.802   66.4831   25   31.9061   47.5395   60.7289   66.2873   46.0109   0   97.9301   62.6917   81.6005   43.8237   91.1249   46.7697   55.7528   64.1022   68.8467   85.3122   66.6005   33.4018   88.8241   41.3178   64.2548   68.2829   46.9317   92.3437   92.9295   59.1022   62.4556   
40.5216   59.7746   85.9593   58.5918   57.7062   89.493   51.0098   21.5407   46.8722   32.6497   75.1665   63.1348   49.4773   60.4152   46.5296   86.0233   96.0052   32.7567   24.1868   19.3132   43.0813   57.3062   76.0592   67.897   49.6488   24.7588   24.0832   96.6644   7   82.5651   19.105   20.2485   105.475   51.264   57.7062   55.6597   68.8767   41.1947   82.7647   0   74.8982   107.963   71.5726   79.2613   86.9864   56.5726   90.4958   51.0832   34   102.95   98.6088   64.7011   95.7775   61.1045   47.0832   80.9067   101.959   91.6433   94.6269   106.337   
34.0147   65.8027   94.541   22.8035   73.1642   49.98   45.8803   39.0512   71.007   31.3209   16.2788   77.8781   57.8705   12.0416   23.1948   67.1789   95.7183   89.1852   77.3692   42.9418   22.561   20.8087   61.2209   63.0635   61.6604   66.4078   41.6773   50.2494   54.6443   74.6324   73.4302   38.8973   52.9528   28.7924   57.2451   22.4722   78.7464   41.1096   38.3275   58.8982   0   105.925   42.2756   95.178   62.2769   42.0179   84.8295   49.7805   62.8099   92.9794   61.1774   90.4359   62.6476   57.2998   45.7805   55.0588   110.541   105.786   83.5455   90.3219   
63.0317   31.7805   15.5563   67.2309   35.2278   59.0085   47.4236   93.1933   47.2652   73.2462   95.462   31   42.4853   101.514   69.527   29   5.83095   93.0054   83.2947   77.8974   99.7046   69.1158   29.7321   27.5862   41.7852   70.214   100.404   71.0282   84.8646   15.8114   84.8528   89.0449   86.093   62.0081   36.4005   108.706   24.0208   57.0088   66.9104   91.4166   89.8888   0   85.8694   53.097   63.2295   83.1789   37.5196   87.9793   105.704   34   70.3516   62.6296   67.3516   73.6698   91.0088   75.3921   31.5563   47.4951   42.4094   46.1662   
20.1246   47.8539   75.9605   4.47214   56.0803   37.0135   28.1603   41   55.7315   23.6008   28.0179   60.407   41   30.6105   9.89949   49.0408   76.8505   82.134   69.527   37.2022   33.8378   2.23607   42.5206   44.2832   45.0111   56.3028   46.2709   41.4849   50.2195   55.8032   66.4831   38.8973   49.3964   11   39.0512   39.2046   60.6383   25.9615   27.6586   56.0803   18.868   71.0211   0   79.345   41.0185   31   65.93   45.724   58.7533   72.3847   47.4138   76.0918   56.0483   44.0045   41.724   38.6897   91.9605   87.5923   64.8451   72.5296   
47.4342   16.2788   22.4722   61.0328   7.61577   69.3181   35.1283   70.9366   17   55.0091   91.1373   3.16228   22.8035   90.5207   57.4891   45.2548   35.0571   61.0328   51.9711   54.5619   83.1865   62.1289   38.0132   26.4197   19.3132   40.3113   77.8974   81.4371   58.0086   32.45   54.1202   66.7083   96.0052   52.345   25.1794   94.541   8.94427   40.1622   72.1249   63.8122   80.604   32.1403   63.2851   0   63.3839   68.1601   45.0695   71.1327   82.3681   51.7359   77.2362   32.5602   76.0083   54.6005   73.1322   70.4002   38.0416   27.0416   53.6   60.4276   
30.0167   32.311   54.3323   22.6716   42.9535   22.6274   21.095   61.5224   48.4149   40.1123   49.2443   45.2217   31.8904   57.28   29.7321   22.0227   52   87.818   75.1798   51.2445   59.9416   24.8395   16.5529   23.0868   35.609   60.0333   68.0661   33.8378   63.1506   30.4631   73.8241   58.2151   47.8539   21.8403   24.1868   66.2193   42.5793   29.1204   23.7697   70.0357   45.2769   46.2385   27.0185   48.3839   0   47.4968   41.7099   57.5466   75.2648   48.3115   29   70.2053   26.7279   47.3412   58.2354   26.4018   70.3323   72.7278   38.8775   42.6125   
6   39.3573   69.1158   16.4012   45.607   47.2969   20   31.1448   43   10.198   41.2311   50.5964   30.3645   37.3631   5.38516   50.6952   72.8629   67.2086   54.5619   23.2594   32.5269   15.5563   42.0595   39.598   33.9559   41.3401   37.6563   54.1295   36.2353   53.4135   51.6236   28   63.6003   9.05539   31.6228   42.19   52.3259   13.1529   40.2492   42.5441   28.0179   67.1789   15   53.1601   30.4138   0   67.7214   32.3211   45.3505   73.7986   54.6232   65.0122   54.205   31.9443   28.3211   41.097   85.1158   78.1808   64.384   70.5849   
43.2666   18.6815   29   46.1411   27.7849   42.2019   27.7849   74.686   38.2753   53.8516   74.6726   26.9072   27.0185   80.4487   48.7955   15.5563   26.9258   84.1724   72.8354   60.407   79.3095   48.0208   10.0499   8.24621   28.1603   58.2151   81.8413   54.5711   69.2315   6.7082   73.2462   70.6824   69.6348   41.1096   18.4391   87.8635   21.4009   38.0132   48   76.1183   68.7968   21.095   49.93   29.6985   25.7099   46.8615   0   68.9837   88.2132   27.0934   51.1238   55.1866   52   54.0311   71.9748   52.1117   45   45.3847   22   36.6433   
11.1803   44.0454   74.027   25.4951   48.3011   57.2713   26.6271   21.3776   43.1741   1   45.618   53.7122   33.8378   37   13.4164   59.7746   79.3977   60   47.7074   14.2127   27.2947   24.1868   50.6952   46.6154   36.7151   36.0555   28.1603   63.6946   27.2029   61.0574   44.2041   18.0278   72.4017   19.105   37.5366   38.8973   56.6127   16.9706   49.7695   33.121   30.3645   73.8783   23.0217   55.9017   40.1995   10.0499   54.3783   0   36.1525   79.9959   64.6731   61.3249   64.2546   34.105   19.1231   49.257   89.5367   82.9433   70.5619   78.3819   
31.257   59.0762   87.9659   45.607   60.1082   78.0897   45.2217   5   51.4004   21   58.6941   65.7647   48.2597   43.4166   33.7343   79.8311   95.7183   49.3356   39.3192   12.8062   26.2488   43.9659   70.342   64.4748   49.8197   34.2053   10.8167   83.8153   15.0333   79.3095   34.5254   3.60555   91.236   40.1123   54.5619   39.0512   70.2922   34.7851   69.9214   17   42.4264   90.5539   42.3792   67.2086   61.0737   31.0644   72.6154   21.0238   0   98.7597   85.6877   72.8527   85.262   55.1288   33.0294   69.257   103.959   94.2502   90.5619   98.4585   
53.2353   29.2746   30.0832   53.2635   37.3363   42.0119   38.0789   85.0882   48.5077   63.9531   80.0625   35.3553   38.0526   87.9659   57.6281   12   22.2036   94.7259   83.6002   71.1688   88.4081   55.3173   14.8661   19.2354   39.0512   69.1158   92.1954   54.037   80.2309   5.38516   84.1487   81.1542   69.1158   49.679   29.4279   96.1769   28.8444   48.4665   50.2195   87.1321   76.0592   17   57.3847   37.7359   31.0644   56.3028   11.0454   64.4127   83.2166   0   53.3516   64.7381   50.3516   63.2385   82.0762   57.4662   45.4631   56.2353   28.434   29.4403   
41.1096   46.9574   66.0681   26.1725   57.7062   8.06226   35.4683   70.1142   63.4114   49.8197   43.9318   59.6154   46.8615   56.9386   37.054   27.2029   61   101.789   89.0449   62.3618   64.0312   28.2843   27.074   36.6879   50.6063   74.0608   76   18.868   74.9466   40.1123   87.3212   67.3647   33.2415   30.5941   39.1152   67.5426   56.3205   42.0595   11.4018   81.6088   45.1774   55.5788   30.4138   62.7694   15   39.6232   37.1214   49.6488   70.5762   38.833   0   80.0303   26   57.8167   67.9428   41.4018   81.1211   81.6831   49.3985   50.0832   
41.0122   20.8087   37   58.2495   11.4018   73.4098   32.8938   59.3633   4.12311   46.3249   87.4643   15.0333   19.6977   83.7257   52.0096   53.8516   49.366   47.0425   37.4833   43.0465   74   58.8558   45   33.0151   15.6525   25.9422   66.0303   84.8764   44.5982   43.3244   39.5601   55.2268   98.6154   48.6621   27.0185   86.1278   22   34.0147   73.8241   50   75.0267   46.0109   59.5399   14.5602   51.0392   47.0106   38.9102   47.2969   55.2178   48.7032   66.0303   0   77.7671   56.1361   64.395   69.9245   51.0555   41.6018   60.1955   72.4499   
40.2616   44.2945   63.0714   26.6833   55.0727   9.89949   33.6006   70.0071   61.0737   49.366   46.2277   56.8595   44.5982   58.5235   37.0135   24.3516   58.0517   100.17   87.4643   61.6117   64.846   28.8617   24.0832   33.8378   48.2701   72.4017   76.0592   21.4709   74.0405   37.1214   85.8836   67.1193   36.0555   30.1496   36.6197   68.884   53.4509   40.7185   14.3178   80.7775   46.6476   52.6118   31.0483   60.0083   12.7279   39.2046   34.1321   49.2544   70.2567   35.9026   3   63.6003   0   56.456   67.4891   33.1108   79.0714   79.5168   46.4077   47.313   
8.94427   25.2389   55.2178   25.632   31.0483   48.8774   8.24621   38.9102   29.2746   18.4391   54.3323   36.0555   15.8114   51.923   19.105   43.2897   60.3075   61.0328   48.2597   25.318   45.8039   25.9615   33.541   27.7849   19.4165   33.4215   46.0652   58.258   36.1248   42.4853   46.5296   34.9285   70.0928   15.8114   18.4391   56.356   38.0789   2.23607   45.2548   43.1045   42.2966   54.8179   26.4764   38.6005   27.5136   14.5602   35.7771   19.105   37   46.2385   40.8167   33.1361   39.3573   0   36.2361   38.3452   69.6443   65.6421   54.9652   63.5737   
14.8661   46.6905   76.5768   29.1548   50.2494   61.1882   30.0167   17.4642   44.2719   4.12311   47.5079   55.7584   36.2353   37.2156   17.088   63.6003   82.4621   57.6888   45.6508   11.4018   25.632   27.7308   54.4243   49.93   38.833   34.9285   24.3516   67.4166   24.0832   64.4981   41.8808   14.0357   75.8024   23.0868   40.6079   37.855   59.0339   20   53.4883   29.6816   31.7805   77.0065   26.4197   57.8014   44.1814   14.0357   57.8014   4   17.0294   67.9779   53.6004   48.3839   53.2353   22.2036   0   52.3801   91.8479   84.843   73.685   82.0676   
22.4722   37.1214   62.8172   11.3137   46.8722   26.5707   20.1246   52.0096   49.6588   31.257   39.5601   50.2494   33.2415   46.0109   19.2354   33.4215   62.1772   84.2021   71.4003   43.6807   48.7545   13.4536   27.2029   30.8058   37.3363   56.7274   58.2151   35   56.3028   40.8167   69.3397   49.0408   46.8615   12.0416   28.1603   54.8179   49.0408   24.2074   21.9317   62.9365   34.0588   56.356   15.6205   53.3385   11.4018   21.095   35.3412   31.1448   52.1536   42.0119   18.6815   52.9245   18.1108   23.3452   35.1283   0   78.8172   76.7013   49.2866   54.0143   
63.5138   29.4109   1   72.4224   27.4591   70.859   48.7647   90.5539   38.4838   72.6223   102.108   21.9545   39.6989   105.119   72.0069   41.7612   16.1555   81.6149   73.2462   74.411   100.439   74   39.0512   31.7805   37.4833   61.8466   97.6729   83.1865   79.0759   26.9258   75.5844   86.3134   98.3107   65.3911   37.1214   110.788   16.9706   56.6127   77.0065   85.0882   94.1541   16.2788   75.6108   21.5407   54.231   68.6003   29.0172   73.4098   87.2067   30.4631   66.1211   36.0555   63.1269   54.6443   75.9276   62.5859   0   27   51.0172   54.8534   
58.1808   24.7386   12   69.8713   19.2094   73.3757   44.643   82.8794   28.8444   66.3702   99.985   13.6015   33.541   100.901   67.6757   46.1411   26.6833   70.7107   62.6418   66.5282   94.5145   71.1969   41.1096   31.257   30.5287   51.8845   89.8721   85.7263   70   31.6228   65.192   78.6448   100.688   61.8466   33.541   105.551   12.0416   50.9902   77.9295   75.7166   90.5207   25.4951   72.5672   12.0416   54.3323   63.6946   31.3847   67.2309   79.2086   36.2353   67.6831   25.9422   64.7611   49.2443   69.3397   61.0737   11   0   53.3847   63.5249   
43.8292   22.8473   33.1361   44.4072   32.45   37.6563   28.7924   75.7694   42.5441   54.5619   72.0902   31.8277   30.1496   79.0253   48.2701   10.6301   29.1548   88.0568   76.4853   62.0967   79.0253   46.4004   6.32456   11.1803   31.7805   61.6604   82.8553   50.01   71.5681   7.61577   76.6551   71.8679   65.1153   40.3609   21   86.977   26.4008   39.2173   44.1022   78.5175   67.2012   23.4094   48.4149   34.6554   22.8473   46.8722   5   55.0091   74   9.43398   33   43.4166   30   37   58.6003   33.2866   33.2415   36.2491   0   27.083   
52.2015   34.9285   40.4969   48.2701   44.4185   32.249   38.3275   84.4808   54.626   62.9365   72.9452   43.4166   41.7732   82.7587   54.5894   3.60555   32   100   88.295   71.8471   85.235   50.448   13.0384   23.0868   43.6807   73.3485   91.3947   44.0114   82.0975   14.4222   88.2836   80.7775   59.0085   46.5296   32.3883   91.8314   37.4833   48.6621   41.4367   89.0898   70.7248   27.1662   52.6308   46.0977   25.6125   54.231   16.6433   63.2456   83.1986   10.4403   30.0832   55.4707   27.313   46.5296   67.0522   37.0135   40.8534   46.0435   12.083   0   
