15
70
999999 5 11 5 8 16 13 10 7 9 14 11 5 14 12 9 8 5 15 9 7 11 7 10 10 16 15 6 12 17 11 7 11 17 8 6 5 12 14 16 7 5 8 7 9 16 12 10 10 12 17 17 7 5 6 11 13 16 14 5 8 7 10 17 17 8 10 8 17 6 
0 3 6 4 5 2 8 9 3 3 7 5 3 9 3 3 5 3 8 5 2 9 4 1 4 15 3 1 11 16 8 2 10 7 4 2 4 8 3 11 2 4 6 2 1 14 8 9 1 4 8 14 5 3 3 4 1 14 8 4 7 4 5 5 14 3 3 3 1 2 
20
0   0   0   0   0   0   0   0   0   0   0   0   0   0   0   0   0   0   0   0   
-3   3   -2   1   -3   2   -1   2   -3   2   -2   2   -3   4   -5   1   -3   3   -2   3   
5   -3   8   -6   7   -7   6   -5   1   -6   8   -1   7   -9   5   -7   6   -7   0   -6   
0   1   -1   0   -1   2   -1   1   -1   0   0   1   -2   2   0   2   -3   0   -1   0   
2   -2   5   -6   5   -5   6   -3   7   -5   4   -6   2   0   4   -6   6   -5   3   -4   
-3   3   3   -2   -10   4   -8   1   0   10   -3   6   3   1   8   4   -4   4   -4   0   
9   -2   2   0   7   7   3   -4   6   -6   3   2   0   2   0   4   1   2   -5   0   
-8   2   2   0   -2   0   0   0   4   2   0   1   -2   0   0   0   -1   2   -1   2   
1   0   1   -3   2   -3   3   0   4   0   0   -1   6   -3   0   -2   2   0   1   -1   
-3   1   -4   0   -2   4   -8   3   -8   1   -5   1   0   1   -5   3   -3   3   -3   1   
3   -1   10   0   6   -4   9   -7   0   -2   -3   0   0   -1   0   -1   -4   0   0   -4   
-3   11   -4   6   -7   6   -8   10   -10   7   -7   4   -7   9   -7   11   -11   7   -10   8   
-2   1   -2   1   0   1   -3   1   -1   1   -2   2   -1   0   0   2   -3   2   -1   2   
0   -1   1   1   0   0   0   -4   2   3   -3   -1   -1   -3   0   -5   -2   0   5   1   
-11   9   -2   12   -10   10   2   3   -11   11   -6   5   -7   8   -11   7   -12   5   -4   11   
-6   1   5   1   -6   0   0   -2   -1   2   -1   -2   3   1   1   3   1   0   -2   6   
-1   2   -2   7   -6   3   -4   4   -2   0   -2   1   -1   2   -1   1   -2   4   -3   0   
0   -1   2   -2   0   0   1   0   1   0   1   -1   0   0   0   0   2   0   1   -1   
3   -9   10   -10   7   -5   6   -10   4   -6   3   -3   8   -7   10   -10   0   0   7   -8   
0   -1   -3   -1   3   5   0   -3   2   -1   0   1   0   6   1   0   0   0   1   3   
-2   1   -1   2   0   0   -3   2   -3   1   -4   2   0   1   -1   0   -1   1   -2   2   
5   -2   5   -9   0   -7   6   -7   2   -7   -2   -7   4   -1   6   -8   -1   -6   1   -6   
-2   6   -4   2   -5   4   -1   5   -7   5   -3   5   -2   7   -5   2   -5   5   -5   2   
-8   8   -5   6   -10   3   -6   7   -6   6   -8   5   -7   7   -4   4   -8   10   -10   5   
6   -5   1   -3   -2   0   3   0   5   -6   5   -2   4   -5   6   -6   3   0   0   0   
2   1   -13   10   -2   5   -3   0   4   1   -13   2   -10   12   -8   14   -8   13   -11   12   
5   -1   2   -9   4   -6   0   -14   12   -15   11   -2   4   -9   9   -7   6   -9   6   -12   
4   1   3   -4   3   -6   0   0   5   -3   3   -1   3   -3   2   -5   2   -3   5   -3   
3   -8   7   -4   5   -4   8   -7   6   -6   5   -6   5   -7   6   -8   7   -7   8   -4   
-10   15   -11   12   -9   12   -10   14   -9   5   -4   4   9   7   -5   13   -13   5   -11   14   
5   -3   0   -4   0   -6   1   -2   3   0   2   1   1   -3   0   -5   6   2   1   0   
0   0   0   0   1   0   0   -2   1   1   0   1   -1   0   1   0   0   1   0   0   
8   -8   7   -6   3   -11   6   -5   11   -10   7   -4   10   -5   8   -7   6   -8   6   -5   
-7   5   1   7   -9   2   -7   13   -13   7   -6   6   -5   6   -5   10   -5   2   -13   2   
0   3   0   5   1   1   -2   -1   -1   0   2   2   -3   1   -4   2   -3   0   -1   -2   
-1   3   -1   2   0   1   -3   0   -1   1   1   1   0   1   -3   5   -3   2   -2   0   
0   0   0   1   -1   -1   0   0   0   0   0   1   0   0   -1   1   1   -1   2   -1   
-7   7   -6   10   -12   8   -6   4   -6   4   -11   7   -2   3   -7   5   -7   7   -6   9   
3   -5   6   -11   3   -11   1   3   0   0   9   -1   4   -7   5   1   10   0   5   -2   
-12   4   -10   12   0   11   -8   12   -13   8   -4   2   -8   14   -14   2   -14   2   -14   11   
-1   -1   4   -1   5   -5   4   -3   3   -4   3   0   4   -6   4   -2   3   -5   1   -1   
0   -1   0   0   1   1   1   0   2   1   -1   0   0   0   0   0   0   -2   0   0   
0   -3   4   -4   4   -6   5   1   1   0   1   -2   2   -5   1   0   5   -2   1   -3   
-4   0   -1   2   0   0   0   4   -5   -1   0   1   -2   3   -2   4   -4   2   -3   3   
3   -4   9   -4   8   -1   1   -7   7   -3   2   -9   0   -2   4   0   3   -4   2   -6   
-1   10   8   -1   -10   3   -1   -1   -3   -12   -6   9   2   -9   -9   -4   2   1   -7   -1   
-9   8   0   4   -5   1   -4   1   -10   4   -2   8   -11   2   -4   5   -6   11   -9   4   
-8   4   -10   8   -8   2   -9   8   -5   4   -8   8   -6   5   -8   9   -6   2   -3   3   
-1   -5   0   0   0   -4   -8   2   -1   5   0   0   0   0   0   0   -4   -2   -4   -2   
6   -6   4   -2   -8   -4   3   0   -4   -6   7   -8   3   2   8   2   9   -2   9   -7   
-3   5   5   2   -10   4   -4   -1   1   2   -8   0   2   4   0   12   -3   -6   -1   6   
-12   7   -8   14   -5   13   -8   9   -13   13   -9   11   -12   -1   -9   13   -13   9   -12   14   
0   -4   1   -1   -2   -5   -3   -2   -2   0   1   -1   1   2   3   2   0   0   2   0   
0   1   0   0   1   0   0   0   0   -3   1   -1   0   0   0   -1   0   0   1   -2   
4   4   -3   0   1   0   -1   0   -2   2   -1   -1   0   0   -1   0   -1   0   -1   1   
-4   0   3   2   0   5   -4   3   0   2   0   0   -5   3   -1   0   0   5   0   -1   
2   -2   7   -1   12   0   -2   6   10   -3   3   1   3   5   7   2   1   -2   5   -8   
-9   11   -9   8   -8   13   -8   6   -10   6   -6   8   -9   7   -4   13   -9   11   -11   9   
4   5   -1   -4   0   1   0   0   2   0   4   -9   2   -4   2   -6   -3   -1   -4   3   
0   0   1   0   0   -1   0   0   0   0   0   0   1   0   0   0   0   0   0   1   
-2   5   -6   0   -3   2   -1   5   -6   5   -6   5   -3   2   -2   2   -4   5   -1   0   
6   -1   -2   1   -4   1   -1   -1   -2   0   -2   0   -1   0   -1   2   -1   0   1   2   
-5   6   -9   6   0   4   -3   1   0   3   1   5   -4   2   0   7   -7   0   -5   0   
3   6   0   9   -1   2   -6   2   -7   3   -4   9   2   9   -11   12   -8   6   -9   7   
-2   6   -7   3   -6   1   6   15   -9   2   -3   3   -7   3   -3   9   -9   11   -1   3   
-5   3   -4   2   -5   0   0   0   -2   4   -3   8   -2   4   0   1   -3   5   -2   0   
-2   1   -2   5   -2   1   -3   2   -5   3   -2   4   -6   0   0   7   0   0   0   9   
-1   -1   0   -2   0   -1   0   -2   0   0   1   0   1   -3   1   -1   0   0   1   -1   
-5   -8   6   -6   13   0   6   1   14   -7   0   0   -2   0   3   -6   0   -5   7   -4   
1   6   -1   -2   0   0   0   0   0   -2   -2   0   0   0   1   0   -1   0   1   4   
0   61.3393   52.1578   28.3427   51.5405   54.1509   69.4402   44.6043   40.4222   65.983   59.0416   27.8062   59.0302   35.3848   70.3725   62.2327   24.2195   65.5588   51.0739   60.5982   48.7261   51.2842   49.8377   79.8691   64.6718   39.9208   42.0766   58.9192   58.6184   66.2494   56.0476   52.4651   65.5042   45.0413   67.1077   80.6073   71.7463   50.9177   43.6271   39.8228   43.3019   50.0575   66.673   31.2788   64.0273   73.056   64.5161   26.0454   58.4394   74.1415   59.2832   30.4868   58.2019   57.9418   64.5077   62.7177   55.2141   40.1108   91.3325   29.831   51.9473   48.8378   34.0263   29.0416   44.1172   38.3607   37.5183   43.0263   56.6394   53.5106   
45.607   0   32.7047   67.8531   53.1059   28.2801   89.8024   54.2046   69.6736   85.8329   94.1561   51.2345   43.4397   54.8246   72.3893   90.517   64.7326   104.605   84.6451   79.4893   87.4815   32.0416   29.6619   52.0657   46.8329   74.3078   35.8087   88.7631   53.2062   68.3648   49.7476   35   38.9249   84.2964   53.7151   65.6819   94.7252   92.721   82.8898   81.0911   87.1644   39   99.9294   76.2445   105.149   28.8062   32.099   49.4683   41.2127   105.009   60.5366   70.5874   41.2036   99.251   40.1868   84.9638   98.2597   69.3897   57.1152   65.2445   74.9262   88.4344   46.652   74.6486   66.2631   42.4094   77.0775   72.0094   66.2217   99.1176   
36.6742   11.7047   0   61.7419   49.8061   22.2111   79.3965   54.3365   56.1965   70.175   83.0161   43.9279   43.1661   50.2278   72.1733   87.2252   58.5735   98.2863   79.5489   74.7289   81.2088   23.1623   27.0499   42.4605   38.8422   67.8985   34.088   77.6658   32.4391   68.138   49.3728   22.1231   47.6775   77.8943   45.8617   71.3577   85.0433   86.7495   76.5005   74.5918   79.9762   31.1245   87.9544   67.9531   89.0067   39.9249   35.0416   43.3619   25   95.3275   51.7849   59.4568   42.2029   90.6758   49.305   76.0146   90.1936   49.0571   62.6962   59.1715   65.2443   80.1153   35.5215   65.6445   45.0161   31.2788   64.0106   66.4236   57.0588   90.1848   
10   53.8516   45.793   0   57.3646   61.6186   75.8769   48.2892   35.0998   72.2151   53.2195   37.6274   65.2786   39.6473   70.7274   54.0254   24.1231   53.575   39.2508   57.1901   36.636   58.4166   57.6286   88.2535   73.5139   23.2195   51.8662   59.4687   67.1109   73.6283   65.1221   59.8853   72.5294   33.0575   77.1077   86.846   76.1062   43.6433   31.6433   35.4261   41.6586   57.7732   64.3292   27.6917   58.2053   80.4488   71.8828   36.0454   65.7115   76.7546   69.2832   29.1623   63.0425   48.1059   73.1507   70.3895   49.392   42.3059   98.6984   25.099   60.2195   48.5153   44.0263   23.2195   47.2488   45.4631   45.3516   36.0384   63.8017   52.0689   
34.9857   33.1059   34.1321   37.3631   0   48.3904   99.8021   35.0499   65.5168   93.404   90.5826   49.8024   37.8114   34.72   47.5396   64.065   53.4575   79.1458   56.7852   47.3019   64.3948   47.5016   43.4678   76.5926   69.3054   52.2368   34.2483   90.4009   66.4286   43.4165   30   45.2655   38.8254   60.4815   79.1289   51.0689   103.1   71.1775   59.2961   64.5579   68.3352   43.6815   98.1548   63.3839   95.5683   61.9121   55.0789   42.4951   59.1321   108.623   73.0339   53.2053   36.6015   71.141   43.0278   93.954   84.8024   63.945   90.2211   58.0789   83.4227   60.3244   41.9545   60.5826   59.8219   40.4094   69   43.0172   80.5392   84.0984   
38.3275   7.28011   7.2111   46.6154   28.8617   0   86.6076   49.3906   62.6056   77.3861   87.3348   44.9366   34.9249   48.2471   67.4117   83.8505   59.5066   97.9389   77.9682   72.8228   81.468   22.8416   26.6056   49.3766   45.3037   68.0523   29.1421   84.4652   39.6502   63.2887   43.9401   20.6056   44.4009   78.4716   53.0728   64.5508   89.6257   89.0574   77.0574   78.1504   81.6295   35.198   94.7094   69.6064   95.8246   36.0864   32.6301   49.2385   31.7047   102.539   56.9857   65.3335   35.3961   90.5185   40.1661   82.0703   91.2955   55.8121   56.2019   65.0481   72.4554   80.9195   41.3981   67.2195   52.2272   37.1555   71.2217   63.2277   64.2699   87.7564   
55.1543   75.8024   64.3506   60.8769   85.8021   71.0282   0   97.3745   57.9996   29.4742   55.0003   69.0094   101.727   88.813   122.897   114.902   78.6418   106.302   100.128   115.232   91.6271   80.226   86.7395   80.226   63.119   84.0965   85.0357   40.8756   60.9952   118.774   106.809   82.354   107.112   88.1687   64.7956   130.37   26.099   91.955   90.2573   79.775   84.5934   91.7515   41.6586   71.231   62.0198   92.6305   88.2873   77.2744   75.9351   45.1896   57.0362   77.6418   102.977   103.006   108.704   23.0711   72.5674   57.0841   84   74.7989   36.4929   101.77   82.0312   70.7988   59.0488   82.0325   54.6742   96.9153   44.8707   83.6941   
27.5862   39.2046   37.3363   28.2312   10.0499   33.6155   81.1234   0   55.7732   89.7498   80.6739   42.7924   44.0834   23.2195   47.9266   50   38.1661   68.231   49.8515   41.5372   56.3776   51.5491   44.2902   79.7968   68.231   44.2195   44.2982   86.5054   69.7754   43.8035   40.0499   50.249   48.8753   52.4642   78.2851   58.7151   97.4307   63.1603   51.2788   56.5407   58.1814   38.2074   92.5603   55.9229   86.4364   66.4315   57.8292   42.1246   61.0595   101.728   83.0838   45.7703   41.8473   58.2832   49.8927   88.4021   75.121   65.0465   89.8174   52.088   77.6318   47.6155   45.025   51.4507   62.2492   50.0868   65.1045   35   81.4637   71.5155   
14.4222   52   41.1947   20.0998   48.4149   45.0444   41.1096   41.7732   0   62.1182   43.4429   39.4391   69.9483   49.807   84.7947   74.1251   38.6417   68.1295   59.3505   75.0204   53.5367   59.0125   63.2139   78.0127   59.2244   43.3193   56.4988   42.5862   54.1321   80.6716   70.4698   63.3178   77.199   53.1273   62.6905   95.0295   67.2086   55.0966   51.7131   41.4951   48.3847   64.4797   49.8469   36.0736   57.3657   76.8276   76.2363   40.4676   65.9762   63.9674   56.1822   40.587   67.7122   67.4198   78.9299   57.9285   53.0555   32.4853   86.0761   38.8816   50.3311   62.6176   48.4485   31.6015   35.1803   51.0483   30.7082   48.28   44.0167   49.45   
51.1957   66.8506   55.6058   58.2151   79.404   62.482   10.0499   75.6439   38.1182   0   58.4005   62.862   94.9827   81.6799   115.726   111.514   74.2415   104.374   97.4659   109.603   89.5991   74.7595   78.8982   67.4603   60.433   81.4347   79.5166   41.2076   54.7359   112.308   98.3244   72.8982   99.4539   87.171   60.685   121.783   34.1735   88.903   87.111   77.6047   81.2873   82.9412   50.4093   69.2391   62.3518   85.7235   79.3464   70.2633   66.6972   48.483   52.6228   74.2601   96.0511   104.467   102.325   23.4031   79.3738   47.2415   80.0086   69.3385   32.0357   98.224   71.4543   67.2529   57.4683   79.6127   51.1283   86.3983   43.6333   82.9262   
39.8121   80.1561   69.0072   39.0512   74.7061   73.3348   37.1618   66.5733   28.4429   41.4005   0   62.8722   98.3912   72.7308   105.208   86.9488   57.8019   71.231   70.8243   94.0918   58.1203   84.1342   86.9272   97.8103   80.8668   61.4924   81.7485   40.5072   74.4637   103.412   95.8597   86.1844   105.316   60.4897   82.6777   118.43   52.1954   56.7918   60.2945   55.5791   49.176   89.3352   28.3417   48.2843   23   104.142   97.1246   65.8574   85.1158   51.4591   74.6154   57.0416   96.1551   76.28   104.32   56.2278   46.095   50.46   107.487   52.2801   46.6105   76.0161   73.8384   45   54.2152   75.7338   38.0907   75.0897   67.8539   44.0217   
12.8062   34.2345   24.3516   22.6274   32.8024   27.074   53.0094   28.7924   18.4391   46.9574   46.8722   0   53.1214   35.2132   70.1295   72.5318   37.0258   76.2024   61.6651   70.3296   59.2223   44.561   44.0078   65.4236   55.8869   45.8058   34.7883   61.0253   49.5967   68   54.2099   44.3311   60.8018   55.6849   56.3038   82.0017   70.3173   63.2713   54.2707   49.6699   56.1082   44.2488   68.286   44.0851   69.0713   59.2719   54.1386   32.0554   49.3516   80.6232   48.2415   41.4009   52.8469   68.9181   63.0595   62.0435   68.0203   42.6205   76.7274   41.6011   60.609   61.6441   37.4018   41.8478   39.0416   37.6491   41   44.4605   57.1496   66.3168   
43.9318   21.0238   26.9258   49.0102   15.8114   19.9249   87.7268   25.0799   55.1543   79.9812   83.1685   37.1214   0   48.2994   48.534   75.0412   60   93.3109   72.5966   58.2782   78.5516   40.0834   33.4929   69.3015   62.5455   66.3936   40.4407   97.4707   58.7772   44.4109   31.7801   37.8473   26.2801   74.6383   72.7876   49.4951   104.862   85.3343   73.4529   76.1245   81.8403   34.898   105.001   74.3178   105.063   49.83   50.5308   50.2462   51.6296   115.147   72.5619   60   23.2361   83.3631   24   95.8337   97.1542   69.0185   76.1268   66.3311   85.0634   72.6953   42   72.2297   66.5519   42.6982   78.1214   57.1741   83.203   96.5954   
18.3848   39.8246   35.2278   19.6469   17.72   33.2415   72.4707   9.21954   32.6497   67.4166   57.4543   21.2132   30.2655   0   55.4093   54.7696   36.5242   67.4458   51.7321   50.7567   52.4819   48.2025   48.4009   77.6883   64.4773   42.3776   42.6385   75.2359   62.2546   53.0231   43.4951   50.6576   51.6471   52.7044   74.4637   59.793   90.1311   60   51.2902   50.7158   57.054   42.5539   81.9727   45.5913   76.6507   66.4657   57.8634   30.1655   56.4838   92.5263   69.4547   40.4924   42.1603   56.4005   54.2655   81.1024   67.6064   55.8045   89.4434   34.5913   70.3321   49.6105   40.478   42.8664   56.9531   36.2354   53.8973   40.4164   73.3517   67.5077   
52.6308   54.1295   57   51.0882   23.1948   51.1566   106.677   25.5539   67.0075   101.079   90.1388   54.1295   33.5261   34.4093   0   51.5254   61.4236   80.1302   58.7551   36.0278   69.9732   68.3904   61.1315   98.6148   91.4493   69.5079   57.4431   109.594   88.1546   24.1231   44.5372   67.0903   59.8062   69.0379   99.9598   43.4165   122.985   79.6236   67.6236   80.0333   83.7353   55.0488   115.417   78.0081   109.293   82.9357   78.2737   64.5748   82   126.772   96.2287   71.3242   53.0156   69.0848   55.2025   113.956   98.0843   84.6003   107.359   68.7401   103.186   65.911   59.2719   74.3077   83.0167   62.3249   88.3066   60.5539   103.734   94.4788   
47.0106   74.2024   71.5891   39.3192   42.45   68.5055   100.02   35   59.4138   97.5141   72.9452   56.0892   58.1378   36.7696   34.5254   0   53.5116   50.0692   39.1245   42.7631   51.7557   84.972   79.2902   114.05   101.023   52.2909   75.2738   98.7879   95.9958   56.4005   65.6004   85.249   81.2754   49.3234   110.85   70.9351   115.348   55.0694   48.6531   58.2492   60.4287   73.2074   101.287   66.4166   93.0066   101.006   92.8292   63.6626   93.2534   113.403   104.331   53.8417   76.8473   39.0238   79.4054   109.401   74.869   80.1928   124.707   59.1814   98.958   39.0278   69.9786   62.5388   79.0852   73.0049   78.3482   43.0713   103.121   71.2635   
9.21954   50.5668   43.0116   4.12311   33.2415   43.382   62.9365   24.1661   21.8403   59.6825   42.8019   20.8087   45   15.5242   47.4236   38.0132   0   57.6981   43.3739   61.3132   40.7591   58.9134   59.0572   85.4721   71.1231   27.3427   51.2961   63.0208   64.7201   60.607   57   56.6773   67.1713   37.1806   76.3273   75.3172   78.8328   44.4193   35.7664   35.1172   36.8035   54.0789   68.4523   31.8148   62.3284   78.3145   69.7122   35.2649   67.6526   80.8777   68.5027   25   57.6844   51.1321   69   71.9372   53.5152   43.9214   97.5361   22.7082   61.1669   42.6982   43.2458   27.3427   44.3059   47.5802   41.8328   37.4403   65.857   56.192   
48.2701   89.5879   83.0963   38.2884   63.8905   82.662   88.5664   54.0833   54.1295   89.2693   54.231   60.8769   79.1202   50.1199   64.1249   31.6228   40.3113   0   37.8516   63.4723   33.8045   94.4611   92.1156   124.002   105.214   49.5183   82.9176   84.1824   100.726   80.8925   86.5763   95.4297   101.163   39.5183   114.424   98.8136   102.118   37.5242   46.3859   43.4899   37.0868   89.6638   82.5727   55.1618   72.2986   115.993   107.427   71.3064   100.371   95.6149   106.81   59.598   91.7151   38.0454   96.967   99.3445   51.8626   77.1772   134.243   61.8019   93.4321   35.6155   77.6224   60.7063   80.2851   81.0075   73.7083   50.7151   98.1461   48.257   
34.2053   69.527   64.5368   25.1794   41.7852   62.9682   84.8528   32.2025   45.0111   83.0241   56.8243   45.1885   57.2713   29.7321   42.7551   16.1245   25   22.3607   0   43.632   32.2066   75.7237   74.4356   106.099   92.6186   31.0312   68.6732   82.4937   87.5316   66.8782   71.7852   76.6923   79.4748   28.2066   101.313   84.131   98.7231   38.095   35.0064   46.7083   41.4307   70.4099   85.166   45.8058   73.9083   96.1979   87.5956   57.8631   82.5185   101.385   93.43   41.7386   71.8924   35.0527   76.808   94.8355   60.0122   67.4852   114.955   47.7082   84.0652   24.2361   61.0454   48.3989   66.1957   62.2701   66.8328   39.2047   86.7805   64.4833   
44.5982   61.2944   60.7289   39.9625   28.3019   56.4624   99.7246   23.5372   58.6941   95.6033   77.9872   50.2494   43.2782   29.0689   18.0278   16.7631   37.1214   46.2709   25.632   0   53.8246   75.0863   67.8274   103.189   91.7682   53.1454   62.5502   99.3409   88.2545   35.6469   54.2415   73.5674   63.6944   53.8386   101.822   55.3363   115.954   63.727   55.0555   65.4665   61.4342   61.7446   104.044   63.8197   98.0775   87.9256   81.3664   59.2344   83.5988   116.627   98.1856   54.6962   64.188   49.2278   57.8634   107.316   82.215   81.0428   112.664   59.8296   96.5455   49.8568   59.1856   63.0918   79.9397   65.3043   78.9542   43.9258   94.399   85.6117   
30.4795   72.9452   65.8027   20.5183   50.2494   65.8635   74.0068   40.1995   37   73.5527   43.0813   43.1393   64.5368   34.4819   55.9732   30.6105   22.8035   17.8045   14.8661   39.8246   0   78.9349   75.5454   104.554   89.4098   34   66.3259   73.4437   83.0075   75.4715   74.2151   79.4808   86.129   24   97.5872   94.2749   93.4708   28.0711   28.099   35.3474   28.9443   76.8824   71.423   43.3961   61.7132   99.924   91.3217   56.5249   86.1784   88.0303   89.7627   42.0227   76.6421   39   83.897   87.1158   41.2771   62.8242   117.825   44   77.5658   37.7279   64.5058   43.7378   67.1094   65.93   56.4708   46.3776   81.0167   37.6716   
34.5398   12.0416   3.16228   43.4166   31.0644   5.83095   65.215   34.176   40.0125   56.7274   68.1175   22.561   24.5967   32.2025   54.0093   68.4763   40.4969   80.4301   61.6198   57.5674   63.2456   0   26.2361   45.6228   40.0868   66.6361   27.9284   78.9151   35.6014   68.04   49.771   20.2361   43.9072   76.4741   49.024   70.3818   87.4478   84.9162   75.0599   72.2309   77.3004   34.2868   89.2771   65.8187   90.2655   35.9317   37.7114   42.2389   25.0623   97.0395   48.9666   58.6316   41.227   88.603   45.997   78.4191   89.7539   50.3886   57.8534   58.3463   67.6488   79.2901   34.6963   63.5814   46.2655   30.4536   63.561   67.0215   54.3553   88.0504   
34.5254   11.6619   10.0499   42.3792   24.3311   5   71.0634   28.6531   42.4264   62.9365   70.859   24.0832   17.4929   28.3196   47.0106   63.5138   39   77.9359   58.0517   51.6236   61.2944   7.28011   0   51.855   45.6982   64.2613   28.2195   84.6004   42.489   61.9037   43.3311   21   41.6357   72.85   55.9116   65.8013   92.7171   83.241   71.4358   71.6611   75.8035   25.0828   92.2733   65.8042   93.1545   40.4682   37.6301   40.0576   32.3424   102.819   56.2468   55.9775   40.3961   84.7201   41.4929   82.2204   89.0303   55.9473   61.2019   56.1424   72.9181   75.8982   31.8114   63.5669   53.5456   37.7337   65.0832   63.6531   57.8688   86.0357   
60.1082   31.0644   28.4605   70.0357   62.1691   33.3766   63.5059   65.7875   58.8303   53.4603   82.2192   47.4236   52.0096   63.0635   84.4808   99.7447   68.1175   108.301   91.526   89.1852   90.5539   31.6228   37.855   0   37.7883   93.2017   59.5512   84.3727   42.6982   94.5796   75.8143   50.5836   66.636   102.873   30.0312   95.7219   82.3593   109.795   101.46   97.0935   103.41   57.566   100.051   91.3871   105.219   42.2594   50.1725   71.8224   49.7697   97.006   41.1948   83.7677   68.7727   116.342   70.2268   76.8634   110.885   69.8305   33.434   86.8971   80.4603   108.576   63.982   88.511   65.7074   59.7393   85.6099   91.8841   61.3553   108.28   
43.0116   29.8329   20.6155   53.0094   53.2353   27.7308   48.7032   54.231   40.2244   39   63.6003   30.8869   47.5395   49.4773   76.4199   86.0233   51.6236   91.214   76.0263   77.6466   73.4098   23.0868   30.3645   18.7883   0   75.5873   51.0152   67.5377   26.4031   86.5603   69.9883   42.7386   66.4225   86.0282   33.0554   91.9732   67.1601   92.8066   84.6348   79.2062   85.4372   51.74   79.6721   71.1134   85.9006   48.9666   41.9072   62.6264   34.1245   82.0967   32.8102   70.6826   62.8185   99.805   67.8969   59.5999   88.4397   48.3293   47.2029   65.3958   52.0135   91.0592   56.137   67.0097   44.2062   51.8943   57.8292   74.0931   35.2483   89.6743   
18.7883   59.5399   52.6308   9.21954   38.0132   52.4786   69.2315   28.0713   29   67.0671   44.0454   30.8058   51.6236   21.3776   47.5079   30.8058   10   30.4795   16.0312   33.9706   13.4164   50   47.8853   78.1025   61.5873   0   55.7549   66.8124   70.227   62.5188   61.0109   66.6773   73.0246   36   84.8492   81.1706   84.0597   41.4875   35.6023   37.53   41.1245   63.4852   70.3489   30.1245   67.0454   85.9317   79.0234   40.5585   71.2955   85.9741   78.0715   24.434   63.5378   46.1868   70.2268   79.609   46.6956   51.5254   104.459   30.3178   69.4391   40.2673   52.8146   32.4391   51.4401   52.6197   50.5576   31.2195   73.0167   51.088   
27   20.8087   17.088   33.9559   18.2483   14.1421   70.0357   20.2485   37   62.8013   65.2534   18.7883   18.3576   19.105   41.4367   54.7083   30.3645   68.7968   48.8365   43.6807   52.3259   13.9284   9.21954   45.5412   35.0571   38.9102   0   77.533   49.5271   57.6563   43.2483   30.2195   40.0416   64.5004   58.0114   65.7185   88.5904   73.4918   63.111   61.912   67.168   25   86.8469   57.2901   85.1257   49.6149   46.7588   30.3085   36.8403   95.8796   61.0623   46.2283   41.5936   75.5055   42.3576   77.9682   79.2811   49.0808   70.344   46.3933   68.8169   66.6605   22.0623   56.0416   49.2324   29.4031   59.7883   49.2025   60.9418   80.5106   
41.8688   73.7631   62.0967   45.1774   75.8222   67.6757   19.9249   69.3542   27.5862   24.0832   17.4929   44.1022   81.1234   60.208   94.4934   83.1685   48.0208   69.1158   67.4463   85.0882   55.4437   61.9839   66.3099   69.8713   52.0865   52.5547   62.7694   0   62.0416   107.08   96.8592   79.0379   100.315   71.7315   74.3572   120.001   35.0278   69   70.3173   62.2319   66.6689   83.7711   37.1655   53.6879   40.4929   96.1482   87.5459   66.7743   77.9067   37.4391   66.7812   61.6646   94.0838   90.7395   100.185   38.8045   57.6431   49.7703   94.4003   55.3401   35.5242   84.4966   69.9949   53.5255   46.6497   75.044   37.4009   75.1808   59.5254   61.5146   
36.6197   29.2062   18.4391   46.6154   48.8365   25.6125   46.9574   49.0102   34.1321   37.7359   58.4637   24.5967   44.7772   43.7379   72.0069   80.0812   45.2769   84.8116   69.7782   72.2496   67.0075   20.2485   27.2947   24.6982   6.40312   55.2268   30.5941   48.0416   0   82.7392   66.3542   38.0554   61.7567   79.673   32.2603   88.8244   68.0816   84.7672   78.2588   73.1222   79.0004   48.1059   74   64.5782   80.9547   48.0263   41.6491   52.1023   29   81.6242   24.198   60.793   60.642   93.5149   65.7786   57.3113   83.1323   40.9422   48.4215   64.0119   51.541   85.4575   44.2619   65.6613   50.0217   40.0192   64.0789   69.0572   40.1245   83.5821   
50.2494   50.01   53.0094   49.4065   19.4165   47.0956   103.774   22.8035   64.5368   97.949   88.4081   51   29.4109   31.8904   4.12311   36.4005   45.607   65   43.1856   19.6469   55.7853   50.04   43   80.399   72.5603   46.5188   37.6563   92.0978   68.2495   0   40.4165   64   53.3795   70.923   95.6677   41   120.234   81.2807   70.2445   79.3442   80.0322   54.0135   113.736   74.4649   107.231   77.7305   71.1873   61.9116   74.4967   124.39   92.4476   65.4004   43.8927   68.0093   53.4109   111.206   93.2144   83.3615   103.298   66.4817   100.435   67.4217   59.7186   72.626   79.2384   59.8259   84.7672   57.8035   96.712   92.6439   
42.0476   30.5941   34.3657   45.1221   8   28.0179   90.7855   18.0278   54.9181   83.8153   81.8596   38.2099   10.2956   25.4951   23.5372   48.6004   41   71.5681   49.3356   33.2415   58.2151   31.5753   24.3311   61.131   54.5711   46.0109   21.095   82.0061   50.9215   19.4165   0   45.3311   33.0308   68.4815   79.1064   49.6008   108.527   79.1507   67.1507   72.5579   76.2092   35.2059   104.765   70.0446   102.146   57.3819   50.6931   50.4951   55.5596   116.189   75.1195   61.2053   23.544   76.3109   34.2956   99.0633   92.7064   70.1758   84.2197   60.0864   89.912   65.6432   43.1573   67.811   67.8219   45.2029   77   51.0172   82.0368   89.5432   
36.0555   10   4.12311   44.7214   30.2655   3.60555   67.424   34.0147   42   58.8982   70.1783   24.3311   22.8473   32.6497   53.0094   68.6003   41.6773   81.4002   62.2415   57.2451   64.3506   2.23607   6   32.0156   24.6982   51.0392   13.8924   64.195   22.2036   49   30.2655   0   46.1433   77.7789   49.9848   67.7898   87.2352   86.0966   76.3647   73.7754   78.4808   30.0416   91.5132   67.3343   91.165   38.1678   35.083   44.2009   27.2983   99.2756   45.7648   59.5441   39.0016   89.0501   42.2947   76.4649   89.7564   52.6247   57.1096   57.7852   69.3674   79.9687   35.9547   63.8017   48.5016   32.6897   63.0937   62.2769   56.5914   89.5661   
50.4876   19.9249   28.6007   56.0089   22.8254   21.4009   91.6788   32.311   61.0328   83.4865   89.2861   42.72   7.28011   37.4833   38.0132   64.8151   52.0384   86.3771   64.4748   49.4975   71.8053   26.9072   20.6155   50.636   48.8774   58.8558   24.0416   86.3134   47.0106   34   16.2788   24.8395   0   81.9184   73.64   45.326   111.027   92.6144   80.7083   83.4046   88.842   34.5529   110.88   81.1453   109.167   48.0689   41.5153   54.3501   51.9695   119.44   70.6042   67.2801   26.1555   90.5942   19.831   101.304   103.16   72.7887   77.0401   70.1453   91.452   79.9265   46.1039   79.2285   68.6656   49.9783   83.6757   64.4542   78.4844   103.826   
28.0179   69.4622   62.6259   18.0278   46.2709   62.434   74.1687   36.2215   35.9026   73.171   44.7214   40.4599   60.6383   30.6757   52.2015   28.3019   19.799   20.5183   12.2066   36.3593   4   60   57.8014   87.8635   71.0282   10   48.7647   56.0892   64.6375   51.923   54.231   61.0328   67.9117   0   94.1282   84.4262   88.9351   31.0454   21.4142   31.7168   25.3137   73.2296   73.063   35   65.7132   95.9317   88.0351   50.5585   81.2955   88.5122   87.0697   34.434   72.836   38.1123   80.2268   88.0449   45.2771   58.3244   112.185   37.8254   78.2473   27.2956   62.0441   41.2473   61.4401   61.6154   60.4708   35.4642   79.9193   41.6716   
51.1077   36.7151   28.8617   61.0574   62.1289   35.7351   47.5184   63.2851   46.6905   37.4833   67.624   39.3954   55.6597   58.4637   85.2877   94.921   59.9416   99.0454   84.5813   86.7006   81.2712   31.5753   38.833   16.0312   9.05539   69.8355   44.0114   54.3415   14.8661   81.3941   63.1506   32.9848   56.3649   79.0759   0   100.219   69.8179   98.6648   92.7007   85.0634   93.8665   59.9863   87.0654   79.4443   87.1642   53.0588   50.0151   66.9683   43.1799   83   33.0623   75.6591   71.0647   108.314   75.2795   59.0476   97.4951   55.8083   46.1359   73.3028   61.0689   99.9456   59.1279   76.0651   53.2615   54.8853   66.8846   83.1485   44.3037   96.1404   
63.8201   49.6488   56.3028   64.846   29.0689   49.3356   114.337   36.7151   77.4661   107.415   103.247   61.5549   29.4109   45.793   19.4165   53.9351   60.8276   83   61.131   37.3363   73.3485   53.8516   46.6154   80.6226   76.896   63.2456   44.6542   104.89   73.8241   18   23.6008   52.2015   30.0666   69.4262   85.0706   0   131.857   97.0661   87.0401   89.6108   94.7399   58.8068   127.224   91.3843   122.444   78.1355   71.5819   71.564   75.0328   137.692   97.9663   81.7171   47.1449   86.0093   49.8975   122.338   109.941   92.3474   105.537   80.3843   112.084   78.1981   65.3289   88.0655   88.8908   68.8038   98.0689   71.7151   104.484   108.231   
56.356   79.6492   68.0955   61.3514   88.0909   74.6257   5.09902   82.9277   42.0476   15   34.4819   55.3173   90.7855   74.0945   108.453   100.17   63.6946   87.1436   84.7231   100.722   73.2462   68.7968   74.4043   68.3593   53.1601   69.3758   72.8629   18.0278   51.0784   105.683   93.3809   71.0211   95   73.6817   52.345   116.846   0   87.0278   86.9614   76.4791   82.3574   93.8733   46.7577   67.9351   57.4819   97.7295   92.7275   78.365   80.0784   42.1555   62.1352   77.3246   104.977   105.204   110.858   28.1701   75.6708   55.3903   89.099   73.3678   34.799   100.977   86.4543   70.8867   64.1478   87.1315   55.4287   90.3276   49.9697   78.5036   
34.8281   78.721   71.0211   25.2389   57.1402   71.5542   73.2462   47.0956   38.9487   73.7564   40.025   47.634   71.1969   41   62.9365   36.0694   28.178   15.5242   21.095   46.5188   7.07107   68.6003   67.1193   94.7945   77.1557   19.6469   58.3095   54   70.7672   62.8172   65.123   69.8355   78.4474   11.0454   84.6463   80.4114   72.0069   0   31   34.6015   29.6158   80.3459   68.3667   42.9545   56.9302   104.429   95.8841   57.4192   88.1562   83.2473   91.5837   41.2947   83.1603   34.4642   89.8737   84.2818   36.4941   61.1699   119.189   48.8708   74.3124   35.868   67.4296   41.807   69.3419   70.702   53.2173   44.1603   82.9653   32.8885   
26.6271   68.0955   61.2209   16.6433   45.1774   61.0574   73.2462   35.1283   34.7131   72.111   44.2945   39.0512   59.439   29.4109   51.6236   28.6531   18.3848   21.9317   12.53   36.0555   5.09902   58.6003   56.4358   86.4523   69.6348   8.60233   47.4131   55.3173   63.2456   51.2445   53.1507   59.6406   66.7083   1.41421   77.6981   68.6586   72.8354   12   0   31.8049   25.4018   71.626   72.6361   35.0263   66.8122   94.5321   87.2743   49.1608   79.8978   89.7482   85.9102   33.0363   71.5711   35.7631   78.8291   83.3831   46.3761   57.6841   111.667   38.9201   73.2132   28.7098   60.6534   36.2132   60.0424   61.222   59.16   34.2788   78.7298   42.7706   
21.9545   67.0671   58.5918   13.3417   49.4975   59.808   62.0322   39.8121   25.4951   61.5224   32.7567   34.6699   62.0322   32.0624   60.0333   40.2492   17.1172   28.6356   24.1661   46.0109   12.0416   56.3649   55.6597   81.4678   63.6553   12.53   47.2969   43.7379   57.28   59.0339   57.4282   57.7754   69.1158   12.3693   71.0634   75.6108   61.4003   13.6015   11.7047   0   25.4031   71.1149   61.0983   27.544   53.2353   92.2966   84.0774   47.9999   77.9062   81.0996   80.0293   36.9639   74.2227   43.0185   82.7568   72.5409   34.3686   49.6155   105.702   38.4407   62.5714   39.6649   55.9808   36.5612   54   57.6578   41.4764   43.7495   69.5118   30.7631   
28.3019   73.1642   64.8845   19.3132   54.0833   65.9242   66.0681   44.1814   31.3847   66.2873   34.176   41.0488   67.2681   37.054   62.6498   39.4081   22.8035   23.0868   23.4307   47.4342   8.94427   62.6099   61.6847   87.8635   70.0071   16.1245   53.1601   47.0956   63.6396   62.0322   62.0725   63.9766   74.4312   11.3137   77.3369   79.1202   65.0308   7.61577   11.4018   6.40312   0   76.8824   62.5177   33.9471   51.7151   98.5416   90.4806   54.3473   84.3093   81.4003   85.814   39.8403   79.2143   42.08   86.3513   78.944   38.8045   56.0186   112.061   42.7192   68.9746   38.6093   62.3282   35.4391   59.2311   64.0609   47.8795   43.318   75.4014   36.2127   
35   15   16.1245   41.7732   18.6815   10.198   75.743   24.2074   44.643   67.9412   73.0068   26.2488   12.0416   25.5539   41.0488   59.203   38.0789   75.6637   55   46.5188   59.6154   13.3417   6.08276   43.566   36.4005   46.2385   8   69.7711   33.1059   37.0135   18.2483   12.0416   16.5529   55.9464   44.911   40.7185   78.8733   65.7875   54.626   55.109   60.8769   0   94.4899   65.2901   93.1257   43.8062   37.7231   38.3085   38.4039   103.88   57.3039   54.2283   29.6619   80.8506   36.0416   85.9682   87.1095   57.0808   66.3999   54.3933   76.8169   71.8229   30.0623   64.0416   54.1214   37.4031   67.2445   57.2025   63.9516   85.2567   
49.2037   84.9294   73.3485   50.3289   84.0536   78.5875   27.6586   76.6942   35.8469   34.4093   13.3417   53.7122   90.802   67.4759   101.119   85.8662   53.7587   67.4759   69.7782   90   56.3028   73.0068   76.844   82.0366   64.195   56.3028   72.4983   12.1655   60   99.0858   90.7359   75.1864   96.3846   57.7754   66.4906   113.004   23.8537   53.3667   57.2713   45.618   47.4342   79.8499   0   61.6259   36.3417   108.026   99.7114   75.249   89   34.1421   73.9156   69.0754   103.559   87.8309   111.708   46.0179   53.0147   61.9358   103.536   64.3814   42.6586   85.0711   82.1604   58.3417   58.8152   86.8952   49.5665   80.2535   63.6905   57.3634   
16.2788   61.8466   52.5547   11.1803   48.3839   54.5711   54.231   39.3954   17   53.2353   28.2843   28.2312   59.3043   30.6757   62.0081   46.4866   15.2315   37.1618   30.8058   49.8197   20.3961   50.5964   50.8035   74.027   55.9017   16.1245   43.1045   36.6879   49.5782   60.4649   56.0446   52.2015   66.1211   20   63.0317   76.0263   53.9351   21.9545   19.0263   8.544   14.4222   51.0882   40.2244   0   51.2843   86.5282   80.7949   42.3242   74.5619   68.2353   73.1822   37.3246   72.836   51.5625   80.7866   64.1752   39.0227   45.4801   97.9759   31   54.2058   47.2956   50.3051   28.4721   49.2353   54.6395   33.1108   45.3452   61.0167   36.2354   
45.31   86.1452   75.0067   43.8292   80.0562   79.3095   39.9625   71.6938   34.3657   45.2769   6   52.7731   88.8876   62.6498   94.8103   76.0066   47.7074   55.109   59.9083   82.0366   45.6508   74.108   76.7919   87.9318   69.3758   48.0833   71.0634   21.2132   64.3273   93.2309   87.3212   76.1643   95.0789   47.7074   73.1642   108.407   36.6742   41.7852   47.4342   36.2353   36.7151   78.8543   13.3417   32.8024   0   108.133   101   71.3554   89.257   47.4838   80.6154   60.8722   102.078   76.2494   109.818   54.9487   42.3776   56.46   112.749   58.2801   52.6105   75.0031   79.3363   51   58   81.307   44.0907   76.0803   72.3104   41.0416   
56.4624   12.8062   19.9249   65.2993   45.6508   19.2094   78.5493   52.0096   60.8276   68.942   88.1419   44.2719   32.28   52.4023   65.8027   87.0057   62.2656   101.833   82.134   73.9256   84.9058   21.9317   24.0832   23.2594   29.9666   71.5612   33.3017   79.6304   32.0156   61.6847   42.3792   20.5913   29.0689   81.5414   34.0588   59   82.8734   90.4268   80.1561   78.2943   84.5281   27.8029   91.351   72.45   94.1329   0   26.6023   61.0688   38.0263   110.597   56.2137   77.1637   54.0099   108.383   48.8998   89.3269   107.68   68.982   48.4279   76.8784   80.5134   97.8222   53.2284   83.3514   64.941   48.9857   82.3702   82.4371   65.2149   105.395   
48.1041   5.09902   12.0416   56.7979   38.0789   10.6301   74.2428   43.8292   53.2353   65   81   36.1386   26.0768   43.8634   59.2284   78.8162   53.7122   93.2309   73.5935   66.1891   76.3217   13.6015   15.5563   26.1725   26.9072   62.9682   24.7588   73.5459   27.2947   55.109   35.6931   12.083   24.5153   72.9452   33.0151   54.4518   78.2943   81.8841   71.5612   69.857   76.0592   19.7231   85   64.195   87   8.60233   0   54.5673   33.6491   104.166   50.7131   70.9872   46.0262   100.264   44.3463   82.5426   99.9471   61.0987   55.0588   67.8516   74.0833   91.4193   46.8211   73.7746   57.0577   43.3204   75.1767   73.8578   58.4166   98.3865   
11.0454   35.4683   27.8029   18.3848   25.4951   28.2312   61.0574   20.1246   23.0217   55.5428   50.3289   9.05539   32.9848   12.1655   45.6508   47.5395   15.2643   55.3173   37.7359   41.1947   38.0132   25.2389   24.0416   53.8238   38.6264   24.8395   16.0312   50.3289   32.573   42.72   31.9061   26.4197   39.4588   34.8281   47.4342   54.5619   63.0079   43.4166   33.4215   31.6228   37.6962   24.0208   58.8303   27.074   55.9732   47.0106   38.4708   0   47.1127   85.1869   56.771   40.2643   45.3209   66.3964   56.9848   71.0988   65.9914   44.2477   79.2456   34.1245   62.9927   57.0132   35.2462   40.087   40.1246   31.083   46.6816   42.5913   53.2046   62.3858   
39.1152   14.2127   5   48.6004   39.1152   11.7047   61.7738   42.0595   41.9762   52.6972   69.1158   26.4197   31.6228   39.4462   62   76.0263   46.0977   86.3713   68.4105   65.521   68.884   8.06226   15.0333   23.7697   16.1245   55.9017   21.8403   61   15   58.0086   39.3192   9.05539   32.7567   65.8559   24.0416   61.0328   65.7419   73.8173   64.4438   61.0574   67.4166   21.095   72.5603   54.5619   75.1066   19.0263   12.6491   31.1127   0   92.4919   39.198   61.8615   47.1008   93.5674   51.3501   69.0091   89.2728   51.1283   57.2037   62.7442   64.4342   82.884   38.4131   67.0899   50.0161   35.2485   62.3814   69.225   49.0644   90.1642   
60.1415   90.824   79.1202   62.6817   94.2603   85.0882   21.1896   87.6926   45.9674   30.5941   27.4591   62.426   99.3227   78.5175   112.699   99.4032   65.8027   81.6149   83.3847   102.626   70.214   79.3095   84.0773   83.006   66.6108   69.3542   80.9938   18.4391   63.561   110.39   100.424   81.5414   104.317   71.5122   67   123.329   16.1555   67.4685   70.9366   59.2368   61.4003   87.818   14.1421   53.2353   27.0185   95.5667   90.1388   68.7677   77.4919   0   76.1332   79.215   112.185   101.933   118.309   44.2607   65.0937   60.8722   105.19   73.7478   47.0832   98.8079   88.1192   69.7477   64.774   91.2663   53.6232   93.6198   66.0603   68.0601   
44.2832   37.5366   27.7849   54.1202   59.0339   34.9857   41.4849   59.0085   38.8973   31.6228   59.6154   33.2415   54.5619   53.3385   82.201   89.2693   53.3104   91.8096   78.1857   82.0975   74.0945   29.9666   37.1618   23.1948   7.81025   63.0714   40.7922   46.6905   10.198   78.4474   61.0328   31.7648   56.3028   72.0694   8.06226   83.7735   46.0977   77.201   70.7107   63.6003   69.814   43.0813   58.8558   55.4437   65.192   37.5899   34.7131   41.7732   23.6008   60.1332   0   70.5688   69.9878   102.16   74.0594   53.5106   87.6039   45.4138   46.0832   64.2443   55.257   93.121   54.4599   70.4988   52.0164   50.2173   62.4005   77.702   39.1655   86.9366   
9.48683   51.4782   43.8292   3.16228   34.2053   44.2832   62.6418   25.0799   21.587   59.5399   42.0119   21.4009   46   16.4924   48.1664   38.0526   1   39.598   24.7386   37.5899   22.0227   41.3401   39.9249   68.7677   52.1536   9.43398   31.3209   47.5079   45.793   46.4004   41.9762   42.5441   53.0377   19.105   60.4152   61.7171   63.3246   27.2947   17.6918   16.1245   21.8403   39.0512   53.0754   14.3178   46.8722   63.1348   54.5894   16.1245   46.8615   65.215   53.7122   0   58.6527   51.2682   69.0899   70.6615   50.4931   44.9214   94.1025   23.7082   59.8912   43.6982   43.5131   26.3818   45.3059   47.178   42.8328   30.7703   65.6037   46.8876   
42.2019   22.2036   27.2029   47.0425   13.6015   20.3961   86.977   22.8473   53.7122   79.3977   81.5966   35.8469   2.23607   28.1603   32.0156   55.9732   43.0116   76.896   55.0364   41.2311   62.3699   24.6982   17.4642   53.0094   47.7598   49.4975   17.2047   79.925   44.7214   27.8927   8.544   23.0868   9.48683   58.4637   56.0446   29.1548   89.9389   69.0507   57.2713   60.0083   65.192   11.6619   89.4427   57.4282   87.2812   33.8378   27.2947   31.3209   32.0156   98.1835   54.626   44.0114   0   81.1305   26.2361   95.1729   94.3769   65.3128   76.598   62.7515   86.0216   70.4628   39.2669   70.2621   65.7833   44.9342   75.4152   56   75.3331   90.7714   
42.9418   81.2158   75.6637   33.1059   53.8516   74.5185   89.0056   44.2832   51.4198   88.459   57.28   54.9181   69.3542   41.4005   53.0848   21.0238   34.1321   11.0454   12.083   35.2278   15   72.8354   69.6563   102.005   85.7555   24.1868   60.4401   70.3491   79.404   54.0093   61.3514   73.5935   76.5572   15.5242   94.0213   72.0069   88.2043   17.4642   16.7631   27.0185   23.3452   66.8506   70.6045   35.2278   59.2368   93.723   85.1469   48.2701   79.3095   84.6463   87.2067   33.6155   67.1193   0   87.8679   98.403   53.4708   73.8485   127.038   53.3496   88.4336   35.8167   73.1285   52.9763   73.2368   74.3531   67.3385   50.9884   95.4365   50.3528   
48.5077   24.1868   31.305   53.1507   18.0278   24.1661   92.6984   27.8927   60.0083   84.8999   87.9204   42.0595   5   34.0147   32.2025   59.4054   49.0918   81.9085   59.808   43.8634   67.897   29.1548   22.2036   55.2268   51.8941   55.2268   23.3238   86.093   49.3964   28.178   10.8167   27.2947   5.83095   63.9531   59.808   25.4951   95.7758   74.6726   62.8013   66.0076   71.0634   16.9706   95.7079   63.6396   93.6056   34.3657   29.0689   37.6431   35.8469   104.307   59.0593   50.0899   6.32456   71.8679   0   100.834   100.376   71.6373   80   68.606   90.0634   75.5081   45.3861   76.3703   71.092   47.6982   81.7398   61.045   80.0724   96.7706   
48.7032   68.9638   57.4543   54.9181   78.8162   64.0703   7.07107   74.3034   34.9285   6.40312   35.2278   46.0435   80.6598   65.7419   99.8499   94.2019   56.7539   84.3445   79.3095   93.3006   69.1158   58.2495   64.0312   58.0775   42.45   63.5059   62.9682   17.8045   40.3113   96.8969   83.7377   60.4649   84.6463   69   42.0476   107.299   10.7703   68.884   68.0074   57.0789   61.5224   68.6804   28.0179   49   38.9487   72.111   67.5426   54.2033   55.0091   25.0799   35.5106   56.5155   79.9062   84.0952   85.6329   0   75.4476   49.3616   81.5938   65.2195   28.7703   96.2956   76.0088   66.53   60.1321   80.3305   53.0644   83.2085   43.3516   79.2496   
38.2099   83.5464   73.7631   32.249   69.4262   76.2955   57.5674   59.9083   34   60.3738   21.095   49.4773   81.1542   51.788   80.0625   56.7274   36.3456   33.7343   41.0122   65.215   26.1725   72.0347   72.6911   92.7847   74.0945   32.6956   65.123   37.6431   68.0955   79.2023   77.2787   73.7564   88.0511   29.0689   80   95.8593   55.3173   21.095   29.2062   20.2485   17.8045   73.1095   34.0147   22.0227   21.3776   93.6803   85.6154   49.0918   75.2728   48.0937   72.0069   35.3553   79.2275   38.4708   85.3756   54.626   0   56.9798   115.441   48.4526   65.7055   56.3645   72.2362   41.1725   60.735   76.5706   44.6105   61.1225   78.0167   28.6056   
18.1108   46.3897   35.0571   26.3059   48.1664   39.8121   38.0789   43.0465   8.48528   33.2415   34.0147   15.6205   52.4786   34.4384   68.6003   65.0077   27   62.1772   51.4782   62.3618   44.7772   34.3657   37.9473   50.6063   31.9061   35.5106   34.1321   28.6531   25.9422   65.7343   53.8145   36.4966   57.6975   43.3244   38.2099   77.0779   40   47.1699   42.0595   33.6155   39.6611   41.1461   38.8973   25.2389   40.0125   54.1479   47.0106   23.0217   35.1283   46.8722   30.4138   27.0185   51.3128   58.8218   57.4543   31.305   42.19   0   74.3638   37.2132   44.5913   66.9486   48.4683   39.4709   25.1231   51.7849   27.3693   56.7653   36.9317   54.8044   
69.3542   39.1152   37.6962   79.3095   71.0634   42.2019   68   75.0267   67.424   58.0086   89.6939   56.7274   60.1332   72.4707   93.0591   109.124   77.4661   117.593   100.955   98.3514   99.8248   40.8534   46.8402   9.43398   27.2029   87.4586   54.7814   76.4003   33.4215   88.955   69.5845   41.1096   58.0775   97.1854   22.1359   88.1419   73.0068   103.947   95.7758   90.5539   96.9381   52.3927   88.5268   82.9759   95.2733   29.4279   34.0588   63.2456   33.1059   88.278   30.0832   78.1025   61.2944   111.4   63   63.1981   101.242   59.0762   0   88.9667   76.1645   115.99   71.478   94.2126   71.4091   67.2353   85.0322   101.188   57.0595   113.881   
5.83095   51.2445   42.4853   5.09902   38.0789   43.9659   56.3205   29.6816   15.2971   53.3385   36.8917   18.6011   48.3735   20.5913   53.7401   44.1814   6.7082   42.8019   30.2655   43.8292   25   40.3113   40.025   65.7647   48.4149   14.3178   32.1403   41.3401   42.0119   51.7397   45.5412   41.7852   55.1453   22.8254   56.3028   66.3702   57.0088   29.0689   21.4709   16.1245   22.4722   40.1123   47.3814   11   42.0595   62.2415   53.8516   16.1245   44.9444   59.203   49.2443   6.32456   46.5296   38.0789   52.7731   50.2195   33.0151   21.2132   74.9667   0   55.6232   47.6142   39.8572   28.3186   43.1896   44.1916   43.3492   33.088   58.1449   46.8876   
37.9473   60.9262   49.2443   44.4072   68.4105   55.4707   17.4929   63.6318   24.3311   14.0357   30.6105   35.609   71.0634   55.0091   89.1852   83.7257   46.0977   75.4321   69.0652   82.5409   59.5399   49.6488   54.9181   54.4518   37.0135   53.1507   53.0754   15.5242   33.541   86.2844   73.5935   51.8845   75.452   59.1354   38.833   97.0824   19.799   59.9083   58.0775   47.5184   52.3927   59.203   27.6586   39.2046   35.5106   65.5134   60.0833   43.566   47.4342   30.0832   31.257   45.8912   70.1783   74.4312   76.0592   10.7703   47.7074   20.5913   60.8769   39.6232   0   86.4311   63.7547   55.9325   44.6008   70.6905   40.095   72.6111   44.105   63.8853   
33.8378   70.4344   65.1153   24.5153   43.3244   63.7809   83.6002   33.6155   44.1022   82   55.0091   45.1774   58.6941   30.6105   44.911   18.0278   24.6982   20.6155   2.23607   27.8568   12.7279   62.2415   58.8982   91.8368   76.0592   15.2971   49.679   65.9697   69.7711   45.2769   50.9608   62.9365   65.9242   10.2956   84.5281   63.1981   83.3607   18.868   10.7703   22.4722   21.4009   56.0357   68.0294   29.4279   57.9828   82.9759   74.411   38.0132   68.884   81.7068   78   24.3516   56.4624   10.8167   61.3514   78.1601   38.8973   50.8035   101.257   29.6142   68.0074   0   63.2815   46.9835   66.6952   64.5061   62.5386   41.4407   87.7353   50.3995   
19.0263   27.313   20.5183   26.5707   21.9545   20.1246   64.0312   20.025   29.1548   57.4543   57.28   11.4018   26   15.2315   44.2719   52   23.2594   62.8013   44.0454   43.1856   45.793   17.6918   15.8114   47.8853   34.5254   32.45   8.06226   55.4707   29.0689   40.8534   26.8701   18.6011   32.0156   42.4382   43.566   50.3289   66.5282   51.4296   41.0488   39.8497   45.8803   16.0312   64.846   35.2278   63.0635   39.1152   30.5287   8.24621   24.4131   73.8173   39   24.1661   24.5967   55.1543   30.8707   57.0088   57.2189   27.0185   57.3062   24.3311   46.7547   44.5982   0   48.0679   38.3452   26.2426   52.4018   42.9072   59.8973   70.6128   
12.0416   57.4891   48.1041   9.21954   45.31   50.2195   52.7731   36.7151   13.6015   51.0098   30   23.7697   55.5788   27.7308   60.208   47.2969   12.8062   40.7063   32.1403   49.0918   23.4094   46.1736   46.5296   69.6563   51.6236   16.4924   39.0128   36.2491   45.2769   58.4123   52.811   47.8017   62.2896   22.3607   58.8982   73.4302   52.8867   25.807   21.2132   12.2066   18.4391   47.0106   41.1096   4.47214   34.9857   68.0074   59.7746   23   50.0899   53.535   51.4004   12.0416   53.7587   37.855   60.0167   47.1699   26.1725   21.4709   78.6448   7.28011   37   31.0161   31.0644   0   36.8035   50.4023   37.5829   40.3681   57.6181   40.7075   
17.1172   42.2966   31.0161   26.2488   44.8219   35.6931   41.0488   40.2492   11.1803   35.4683   38   12.0416   48.5489   31.9531   65.7647   64.0703   26.3059   63.2851   51.1957   60.4152   45.6508   30.2655   33.8378   47.7074   29.2062   35.4401   30.2324   32.6497   23.0217   62.7694   50.2096   32.3883   53.6656   43.8634   36.1248   73.5935   43.2782   48.6004   42.5441   35   41.2311   37.1214   43.0116   26.9072   44   50.2494   43   20.1246   31.257   50.774   28.6007   26.4764   47.4342   59.2368   53.535   34.1321   45.1774   4.12311   56.4004   21.1896   23.6008   50.6952   23.3452   22.8035   0   38.8537   31.4924   54.0139   41.0548   58.9275   
22.3607   23.4094   16.2788   30.4631   23.4094   16.1555   63.7024   23.0868   31.0483   56.6127   59.439   12.6491   24.6982   19.2354   46.3249   55.9464   27.2947   67.0075   48.2701   46.5296   49.93   13.4536   12.1655   43.8292   31.1448   36.6197   6.40312   56.4358   26.0192   42.72   27.2029   14.4222   30.0832   46.6154   40.1995   50.8035   66.4831   55.4707   45.2217   43.6578   49.7695   13.6015   66.3099   38.6394   65.307   34.9857   26.4197   12.083   20.2485   74.6257   36.1248   28.178   23.6008   59.397   29.6816   56.6392   60.531   27.7849   53.2353   27.8927   46.6905   48.8365   4.24264   34.3657   23.8537   0   53.6431   47.1499   60.1618   74.4208   
20.5183   58.0775   47.0106   24.3516   55   51.2445   36.6742   48.0833   6.7082   35.1283   22.0907   25   61.8466   38.8973   73.1095   63.3482   26.8328   54.7083   48.2597   63.9531   38.4708   46.0435   48.8365   62.6099   43.8292   32.5576   43.6578   21.4009   38.0789   70.7672   61.5873   48.0937   67.6757   38.0526   49.4065   84.0238   37   39.2173   37.0135   26.4764   31.6228   51.2445   29.1548   18.1108   28.0713   66.3702   59.0339   29.6816   47.3814   39.6232   41.4005   26.4008   60.4152   53.3385   66.7083   31.0644   30.6105   12.3693   70.8308   20.1246   21.095   47.0956   35.8469   16.1245   16.1245   37.6431   0   53.2126   49.301   47.6985   
19.0263   53.0094   47.4236   13.0384   29.0172   46.2277   73.3757   19   32.28   70.0357   51.6236   28.4605   43.1741   13.4164   38.833   28.0713   10.4403   36.7151   17.2047   26.9258   21.3776   44.5533   41.4005   74.3303   59.0931   9.21954   32.2025   58.1808   52.9245   37.5899   37.0135   45.2769   50.448   17.4642   67.7791   54.0833   74.0945   28.1603   16.2788   21.5407   25.318   38.9487   63.2535   23.3452   56.0803   65.437   56.8507   20.5913   51.225   75.7166   61.6847   10.7703   41   28.3196   46.5296   67.1863   41.7852   37.1214   83.7616   17.088   56.5155   17.6918   26.9072   22.2036   36.0139   31.1448   37.1618   0   73.7959   52.3037   
38.6394   45.2217   34.0588   47.8017   60.5392   41.0366   30.8707   58.4637   30.0167   21.6333   47.8539   30.1496   59.203   51.3517   83.1685   85.3756   47.8539   84.0773   72.7805   80.399   66.7083   35.3553   41.8688   35.3553   18.2483   57.0088   42.9418   34.5254   16.1245   79.712   64.0078   37.4833   62.2415   65.192   19.9249   87.4643   35.1141   68.9638   63.9062   55.4707   61.4003   47.2017   46.6905   47.0106   53.3104   47.7598   43.4166   39.2046   31.0644   48.3735   12.1655   48.0521   58.8218   80.6536   64.0312   24.3516   61.5549   21.9317   42.0595   42.72   19.105   72.2772   38.8973   43.382   21.587   37.1618   31.1448   57.3149   0   75.8276   
35.5106   81.0247   71.4703   29.0689   66.0984   73.7564   58.6941   56.5155   32.45   60.9262   23.0217   47.1275   78.0577   48.5077   76.4788   53.2635   33.1361   31.257   37.4833   61.6117   22.6716   69.6419   70.0357   91.2688   72.6705   29.1548   62.2896   38.833   66.5733   75.6439   73.9797   71.3092   85.0059   25.4951   78.8733   92.358   56.7186   17.8885   25.6125   16.7631   14.2127   70.2567   36.2215   19.2354   24.0416   91.3947   83.2406   46.2709   73.1642   50.3587   70.9366   32.1403   76.1052   35.3412   82.2192   55.3624   3.60555   40.8044   99.8649   30.1496   47.8853   35.3836   54.4518   23.5372   43.566   57.8705   29.6985   38.2753   60.8276   0   
