15
60
999999 6 11 7 9 16 14 9 10 12 11 13 16 12 8 10 13 5 16 12 13 13 12 6 5 13 15 9 12 10 17 14 14 12 6 7 14 6 12 8 15 11 7 10 6 15 12 6 12 11 13 15 12 7 9 10 6 7 11 12 
0 4 5 6 8 6 2 8 4 6 5 4 10 4 5 1 12 3 2 4 5 7 2 5 4 6 1 2 2 7 13 3 1 4 4 4 6 5 11 4 8 5 1 8 3 13 5 2 8 4 1 3 9 4 4 5 1 6 9 10 
20
0   0   0   0   0   0   0   0   0   0   0   0   0   0   0   0   0   0   0   0   
-2   3   -1   6   -3   1   0   2   1   5   0   3   -3   0   -5   3   -5   2   2   1   
5   -6   0   -2   6   -3   5   -5   6   -3   6   -2   6   -1   5   -2   0   1   7   -1   
-3   2   3   0   0   -3   1   0   3   -1   0   -1   -4   -5   0   1   0   0   0   -1   
3   -5   5   -8   3   -3   7   -3   4   -3   3   -3   2   -4   1   0   0   -6   6   0   
-2   6   -8   9   -2   9   -6   5   -9   0   -6   10   -10   7   -3   6   -10   13   -10   5   
0   2   3   3   6   8   0   -3   -1   -2   -1   7   -2   5   -3   -1   0   -2   9   1   
-2   -3   0   0   -3   0   8   1   5   0   -2   -2   -1   1   3   -6   4   -5   0   -2   
-8   0   3   3   3   5   -1   3   0   1   -1   -2   1   5   0   0   -1   0   -2   5   
-10   6   -3   6   -7   10   -9   4   -9   0   -7   12   -7   3   -1   10   -5   10   -11   5   
-6   10   -9   11   -7   7   -9   5   -8   4   -8   7   -5   6   -8   7   -10   6   -6   8   
3   -8   5   1   5   -4   7   -3   9   -5   0   1   4   -3   0   -4   0   1   1   -5   
-3   3   -1   4   -11   -3   0   3   -8   9   -13   3   -3   7   -9   -2   -5   6   -7   5   
3   -6   4   -4   2   -2   7   0   4   -4   5   6   7   1   2   -4   8   -1   4   -2   
-1   -4   0   -1   0   0   2   4   -1   -2   4   -3   1   3   2   0   0   2   2   0   
1   -6   0   0   4   0   -3   0   -1   -2   -4   2   2   -2   -2   1   1   0   2   0   
-12   1   -5   2   -5   9   -9   3   -8   8   0   12   -11   5   -5   1   -10   10   -12   11   
0   0   0   -2   2   -2   1   -1   2   -4   3   -1   0   0   1   -2   1   -3   2   -2   
-14   13   -15   9   -5   6   -8   13   -14   15   -9   14   -3   1   -6   8   -12   15   -11   9   
0   -3   -5   -2   -1   2   -7   6   -3   -3   -9   1   -9   4   -4   5   0   -1   0   1   
-7   8   -13   12   -13   5   -2   9   -6   11   -12   11   -4   2   -12   12   -7   9   -5   4   
2   3   0   0   9   -6   0   -1   6   0   1   0   8   -7   6   -11   4   -2   6   -8   
7   0   8   -5   5   -4   7   -4   0   -8   8   0   2   3   9   -2   -4   -7   6   -6   
-5   0   -2   2   -1   5   -2   4   -2   3   -2   2   -6   3   -1   0   -4   4   -4   4   
2   0   0   -2   2   -3   1   -1   0   -2   1   -3   1   -2   2   -3   3   -2   2   -2   
-9   8   -5   11   -4   4   -5   8   -13   1   -11   11   -7   4   -11   6   -2   12   -3   10   
1   -8   -4   -14   -11   3   3   0   0   -2   -2   -3   -1   -3   -1   1   5   3   -4   -3   
-3   6   -5   9   -3   3   -6   7   -5   4   -7   4   0   5   -6   7   -1   -1   -3   3   
6   0   5   -4   -1   3   0   -4   2   -1   6   1   5   -3   3   -2   2   -6   -2   -7   
-6   8   -6   2   -2   7   -10   8   -7   7   -4   3   -9   8   -3   4   -4   6   -9   9   
-8   13   -8   8   -7   9   -12   7   -15   11   -9   12   -9   10   -2   13   -12   12   -7   9   
4   7   9   2   1   -3   1   -3   1   1   6   -1   -2   -6   2   -1   2   -3   8   0   
-7   -3   -4   -4   -7   -7   -3   -5   -7   -4   -1   -3   -2   0   4   0   5   0   -3   2   
-1   1   -4   6   -7   4   5   3   -2   2   4   -1   -8   0   1   -5   1   -2   -2   3   
-1   2   -3   1   -4   3   -3   1   -4   -3   -1   1   -2   4   -3   2   2   3   -1   2   
-1   3   -3   4   -4   0   0   0   0   0   -3   1   -3   1   -1   -1   -2   3   0   0   
1   5   -2   0   -13   1   0   3   -4   7   4   2   0   6   -11   2   -7   3   1   0   
2   -2   3   -1   1   -2   3   0   0   -2   3   -5   3   -2   2   -3   0   -2   3   -6   
-1   8   -4   8   -5   0   -8   5   -8   0   -7   6   -6   5   -5   5   -5   1   0   8   
0   -4   4   0   3   -4   2   -1   8   -1   5   -5   4   -6   2   -4   4   -6   2   -2   
9   0   0   1   2   -2   -1   -1   0   8   -2   -3   4   5   0   0   -5   5   0   -9   
0   7   -3   5   -6   1   1   2   -3   4   -5   1   -9   0   -6   0   1   4   -3   0   
1   -5   0   -5   2   -4   2   -1   1   -2   4   -6   3   -2   3   -2   -3   -4   1   -3   
1   0   -6   1   0   1   4   4   0   -2   0   -2   -6   0   -1   -2   0   0   3   2   
-2   0   0   1   -3   2   -1   2   0   0   -1   3   -1   2   -1   5   -2   5   -3   4   
-9   14   0   -1   -1   3   7   -2   1   0   3   -3   2   1   -3   3   0   3   0   2   
-9   11   -8   7   -12   3   -4   5   -10   10   -8   7   -10   9   -7   12   -10   8   -6   10   
0   1   -1   3   1   0   -3   1   -6   5   -4   1   -3   -1   0   5   1   2   -2   1   
1   -1   0   0   12   4   0   0   10   -4   5   2   2   6   4   0   0   0   -2   0   
-11   9   -6   6   -9   3   -10   10   -10   5   -6   8   -7   8   -9   5   -7   9   -3   2   
-7   0   -1   3   8   0   -2   -1   -3   -1   1   -5   2   7   -4   2   3   -3   -2   -5   
-5   -4   9   -2   5   -4   6   -7   3   -10   5   2   14   -6   -1   -2   5   -4   4   -8   
8   -5   1   -6   2   -8   4   -9   -1   -4   2   -2   1   -9   1   -2   6   -6   6   -1   
4   -5   2   -5   5   -4   1   -6   2   0   4   -6   3   0   3   -5   2   0   3   -4   
-6   6   -5   4   -3   5   0   0   -4   5   0   7   -7   7   -7   4   -3   5   -8   8   
-4   6   2   5   -5   3   -2   5   0   1   -2   7   -2   3   0   3   -6   6   -8   3   
-5   4   -2   1   -2   5   -1   0   -2   1   -2   4   -6   1   -4   4   -2   3   0   5   
0   2   1   -1   0   0   5   -3   0   -2   5   -3   0   -4   6   -1   5   0   3   -2   
-3   1   -2   -5   -4   0   -3   -1   -2   5   -3   0   3   6   1   -6   0   0   0   3   
-4   2   0   -5   -6   9   -1   2   -5   0   2   7   -2   5   -4   3   -3   0   3   1   
0   54.6264   60.5533   57.5441   63.025   69.8567   62.0465   39.4684   58.0485   69.3914   59.6611   68.3003   38.8103   55.2492   71.3149   42.055   42.9179   75.6359   65.2513   53.4138   74.6888   37.9284   68.4835   53.6611   61.72   60.1321   40.5876   68.5933   71.366   51.2156   45.6309   77.9606   72.8929   28.6015   49.3908   56.5793   46.1548   23.9443   67.1728   56.4005   67.7393   70.1765   53.863   53.6142   83.4829   47.1548   34.2788   63.1825   67.2041   53.7805   49.0868   63.98   70.4149   50.0192   51.9285   63.6946   60.05   75.4876   85.208   40.6205   
38.6264   0   32.6815   70.7983   38.1948   69.6058   65.1448   77.9335   72.0088   51.7696   84.2195   104.022   70.2096   56   99.2534   78.0575   79.405   44.1808   103.381   34   49.4235   41.6982   38.0907   81.9805   49.8325   34.0623   69.5428   44.8408   42.8537   89.842   84.2573   69.8722   41.0185   67.2279   59.618   82.545   67.0208   62.5707   60.4605   26.4018   48.0161   82.5491   72   75.1082   71.4866   70.2945   69.0425   94.0733   66.0122   90.599   87.6847   102.606   41.1245   82.7887   90.5549   77.8218   98.6764   51.2389   68.7449   59.9411   
44.5533   18.6815   0   84.7209   56.8764   59.2401   52.1512   81.6033   65.0937   70.4511   78.4546   112.854   77.9684   65.8164   91.8973   85.3649   84.1783   28.9789   107.203   36.6494   34.419   49.45   23.0623   72.5449   34.8885   29.1421   80.645   35   57.0476   95.7689   90.1842   82.5296   25.8167   73.1548   78.2995   91.7946   78.2977   68.4976   47.6545   24.2801   31.53   96.9527   84.8027   93.7898   82.4038   78.203   72.5188   107   79.359   89.8027   80.8027   94.4292   22.2801   91.8635   96.4818   96.5033   104.603   59.382   87.4264   70.0977   
42.5441   53.1601   69.7209   0   47.2866   105.511   99.339   61.1699   96.1715   51.6155   99.7033   70.8783   39.3225   42.2074   112.788   45.1715   63.6104   97.3409   84.6419   78.1521   102.172   60.2046   91.2337   96.1523   95.2614   75.5788   68.4534   92.6402   63.4435   71.017   59.7132   47.1868   94.1786   52.9816   33.1421   29.8661   28.1421   58.9115   107.566   79.1506   101.176   26.8995   36.8167   43.1603   50.8487   33.4164   76.8229   65.0122   38.2047   78.0333   69.4309   101.862   91.1231   74.203   71.7754   26.831   90.3278   67.7253   39.1868   53.4605   
40.025   23.1948   41.7732   33.2866   0   89.7956   81.9917   76.0775   86.218   34.5563   95.0759   94.7057   64.0176   31.4868   108.154   69.2443   81.9853   67.3756   104.475   50.8469   72.6183   48.5296   60.0111   90.0608   69.5619   44.7924   74.8705   68.0357   27.4403   90.7008   82.7972   43.6194   64.2133   68.0116   48.2062   63.1527   56.3165   63.0116   82.2118   49.5966   70.8516   50.8239   55.7843   66.2443   39.1868   51.8444   69.231   88.1706   32.4391   91.123   82.1506   104.005   60.0128   87.0698   90.1758   54.1152   95.3095   32.1803   48.5753   48.0185   
48.6621   55.6058   42.1545   89.8109   73.8783   0   28.8102   76.8539   29.8114   107.375   41   107.557   87.4724   98.3809   54.171   90.7171   82.7539   60.422   93.2165   61.9487   56   65.8539   64.1415   40.5183   45.3516   66.634   70.1632   47.1548   98.4595   85.4831   90.7872   114.964   61.5422   76   94.7736   105.241   91.3692   72.6064   36.2354   66.4346   49.3766   115.559   99.2458   98.4285   113.065   92.5376   57.1248   98.8528   106.317   74.6154   75.7539   74.8197   64.4346   71.2015   80.4831   112.357   85.3633   101.537   122.454   88.3514   
43.0465   47.8017   34.7851   83.2406   66.2193   7.81025   0   71.9828   33   99.2412   45.8568   103.889   79.0692   92.3803   59.1995   84.4651   74.4686   53.0454   90.4025   54.1448   50.6023   59.8534   56.7648   44.3607   37.2627   55.8246   58.9444   42.8403   88.7248   83.843   81.72   103.51   54.1655   69.3323   87.2772   99.6258   89.2012   66.9908   33.2643   54.3573   42   110.14   90.3127   90.111   105.406   89.1149   55.28   98.9205   98.6584   71.8014   69.8516   72.9711   57.0652   66.1199   82.4127   106.376   74.8982   93.1388   114.795   73.8179   
22.4722   60.8358   66.6033   47.1699   58.0775   61   57.5674   0   61.0531   83.4684   60.5645   46.6497   40.258   69.3263   71.1197   39.6056   19.6056   95.5822   41.7132   69.9771   95.0367   52.4461   89.6656   59.0999   78.1266   73.056   27.0384   79.3495   83.2642   32.1529   24.198   83.0522   92.42   26.0454   60.0162   53.6989   55.541   36.5242   85.0754   78.8727   86.4344   74.0694   54.3593   42.4009   89.2772   61.4005   40.2982   48.0208   74.0446   32   29.831   55.697   88.8834   28.0384   27.1529   64.634   38.2594   88.1809   83.857   50.0644   
38.9102   57.0088   48.0937   81.4125   71.218   15.8114   17   47.0425   0   105.774   26.1803   93.6922   77.7205   91.9533   48.2658   80.0049   66.6481   68.4403   80.654   65.1622   66.3574   66.7697   69.0818   27.3852   49.3883   65.0408   54.8081   50.0555   92.6981   74.0446   71.2406   107.285   69.9206   64.8722   88.301   95.4895   84.0294   62.8544   48.249   69.9902   57.7551   108.312   90.5345   83.0735   110.405   86.0649   41.7697   91.0634   99.9197   66.2719   65.2966   54.9857   70.3738   60.108   74.1955   102.581   63.566   102.076   119.793   76.535   
53.8516   36.7696   55.3624   33.6155   15.5563   89.3756   81.6884   69.4622   86.6833   0   110.632   101.959   65.9186   35.1421   123.71   72.5651   87.2496   80.9503   110.779   66.4032   86.193   64.086   74.4198   105.617   85.1182   60.3487   87.1688   81.6104   32.4142   98.0061   87.7757   34.3744   77.7881   76.6941   50.5529   63.3177   55.5529   72.3173   97.2301   63.1713   84.7857   49.5576   54.8982   72.6017   28.0499   51.6527   84.7873   87.2844   31.5529   98.0366   90.1642   117.832   68.4198   97.345   96.2192   54.833   107.722   31   40.6155   58.2938   
43.2782   66.7608   59.0085   85.4459   79.0759   25   27.8568   45.8912   11.1803   94.3027   0   88.2444   78.074   97.7769   41.2315   79.0727   62.6602   78.9805   70.0833   75.5446   76.5375   67.0185   80.2622   33   60.5686   76.2211   49.5261   61.2359   101.313   66.1539   70.0892   113.236   80.1007   65.2133   89.4527   98.9395   86.7957   63.2081   59.4294   80.5224   67.9351   110.261   90.7833   83.3223   116.905   87.2402   42.0185   84.5693   107.329   54.1123   56.2699   39.8395   81.2886   49.0588   72.1699   105.983   59   108.658   121.238   78.7282   
53.2635   89.0225   97.7446   55.1453   79.7057   92.72   89.8888   32.6497   77.8781   86.5852   74.2428   0   53.827   88.5199   96.0001   45.7648   52.2552   124.133   50.9422   97.6306   124.98   80.0996   119.464   90.1321   109.645   100.71   59.6881   108.772   105.078   48.074   48.0217   93.511   122.467   53.6989   68.7313   66.5247   66.1275   64.5982   116.416   109.664   119.084   76.2077   63.0744   54.4631   100.685   72.5461   71.7754   38.8661   84.406   49.1321   55.2805   73.439   120.025   57.3918   43.074   66.0096   58.4588   110.589   94.332   72.4707   
22.0227   50.2096   61.7738   25   40.1622   70.5762   65.0692   22.3607   59.7746   49.0408   62.1772   39.8246   0   53.2278   93.3376   25.0623   41.9662   89.372   61.1718   63.5204   91.6303   45.3121   83.1182   75.6838   80.3687   63.0355   49.3991   77.7972   67.4944   47.1361   41   61.2278   87.0767   41.2127   33.1803   34.8806   28.1803   36.8661   89.1955   71.0955   84.8499   48.8282   28.2127   34.8995   65.636   37.3178   56.3015   48.2389   58.8795   53.4591   44.4591   78.0577   77.9863   50.3991   49.5136   44.2488   60.6201   68.3971   64.1868   30.2788   
40.2492   32   50.2494   24.2074   9.48683   79.3221   71.8679   55.3263   74.9533   14.1421   81.8352   73.6817   35.2278   0   111.564   57.6   72.1378   76.1808   96.3996   60.3337   81.4235   55.3315   69.037   93.9103   78.5674   52.6742   71.2451   73.5674   36.9271   82.3639   72.9589   33.6433   73.0185   60.3232   40.9317   54.0735   40.5707   56.4227   87.3894   58.4018   80.0161   43.4402   48.4006   66.1041   35.2094   45.1551   72.1259   72.8218   25.0554   83.4027   74.4303   104.078   69.4997   79.3495   82.4793   51.0384   92.91   41.6672   43.7697   40.2982   
57.3149   81.9085   73.3348   98.7168   94.1541   35.171   40.1995   55.9464   25.318   109.293   15.2315   80.399   74.6324   96.6075   0   88.9992   71.1597   93.2449   72.1402   81.2534   90.5547   82.2501   94.3998   47.8806   74.7062   90.3588   64.7577   75.3735   116.545   72.8558   79.193   128.468   94.365   74.4649   101.864   109.513   102.027   78.4397   69.3415   91.2955   82.1995   122.725   102.845   91.3627   131.817   99.703   57.2501   93.2286   117.415   63.2969   64.1597   43.561   95.615   64.2903   77.471   116.802   63.0488   121.859   132.516   93.9597   
26.6833   58   68.7968   29.1548   48.1041   74.027   69.1158   19.105   61.9839   56.3205   62.9682   31.7648   8.06226   42.7551   74.3034   0   36   96.6997   56.7922   70.0727   98.684   53.3744   91.1805   75.7956   83.7344   71.0978   43.5466   82.6479   74.446   44.9258   35.5242   65.3951   94.6135   37.1108   36.0294   34.6155   31.0294   32.1108   93.8561   79.1577   92.6439   56.0424   36.2749   29   73.291   37.0238   57.3275   31.2047   57.0122   49.4006   40.8395   74.6743   86.0485   47.0156   46.2579   45.8444   56.6173   76.4593   68.3415   38.3411   
26.0768   64.405   70.1783   48.7647   61.2046   63.561   60.407   3.60555   49.2544   72.2496   47.3814   29.5466   24.3516   58.1378   56.648   20   0   96.7074   38.5602   70.0803   96.2192   56.0517   93.2406   62.7054   81.7321   76.6615   30.644   80.437   86.8698   29   27.8036   85.3951   95.995   29.6509   56.0294   54.6155   51.0294   37.9737   88.681   82.4773   90.0399   73.1798   52.5643   44.9317   89.9875   57.0238   43.9038   43.0907   77.0122   30.4018   23   58.4384   92.4585   31.6015   24   65.8444   39.6333   88.3395   87.4625   51.2345   
56.8507   30   13   82.3772   53.0848   44.1814   38.0132   78.492   53.7587   65.5134   64.9384   110.114   74.7061   62   78.1601   81.6333   82.0244   0   116.803   44.0018   24.6569   59.2769   24.2613   73.0339   35.3776   42.1421   83.029   37.6014   67.67   108.066   101.207   92.536   19.1623   85.4522   89.618   104.795   91.2728   80.795   48.9615   37.2132   36.0454   103.909   94.7464   100.22   91.5343   89.7576   79.8595   112.652   85.5239   98.2021   93.8027   104.778   30.1421   90.6094   105.645   107.2   107.837   72.382   98.7449   79.0931   
49.3964   88.0227   91.8096   69.6419   85.4751   76.1577   75.213   27.6586   60.4152   96.0208   54.0833   25.9422   47.1699   82   57.1402   40.7922   24.3311   102.801   0   94.141   116.176   79.4008   114.872   72.3649   99.3077   99.1925   49.8654   99.1469   110.923   32.0357   42.318   106.187   117.178   53.704   76.8215   73.1808   71.8215   59.1741   105.875   105.797   108.606   95.0546   74.439   60.4849   112.806   77.816   61.0977   48.6228   97.8043   34.6011   42.4008   61.0143   113.361   42.2488   31.5602   86.6366   43.088   112.671   108.829   75.5655   
30.4138   17   14.1421   59   35.8469   38.9487   31.1448   52.4976   40.1622   51.0392   50.2195   83.6301   48.3322   42.72   65.2534   55.0727   56.0803   26.6271   78.032   0   48.5611   45.7883   37.2044   63.3847   42.9737   30.9443   66.5645   39.1327   59.8537   81.6294   76.0447   75.0931   39.9588   59.0153   69.6175   79.5134   70.01   54.3581   47.6757   36.3693   40.3776   85.8995   74.0896   74.7062   75.0337   67.3814   53.5261   86.2773   67.7754   75.5399   77.8652   90.059   34.7883   77.3259   79.6506   85.831   80.5515   61.0122   84.4222   58.2415   
57.6888   34.2345   16.0312   85.7088   57.4282   40   34.3657   78.7464   50.6952   70.342   61.8466   110.802   76.5572   66.1211   74.5453   83.1865   82.2192   5.65685   102.176   28.2312   0   64.9338   29.9182   75.8031   40.7883   45.1734   88.653   37.0294   73.0788   106.698   102.944   98.1929   24.8191   86.2903   90.6877   107.745   94.3289   81.5733   38.2132   40.3113   34.6023   106.087   100.403   102.937   95.2808   94.2343   81.7573   114.391   89.8673   100.078   91.0779   100.865   35.799   93.9276   105.899   109.082   108.783   75.4132   102.979   84.75   
13.9284   24.6982   32.45   42.7551   29.5296   47.8539   40.8534   36.2353   42.4264   44.6542   49.6488   65.7647   29.5466   32.5269   64.6607   36.3593   39.8246   45.2769   63.3246   18.7883   47.0106   0   55.5122   60.8219   59.0571   35.6155   46.257   54.5576   56.97   65   59.5592   66.1702   58.2666   42.5299   48.3027   64.4272   50.5387   37.8727   63.0435   51.0999   58.8497   69.0883   52.7748   56.9487   67.7363   46.0666   43   67.564   55.833   63   54   77.9084   53.5766   62.4588   63.3883   69.5861   68.4603   56.8973   76.2966   39.0333   
52.345   22.0907   8.06226   74.9533   45.0111   47.5395   40.6079   74.5185   55.0091   57.2713   66.0681   105.418   68.7968   54.037   80.0562   76.0263   78.1025   8.24621   99.8599   22.0227   13.4164   39.8246   0   80.6071   42.9508   34.1246   86.0816   43.0623   60.4166   103.561   97.9759   86.3939   27.4085   80.9465   81.7087   99.8569   86.3599   76.2893   50.8893   31.0711   34.7648   95.835   87.8679   96.7289   84.1979   82.192   75.5488   107.231   77.4502   95.3019   88.865   102.491   24   92.9256   101.023   99.1263   102.574   67.4443   90.3217   73.8394   
39.6611   61.0328   53.0094   82.1523   74.0608   20.5183   22.3607   45.0999   5.38516   89.4036   6   74.9667   59.6154   77.2334   20.8806   61.131   47   59.0339   56.3649   44.3847   56.0446   44.8219   60.075   0   54.7734   67.1601   51.249   55.4407   95.0062   69.6205   69.0333   110.877   75.3058   66.9014   89.0211   94.496   85.8158   63.6053   53.5899   75.3754   63.1403   107.81   87.4707   81.2029   112.443   86.8158   43.7065   83.0689   100.655   60.1123   54   45.8395   74.075   55.0588   69.0521   103.356   65   101.719   113.086   76.8179   
42.72   33.4215   17.8885   77.2334   54.5619   24.3516   17.2627   62.1289   32.3883   69.4622   43.566   94.6678   63.561   61.6847   57.0088   69.2604   65.4599   21.3776   84.1724   18.9737   18.7883   35.0571   23.3452   37.6563   0   47.0307   65.0882   29   74.9361   93.6532   86.3269   93   37.0227   71.3215   83.3598   98.4416   85.5958   66.6643   31.7047   42.1687   36.4403   101   87.8319   90.1249   93.7487   81.1237   56.2099   98.672   86.7401   85.7647   85.8164   83.4055   40.1687   83.3825   89.2818   97.0549   84.2026   73.6003   102.166   74.0899   
34.1321   8.06226   14.1421   55.5788   28.7924   47.634   39.8246   56.6039   49.0408   43.4166   58.9406   86.3134   48.8262   36.6742   74.0405   56.2228   60.208   26.9258   83.1925   8.94427   30.1496   20.6155   20.1246   53.1601   26.0768   0   66.8725   35.4709   45.241   85.3477   78.04   70.3176   39.9588   61.0106   67.6802   83.7068   70.7861   58.0764   56.62   33.0623   45.6721   79.6162   73.3903   77.5642   67.8015   66.6821   61.4475   87.4274   61.2314   79   74.6155   93.0066   36   80.1893   83.7568   75   87.8401   59.3011   76.8071   53.7567   
18.0278   55.5428   57.9828   54.4518   57.8705   48.0521   44.9444   13.0384   34.0147   71.1688   33.5261   44.9444   29.8329   57.2451   44.9444   29.5466   15.5242   69.029   33.8378   44.2945   68.6222   31.257   66.0379   32.249   51.0882   49.98   0   72.0897   85.3109   40.5648   37.2364   87.6293   83.0074   30.6205   62.2295   64.1621   58.0132   34.6433   76.8014   74.4282   80.5463   78.6611   58.0455   47.311   92.4545   60.0119   33.0384   54.0132   78.9416   33.9443   24.9443   52.121   79.0635   35.2462   39.5242   72.0803   38.2036   88.1543   92.1665   57.9531   
41.5933   28.6007   13   74.027   50.1597   29.1548   21.8403   62.0081   36.0555   64.8845   47.1699   94.3027   61.6847   57.5674   61.0328   67.7791   65.437   18.3848   85.1469   15.1327   17.0294   32.5576   19.0263   41.1947   5   21.4709   51.6236   0   66.7119   91.1249   86.2061   90.2259   37.5471   70.1947   80.8603   94.6461   83.0964   65.5375   36.7047   37.2801   27.4853   99.3545   85.3324   89.5063   89.2724   78.6242   58.0512   98.9837   80.9697   84.6033   76.5679   83.9638   35.2801   80.8982   86.1249   96.0063   89.2026   72.382   95.2712   70.5184   
49.366   23.8537   42.0476   41.7732   10.4403   78.5175   70.7248   68.2642   77.6981   14.0357   86.3134   90.0777   50.5964   17.6918   101.518   58.5235   71.4493   51.6624   95.7549   39.598   56.6127   37.6431   43.4166   81.0062   57.2014   31.241   67.3647   52.4309   0   96.1266   86.3297   46.3059   64.8722   71.2406   53.1152   71.6393   57.4208   67.3401   84.3142   50.2555   71.8698   57.4166   59.6569   74.3262   40.0832   52.9487   79.6713   89.7282   40.2389   94.0062   85.007   113.346   62.3115   90.2668   95.397   64.5555   103.827   23.4142   54.2345   51.2156   
37.2156   75.5844   81.0555   55.9732   71.7008   71.1688   68.8767   14.7648   56.0446   82.0061   52.1536   22.0907   33.1361   68.0074   58.8558   26.9258   11.1803   92.6984   14.0357   67.0075   92.6553   51   89.0225   52.9528   75.4321   71.3442   24.4131   75.743   82.0366   0   28.4018   92.3209   106.872   40.8102   62.9552   60.2416   57.9552   49.154   99.1523   93.6161   101.199   79.0186   59.9675   41.8568   98.772   63.9496   55.063   34.8087   83.938   29.0416   34.1803   55   101.796   37.9737   24   71.0364   39.7883   99.5198   95.16   62.4148   
30.4138   67.4166   74.9667   44.5982   61.3922   71.1969   67.72   10.198   57.1402   71.0282   55.4437   23.0217   22   57.1402   64.5136   15.5242   8.06226   87.2067   25.318   60.8276   87.8009   43.4166   82.7345   55.0091   71.6938   64.0312   23.1948   71.2811   71.8053   11.4018   0   80.9192   100.783   36.2434   51.5536   50.1397   46.5536   45.0227   94.7057   86.8143   96.6324   69.7122   50.2127   38.5529   87.636   52.548   50.4401   30.0357   72.5364   32.0278   30.0333   62.8347   95.6159   38.2364   31.6015   59.8292   42.5862   90.3971   83.785   52.2788   
55.2178   46.8722   65.5134   24.5153   23.7697   95.9635   88.5099   67.0522   91.2853   13   97.7446   79.511   45.1221   16.6433   112.294   51.3517   69.3758   76.531   92.0706   59.0931   81.0494   48.9183   68.3593   93.3488   78   52.4976   71.1196   73.736   26.3059   78.0897   66.7533   0   87.8907   73.7317   47.4279   54.3814   51.278   71.7856   104.033   73.2739   94.6214   40.4642   53.0151   67.6756   31.3246   46.8058   86.218   82.5564   38.1803   96.0062   89.5811   119.198   79.3924   94.7123   93.3758   50.074   104.139   40.4951   23   55.6611   
55.2268   27.0185   10.8167   79.6241   50.04   45.5412   39.0512   77.1038   54.3323   62.3699   65.4905   108.467   72.5603   59.0085   79.0253   79.6116   80.6598   3.16228   101.833   24.8395   8.60233   43.2666   5.09902   59.5399   22.0227   24.3516   68.0074   18.4391   48.5077   91.4385   85.6329   73.437   0   83.8283   86.6365   102.255   89.1143   79.1711   44.8568   35.0968   34.1655   100.864   92.967   97.1523   88.5909   87.291   71.0803   110.816   82.4791   100.379   91.6194   102.403   29.099   93.7717   102.238   99.3516   105.391   69.7293   95.4207   75.7979   
13.6015   50.6063   58.0517   38.9487   47.0425   59   54.3323   11.0454   46.8722   58.6941   48.3322   39.6989   14.2127   44.5533   60.4649   15.1327   14.3178   70.4344   38.6394   43.9318   71.2811   26.4008   65.7647   46.1736   55.9464   47.0106   15.6205   55.0727   57.2189   25.2982   17.0294   57.0088   68.7677   0   44.8444   49.0933   41.8395   24   80.7743   68.5619   80.2851   63.0409   42.4253   37.1108   79.7627   49.9258   41.1948   46.3374   69.6087   43.0454   37.3178   65.0104   78.6198   39.0838   38.1983   58.4615   49.3048   79.1432   76.4152   41.025   
31.3847   45.618   60.8769   11.1803   29.2062   78.7464   72.2772   38.0789   70.2353   34.7131   74.4043   51.923   15.8114   21.9317   87.8635   22.0227   40.1622   73.7631   62.6498   49.2544   76.6877   32.1403   66.7308   71.0211   67.0075   46.8402   44.0454   64.0703   39.1152   48.6621   37.3363   29.4279   71.1688   28.8444   0   35.0244   20.7082   41.5862   92.3413   69.3774   84.9674   38.0798   22.9443   37.6136   52.5816   16.2361   65.6635   53.2274   40   66.9418   57.9418   93.7759   75.0983   66.1173   64.1622   37.1327   76.3383   53.4462   50.3671   38.4642   
42.5793   63.0635   77.7946   14.8661   45.9674   91.2414   85.4751   39.6989   80.6536   48.3011   82.7647   41.0122   20.8806   37.6431   94.6678   20.6155   40.3113   90.7579   58.1808   65.5134   93.4077   47.3814   83.9345   80.4114   82.3893   63.9062   49.7393   79.9062   55.3173   45.2769   34.4093   39.2938   88.2553   34.4384   17.4929   0   35.5242   52.7263   109.752   86.8702   102.46   39.198   38.083   32.3848   64.1141   33.7289   75.6332   47.6586   48.7648   66.4371   61.455   95.2898   92.5911   67.6311   64.3113   29   76.9955   70.4437   54.0528   51.1594   
29.1548   48.0208   62.2977   14.1421   33.2866   77.3692   71.1969   33.541   68.0294   39.6232   71.5612   47.1275   11.1803   26.5707   84.6463   17.0294   35.4683   75.2728   57.7062   50.01   77.8845   32.0624   68.542   68.4763   67.1193   48.4665   40.3113   64.4981   43.4166   43.7379   32.3883   34.3657   72.8011   24.8395   5   15.5242   0   38.2074   92.0376   70.4624   85.6004   38.0416   27.9443   37.1172   56.2788   21.2361   62.857   48.234   40   63.5188   55.6394   89.2381   78.0714   61.5794   59.4683   37.5529   71.8004   57.8292   50.4005   31.0294   
8.94427   45.6508   53.1507   38.2884   43.0116   56.1427   51.0392   15.5242   44.9222   55.3173   47.5079   44.5982   14.8661   41.2311   60.4401   18.1108   18.9737   65.6049   43.1741   39.0512   66.5733   21.4009   60.8276   44.7772   51.6236   42.0119   16.6433   50.5371   53.0377   30.0832   22.0227   54.5619   63.8905   5   27.5862   35.7351   24.2074   0   76.1171   65.3448   72.6686   62.2491   43.0787   40.095   74.6608   43.8223   43.2231   49.3154   58.382   46.0278   37.0278   67.7393   71.6392   43.0868   42.6771   59.1149   53.7836   68.0093   74.608   35.1245   
52.1728   44.6542   27.5862   88.5664   66.2118   19.2354   15.2643   69.7782   32.249   81.0062   42.9535   102.416   73.6817   73.3894   54.3415   78.8543   72.8972   25.9615   89.4986   30.6757   21.2132   46.0435   30.8869   37.5899   11.7047   37.5899   57.8014   16.1245   68.5055   82.1523   79.7057   89.6939   27.8568   64.846   78.1601   93.086   78   60.8769   0   51.8663   38.1245   112.705   97.0061   99.7863   105.391   92.1101   63.7772   109.741   97.0942   87.0657   82.7457   82.7929   49.8663   81.3842   96.8972   107.263   90.1626   85.305   111.396   79.0082   
41.4005   11.4018   7.28011   63.1506   34.5254   47.0106   39.3573   63.8201   50.9902   48.1041   61.5224   94.0479   56.8595   43.1045   76.2955   64.2028   67.424   19.2354   89.9444   12.3693   23.0217   28.2843   12.083   55.5788   23.4307   8.06226   56.3649   18.4391   34.8855   78.492   71.5891   58.2495   16.4924   54.5619   54.7083   71.8679   56.4624   49.5782   34.0588   0   33.6977   83.1809   76.8495   83.9892   73.7121   70.1413   65.8954   95.4075   66.9644   85.5542   81.3092   98.399   27.0711   88.2516   90.973   83.0623   91.8332   58.2997   80.1466   57.8167   
49.7393   31.0161   12.53   80.0999   53.8516   33.3766   27   70.4344   42.7551   67.7791   53.9351   102.65   69.2892   61.9839   67.1193   75.6439   73.8783   11.0454   93.6056   21.3776   8.60233   39.8497   14.7648   48.0521   10.4403   25.318   60.1082   8.48528   54.5619   84.22   79.6304   77.6209   12.1655   63.2851   70.5762   86.885   71.3863   58.6686   16.1245   19.6977   0   102.879   90.1332   93.3901   93.0384   85.9163   66.5365   106.849   86.2907   90.0733   85.0525   92.449   34.8101   85.3573   94.6102   100.318   94.0569   71.912   99.761   71.5711   
52.1536   58.5491   76.0592   9.89949   36.6879   98.7927   92.0272   56.8595   90.9175   32.5576   95.2103   62.0725   34.8281   27.2029   108.577   38.4708   58.3095   88.3629   78.4347   66.3702   92.0869   51.2445   80.6226   91.8096   85   62.0081   64.3506   81.4985   43.4166   65   53.7122   20.8087   85.4751   48.8365   20.8087   21.095   24.0416   48.1664   96.5091   69.1809   87.0517   0   36.728   51.4927   48.9258   37.0447   82.2422   62.6688   45.3848   84.4143   77.3488   111.761   88.6726   84.1025   81.5042   24.198   95.0881   61.3037   43.4642   55.071   
33.2415   51   65.8027   10.8167   34.8281   81.4923   75.3127   36.3593   72.0902   39.5601   75.4718   47.0744   14.2127   27.2947   88.4081   18.6815   38.0132   78.7464   59.439   53.7587   81.4923   36.0139   71.8679   72.4707   71.0634   51.8652   43.8634   68.3593   44.6542   45.607   34.2053   33.0151   76.2168   28.2843   5.65685   12.083   4.12311   28.0179   82.0061   59.808   75.1332   20.6155   0   37.1108   56.6241   21.8929   66.7647   49.8862   40.3452   66.233   57.6173   92.0564   80.7551   64.3977   62.0132   37.6476   74.5399   59.103   50.0034   35.1525   
29.6142   60.1082   71.3442   28.1603   49.2443   77.026   72.111   21.4009   64.9384   56.7186   65.7875   30.4631   9.89949   43.4166   76.9415   3   21.9317   84.22   41.4849   57.7062   85.8662   38.9487   78.492   64.0312   72.1249   58.6003   32.311   70.5762   59.6154   27.8568   16.5529   51.0882   82.1523   18.1108   22.0907   18.3848   17.1172   21.095   81.7863   66.6108   78.3901   37.1618   18.1108   0   73.3961   38.3268   59.3056   34.2047   57.1172   48.5807   43.8395   77.098   87.8858   49.4393   45.9317   41.2947   59.1392   74.9465   67.347   40.1783   
59.1692   46.4866   65.146   30.8058   24.1868   97.8008   90.2109   72.2772   94.0691   10.0499   101.045   85.7088   50.636   19.2094   115.802   57.1402   74.7329   75.505   97.7394   60.0333   80.2808   51.6624   67.2681   96.4261   78.7147   52.8015   75.6439   74.2496   24.0832   83.7257   72.4431   6.32456   72.3671   61.9839   35.1283   45.607   40.1123   59.2368   90.3383   57.8705   77.4919   26.9258   39.0128   57.0088   0   51.3644   91.3353   88.3448   40.2788   102.07   93.0702   123.149   78.4697   98.5588   98.7329   51.1239   110.463   41.0499   29.3246   59.5076   
29.1548   44.2945   59.203   13.4164   28.8444   76.5376   70.0928   36.4005   68   35.3553   72.2011   51.5461   14.3178   22.1359   85.703   21.0238   38.6005   72.1249   61.4003   47.3814   74.9533   30.0666   65.192   68.7968   65   45.2217   42.0119   62.1289   38.9487   47.3814   36.1248   30.8058   69.5701   26.9258   2.23607   18.7883   4.47214   25.4951   76.1052   53.1413   68.7314   23.0217   6.7082   21.3776   36.3456   0   63.4336   52.2284   42.2361   67.7769   58.7769   89.8866   77.3343   64.439   62.6005   31.2627   74.66   55.6822   49.541   34.2971   
16.2788   47.0425   46.5188   58.5235   54.231   36.1248   32.28   25.2982   23.7697   68.884   27.0185   57.7754   36.0555   55.7584   41.1096   38.3275   28.2312   56.8595   46.0977   33.5261   56.0803   25   54.5619   23.7065   38.2099   40.4475   13.0384   39.0512   62.6418   37.4433   35.4401   71.218   56.0803   23.1948   47.4342   56.921   44.7772   21.1896   44.7772   45.8803   47.5079   68.2422   48.7647   41.3038   74.8866   45.2217   0   65.4758   79.5716   43.5862   37.9827   51.3456   68.3144   37.8494   52.2312   76.4844   51.242   81.8973   94.218   51.8277   
41.1825   75.0733   85   41.0122   64.8845   84.8528   81.0247   24.0208   71.0634   71.8053   69.4622   14.8661   25.2389   58.8218   78.1601   17.2047   22.0907   97.6524   31.6228   71.0282   98.7927   52.6308   92.4554   69.029   83.672   72.9178   37.054   82.7647   75.2396   20.8087   14.0357   65.123   95.8019   27.7308   37.108   27.6586   32.28   32.249   92.358   80.8084   90.9175   48.6621   32.3883   15.6525   71.2531   36.6879   48.8365   0   72.28   46.0634   44.069   75.8087   103.225   50.5106   44.8087   56.6586   56.6219   89.7694   80.199   55.5177   
44.2041   41.0122   59.1354   17.2047   18.4391   86.4523   79.177   56.0446   80.9197   16.5529   87   70.406   34.3657   9.05539   101.415   41.0122   58.4637   71.007   81.4985   50.9608   75.06   38.833   63.0714   82.7587   69.9214   45.3982   59.9416   65.9697   25.2389   67.4759   56.2228   11.1803   68.0294   45.8803   19   31.7648   24   43.382   81.6088   52.0384   70.7107   18.3848   23.3452   41.0488   16.2788   20.0998   60.3075   55.7315   0   85.9418   76.9418   107.059   76.0789   80.3099   82.4637   36.6716   94.304   47.5529   34.1803   49.3536   
31.7805   70.214   73.2462   60.0333   70.0286   59.6154   57.8014   13   44.2719   82.0366   40.1123   34.1321   35.3412   67.897   47.2969   31.4006   11.4018   84.2021   18.6011   59.5399   83.6301   45.607   81.3019   41   65.7647   65   15.2643   66.6033   80.0062   12.0416   18.0278   80.0062   83.2346   23.3452   51.0784   51.6624   46.5188   27.0185   71.6101   71.5542   75.0733   69.6419   49.2443   33.3017   85.1645   49.3964   27.5862   31.0161   68.9638   0   30   49.8444   94.3278   27.8102   34.0711   74.2163   34.2956   95.0278   96.857   62.143   
23.0868   61.6847   65.8027   52.4309   61.0328   56.7539   53.8516   5.83095   42.2966   73.1642   40.4475   36.0555   27.4591   59.0339   50.1597   24.8395   7   77.2334   26.4008   51.8652   77.0779   37   73.8173   40   59.8164   56.7979   8.94427   60.1415   71.007   15.6205   15.0333   71.5122   76.0592   14.5602   42.9418   45.4533   38.5876   18.0278   66.7308   63.6318   68.6222   62.2013   41.6173   27.2029   76.5376   41.1461   21.9545   29.0689   60.407   9   0   53.8697   86.6535   26.2111   29.2066   68.4976   36.6815   86.037   88.9881   53.1321   
49.98   83.0542   79.4292   86.8332   89.8443   49.8197   51.9711   40.3113   34.9857   103.817   24.8395   59.439   61.8466   90.0777   22.561   59.4138   39.8246   87.2812   35.0143   68.1836   84.8646   61.1882   87.0976   29.6816   66.1287   76.0066   33.121   68.9638   98.7168   39   46.8722   104.235   87.3613   48.0104   76.844   79.9812   72.8011   49.7393   67.2309   80.399   76.5506   96.6747   76.0592   61.6198   108.688   74.8866   36.3456   59.4811   93.0591   28.8444   34.6554   0   101.709   52.6586   50.4384   102.914   43.2485   117.749   123.202   81.8845   
48.4149   16.1245   7.28011   69.1231   39.0128   49.3964   42.0595   70.8025   55.2268   51.4198   66.0681   101.119   63.8201   48.0416   80.5047   71.218   74.4043   14.1421   96.7471   18.7883   18.9737   35.3553   6   60.075   25.0799   15   63.0635   20.2485   37.6431   85.4459   78.6448   62.3939   11.0454   61.6198   61.0983   78.3901   63.0714   56.6392   34.2053   7.07107   18.3848   74.6726   66.3099   73.6003   61.3922   59.6154   52.2015   87.8635   57.0789   78.2943   70.4911   85.9884   0   90.051   97.9555   90   98.9042   53.8973   84.8694   61.7074   
26.0192   63.7887   65.8635   59.203   65.4905   52.2015   50.1199   13.0384   37.108   78.339   34.0588   40.7922   34.2053   64.2884   43.0813   32.0156   13.6015   76.6094   26.2488   52.3259   75.9276   39.4588   73.9256   34.2345   57.9828   58.1893   8.24621   58.8982   75.1665   18.9737   21.587   77.4726   75.7166   20.5913   49.3964   52.6308   45.2217   23.0868   63.8201   64.4748   67.3573   69.029   48.4149   34.4093   82.28   47.5079   19.8494   35.5106   66.3099   7.81025   7.2111   27.6586   71.1126   0   36.4177   75.704   32.0357   91.0961   95.6222   57.0512   
34.9285   73.5391   78.0064   57.7754   71.1758   66.4831   64.4127   13.1529   51.2445   82.2192   47.1699   27.074   33.9559   68.1175   53.9351   28.6356   10   89.3756   14.5602   64.0703   89.1067   48.8467   86.0233   48.0521   71.5891   68.884   20.5183   72.1249   81.3941   5   13.6015   79.0759   88.2383   24.1868   49.7293   48.0104   44.9222   28.6356   77.9359   75.8024   80.6102   67.082   47.1699   30.0167   84.5281   48.2701   33.4215   25.0599   68.2495   7.07107   12.2066   34.4384   82.6801   14.3178   0   71.3114   32.4222   96.6449   95.3227   61.1814   
45.6946   58.8218   75.1332   5.83095   39.1152   93.6803   87.3212   47.634   84.5813   38.833   87.983   52.0096   26.2488   30   100.802   28.8444   48.8262   87.8635   68.352   64.0703   91.0824   47.2652   80.5233   85   82.0549   61   56.0803   79.0063   47.5079   55.0364   43.8292   28.7924   85.1469   40.4599   15.1327   11   16.5529   40.4969   93.2631   68.6586   85.2877   10.198   12.53   27.2947   35.1141   17.2627   61.2944   38.4708   22.6716   60.2163   53.1507   87.7838   74.7262   60.1415   57.3062   0   85.4617   68.5789   45.0177   47.5823   
40.05   77.666   78.721   70.3278   79.3095   59.3633   58.8982   23.2594   43.566   91.7824   37   39.4588   45.618   77.666   41.0488   41.6173   21.6333   88.8369   17.088   65.5515   87.6584   53.4603   86.764   39.3573   69.2026   71.8401   22.2036   70.7248   89.0898   18.7883   27.5862   90.1388   88.193   33.2415   61.327   61.7171   56.7979   36.4966   73.5527   77.8332   79.0569   79.925   59.5399   43.4166   95.2103   59.6154   32.2025   39.4462   79.0569   10.2956   18.6815   20.2485   84.309   14.0357   14.4222   70.4557   0   104.506   107.116   71.0869   
50.4876   25.2389   43.382   41.7253   11.1803   79.9312   72.1388   69.1809   79.0759   13   87.6584   90.6201   51.2445   17.8045   102.859   59.1354   72.3395   52.8867   96.6282   41.0122   57.8705   38.8973   44.643   82.365   58.6003   32.6497   68.469   53.8238   1.41421   82.8734   72.5672   25.4951   49.7293   58.1378   39.4462   55.4437   43.8292   54.0093   69.8928   36.2353   55.9017   43.0465   44.9444   60.1664   23.0217   39.3573   63.8905   75.7694   25   81   72   99.925   38.8973   76.2365   82.2982   47.4236   90.1388   0   48.4951   52.6298   
60.208   54.7449   73.3485   24.1868   31.5753   102.728   95.3834   69.857   97.3088   20.6155   103.238   79.0063   47.5395   23.7697   117.516   52.8867   71.8679   84.4808   93.6216   66.4831   88.955   55.2178   76.3217   99.0858   85.44   60.1664   75.1665   81.2712   34.2345   79.8123   68.4105   8   81.3941   60.4152   31.7805   38.0526   36.4005   58.5235   97.1442   66.0984   85.3756   17.4642   34.2053   52.1728   11.6619   33.541   76.4199   65.123   16.4012   82.8553   74.686   108.227   70.3491   81.0062   81.2712   27.074   93.1075   33.3766   0   63.5982   
15.6205   33.9411   46.0977   28.4605   27.0185   61.3514   54.8179   31.0644   53.535   39.2938   58.7282   55.4707   16.2788   25.2982   72.9178   24.0832   34.2345   59.0931   58.5491   33.2415   61.3514   15.0333   52.8394   54.8179   50.0899   32.7567   31.9531   47.5184   37.2156   44.911   35.1141   39.6611   56.7979   20.025   17.4642   32.3883   17.0294   16.1245   61.0082   40.8167   54.5711   37.5766   21   26.1725   43.8292   15.2971   31.8277   41.2311   28.6007   43.1045   34.1321   64.8845   47.7074   39.0512   44.1814   32.5576   52.6118   38.1182   44.5982   0   
