15
30
999999 15 12 12 12 6 10 13 7 14 13 14 11 16 5 9 16 10 13 9 12 14 17 8 14 13 12 16 16 16 
0 6 8 6 3 1 1 6 6 9 11 13 2 8 3 2 1 3 4 6 4 3 15 4 2 3 1 7 15 1 
20
0   0   0   0   0   0   0   0   0   0   0   0   0   0   0   0   0   0   0   0   
-9   3   -3   -1   2   3   -2   1   -8   5   0   10   -1   6   -3   10   -10   0   -10   10   
8   0   7   -5   0   0   -1   1   2   1   -3   -2   2   -9   7   2   3   0   4   2   
0   9   3   3   -2   0   -7   10   -7   7   -6   7   0   8   -4   6   0   3   -6   7   
7   -8   -1   0   12   -10   8   -7   4   -6   4   -11   9   -8   5   -9   10   0   7   -8   
-4   3   -2   1   -6   0   -2   2   -5   2   -4   6   -4   0   -2   3   -2   4   -4   3   
-4   1   -4   8   -5   2   -3   0   3   0   -2   2   1   3   -1   3   -1   6   -1   2   
-5   11   -10   4   -7   8   -12   6   -7   3   -3   8   2   9   -4   0   -1   5   -5   3   
2   7   -2   7   -2   5   -3   3   -2   3   -5   6   -3   5   -4   4   -5   0   -2   0   
-6   3   -3   3   -13   6   -9   5   -3   5   -10   6   -11   10   -10   8   -9   5   -11   12   
7   -3   3   -7   5   -1   5   -1   1   -3   -5   0   3   -9   1   -8   6   1   0   -5   
3   -12   4   -4   9   -2   4   -8   2   -2   8   1   -5   1   1   -2   4   3   3   -1   
-2   8   -6   7   -2   11   -5   5   -3   6   -9   10   -7   3   -6   7   -8   0   -3   3   
11   -5   10   4   5   -11   0   0   0   -9   9   -2   8   -3   9   -2   -1   -3   1   -11   
-1   0   -1   -2   0   2   0   1   0   1   0   0   0   0   0   0   0   0   0   0   
-4   2   1   -2   -1   0   -2   1   -1   1   -4   1   -4   -1   1   3   0   0   -3   3   
-11   9   -9   11   -3   4   -8   4   -2   6   -14   7   -7   5   -13   11   -10   3   -6   6   
4   -2   5   0   2   -5   6   -7   5   -7   7   -4   6   -9   8   -5   7   -1   9   -5   
2   -5   0   -1   5   -6   -2   -8   1   -11   9   -1   5   -1   11   -3   -1   -6   -2   -6   
-5   4   -5   0   -1   3   -3   1   0   2   4   6   1   4   1   0   -2   4   0   -1   
-5   6   -5   9   -6   0   0   7   3   3   0   2   -3   7   -5   1   -3   2   -3   0   
-9   10   -7   4   -5   10   -4   5   -8   12   0   4   1   5   -2   3   -5   4   -11   5   
-2   -4   6   -2   9   -7   3   -8   3   -7   -2   -3   10   -6   0   4   13   -7   10   -1   
-5   4   -6   7   -3   3   -6   7   -5   3   -7   0   -5   4   -6   4   -3   7   -1   4   
2   1   -9   3   -1   2   -8   1   -2   1   5   -1   -4   7   -1   4   -8   2   -3   10   
-4   -1   -8   5   -1   0   1   0   -4   7   -3   0   -9   -3   -11   10   -4   12   -8   4   
-9   -1   1   4   -10   9   -1   1   0   10   -3   11   -8   3   -7   3   -6   11   -3   4   
4   0   -4   -11   0   0   1   -11   0   4   0   2   -3   4   -3   3   -1   -3   12   1   
-10   7   -5   7   1   -2   -12   0   -1   -6   -12   0   -7   0   0   10   3   -4   -6   1   
-14   10   -7   5   -2   0   0   4   -7   9   -3   5   -12   2   -9   5   0   4   0   13   
0   68.0833   47.6356   30.8661   58.0156   80.6825   50.9026   66.7917   74.0706   70.992   79.8516   65.7664   78.5235   47.1448   60.2217   48.0217   41.0278   70.0116   61.2491   57.6005   70.6005   49.1868   69.4342   56.4833   65.2195   67.774   60.4849   62.3553   55.2046   57.3573   
54.0833   0   57.0512   84.9493   102.023   23.7082   99.9115   98.2287   107.791   66.6621   48.163   54.1214   21.4721   99.1171   65.8262   75.0339   57.1096   49.2667   77.551   111.684   77.9832   91.4853   35.1246   98.5242   84.1354   96.1897   40.6469   114.321   104.629   93.3847   
28.6356   39.0512   0   55.6293   78.1402   62.7595   79.5383   57.4264   65.0392   87.7647   44.0768   73.2096   60.5234   69.6542   79.9732   47.0238   54.3847   33.7648   48.587   82.7419   85.2944   70.1393   50.7065   84   54.0185   93.0405   64.0132   69.6308   83.8402   84.1327   
14.8661   68.8186   41.6293   0   34.2047   89.3303   41.1794   59.5006   66.7795   78.4981   83.7666   77.0848   90.2907   39.8537   74.1479   52.0689   52.3645   72.3649   60.1856   45.1868   66.7032   36.7648   84.3002   47.9061   80.0856   72.3289   75.351   47.5153   56.8329   61.2884   
32.0156   86.0233   57.1402   17.2047   0   106.535   46.6716   60.0463   65.6008   94.997   100.971   83.2495   107.495   41.972   89.7215   64.8044   69.5691   89.5695   75.9696   34.1803   75.2993   44.0294   101.45   58.3553   92.1209   71.8595   87.0139   33.0278   52.3196   64.5412   
59.6825   6.08276   45.0999   74.3303   91.526   0   103.309   102.526   110.139   67.0408   54.2458   54.9362   21.2361   103.649   62.0048   80.1153   61.8854   55.3495   83.6338   112.542   74.1617   97.5681   41.2074   95.5414   81.56   92.3682   36.8254   112.231   110.711   95.7902   
35.9026   83.8689   64.5368   25.1794   22.6716   88.5268   0   78.5059   86.5821   78.3246   108.614   77.3062   101.966   59.9966   71.1543   75.3738   64.8019   97.5442   83.3593   39.5242   59.9318   50.7771   99.8596   31.8549   101.122   49.9026   88.2602   55.3609   21.6569   42   
42.19   81.3941   42.4264   40.6079   43.4166   87.4643   63.5059   0   33.8489   112.576   77.6099   103.217   102.866   45.6469   102.412   47.1948   81.6941   67.5547   47.7065   71.5711   107.311   44.7308   86.2534   88.514   61.7967   104.521   99.7919   44.0185   85.1628   94.5175   
51.9711   90.0888   51.0392   49.5177   50.1597   96.1301   71.3442   9.84886   0   122.424   87.4588   113.065   110.251   47.9258   112.193   57.0437   91.543   77.4036   56.8058   77.0983   113.13   49.805   87.1642   97.4238   58.0488   114.37   106.313   49.573   93.0011   104.366   
55.9732   48.6621   65.7647   64.4981   78.0256   49.0408   63.3246   97.5756   107.424   0   91.6546   30.5563   70.1342   100.698   24.7703   89.8019   52.9102   89.2811   103   98.1038   46.6977   99.4474   82.6498   70.0757   115.381   54.0694   51.7805   108.955   79.7454   57.9102   
53.8516   32.0156   26.0768   67.5352   83.2166   36.3593   89.493   62.6099   69.2892   75.5844   0   79.0983   53.4878   83.3542   89.0516   60.4605   67.0392   26.4018   54.9102   108.819   101.466   91.884   38.0384   110.077   45.0161   119.117   67.8292   95.7076   106.179   110.209   
42.5793   37.1214   50.2096   53.0848   68.2495   39.0512   57.3062   83.2166   93.0484   15.5563   61.0983   0   58.5936   87.6817   26.0711   75.6304   38.7386   81.4716   90.6348   92.6512   38.2485   86.1211   71.3839   64.8615   91.1038   63   41.1108   91.026   72.0357   57.8782   
58.5235   4.47214   43.1856   73.2393   90.4434   2.23607   87.9659   85.5862   94.1913   50.1597   34.1321   39.6232   0   102.431   64.2408   78.3482   59.2769   53.7389   82.0232   112.671   73.6657   95.9574   39.5967   97.7775   79.1482   94.6043   39.0615   112.816   109.101   90.8241   
31.1448   80.6536   44.6542   23.8537   23.7697   86.6487   44.4185   19.6469   26.9258   86.5852   69.3542   73.6817   85.0941   0   91.3665   49.0832   67.163   78.4191   51   48.9285   90.5569   34.1246   87.2642   71.7598   64.1597   90.027   91.6298   22.9443   64.93   85.1421   
45.2217   44.0454   55.9732   54.1479   68.2642   45.7056   55.1543   86.8159   96.6644   10.7703   68.0074   7.07107   46.3897   75.9276   0   82.7014   45.8097   80.6498   89.6525   84.1542   41.4222   83.897   77.0501   58.8152   98.1749   58.6913   46.1794   98.097   69.0103   46.6497   
23.0217   59.0339   21.0238   29.0689   40.8044   65.1153   54.231   23.1948   32.7567   75.6637   45.2769   60.8358   63.3482   24.0832   65   0   53.8917   54.7886   30.1421   65.9902   90.7951   40.5967   63.7214   76.975   56.0666   87.7835   73.6004   47.0275   75.8878   80.3791   
18.0278   41.1096   31.3847   30.3645   47.0106   45.9674   42.8019   58.6941   68.542   38.9102   51.0392   24.7386   45.2769   49.163   28.178   36.8917   0   65.1495   67.0339   72.8035   57.2324   67.1293   58   55.9473   79.8014   65.0416   40.0599   67.1507   60.909   53   
43.0116   33.8378   14.7648   56.3649   71.8679   39.2938   78.848   52.5547   59.9083   71.2811   11.4018   56.0803   37.108   58.1378   62.6498   34.0588   42.2966   0   54.1204   97.5067   94.3288   74.6555   34.1421   98.2439   46.2982   107.206   61.3609   81.082   95.7863   95.1643   
36.2491   60.075   21.587   43.1856   53.9351   66.0303   68.3593   23.7065   30.8058   85   38.9102   69.6348   64.0078   34   74.6525   14.1421   47.3814   29.1204   0   80.1258   100.337   52.108   60.4264   87.0821   31.4924   101.926   82.2368   56.9443   90.0162   93.6065   
38.6005   91.351   65.7419   24.1868   11.1803   96.5401   15.5242   54.5711   61.0983   77.1038   91.7061   69.2892   95.6713   34.9285   68.1542   50.9902   50.8035   80.4984   64.4981   0   75.4559   55.0179   108.035   47.3791   95.9905   65.4268   90.8635   44.2081   37.181   57.5242   
43.6005   56.8859   61.2944   48.7032   60.2993   59.203   43.9318   85.703   95.4149   19.6977   77.4661   20.2485   59.6657   72.0902   14.4222   65.7951   30.2324   70.5195   77.3369   58.2151   0   85.468   81.4905   50.4009   108.82   37.7883   52.3363   93.327   56.1096   38.2354   
24.1868   76.4853   43.1393   14.7648   17.0294   82.3468   35.7771   27.7308   35.805   78.4474   68.884   66.1211   80.9568   9.21954   67.897   24.5967   42.0476   57.4891   37.108   28.0179   63.3246   0   80.0681   62.6709   68.6004   79.8151   81.5134   32.1638   57.4339   67.8015   
47.4342   20.1246   23.7065   62.0081   78.6448   25.2982   81.8596   65.2534   73.1642   62.6498   13.0384   48.3839   23.0868   68.2642   55.3624   44.7214   41   14.1421   42.4264   86.0233   65.4905   66.0681   0   96.9473   58.0545   103   47.8707   91.2085   100.934   94   
37.4833   77.5242   65   31.9061   35.3553   81.5414   14.1421   72.4224   81.0555   50.6952   88.1192   46.8615   81.3019   54.4885   43.566   59.1354   37.9473   78.3135   73.0821   29.6142   31.0161   45.3431   78.848   0   102.703   42.2071   72.8218   67.0096   30.198   30.1655   
50.2195   59.1354   27.0185   59   70.406   64.56   84.0536   36.7967   41.0488   92.6553   31.0161   77.1038   62.3618   50.1597   82.9759   30.0666   57.8014   25.2982   16.4924   80.895   87.983   53.6004   39.2938   87.6641   0   114.907   86.6003   73.104   105.424   102.865   
50.774   75.1864   74.0405   50.3289   56.8595   77.7946   35.9026   90.5207   99.7246   36.0694   93.2631   39   78.1601   74.027   33.121   73.7835   42.9535   85.1587   86.8332   51.4198   18.7883   64.8151   82   21.8403   99.5389   0   69.5428   88.8499   50.257   38.0416   
41.4849   19.6469   38.0132   55.1543   72.0139   22.8254   66.4831   76.7919   86.3134   31.7805   43.8292   18.1108   22.8473   71.4493   25.1794   53.6004   25.0599   40.3609   59.2368   75.7166   37.3363   65.5134   30.8707   58.8218   63.6003   55.5428   0   92.2107   85.9689   66.9902   
35.3553   87.3212   52.6308   24.5153   18.0278   93.2309   40.3609   27.0185   32.573   88.955   77.7817   77.026   91.7878   8.94427   78.5175   32.5576   53.1507   66.4831   42.9418   28.6356   73.0821   11.1803   76.0263   52.0096   59.0931   72.7186   76.6877   0   61.0109   76.9016   
39.2046   84.6286   67.7422   29.8329   28.3196   89.0225   5.65685   68.884   76.8505   60.7454   92.1792   56.0357   88.6002   49.93   53.2353   58.6941   43.909   81.7863   72.8354   20.6155   41.1096   41.1825   83.9345   10.198   88.278   31.257   66.6033   46.0109   0   40.3636   
39.3573   70.3847   64.1327   38.2884   45.5412   73.7902   26   78.5175   87.6926   38.9102   85.0235   36.8782   73.8241   62.0081   32.6497   62.2656   34   76.1643   75.5844   41.1947   19.2354   52.8015   74.5453   12.1655   88.8651   12.0416   50.9902   60.9016   22.3607   0   
