15
30
999999 9 7 8 6 17 9 9 6 9 13 13 8 7 16 8 13 15 12 11 14 13 7 16 13 16 13 17 12 15 
0 6 2 6 2 16 2 2 2 4 3 3 1 2 12 4 11 14 9 10 1 1 5 9 8 4 9 14 9 12 
20
0   0   0   0   0   0   0   0   0   0   0   0   0   0   0   0   0   0   0   0   
-1   2   0   7   -8   2   -3   8   -7   4   -5   6   0   5   -4   0   -1   6   0   2   
-2   2   -3   3   -4   4   -5   5   -3   3   -6   2   -3   2   -2   5   -1   5   -3   3   
3   0   2   -5   6   -1   0   -2   -2   -3   0   -1   1   0   2   0   1   -5   0   -1   
2   0   3   -2   1   0   -2   -2   3   -3   3   -1   1   0   1   1   4   -5   2   -2   
-11   11   -11   5   -8   13   -8   9   -8   11   -10   5   -7   7   -8   3   -8   9   -4   4   
1   -1   -4   0   1   0   -2   -1   -6   -1   0   0   3   0   0   -1   -1   1   0   1   
-3   6   -1   7   -4   1   -9   8   -5   0   -7   4   -4   7   -6   3   0   3   -6   3   
0   0   -1   0   0   0   0   -1   1   0   0   0   -3   -1   0   0   -4   1   1   -1   
5   0   2   -1   -2   0   -1   1   -3   -1   2   0   0   0   0   0   -6   -1   4   0   
0   4   0   0   0   -5   1   2   0   0   5   11   -5   3   -2   -4   1   -2   1   1   
-2   4   -6   3   0   3   -8   12   -5   7   -7   6   -5   1   -13   1   -4   6   -3   5   
-4   6   -2   2   -4   2   -2   6   -7   2   0   3   -1   0   1   3   -1   4   -2   2   
4   0   0   -2   0   -2   2   -2   3   1   2   -2   2   -1   3   1   0   -1   -1   -3   
-5   2   -5   9   -9   -2   -6   14   -13   13   -6   5   -4   6   -2   0   -10   2   -5   5   
-5   3   -3   5   -3   2   -2   2   -7   6   -2   5   -4   6   -4   4   -4   4   -7   1   
-1   10   -6   6   -10   4   -3   2   0   6   -2   11   -8   1   -4   6   1   7   -4   4   
-7   3   -1   2   2   10   -8   5   -6   4   -11   -6   2   5   -11   6   -12   3   -11   2   
4   -8   4   -8   0   0   3   -1   -1   -5   4   -1   -4   -7   7   -12   3   0   -2   -5   
-7   7   -7   7   -10   6   -10   2   -8   11   -3   8   -10   8   0   7   -5   7   -8   5   
-6   12   -10   4   -9   9   -9   7   -13   9   -10   7   -7   4   -11   4   -5   8   -6   8   
-1   2   0   0   3   1   -5   0   3   0   -2   0   0   4   4   -1   3   7   -4   1   
0   -5   2   0   2   -4   -1   -2   0   0   3   -2   -1   0   0   0   3   -4   0   -1   
-6   2   3   9   -12   -1   5   8   -9   2   -5   9   -4   7   2   7   -12   11   -14   10   
-9   6   -3   3   -2   7   -8   0   -9   1   -9   3   -5   -2   1   2   -4   4   -2   1   
12   -10   3   -10   5   -6   7   0   4   -3   10   -9   4   1   8   -4   8   -2   3   -15   
1   1   0   3   4   -3   0   -4   -3   2   -5   -4   -1   2   -5   2   9   -2   -5   0   
3   0   1   -1   1   2   4   -4   0   0   9   -4   -3   -11   1   5   -8   -1   -9   7   
-6   9   -10   11   -6   6   -10   3   -2   8   -9   5   2   9   -6   10   -12   12   -10   10   
7   -5   6   -7   10   -4   2   -4   -6   -7   12   -9   9   -4   11   -12   11   -9   8   -7   
0   50.0192   63.2663   56.6005   56.6984   62.4131   52.2415   35.8934   56.2753   52.117   68.9542   59.9408   65.4782   68.4518   53.5576   58.4166   59.4145   67.7587   60.6337   62.5456   61.2677   66.2701   41.4951   39.5453   67.925   35.2485   25.1231   58.9535   58.7771   30.53   
26.0192   0   62.8188   67.9355   62.8365   88.4323   73.6717   55.0555   78.0322   61.8246   89.9576   42.6155   64.3113   62.044   74.4209   41   56.3113   84.9469   84.5689   51.4138   60.8188   40.1868   67.5143   59.3607   86.352   43.4307   50.0666   84.72   79.6882   41.3607   
46.0977   48.7032   0   43.8403   44.8254   104.074   90.0263   58.4708   68.8424   97.5381   103.482   87.9452   33.7047   106.544   77.9732   62.53   27.53   113.856   66.6063   98.922   22   68.2494   80.0328   79.5958   99.8764   55.0179   65.1736   70.9464   95.0608   76.6277   
38.6005   53.0377   22.4722   0   24.099   83.3135   77.2996   43.1725   49.4008   85.0509   85.2295   90.2982   53.545   107.052   61.4433   78.3074   50.0022   102.322   53.223   98.7321   41.8403   83.2287   59.2719   62.0104   81.624   46.7321   51.6742   47.8378   73.0088   69.1305   
33.5261   48.8365   23.8537   5.09902   0   78.7694   75.9527   46.095   42.5967   85.6431   85.384   86.373   54.7805   101.978   54.0588   74.3823   46.7805   101.285   45.8328   94.807   43.8254   78.7454   57.9249   65.0465   82.6182   42.807   53.5753   52.9369   71.8015   64.0561   
47.4131   71.1688   84.8116   66.6483   62.7694   0   39.0278   64.3814   59.1475   60.1475   29.6056   93.6552   110.991   102.183   50.6619   105.83   105.043   56.2884   64.7174   91.5527   101.084   110.774   41.7003   49.2774   26   82.6615   61.4186   63.375   28.6619   64.2443   
33.2415   54.626   76.0263   61.3922   56.7539   18.0278   0   56.0113   59.9536   45.5707   32.7477   75.0775   97.5956   80.2089   46.0662   90.501   90.7273   53.8617   59.5984   69.5788   89.2428   94.8128   33.0278   42.9706   29.1421   67.1727   45.241   62.6578   33.6301   48.311   
13.6015   36.0555   38.4708   26.1725   21.095   47.3814   37.5766   0   46.7497   60.9318   66.8043   72.1869   67.2277   82.0533   38.5153   70.5002   60.3113   77.6498   44.5136   76.1471   60.4708   75.4214   39.3452   43.1925   64.9414   38.9249   28.7703   49.7805   54.1248   44.1314   
38.2753   62.0322   48.3735   26.4008   24.5967   44.1475   44.7214   26   0   80.434   64.6488   96.8259   73.0339   106.727   32.3782   90.761   71.3772   91.2429   18.2361   100.821   68.2411   95.6822   46.9258   62.7359   64.8167   59.1856   53.4093   30.6158   54   68.8053   
32.0156   39.8246   77.5242   70.0357   64.9384   44.1475   26.5707   43.9318   62.434   0   59.3183   56.4184   97.4938   55.6468   68.3289   73.4138   90.7886   48.1725   80.67   45.0167   91.5381   80.0114   55.4833   43.6982   55.7128   67.03   54.2075   85.0312   53.6742   38.587   
48.8262   71.3092   88.4816   71.1758   67.082   6.32456   16.7631   50.448   49.6488   41.1947   0   91.8406   113.544   93.7718   50.9285   107.243   107.49   52.5269   67.396   85.0634   101.839   111.496   48.0249   55.602   28.6056   83.9358   62.0041   62.0109   34.9865   65.074   
39.4462   20.6155   69.2892   72.6223   68.1175   76.0263   58.0775   52.2015   77.6981   35.1141   74.4312   0   84.9268   36.4165   88.0402   49.0156   76.9268   83.2866   95.9342   36.4018   81.4343   60.6155   77.9862   64.4109   87.2197   64.0463   62.0314   98.3996   84.7384   46.4109   
51.4782   48.2597   11.1803   33.5261   34.4384   93.4345   83.2166   46.2277   59.0339   81.4923   96.6747   68.2495   0   102.831   84.743   58   23   119.237   77.27   97.6384   33.1803   69.4072   85.5729   82.7768   111.057   47.6228   68.3546   81.364   100.352   82.0081   
54.4518   39.8497   88.5438   90.4268   85.703   81.7863   64.0312   67.9412   92.1954   37.6563   78.7718   19.4165   87.6641   0   99.1499   68.4321   93.8311   78.6301   108.127   26.6301   100.669   66.8035   87.624   73.3062   93.1734   81.1691   73.1411   111.056   91.3306   57.5206   
32.5576   58.4209   57.3149   37.4433   34.0588   29.7321   30.0832   24.5153   15   50.3289   34.9285   70.9366   67.0075   83.2166   0   90.9742   80.8393   73.9406   33.2361   89.7798   76.9732   98.6077   28.0384   51.2488   45.5753   62.3847   53.2856   32.8924   38   62.6293   
43.4166   20   46.6905   59.0339   56.0803   90.2497   74.2428   50   74.6726   59.4138   90.802   32.0156   41.6773   50.1597   74.1687   0   55   99.5862   92.9087   62.4166   61.2548   19   82.884   78.3095   103.385   48.5753   64.0744   99.7805   99.6882   61.3607   
44.2945   40.3113   12.53   32.0624   31.7805   87.6926   76.6094   40.3113   55.9732   73.7631   90.6091   60.4152   8   79.8311   62.434   35   0   112.053   74.2093   89.7107   34.53   54   79.6565   77.4014   105.253   41.1661   68.4863   79.9003   94.4361   71.2015   
53.7587   65.9469   99.7246   88.2043   83.2947   38.2884   28.8617   62.6498   73.5459   26.1725   32.5269   59.6825   105.109   56.2939   58.9406   85.5862   97.6934   0   88.4602   66   115.026   104.586   61.8895   61.3113   54.4215   89.0072   74.1027   91.5195   58.0789   64.7595   
39.4462   63.5689   50.6063   28.6007   26.8328   42.7551   44.1475   27.5136   2.23607   62.6817   48.3735   78.8923   61.2699   93.086   14.1421   76.531   58.1893   73.0068   0   98.6219   70.441   95.531   42.1805   57.0132   59.7174   61.4217   55.6454   23.3852   52.1421   66.6063   
43.8406   30.4138   78.848   79.925   75.1665   73.5527   55.5788   57.3149   81.6884   30.0167   71.0634   11.4018   78.6384   10.6301   73.0616   43.4166   70.7107   52   82.6196   0   91.2326   62.4166   77.5909   64.0156   84.7209   66   61.6361   99.5507   83.6909   46.0156   
44.1475   46.8188   2   21.8403   22.8254   83.2406   74.2428   36.7151   47.4131   75.5381   86.8389   67.4166   11.7047   86.6487   55.9732   45.2548   11.7047   97.8008   49.6488   76.922   0   64.2548   76.0604   78.2546   98.2346   42.0192   65.4854   69.0091   90.8399   74.6774   
48.2701   24.1868   50.2494   63.561   60.7454   94.921   78.721   55   79.6304   62.9682   95.3415   33.6155   44.4072   50.8035   79.1581   5   38.2099   89.1067   81.4985   44.9444   48.9183   0   87.884   82.3934   107.863   53.5753   67.9711   104.78   103.875   65.5475   
25.4951   51.1566   61.0328   44.2719   39.9249   24.0416   18.0278   23.3452   26.9258   37.4833   27.4591   60.8769   69.4262   71.5891   13.0384   68.884   63.6553   46.6905   26.5707   61.7414   59.4054   73.7564   0   39.3178   41.8551   60.7436   46.8403   45.9308   31.0384   52.5753   
16.2788   39.2938   60.1664   48.0104   43.0465   31.9531   16.9706   22.3607   37.7359   24.6982   32.7567   46.8722   66.7308   57.3062   26.2488   58.3095   59.9083   40.3113   38.0132   47.4236   58.3095   62.9682   14.3178   0   46.1127   51.5273   34.4222   59.1413   44.6155   40   
45.4863   68.352   84.8764   67.624   63.5059   5   14.1421   46.8615   46.3897   39.6232   3.60555   72.1734   93.086   77.2787   31.5753   87.7268   87.046   33.4215   45.1774   69.2604   83.2346   92.3093   23.8537   29.5296   0   80.02   58.5733   60.5298   25.8167   62.4531   
20.2485   23.4307   28.0179   29.7321   25.807   65.8027   53.1507   19.9249   43.1856   50.01   68.0147   43.566   31.6228   62.1691   44.3847   31.5753   24.1661   73.5391   45.0999   52   26.0192   36.4966   42.19   36.2353   64.5368   0   45.3716   68.4851   73.2285   42.4429   
4.12311   30.0666   46.1736   36.6742   31.5753   44.4185   31.241   10.7703   34.4093   33.3766   46.2277   43.4166   52.3546   58   28.4429   47.0744   45.4863   53.6004   35.5106   47.4236   44.2719   51.9711   21.8403   14.4222   42.8019   21.9317   0   58.8957   52.8787   34.6531   
42.9535   67.72   55.9464   33.8378   32.2025   40.1123   43.6578   31.7805   7.61577   64.0312   46.0109   82.2982   66.6408   95.8019   13.8924   81.3019   63.5689   72.4224   5.38516   85.4459   55.0091   86.2844   26.9258   39.6232   43.0116   50.01   38.9102   0   51.8924   69.535   
35.7771   59.9083   74.0608   57.0088   52.8015   11.6619   10.6301   36.1248   37   36.6742   14.4222   66.1211   82.3286   73.6817   22   78.7718   76.3806   38.0789   36.0555   64.7611   72.4224   83.4865   13.0384   20.6155   10.8167   54.2033   32.7567   34.7131   0   55.3275   
12.53   22.3607   56.1427   50.9215   45.8803   49.2443   32.311   26.0768   49.679   21.587   49.0408   29.4109   59.9083   42.5206   41.6293   42.19   52.2015   46.1411   50.6063   32.0156   54.1479   46.5296   31.5753   18   46.1736   28.4429   15.6205   53.535   38.3275   0   
