15
60
999999 15 14 6 11 10 13 10 5 17 14 16 17 10 13 9 8 17 12 7 11 16 7 7 8 6 5 15 5 9 14 13 14 7 8 17 5 5 14 11 10 13 6 6 15 5 7 14 6 17 14 6 15 16 14 17 9 16 15 11 
0 13 9 5 7 5 10 2 1 9 12 8 11 6 5 2 5 13 1 2 1 8 1 1 1 3 2 3 1 5 2 5 2 3 2 1 2 1 13 2 6 8 4 3 2 4 6 11 3 1 5 2 13 2 8 4 3 15 10 3 
20
0   0   0   0   0   0   0   0   0   0   0   0   0   0   0   0   0   0   0   0   
5   2   7   5   6   2   1   -9   0   -2   0   2   -1   -6   2   -1   -4   2   8   -5   
3   -5   4   1   0   -6   -1   -5   7   -5   6   0   8   -3   -2   0   8   -4   -6   0   
2   -2   2   -1   0   -4   3   -3   0   -3   1   -2   2   0   1   -4   4   -6   4   -5   
5   -2   6   -3   7   -7   8   -5   9   -2   2   -4   5   -7   4   -6   10   -5   8   -5   
-4   1   1   -1   2   0   -2   4   0   2   -7   3   -6   3   3   0   3   1   5   3   
-7   7   -1   0   -10   0   -1   -1   -3   2   0   7   -3   2   -3   0   -2   5   -5   10   
-3   1   -2   -7   0   8   -1   0   -3   -1   -1   0   -5   0   0   -2   -4   2   1   5   
0   -2   0   -1   0   0   2   -2   1   0   1   -1   0   -1   1   -1   0   -1   0   0   
-14   4   -9   10   -11   6   -9   4   -6   5   -9   10   -8   15   -5   13   -9   10   -13   7   
-11   12   -4   1   -1   9   -11   5   -9   0   -10   10   -8   4   -14   7   -13   -5   -13   5   
-2   0   1   0   -5   -2   9   -1   1   7   -3   -6   0   0   -6   0   0   -1   1   -4   
-8   8   -11   12   -3   12   -8   7   -6   2   -10   3   -9   10   -15   10   -13   8   -9   9   
4   -4   -1   -4   -5   7   -1   2   0   -1   -3   0   0   -4   -2   1   -3   -1   0   3   
-4   1   -1   7   -2   1   0   6   -3   6   0   7   -6   1   -9   3   -1   3   -9   3   
-1   -1   3   -2   6   -3   6   -3   0   -1   0   -6   6   -1   2   -4   1   -6   3   0   
-2   1   -5   1   1   -1   -4   0   0   1   0   -1   0   1   -2   0   0   2   -2   1   
6   -1   0   -3   7   -2   -1   -2   -4   -2   -1   -1   2   3   9   0   9   -11   8   -4   
-4   12   -7   11   -8   9   -8   6   -6   3   -12   7   -9   11   -5   3   -5   7   1   4   
3   -2   4   -1   0   0   5   -3   4   2   2   0   5   0   4   -1   1   -5   4   -6   
10   -7   9   -3   7   -3   1   -5   8   -7   5   -5   0   -8   9   -7   7   -8   5   -5   
-12   3   -10   1   3   13   -8   9   -3   9   -9   5   -6   9   -8   3   -2   1   -10   10   
2   -1   -1   -1   2   -1   4   0   0   0   3   -2   2   0   0   -5   0   0   4   -5   
-1   5   -2   3   -1   6   1   4   -1   2   -6   2   0   4   -2   0   -3   0   -2   4   
0   -4   0   1   5   1   -1   0   2   -3   0   0   0   -2   1   -3   3   -3   0   0   
-2   1   0   4   0   1   -5   3   -4   1   1   6   0   1   -2   6   -6   1   -5   2   
-1   3   -3   2   -2   3   -3   2   -1   2   -3   2   -2   3   -3   2   -3   2   -2   5   
1   -5   3   -6   0   2   4   -7   -2   -9   3   -4   -3   -3   3   6   6   -5   -4   0   
0   0   -1   2   -1   0   1   0   -1   0   0   1   0   1   0   0   1   0   -1   0   
-7   8   -5   6   -1   3   -1   6   -6   5   -3   -2   -4   0   -5   6   -5   3   -4   6   
6   -11   2   -9   4   -7   2   -1   6   -8   6   -5   1   -9   4   -7   6   -13   9   2   
0   5   -6   4   -8   5   -7   11   -2   1   -12   3   -7   3   -10   4   -9   8   -6   0   
-8   -2   0   7   -1   3   -6   8   -2   1   -6   4   -2   -2   -7   4   0   2   -1   3   
3   -6   4   -2   0   0   2   -1   2   -2   1   -4   5   0   4   -1   3   -1   3   0   
-6   5   -4   0   -2   5   0   3   -6   4   -3   3   -4   6   -3   5   -4   0   -5   0   
-13   8   -3   1   -8   8   -15   15   -11   6   -7   5   -11   10   -3   5   -5   4   -10   12   
3   -1   2   -1   1   -1   1   0   1   -2   2   -1   2   -2   1   -4   1   -2   1   -1   
-2   2   -2   3   -2   3   -2   2   -3   4   -3   2   -2   3   -4   2   -4   4   -2   2   
10   -14   4   -5   4   -7   9   -3   2   3   8   -8   4   -2   7   -8   5   -6   8   -5   
1   3   0   4   2   0   0   2   4   -1   0   -4   3   2   5   0   1   0   -3   3   
3   -3   1   -7   9   -4   5   -3   4   -8   1   -9   5   -2   4   -4   6   -5   7   -5   
-9   3   -11   10   -9   5   -9   12   -9   3   -6   5   -6   4   -9   4   -12   12   -12   11   
0   5   -1   2   0   0   -5   1   0   2   -1   4   -2   1   0   -1   -5   4   -1   0   
0   0   0   2   0   0   0   1   1   -3   0   -5   -1   -2   4   -1   1   4   2   0   
-3   14   -9   5   -7   9   -6   11   -4   14   -9   12   -14   13   -11   0   -11   7   -5   14   
4   -3   2   -2   2   -1   1   -1   2   -1   2   -2   4   -1   2   -1   3   -3   0   0   
0   0   0   -5   0   -2   0   2   3   -1   2   -4   1   0   2   1   3   -2   4   -4   
1   -1   -4   4   -4   -1   8   -1   0   -6   4   -2   -2   -3   2   -5   0   1   6   1   
1   -1   2   1   1   0   2   -3   -1   -3   2   2   4   -5   0   -2   -2   -2   1   -3   
-6   6   -14   -2   -12   9   0   9   -13   1   -8   9   -6   15   -10   7   -9   9   -4   6   
-5   2   -2   -4   2   -8   2   -4   2   -3   0   -5   6   1   4   1   -8   -2   -3   -1   
3   -1   2   -4   1   -3   5   0   4   -2   0   -4   1   -2   3   -1   4   -5   5   -5   
3   -2   8   -10   13   0   -5   6   1   -7   12   -4   4   -3   1   -7   -5   -4   5   -14   
-6   6   -11   15   -7   8   -11   0   -7   11   -8   0   0   8   -3   1   -4   4   -13   9   
-2   1   -5   8   -13   3   -3   11   -7   4   -8   3   -6   0   -4   4   -6   7   -10   9   
-2   7   -11   3   -9   6   -7   5   -9   3   0   4   -4   6   -12   0   2   5   -3   4   
-2   7   -3   3   -6   5   -3   6   0   -1   -2   5   -3   1   -2   0   -1   9   -1   6   
0   3   0   0   3   3   0   3   3   11   1   3   3   5   -6   7   -4   8   -10   1   
-8   11   -4   -1   -12   3   -8   15   -9   14   -3   11   -6   3   -8   12   -5   11   0   5   
1   -4   7   0   -2   -6   7   -6   5   -7   4   -6   7   -6   4   -8   5   -2   3   -3   
0   56.0476   62.2019   49.4641   82.4559   49.5682   56.1886   61.0922   29.0499   32   60.2719   73.034   62.4692   67.7346   64.0899   33.547   64.5079   63.6952   55.1622   30.4536   59.1624   79.3072   65.8246   67.5079   38.4009   54.6068   58.9102   28.53   40.145   44.2094   58.4403   48.4558   59.4815   41.6982   53.1991   56.2432   71.6392   50.2415   48.2897   68.3783   53.8246   71.7584   28.4403   78.2014   70.3667   72.4309   32.1327   49.7065   55.7922   49.3196   53.8121   71.8365   46.0868   63.4005   70.4509   51.4005   44.088   69.8197   49.1725   74.4975   
42.0476   0   28.0416   59.4646   116.896   74.6154   39.1661   100.709   55.8857   74.0476   87.8913   51.0824   98.6224   52.3848   95.3597   58.0477   93.3171   99.2877   82.3717   69.1507   95   110.773   37.6433   49.541   77.703   27.4536   96.4137   45.2843   42.2843   74.9228   72.6601   81.3324   40.0416   82.8313   51.8776   47.191   108.357   69.7212   76.6615   46.2947   34.3848   67.448   56.8121   104.818   36.2047   66.8486   61.3723   45.6982   76.9902   47.6985   93.4292   55.5106   45.6155   81.5235   32.6433   70.9183   57.2492   74.4282   89.3618   89.897   
42.2019   12.0416   0   67.7903   113.052   79.3999   51.2077   103.294   59.9862   74.2019   91.9917   58.4072   93.339   64.4264   99.4601   53.2099   89.2294   98.1487   77.8276   68.0894   94.895   116.22   48.6142   41.587   75.0776   25.2462   90.3217   49.3847   46.3847   79.1664   77.8013   76.6482   52.0832   83.9001   63.9192   59.2326   102.235   61.566   81.7913   58.3363   46.4264   54.6005   61.9418   107.6   32.1803   75.1295   56.4415   37.025   80.9083   46.9317   96.014   43.5372   45.4951   68.8246   44.6849   56.8246   54.5106   86.1193   83.7419   93.0592   
31.3847   40.3609   48.6004   0   111.484   46.318   42.6155   70.6228   36.9545   60.2754   49.0689   51.7209   90.0069   39.3516   57.5766   60.5363   92.7147   78.6607   86.5469   60.909   72.6413   78.3586   52.4005   79.7389   69.7856   56.5441   83.1339   48.0217   48.2283   47.9061   32.2127   69.7584   48.6586   56.8031   30.0623   39.1529   103.024   77.2328   46.3607   60   46.0799   94.7555   42.0238   64.0408   74.28   41.8035   59.1221   58.1938   38.7047   65.8365   63.7335   82.5453   40.1661   90.0263   55.1096   78.0312   67.3982   36.2237   45.6228   46.5862   
67.1789   102.083   95.8541   97.0052   0   95.5754   121.888   86.1193   91.5512   70.0803   115.859   140.213   44.4722   132.809   116.302   79.4649   50.0416   68.1856   54.4401   71.16   73.636   104   130.434   102.77   63.0977   107.204   58.2415   95.7088   102.725   90   120.691   62.7253   126.66   82.8466   115.316   123.38   36.8167   77.1601   100.841   135.557   121.003   93.0065   95.5768   117.993   121.342   138.809   80.0762   95.7226   122.971   90.9256   88.9242   102.54   107.929   80.0088   134.727   76.4637   79.9112   133.229   97.0068   123.924   
28.178   59.6154   64.3506   25.318   80.5295   0   60.6684   48.6317   44.5183   44.4951   43.0294   76.1394   75.3095   64.6696   46.9317   61.1545   83.0606   56.4264   77.2869   48.1321   54.8288   63.0163   76.462   89.2647   59.2099   70.6127   67.6223   44.6105   58.0151   35.426   43.9317   64.2897   67.6128   38.9906   55.3802   53.0526   86.5122   76.4401   29   79.1354   71.3979   98.863   47.9317   48.6985   95.8201   66.6154   60.3108   70.5177   44.807   76.4856   41.3516   95.6704   60.3573   91.5786   80.4276   79.5786   61.1885   54.7386   27.8102   38.7386   
40   24.1661   35.171   20.6155   106.888   45.0111   0   91.0847   48.0147   72   64.4009   35.0278   101.484   36.7579   72.9447   61.8017   100.973   96.4219   91.6627   70.4536   89.473   95.78   35.831   72.2104   77.4003   49.0156   97.0201   47.8546   46.3223   65.3358   47.8444   84.4274   29.4878   72.0088   27.7148   22.6158   111.639   78.5059   66.2752   38.697   23.831   89.7715   56.2025   84.6563   60.3707   44.105   64.2037   53.6879   42.8444   66.3847   84.3491   78.7082   40.7231   92.9682   41.6155   80.9682   66.7074   56.8393   66.2383   66.3249   
47.0106   86.6833   88.8651   55.9017   67.1193   30.5941   75.1665   0   64.3815   50.6563   55.0135   106.734   65.2982   95.2533   52.4215   75.0738   80.7063   40   86.549   62.5643   40.4642   42.3776   105   107.757   61.2311   97.8579   56.8782   71.8164   74.5769   48.9047   74.5258   67.8197   96.0975   40.3607   85.6906   83.6467   80.2046   91.3335   55.541   109.56   96.1137   113.421   62.8722   48.4605   115.609   97.2096   78.3394   89.6824   75.4011   89.5133   33.2801   108.698   80.0984   98.6463   111.011   93.6328   74.2163   85.0333   50   69.3328   
10.0499   41.7732   44.7214   21.9545   75.2861   20.5183   34.0147   44.911   0   39.4709   53.3412   69.0425   70.0863   60.8688   55.8808   41.0832   73.6076   65.4339   65.212   38.9545   58.4851   75.8288   63.911   71.6308   48.2062   53.9857   65.6154   27.9443   30.7047   37.1108   49   49.8378   57.2753   41.0208   43.7588   46.8029   81.6891   60.2914   38.8494   66.0106   52.2415   77.9531   19   69.2168   71.7238   63.758   42.1826   49   56.8058   57.2278   52.6563   77.4437   36.2132   73.4504   65.3587   61.4504   47.4764   58.1782   40.0238   53.8121   
18   60.0333   59.8415   41.7253   56.0803   25.4951   55.4617   31.4006   21.4709   0   58.19   89.8358   47.6155   81.0769   59.1774   44.97   57.7697   47.1573   54.3564   31.0416   39.095   63.4065   82.0259   77.3854   29.0384   68.6236   49.0416   46.53   46.5576   39.3693   63.0982   34   77.4815   31.2956   64.2017   68.2738   69.5188   60.9617   43.2488   86.3783   71.8246   82.1457   40.4709   69.7032   88.3667   83.5288   44   57.5216   67.7074   59.1415   44.7588   78.3263   56.6079   69.7083   86.8296   58.8219   43.8444   76.9464   39   64.2337   
44.2719   68.8186   75.6902   29.0689   95.8593   17.0294   49.3964   37.0135   35.3412   42.19   0   77.6238   89.8055   65.2544   30.544   76.4244   99.9598   71.3884   94.3162   65.1615   63.5987   47.0606   80.1946   104.537   71.2285   83.6222   78.8409   61.6398   66.0459   52.3926   35.1172   76.19   71.3454   50.2053   54.7696   56.7852   103.542   93.4694   38.4642   85.5475   72.1295   113.294   54.3412   35.3961   101.276   66.3828   76.4046   84.3412   46.3924   85.3278   48.3017   109.589   67.2096   107.672   84.1785   95.6724   78.2179   44.8995   44.8396   28.8995   
58.0086   32.3883   44.4072   35.3553   124.74   60.6712   18.0278   91.2414   51.8845   73.3553   61.5224   0   118.408   34.3693   84.8727   79.8294   119.001   112.544   109.69   86.414   105.788   108.583   33.1489   81.9293   94.4449   59.8419   112.037   60.607   60.859   79.7875   59.4588   99.9666   32.3186   89.3303   45.1858   40.0868   129.648   96.5337   77.8896   23.099   41.8587   96.7647   69.1199   96.8852   62.4569   34.2354   82.2314   70.8245   54.4588   78.816   99.0889   82.897   52.7967   109.606   34.4391   98.996   83.6607   67.8534   80.9781   76.0446   
45.4533   83.006   78.339   74.6525   22.4722   58.3095   85.4283   48.6621   53.0754   33.6155   74.0405   103.407   0   112.66   90.3482   57.8534   33.2788   39.2982   50.7697   49.1454   46.4165   85.2495   110.685   92.7041   41.0832   86.1911   27   73.9832   75.2163   68.618   93.3557   44.2485   104.935   64.9111   96.2086   99.8783   39.3417   63.2046   73.5063   113.832   99.2779   89.4463   72.0754   92.0067   104.838   113   65.5601   73.8218   95.3019   83.8859   67.0109   92.475   89.2886   70.4665   115.649   66.3982   70.0116   110.562   72.6155   97.0482   
50.9313   35.6931   47.3814   24.3516   118.106   49.4773   13.3417   80.05   43.4166   64.6375   49.2544   12.3693   96.2081   0   71.5587   74.2687   111.883   103.012   103.067   79.7452   96.9929   96.315   39.6333   82.0074   87.8026   62.3573   105.484   54.4433   51.4433   72.2577   49.1403   90.3806   37.5602   81.1547   37.4929   35.9574   122.571   91.8476   68.5969   35.4683   37.1726   99.1487   58.8688   84.6505   67.8652   29.8102   77.5453   67   45.1662   76.7235   88.0851   86.0071   54.0647   101.641   46.8084   92.2168   80.0491   47.6356   69.9744   64.6807   
50.0899   77.1038   83.6301   37.5766   96.3016   21.9317   57.9396   33.4215   41.8808   45.1774   8.544   69.8713   75.1332   57.5587   0   80.0781   102.023   68.3917   99.2186   70.0638   60.602   51.4951   88.7386   109.642   74.2158   91.9973   79.3197   65.9559   68.7163   50.7343   43.6612   79.1774   79.8894   57.4862   61.31   65.3292   104.339   98.3718   46.3238   90.9739   80.6735   119.834   57.0116   38.0416   108.408   73.6174   81.622   90.8808   51.4138   93.8718   45.305   117.517   75.1378   113.406   92.6862   101.49   83.1202   53.4435   46.3059   37.4435   
14.3178   42.1545   38.2099   43.9318   60.4649   42.1545   47.8017   56.6127   24.0832   25.2389   58.5235   65.1153   40.8534   60.208   64.0781   0   54.1838   63.5119   44.8733   30.8306   61.7989   88.6453   73.8146   54.9908   36.5192   44.5941   53.1182   40.2615   41.601   46.6228   70   37.638   68.6236   52.0697   64.0297   65.2995   65.6739   35.525   58.1096   79.6396   64.7956   59.9348   40   87.4911   67.2644   78.0714   17.4142   36.2483   70.11   37.9026   68.1299   57.0874   50.6234   50.1359   74.7978   38.1359   22.6056   79.2851   63.4903   77.8952   
47.5079   78.7718   72.0139   78.7147   24.0416   66.9104   85.7963   62.9365   56.7979   41.4367   83.6002   103.276   16.2788   97.8008   86.0233   38.1838   0   55.577   37.4018   50.924   62.6953   101.528   108.782   81.054   42.8617   81.4526   43.2788   76.0379   79.7848   73.7587   103.381   48.7697   106.805   69.01   98.8352   98.8153   38.0357   49.1204   84.6855   114.995   101.175   70.5254   75.7062   101.573   97.8704   116.255   55.598   69.0833   103.3   66.0899   80.2284   80.055   83.4831   50.5254   111.415   57.5254   58.0512   114.859   80.4367   105.649   
43.2897   85.2877   84.1487   64.6607   43.1856   42.4264   80.4114   24   46.4866   25.4951   55.2268   98.0867   25.2982   88.5889   54.231   46.8722   40.7063   0   61.836   50.2652   33.0623   60.1774   107.145   98.1761   42.2029   91.4663   31.4222   71.8197   72.0527   47.9571   79.873   46.178   101.649   39.4131   86.1196   92.1532   62.3363   78.7083   60.6554   111.475   96.6088   103.624   65.4866   66.1557   110.258   102.367   64.2864   81.2806   82.0147   83.5134   37.0868   103.701   80.0984   83.624   111.845   84.317   69.2195   90.9667   50.6554   78.8999   
40.1622   68.0074   60.8276   71.5122   35.4401   63   76.6094   64.4127   50   38.3275   80.0062   93.723   23.7697   89.0449   83.4865   28.8444   11.4018   44.5982   0   51.3802   64.8303   101.734   101.74   69.2269   43.318   73.4385   45.4138   68.6921   70.4454   74.04   98.6025   47.6155   94.1561   67.0521   92.7902   91.2928   48.318   38.72   81.5763   103.275   91.7006   58.6982   68.6025   105.684   89.0071   106.916   46.2586   65.0927   95.9543   61.9487   76.6154   68.2278   74.0088   38.6982   100.651   46.1948   51.45   107.736   77.3275   101.739   
13.4536   53.1507   51.0098   43.909   53.7587   34.1321   53.4135   43.2782   21.9545   12.0416   51.1566   71.4003   32.0156   64.3506   55.3173   13.9284   34.9285   33.2415   29.1548   0   48.0161   75.4082   77.5059   64.9902   29.0623   58.5225   50.2488   41.9836   47.3019   35.587   69.6952   34.0416   72.5235   36.2036   65.7133   68.7574   63.2782   42.7849   50   81.8319   67.2782   70.937   40.9545   75.5051   78.5063   84.6049   28.4164   48.0644   68.2015   51.831   56.8004   66.8845   55.7771   61.9418   79.9242   52.0643   36.5339   79.0328   44.1204   72.8707   
39.0512   81   80.895   57.7062   50.636   34.7131   74.3303   17.4642   40.7922   21.095   47.1699   91.7606   31.257   81.8596   46.2385   44.9444   45.5412   8.06226   47.7074   31.0161   0   53.833   101.664   96.0063   49.099   89.5385   39.4845   67.5812   67.1507   42.0083   73.9241   44   96.5845   33.4642   80.4748   87.595   66.0114   73.801   56.0185   105.794   90.9276   98.7241   59.7922   61.2832   109.418   99.5097   59.4325   78.6166   79.4401   80.2365   36.2971   97.9006   77.0054   86.4056   106.151   75.4003   64.9394   82.1789   46.0185   73.4517   
61.7171   96.7729   101.213   60.0167   88   37.1618   80.604   21.3776   56.6039   49.4065   33.0606   94.1913   70.0357   82.0549   25.4951   73.5935   84.2021   45.1774   85.0882   61.4003   38.833   0   112.417   125.237   76.9016   107.775   74.2495   81.7723   87.3086   60.5206   68.1778   82.833   104.406   57.2046   86.8051   89.8457   101.582   104.051   60.9249   112.648   104.435   130.182   75.6039   34.3178   128.328   93.4833   87.6614   105.009   73.4929   106.028   48.4951   127.733   92.8171   119.115   114.896   108.228   93.2509   72   55.805   56   
50.6952   17.72   29.6142   36.4005   115.434   60.2993   15.8114   90   46.8722   67.72   65.192   15   95.0158   21.6333   73.736   55   92.957   93.145   82.7587   63.5059   87.6641   96.3172   0   67.2611   88.1132   45.1737   103.554   54.2753   58.4683   80.0218   63.6558   92.638   32.9443   87.8202   43.5262   38.4272   120.015   83.4759   71.3149   36.9284   36   83.3823   61.911   100.441   49.4006   49.2354   72.4142   63.3609   58.6558   65.4185   99.5285   68.1507   52.7308   90.6637   23   85.4599   68.9073   66.4149   82.0233   79.7738   
47.5079   33.541   21.587   64.622   84.7231   74.411   55.1453   93.4933   53.9073   62.2656   88.4816   65.9242   71.0282   68.0074   95.6033   37.1214   60.8276   83.1685   49.4975   50.9902   81.939   109.225   51.1957   0   69.9732   46.8332   89.5722   58.6542   64.0465   81.7083   96.5758   72.5428   71.0833   87.1938   79.5919   77.761   88.8131   49.6304   87.4802   76.8276   67.9258   31.088   67.6308   122.062   43.8395   95.3751   54.5356   46.2094   94.3438   38.2094   101.32   27   58.4969   54.5287   66.1843   43.3059   58.541   100.846   93.9311   107.719   
21.4009   60.8769   58.0775   51.0392   46.0977   38.2099   61.4003   41.2311   29.2062   13.0384   55.0818   79.404   24.0832   72.1388   58.2151   20.025   28.8617   27.2029   25.318   8.06226   26.6271   60.9016   71.5542   55.9732   0   64.6191   33.4391   47.8378   52.3593   43.6493   72.4888   19.099   80.5858   44.2659   72.2268   72   51.805   43   52.6394   89.7792   75.2256   76.152   48.2062   75.4003   84.0687   87.1095   36.105   53.0526   76.2638   57.9276   57.5106   73.648   61.8292   63.4166   87.9256   52.8281   42.6305   84.2309   52.0384   76.9486   
33.9559   13.4536   8.24621   42.5441   89.4427   56.6127   32.0156   80.6536   36.7151   51.6236   68.6222   44.2719   71.1688   45.0444   76.3806   30.5941   65.8635   76.0592   54.9181   43.0116   72.6911   93.2952   30.4138   23.1948   50.2494   0   83.1724   46.6464   43.6633   71.0893   73.6799   66.2434   47.7308   72.5235   56.6961   53.9026   93.268   55.3015   72.3162   56.94   42.074   54.2828   54.8365   103.843   40.4266   70.0882   46.2834   28.3693   71.448   33.2788   87.7679   43.1794   35.6011   69.2769   44   58.4683   42.1603   77.8466   76.7389   89.1303   
38.9102   79.3095   76.3217   65.7647   33.2415   47.4131   78.5493   36.8782   45   24.0416   62.6259   96.566   12   88.4081   63.3482   38.1182   26.4008   14.4222   30.4138   26.2488   19.4165   58.2495   89.5545   72.3671   18.4391   68.593   0   66.2769   70.5993   58.2278   83.7268   33.0294   98.3916   52.8807   87.3743   90.4183   51.3417   59.1545   63.8774   107.288   92.7348   89.112   62.6154   80.5779   102.508   105.549   54.5441   71.4917   91.7491   74.3093   51.509   92.0871   80.2683   69.112   106.173   71.2672   59.0122   100.988   63.0416   86.1517   
12.53   31.257   34   23.0217   79.2465   30.6105   27.6586   55.5428   10.7703   29.6142   43.8292   45.607   57.8014   39.2046   51.0882   21.5407   58.6003   55.109   50.1199   25.807   50.1597   67.2309   38.2753   44.6542   33.8378   26.0768   51.4296   0   26   41.055   52.9443   52.9369   48.9515   48.1321   37.7697   44.2389   84.1692   56.9581   42.7937   58.1608   43.2947   72.831   22.9443   74.208   58.7772   61.5933   38.8473   35.7231   57.1321   50.9258   63.2701   66.3249   31.0454   71.0122   61.2753   59.0122   44.1462   59.2455   50.7941   64.5824   
15.2315   28.2843   31.3847   23.0868   81.4678   33.0151   25.4558   58.4637   13.6015   32.5576   45.607   43.2782   60.2163   37.4433   53.0754   22.8254   60.4401   58.0517   51.6236   28.3019   53.1507   69.8355   35.4683   43.0465   36.3593   23.6008   54.1295   3   0   44.055   52.7351   54   51.9515   51.1321   39.8035   45.7065   86.8708   54.2616   45.7937   57.4081   46.2947   69.3724   25.9443   77.208   58.0476   64.5933   40.2396   38.7231   53.5254   39.9615   66.2578   59.7772   34.0454   67.1947   58.4683   55.1947   37.4094   57.2897   53.6253   67.4135   
19.2094   57.8705   60.1664   31.9061   68   13.1529   48.5077   28.8617   16.1245   12.3693   30.0167   65.7875   45.618   55.9017   33.7343   31.6228   53.7587   32.7567   50.04   21.587   26   42.5206   62.3939   66.7083   25.0799   52   35.2278   26.6833   29.6142   0   53.7778   44.1789   72.2802   29.544   59.8834   57.72   76.8849   64.3719   33.9284   82.1352   68.3661   88.2024   35.1245   54.9487   85.4606   73.7096   49.037   56.72   57.9599   63.5079   37.587   84.4819   52.3377   81.257   81.4832   69.4165   50   67.8916   32.6158   51.8916   
40.1123   54.4518   62.8013   14.2127   101.213   21.9317   33.121   50.5668   30.0666   45.1774   17.1172   44.4072   78.7718   32.1403   25.4951   54   85.3815   64.3506   79.6241   50.6952   56.6392   50   48.7545   78.2943   56.648   56.6039   68.5055   34.9285   35.7351   33.2866   0   75.7471   60.3553   54.8788   41.9706   46.4009   107.894   89.0068   44.8494   58.3847   56.9519   105.108   49.0666   52.5133   88.4927   47.1662   71.4142   70.6516   25   75.6966   60.2769   95.5124   54.3788   102.281   69.3223   90.9298   73.1445   32.8167   43.6985   36.4536   
25.4558   63.2456   59.5399   55.7584   41.7253   43.2897   65.2993   44.6542   33.8378   18   60.1332   83.2406   20.2485   76.3806   63.1269   21.3776   23.7697   28.178   20.6155   12.0416   29   64.846   74.793   55.5428   5.09902   51.9711   17.0294   37.6431   40   30.1496   61.6847   0   84.5651   41.4591   74.6657   77.099   49.241   45.6271   57.7384   93.8341   79.2805   71.0805   52.8378   80.4993   85.7933   92.2085   38.7918   55.6232   77.561   54.0128   61.3573   73.0446   66.1699   59.3137   91.9658   47.7567   43.9831   87.2357   55   82.0284   
45.2769   21.2132   33.0606   27.6586   111.521   52.0384   7.07107   82.0975   40.1622   61.4654   56.3028   13.6015   90.4434   14.5602   64.846   51.6236   89.8053   86.6487   80.1561   58.5235   80.7775   87.6641   8.94427   54.0833   66.5733   31.5753   84.119   32.7567   30.2324   55.109   39.8121   70.214   0   79.0798   33.6469   29.6868   116.916   81.2736   68.0408   25.2195   30.6569   85.1713   55.701   91.6988   57.4179   44.3705   69.0379   53.4708   49.9155   64.6946   89.2509   70.0803   47.7942   97.4271   31.9443   85.4271   67.6418   62.1959   71.1402   72.8394   
24.6982   65.3758   66.7608   40.3113   61.8466   18.868   57.0088   22.3607   24.0208   10.2956   34.2053   74.3303   39.8497   64.405   36.0139   34.7131   50.01   24.4131   48.0521   22.2036   17.4642   39.2046   70.7107   71.2811   22.8035   58.5235   28.6356   34.1321   37.1214   8.544   40.4599   27.4591   63.561   0   67.2316   66.264   74.6085   64.9885   38.1803   88.7805   75.8558   91.493   43.0208   56.6005   92.9093   81.846   50.62   65.264   61.6019   67.5854   35.2643   86.7703   60.234   80.0039   89.3795   69   52.2884   68.5412   28.1803   57.6066   
34.4093   34.0588   43.4166   8.06226   101.316   33.1361   12.6491   63.6396   26.1725   47.2017   36.7696   27.6586   79.2086   17.4929   45.31   45.31   81.8352   71.1196   73.7902   47.634   64.4748   68.0661   28.4605   61.131   55.2268   38.2753   71.0634   23.7697   22.8035   38.4838   20.8087   59.6657   19.6469   47.0106   0   29.099   105.978   77.0652   51.1496   42.0192   36.4801   92.1759   39.7588   72.1031   70.2634   39.0278   62.617   59.1228   35.9706   62.765   71.7958   78.0635   41.095   89.9982   51.4605   77.9982   60.2129   44.286   53.685   54.6485   
36.7967   30.2324   40.3113   13.1529   103.966   38.0526   7.61577   68.469   29.4109   50.774   41.7852   23.0868   82.0731   14.1421   50.3289   46.5296   83.8153   75.1532   75.2928   50.2096   68.7095   73.1642   23.4094   59.0339   58   35.9026   74.4043   25.2389   23.7065   42.72   25.5539   62.2415   14.5602   51.264   5.09902   0   108.434   77.9682   55.0571   39.7798   31.4467   88.8131   44.8579   77.1812   61.4342   39.7631   63.9438   52.2099   41.0696   60.243   75.8486   76.603   34.2237   90.9012   42.2312   78.9012   61.0106   43.2029   57.7379   56.833   
56.6392   91.3017   85.235   86.8389   10.8167   71.5122   96.2081   61.2046   65   46.5188   87.3613   114.022   13.3417   107.564   88.459   49.6488   14.0357   37.3363   25.318   43.2782   44.0114   82.4924   104.623   74.8131   35.805   78.721   25.1794   68.593   70.7672   58.6941   91.6788   31.241   100.767   53.1601   90.9065   93.4345   0   63.1561   86.848   124.024   109.158   84.0162   84   103.492   111.281   122.915   67.063   80.9191   108.644   80.1256   74.4231   89.5845   91.4661   64.0162   120.325   63.5077   65.1077   118.477   81.3405   110.251   
33.2415   51.6624   43.566   62.514   53.1601   60.4401   63.5059   70.0928   43.1045   39.6611   77.1298   79.6116   39.2046   76.5572   82.2192   19.0263   29.1204   54.7083   17.72   27.7849   55.4437   89.0505   67.4759   32.0624   29   38.2884   42.1545   39.6232   40.2616   48.8467   73.0068   26.6271   66.0379   49.93   63.0635   63.5689   42.9535   0   77.1359   88.8866   79.8309   43.6484   59.0263   102.847   68.2098   97.0977   36.4405   46.7253   89.0337   39.741   84.4199   46.4014   64.0052   30.2315   82.2884   20.3246   37.1172   97.5514   71.4624   96.9166   
26.9258   56.8595   61.8547   22.3607   81.8413   3   42.0119   33.541   18.6011   26.2488   17.4642   57.7062   59.5063   46.5725   23.3238   41.1096   67.4685   44.5982   63.0714   34   37.0135   39.9249   57.3149   72.4707   38.6394   54.2033   48.8774   28.3196   30.6105   13.9284   19.8494   43.7379   49.0408   20.6155   30.1496   35.0571   72.6154   59.6657   0   72.1689   65.8429   96.5542   37.6011   46.8904   87.0968   57.8634   58.5238   61.5079   44.8494   70.572   44.3516   90.3877   51.7151   89.8973   77.2883   78.3264   59.0114   52.6105   30.8102   41.7386   
54.3783   27.2947   39.3192   34   120.739   59.1354   14.8661   89.56   48.8467   70.2638   61.3922   5.09902   99.6243   13.6015   69.857   60.8112   98.9949   95.2733   89.2749   67.6757   89.1852   93.6483   10.0499   60.8276   75.7166   39.2173   93.1504   41.8808   39.4081   63.3246   44.3847   79.404   9.21954   71.8401   26.0192   21.095   109.986   74.8866   56.1427   0   32.8661   91.9156   64.8251   96.7883   56.4367   39.3344   76.2898   62.6903   57.7105   69.1202   96.9436   78.2006   46.5576   100.714   33.0499   89.4302   74.208   57.0595   78.8329   73.648   
39.8246   18.3848   29.6142   25.0799   105.891   48.3735   5.83095   78   35.171   56.3028   54.1295   19.2094   84.8764   18   62.6498   45.9674   84.1487   81.6088   74.5185   53   75.9276   84.6463   12   50.01   61.0574   27.074   78.7147   27.2947   24.6982   50.4876   38.2753   64.6375   5.65685   58.8558   17.4929   12.8062   95.1315   60.5392   45.3982   14.8661   0   81.098   50.239   88.0945   54.5894   47.5153   63.3816   55.4433   48.6754   59.4969   85.1108   66.0096   42.6918   88.5063   35   76.5063   62.1076   56.0092   67   69.6392   
55.7584   50.448   38.6005   78.1025   77.0065   83.863   71.0282   98.4124   63.9531   67.1789   99.2824   82.7647   67.4463   84.1487   105.679   42.638   54.3323   84.22   43.9318   55.1725   84.6286   116.181   68.1542   17.088   58.0086   39.1152   71.5891   56.3028   55.3624   74.2024   91.0934   56.0803   70.5762   77.1038   75.6637   74.1687   68.1836   29.5296   82.365   77.666   66.1891   0   79.247   127.351   55.6323   105.468   56.5206   55.4109   107.417   47.4109   109.57   29.2315   71.5894   39   83.0913   49.8542   57.2046   112.652   99.2929   117.765   
10.4403   39.8121   42.9418   21.0238   76.5768   21.9317   32.2025   46.8722   2   23.2594   36.2353   50.1199   54.4518   41.8688   43.0116   24   57.7062   48.3839   50.5964   23.0217   42.7551   58.3095   44.911   52.6308   30.4795   34.9857   46.6154   8.94427   11.7047   18.1108   30   35   38.2753   26.0192   24.7588   27.8029   66.2193   43.0116   19.8494   47.0106   33.2415   63.0714   0   66.7399   67.7215   62.8273   41.4142   44.6674   52.4138   51.6662   54.6563   71.4819   33.2354   73.2432   67.3587   61.8409   44.1725   57.2475   42.0238   55.8121   
57.2014   87.818   93.6002   49.0408   94.8947   29.6985   69.5701   28.4605   50.2096   48.7032   20.3961   81.8841   75.0067   69.5845   12.0416   70.4911   87.5728   51.788   86.5852   60.0083   44.2832   14.3178   85.3815   104.062   61.4003   86.0523   63.0079   60.208   62.482   38.9487   37.4833   65.9697   76.5376   38.6005   56.921   61.9839   88.0909   87.6641   31.8904   81.7863   74.0945   112.894   51.6236   0   118.985   80.0703   87.8309   93.3983   58.4264   102.444   47.0689   122.259   83.6056   117.896   104.15   107.525   88.9487   65.2956   48.3847   49.2956   
53.3667   17.2047   11.1803   57.28   105.342   74.793   41.1825   99.93   55.5428   71.0211   85.276   46.2709   88.6454   51.8652   93.4077   49.0408   81.3449   95.2575   70.0071   62.0725   92.0706   111.826   31.4006   24.8395   69.0072   19.4165   87.1436   44.7772   42.0476   71.1688   71.4493   70.2567   37.3363   77.8845   51.225   47.4342   94.8683   52.3927   72.2011   41.4367   35.3553   41.3401   53.7122   103.73   0   78.2231   65.6998   47.7858   82.1175   52.6953   107.179   47.4008   50.5106   70.6717   44.0179   63.8853   61.5767   90.6371   94.9223   103.866   
52.4309   42.72   54.1295   22.8035   119.206   46.6154   19.105   76.844   43.9318   64.4438   44.0114   19.2354   97   7.81025   52.0384   63.0714   99.8599   87.367   91.7061   65.6049   80.2621   77.0584   29.4109   74.2428   73.1095   51.0882   88.459   41.5933   40.3113   54.6443   27.1662   77.6209   21.9317   62.9682   18.0278   16.7631   108.853   80.3243   43.8634   21.2603   24.5153   90   42.638   64.0703   59.2368   0   78.405   68.973   48.2036   77.006   86.5371   90.5249   50.9868   107.506   52.4109   95.5059   77.7207   42.8403   68.4263   56.4833   
15.1327   43.4626   39.3192   45.1221   59.0762   42.72   49.2037   56.4004   25.02   25   59.203   66.5282   39.5601   61.5873   64.622   1.41421   36.7696   46.0977   27.4591   13.4164   44.3847   73.6614   56.4004   37.5766   19.105   31.7805   37.054   22.8473   24.1868   31.9061   55.0091   20.2237   53.0377   34.6554   46.6154   47.8853   48.2597   18.1108   41.7612   62.2254   47.3814   42.5206   25.02   70.8308   50.0899   64.405   0   35.9345   70.9249   33.4165   63.679   54.605   48.141   48.3423   75.3409   38.4353   20.1231   80.6993   54.4462   78.8321   
23.7065   24.6982   20.025   41   77.4145   49.5177   36.6879   70.6824   29   40.5216   63.5138   51.9711   58.8218   50   70.6045   18.2483   54.0833   64.2806   43.4166   31.0644   61.3922   85   39.6989   25   38.0526   12.3693   56.3205   19.7231   18.3848   42.72   54.0833   39.6232   38.4708   48.3322   39.0128   38.2099   66.6483   27.8029   47.5079   47.1699   33.1059   37.108   27.6586   79.2086   31.0161   54.7449   19.4165   0   71.9101   32   77.5186   46.6271   45.0278   58.0344   54.3609   48.1274   31.8114   75.6745   67.2037   82.8121   
40.7922   50.9902   59.9083   11.7047   103.774   25.807   28.8444   55.1543   30.8058   47.7074   22.0907   39.4588   81.3019   27.1662   30.4138   54.231   87.0919   68.0147   80.7775   52.2015   60.4401   55   44.2945   76.3217   58.6003   54.1202   71.4003   34.1321   34.5254   36.2353   5   63.561   35.3553   43.8406   16.9706   21.4009   94.0213   73.1095   23.4307   39.5601   34.2053   89.7385   30.4138   42.4264   68.1175   22.2036   55.3263   52.6308   0   74.4869   65.2769   94.25   51.8708   101.72   63.6321   89.72   71.0357   33.0554   48.6985   31.4929   
28.3196   29.6985   21.9317   48.8365   73.9256   55.6058   44.3847   74.4312   35.2278   43.382   70.3278   59.0339   56.8859   57.7235   77.1038   18.6815   50.0899   65.5134   38.9487   32.573   63.5689   90.0278   46.0435   19.2094   38.4708   16.2788   56.0357   26.9258   25.9615   47.5079   61.6847   39.0128   45.6946   52.1536   47.0106   46.1736   63.3246   22.0227   53.8238   54.1202   40.4969   29.4109   34.1321   85.1469   31.7805   62.6498   19.4165   8   60.4152   0   81.4166   35.5183   43.0192   47.0832   60.2788   39.4165   33.2971   83.2512   73.8627   89.0399   
39.8121   79.4292   81.5966   49.4773   65.9242   24.3516   68.3593   7.28011   37.6563   24.7588   33.3017   84.7231   46.0109   73.7631   31.305   49.8197   59.2284   23.0868   59.6154   36.7696   15.2971   25.4951   83.0241   86.5332   35.5106   73.3894   34.0147   48.2701   51.1957   21.587   45.2769   39.3573   75.2396   15.2643   57.0701   61.8142   59.0339   64.0312   27.2029   82.8734   71.0282   91.9348   39.6232   29.0689   92.6553   70.9366   49.679   63.5059   49.6488   67.4166   0   102.035   72.8586   94.2628   103.015   83.5807   67.5527   73.1856   39.1108   57.1856   
48.8365   35.5106   23.5372   66.4831   84.3445   75.9276   57.1402   94.578   55.4437   63.2851   90.1388   67.897   71.1126   70.0071   97.2008   38.0789   60.531   83.8153   49.2544   51.8845   82.7647   110.535   53.1507   2   56.648   25.1794   72.7805   46.3249   44.7772   68.0147   80.1124   56.0446   56.0803   72.4224   63.0635   61   74.5453   32   74.027   62.8013   52.0096   15.2315   54.2033   105.551   26.4008   76.2365   38.4708   26.6271   78.1857   20.5183   87.6584   0   57.3792   53.5296   68.1539   45.3059   53.8153   102.067   92.9169   109.256   
23.0868   20.6155   25.4951   24.1661   88.2383   39.3573   19.7231   66.0984   21.2132   40.6079   50.2096   36.7967   67.4166   32.6956   58.1378   28.3196   66.4831   66.0984   57.0088   35.7771   61.2046   76.4853   27.7308   40.4969   43.8292   18.6011   61.8466   11.0454   8.06226   37.3363   38.0789   47.1699   23.3452   45.0444   21.095   20.2237   77.4661   43.8634   36.7151   32.5576   17.6918   54.5894   19.2354   68.2422   35.5106   36.8782   29.7321   18.0278   35.8469   26.0192   58.8558   42.3792   0   69.6807   50.3645   57.6807   45.4717   60.3898   61.237   67.3398   
48.0521   58.5235   48.2701   76.0263   57.0088   75.5844   74.3303   84.6463   57.7062   54.7083   92.1792   89.0505   48.4665   87.6413   97.4064   33.7343   34.5254   67.624   24.6982   42.9418   69.2965   104.01   75.6637   30.5287   43.4166   45.2769   54.0833   53.0094   53.1507   64.0781   87.2812   40.3113   75.7694   65   75.6637   75.505   48.2597   15.2315   74.7262   84.0952   70.5762   20   57.4282   102.883   54.6717   92.1954   32.9848   37.6431   87.023   30.0832   78.8162   29.5296   55.3173   0   89.2769   30   51.257   110.44   86.6939   111.518   
53.4509   16.6433   27.8568   41.1096   117.047   64.6297   20.6155   94.0479   50.3587   70.8308   70.0071   18.4391   97.0618   26.4008   78.5493   56.6039   94.2019   96.3172   83.7377   65.9242   91.0824   100.896   5   49.3356   73.9256   30   92.1141   41.2311   38.3275   66.1211   53.6656   76.922   13.8924   74.3303   33.2415   28.2312   106.231   67.897   61.6604   13.9284   16.2788   66.4078   48.3735   90.1388   28.0179   34.2053   57.9828   40.3609   49.2443   46.0977   87.0057   51.2445   30.3645   75.1665   0   84.6814   70.2178   67.4135   83.2788   80.7371   
36.4005   48.9183   39.8246   64.0312   58.4637   64.2573   62.9682   75.6637   45.8912   44.8219   80.6536   78.2943   45.3982   76.2168   86.1626   22.1359   34.5254   60.9016   23.1948   32.8024   61.4003   94.2019   65.4599   26.3059   34.8281   35.4683   48.4665   41.0122   41.1947   53.2353   75.326   32.7567   64.846   55   63.7887   63.7887   48.5077   6.32456   63.2456   73.4302   59.5063   23.3238   45.5412   92.1792   47.8853   80.5233   21.5407   26.4008   75.0267   19.4165   69.4262   26.0768   43.6807   12   65.437   0   34.4165   98.4844   75.9868   99.7032   
17.088   40.2492   35.5106   45.3982   61.9112   45.1885   47.7074   60.2163   26.4764   28.8444   61.3514   64.6607   43.0116   60.4152   67.1193   3.60555   39.0512   50.2195   29.0689   17.4642   48.4665   77.1038   53.9073   33.541   23.1948   28.1603   41.0122   22.561   23.4094   35   56.0803   24.0832   51.0882   38.2884   46.1736   47.0106   51.1077   17.1172   44.0114   60.208   45.4533   39.2046   26.1725   73.7835   46.1736   63.6946   4.12311   15.8114   56.0357   15.2971   53.4135   34.4819   28.0179   31.257   55.2178   19.4165   0   80.6991   58.5693   80.2885   
49.8197   57.4282   67.1193   20.2237   112.004   32.5576   33.9706   60.0333   39.8121   55.9464   24.0416   40.8534   89.5545   28.6356   31.257   63.2851   95.8593   74.9667   89.7385   61.0328   67.1789   56.7186   48.4149   84.4334   67.2309   61.8466   79.3221   43.0465   43.2897   44.1022   10.8167   72.2357   39.6989   51.225   23.7065   27.2029   102.421   82.1523   30.6105   42.0595   39.6989   98.27   39.4588   43.1045   74.6324   21.8403   64.3817   61.1882   9.05539   69.0507   55.2178   86.3308   43.9659   96.0052   53.4135   84.006   65.0692   0   54.5151   40.5482   
26.1725   62.3618   65.7419   31.6228   73.0068   7.81025   50.2494   25   21.0238   19   23.3452   66.7083   50.9215   55.9732   26.3059   39.1152   60.2993   34.6554   57.2189   29.1204   27.0185   35.805   65   73.5935   32.0156   57.7062   39.8121   31.7805   34.5398   7.61577   29.6985   37   57.1402   11.1803   39.0512   43.7379   64.195   56.4624   10   64.7765   53   81.6088   22.8473   31.3847   76.5572   53.6656   39.4462   49.2037   33.4215   54.4518   18.1108   74.9667   41.7612   71.6938   69.0652   60.8276   42.4382   40.3609   0   46.5489   
49.4975   67.897   76.0592   27.5862   104.924   24.7386   46.3249   46.8615   39.8121   50.2195   9.89949   56.0446   82.8734   43.6807   15.5242   63.7887   91.5915   64.8999   87.2067   58.0775   56.8595   41   61.7738   90.824   62.8013   69.6348   71.6938   46.6154   47.8539   37.855   13.4536   67.897   52.8394   43.0813   34.2053   38.833   96.1353   82.7345   24.1868   56.648   51.614   102.883   40.2616   27.1662   84.8646   37.4833   64.6297   66.2118   17.4929   73.5391   43.1856   92.5905   51.0392   97.4936   66.7308   85.703   66.2873   16   31.9531   0   
