15
60
999999 8 7 10 12 13 10 7 5 6 12 16 10 14 16 14 16 7 16 15 17 7 11 12 10 16 7 5 13 15 10 10 8 16 6 15 16 5 6 14 17 16 15 8 12 6 14 9 5 13 13 9 7 14 9 5 5 5 8 8 
0 3 6 3 11 11 3 1 2 2 9 9 5 4 13 4 11 1 2 14 1 2 2 7 8 11 3 2 10 5 7 1 6 13 2 11 6 1 1 4 5 15 7 3 3 3 1 1 3 1 2 5 1 4 1 3 2 1 5 5 
20
0   0   0   0   0   0   0   0   0   0   0   0   0   0   0   0   0   0   0   0   
-6   6   -4   5   -3   5   -5   7   -4   3   -3   2   -7   4   -3   3   -5   3   -3   7   
-3   4   -4   1   -4   3   -1   5   -3   6   -7   7   -5   1   -4   5   -1   2   -3   1   
-9   5   0   6   -4   8   -6   5   -5   4   -10   7   -5   2   -5   5   -9   4   -8   1   
12   4   8   2   9   -3   4   -10   5   -5   12   -9   1   -2   9   -12   10   -8   0   -6   
-6   3   -5   7   -8   5   -10   7   -6   -1   -1   1   -9   5   -3   6   -8   7   -4   10   
6   -1   3   0   0   -1   -3   -6   3   -1   -1   0   2   -3   0   0   -1   0   9   -5   
0   4   -2   3   -2   3   0   4   -3   0   0   1   -4   2   -3   2   -5   6   -4   3   
-3   2   -4   2   -1   1   -2   2   -4   3   -2   3   -5   2   -4   2   -2   1   -2   2   
2   -5   1   0   3   -2   3   -2   1   -6   0   -2   1   -6   4   -3   3   -4   6   -1   
-8   3   -4   3   -2   9   -8   2   -10   6   -7   2   -10   5   -8   6   -3   5   -9   10   
0   -6   2   -8   8   2   6   -9   0   -7   -3   -14   6   -12   -2   -3   1   -4   11   -10   
-5   4   -8   0   -9   5   -2   6   -3   0   1   5   0   0   -2   5   -7   3   -1   3   
11   -12   0   -2   14   -5   9   -9   9   -13   1   -5   11   -8   4   -7   8   -9   7   -3   
2   -2   5   -2   -2   1   0   6   -7   -6   -8   0   2   3   -1   -7   -5   3   -6   3   
14   -3   6   -3   3   -4   10   -7   8   -8   14   -5   2   -5   6   -10   12   -6   8   -6   
-14   6   -3   11   -11   12   1   15   -9   -1   -6   3   -10   8   -11   10   -5   9   -3   9   
-2   1   0   3   -7   1   -1   1   -3   4   -1   2   -2   4   -7   2   -3   0   0   4   
-5   15   -1   12   -5   1   -12   6   0   4   -6   13   -1   12   -8   7   -8   9   -15   4   
-4   9   -13   11   -3   10   -6   9   -5   1   -11   10   -13   14   -4   5   -13   4   -5   5   
2   -5   -1   3   14   0   0   9   3   -2   1   9   -2   -3   2   2   0   4   6   4   
-2   2   1   0   -1   -1   -1   -1   1   0   -1   0   -5   0   0   2   0   -1   0   2   
6   -11   10   -8   5   -9   8   -10   11   -10   4   -10   11   -7   7   -7   9   -9   3   -10   
-1   -7   -3   1   -4   -5   0   -4   -1   3   -3   -6   2   -1   -2   3   -3   -2   -5   0   
-3   4   -8   6   -6   0   -7   8   -3   7   -8   3   0   0   -3   6   -2   8   -4   10   
4   -9   5   -3   1   -10   6   0   9   -2   6   -12   4   -10   5   -11   -2   0   5   -12   
-3   1   0   0   -5   2   -1   2   -1   1   -2   6   -1   3   -5   4   1   2   -3   2   
0   -3   3   -2   2   -1   0   -1   2   -2   1   -3   2   -3   0   -1   2   -3   3   -2   
7   0   4   -10   9   -5   7   -1   -12   -9   6   -2   7   -11   0   -6   7   -2   3   -9   
-2   3   -1   9   -7   8   -10   13   -15   5   -14   10   -11   4   -6   13   -10   13   -2   8   
7   -8   8   -5   0   -3   8   -8   3   -6   4   -5   3   -3   7   -7   5   -5   2   -9   
0   -3   0   0   0   -2   -5   -2   2   0   -6   -2   2   0   -4   2   4   -4   -3   0   
0   -1   -2   0   -2   0   -4   2   -1   -1   -2   0   1   2   0   -1   -1   -1   1   0   
-1   -4   1   -14   14   -1   5   -11   10   -6   9   -11   3   -12   9   1   4   -6   1   0   
-1   1   -4   4   1   4   0   4   -1   3   -2   1   -1   1   -2   3   -1   2   -1   2   
3   -15   10   -2   12   -6   1   -12   9   -6   12   -15   6   -6   11   -14   5   -15   9   -12   
-15   5   -5   13   -3   4   -10   8   -11   11   -10   6   0   5   1   3   -7   10   -4   9   
-4   2   -1   1   -5   2   -4   4   -2   3   -2   2   -3   2   -4   4   -2   2   -1   4   
0   -2   -1   -1   -5   2   0   2   1   0   0   0   0   1   2   -1   2   2   -2   0   
-10   8   -7   9   -1   11   -10   -3   -8   1   -6   10   -6   13   -2   11   -9   7   -8   5   
-1   -5   -2   -2   -7   0   -3   0   -1   6   1   3   -11   6   -5   1   -2   9   -13   -2   
-15   8   0   -2   -11   8   -9   7   -5   -1   -14   -2   2   8   0   0   -10   12   -2   4   
-5   -3   -7   4   -1   -6   1   -7   -8   5   -2   1   4   -4   0   1   0   -9   1   2   
2   -2   -3   1   4   0   -3   -3   -1   3   2   1   0   2   -1   -7   1   -2   0   3   
-5   0   5   0   -2   0   -3   -3   0   0   -6   -1   0   5   -7   -1   0   -6   -4   1   
0   0   -1   0   0   1   -1   1   0   2   -2   0   0   0   0   5   -5   0   -2   1   
-11   4   -10   5   -10   2   -9   7   -2   -2   -11   3   1   6   -6   8   -1   8   -4   3   
2   0   4   -4   1   6   -2   -3   -1   0   -1   -3   0   0   -1   -6   4   1   2   7   
-2   2   -3   1   -4   3   -4   1   -3   4   -3   2   -3   3   -2   2   -2   3   -2   3   
-9   6   -6   3   0   -1   -5   2   -7   3   -1   9   -1   -2   5   0   -4   5   -3   1   
9   -8   6   -13   9   -4   6   -3   11   -7   12   -11   12   -11   2   -8   9   -5   9   -3   
-2   3   -4   6   1   4   -2   4   -4   4   -1   0   -9   -5   -6   2   -6   6   -1   4   
1   -1   0   0   3   -1   1   0   4   0   -1   -2   0   0   0   0   0   -4   0   1   
-12   -3   -3   12   -3   1   -10   9   -5   9   -13   0   0   4   -2   6   -6   0   -11   5   
-5   3   -5   7   -4   5   -3   6   -9   9   -5   6   -1   8   -4   8   -3   5   -4   6   
-3   0   0   0   -2   0   0   1   -2   0   -1   0   -1   1   -1   0   0   1   0   0   
-3   3   -2   5   -5   3   -2   4   -2   3   -1   3   -4   2   -2   3   -4   2   -2   1   
0   0   0   0   -1   1   0   0   0   0   -1   0   -1   0   -2   2   -2   0   0   3   
-2   2   -2   7   -4   5   -4   3   -7   4   -1   2   -4   1   -2   2   -5   4   -5   3   
-6   3   -2   5   -4   1   -4   2   -5   3   0   3   0   4   -3   3   -4   5   -3   5   
0   78.5672   55.5601   60.1774   56.1825   72.7963   66.0106   65.2046   57.45   52.6742   73.4026   73.5244   69.1045   43.2627   65.4172   73.2103   79.5144   67.3505   70.0751   38.6918   68.6972   71.0467   56.9102   66.4994   75.4855   56.6264   53.6931   54.6005   33.7047   52.4197   78.8151   61.8044   55.1825   47.1896   51.3593   55.2353   65.9149   66.6542   61.72   48.45   63.0277   64.0106   36.4403   48.8855   71.2033   45.9422   37.1245   64.927   44   26   70.0208   74.8197   54.108   48.5136   51.0832   54.8617   76.8014   59.1774   67.5725   76.3028   
62.3699   0   114.404   79.4293   116.657   29.544   31.4924   89.8234   77.3155   98.0416   128.46   130.975   115.25   89.6126   81.1987   129.048   102.083   125.438   29.2956   82.1847   40.2483   108.484   115.358   47.0666   127.282   101.469   55.8751   73.983   67.4582   79.1779   141.185   86.7883   117.435   60.3019   95.3742   95.9366   32.7883   98.0432   75.6337   79.669   44.074   34.4391   88.111   47.6816   102.159   61.6431   90.3542   79.0777   91.4145   81.2013   85.422   105.026   112.617   92.026   63.6005   68.6236   113.193   64.0444   49.0689   137.406   
39.5601   100.404   0   94.3279   20.3246   112.054   101.964   64.8652   90.1249   45.6234   41.3181   57.5463   32.4929   57.1123   79.2334   40.1105   103.377   51.7644   106.139   70.5905   104.626   86.0593   46.2902   93.6622   41.9258   42.0179   80.8559   74.2451   67.264   67.541   47.0828   64.7647   22.0828   76.9026   50.541   75.5395   97.8413   83.1287   76.4152   81.1249   102.588   103.571   48.3019   88.4456   94.9503   85.5023   55.1454   96.1542   47.0832   64.4708   95.7718   67.3385   57.609   65.5395   87.9112   91.3758   68.8197   98.7375   107.133   42.7231   
45.1774   62.3939   77.3175   0   89.3338   80.0077   78.2812   103.329   27   97.8413   89.1865   87.3503   103.417   51.2156   101.966   90.9424   44.3585   81.622   74.4421   45.1531   85.0339   49.7915   72.6941   87.6967   90.4399   100.003   84.1393   91.2334   54.2884   91.5831   108.962   101.467   92.3734   77.2269   96.5367   46.5463   75.1083   45.1231   96.9197   29.3417   51.3553   78.0339   77.1796   58.0789   38.0868   56.1214   78.444   29.4721   84.7393   66.7393   25.1231   111.957   69.9919   49.4006   69.793   45.4391   121.979   37.72   55.3766   110.573   
40.3113   102.201   6.32456   75.0067   0   111.91   101.703   70.7315   86.0322   51.1248   34.2354   50.7771   38.2594   54.1152   83.6804   32   96.9132   44.6816   107.268   63.5077   104.51   77.0714   39.2074   97.0278   35.8806   48.3424   84.5581   77.2415   67.7731   66.0784   40   69.1295   15   74.0145   55.2046   67.3667   98.8689   82.5434   80.8638   77.0322   103.339   99.703   45.4138   89.1968   91.108   86.2535   50.8471   99.1003   42.7849   64   94.1643   73.6631   48.5287   63.4072   79.6003   86.3273   75.1442   98.5843   107.884   30.2788   
58.7963   8.544   95.6033   65.0077   97.8366   0   24.6301   83.6108   78.8357   91.8158   129.765   130.106   111.258   90.0049   77.1548   129.454   103.603   125.828   27.0623   82.0901   36   109.62   115.706   43.0227   128.74   95.4211   51.2415   76.2113   69.1993   71.5674   137.611   82.9531   112.837   57.3113   90.3303   96.4858   41.2127   99.3224   72.0882   80.2182   45.5941   37.2066   86.1413   52.1204   103.094   54.7771   79.0703   83.1981   94.2732   78   90.029   93.1783   111.749   91.1577   54.7131   69.1728   107.475   70.3735   57.6129   128.115   
48.2701   16.4924   85   58.6941   87.2067   10.6301   0   72.0357   71.3657   81.4599   114.082   117.566   99.1925   75.9333   62.8722   114.595   96.0366   110.566   25.0554   68.811   23   100.291   101.44   29.4164   113.005   84.9493   38.0907   56   53.5899   62.0977   127.036   69.1507   102.207   44.178   78.6418   86.0357   20.1231   90.108   57.1947   71.0364   44.0179   16   71.8507   37   96.7809   51.427   73.8302   73.3577   78.5873   62.3814   79.7019   89.0322   101.322   80.7308   42.2074   70.1022   96.026   58.3244   54.6531   117.485   
44.2041   74.2428   50.01   87.3212   55.5788   66.6108   58.0345   0   97.3692   35.9249   89.8142   101.584   59.9487   76.5285   34.8661   87.5788   121.558   94.5855   79.0161   77.4277   71.7697   111.788   84.7799   60.8062   90.4863   45.8473   48   38.1245   64.0698   28.6015   95.5788   28.6056   70.5788   50.8938   39.4924   97.573   76.0351   103.814   40.1555   92.654   93.1749   74.0345   54.0377   79.0328   115.407   76.4581   46.9666   109.131   45.5753   61.2046   112.406   22.6569   97.2462   90.8308   67.2385   90.2026   36   101.884   97.5844   85.8576   
40.2492   60.0167   73.1095   5   71.0282   62.0725   55.2268   82.3286   0   92.9235   86.1249   83.1089   102.432   51.0208   97.163   89.7673   47.2029   78.1691   71.5553   42.8114   78.2268   50.3948   71.6739   80.7795   85.597   94.7909   75.4179   86.3464   51.8499   87.2072   105.772   97.2063   86.0282   69.5989   91.6085   44.2047   67.3951   39.9545   92.4179   27   51.6433   71.2268   73.3747   50.3657   39.1794   51.2484   74.356   23.0623   81.821   64.4952   30.1231   104.985   64.7515   44.1603   56.1825   31.6015   113.637   33.6433   51.3209   101.012   
36.6742   83.8153   30.2655   81.8413   36.0555   77.2528   67.3573   19.9249   76.922   0   69.3602   85.9019   38.0068   65.0832   52.0194   68.0555   113.622   79.8064   87.7974   69.6531   85.0217   100.405   71.4509   73.0495   71.0054   21.6056   62.2832   44.4138   62.607   38.6056   73.8218   37.258   50.1248   56.9609   21.6056   85.5982   79.2534   94.7401   56.1918   85.1242   96.0256   83.3573   41   82   105.527   80.1427   47.6155   99.9843   42.9706   58.311   106.695   37.0868   81.2713   76.397   74.0408   91.192   47.0217   95.8517   104.247   66.3343   
51.0882   113.137   25.318   75.1864   19.105   109.877   99.3579   74.2428   72.1249   55   0   33.3848   57.3644   58.19   102.448   24.2361   94.1528   35.3178   120.576   68.893   118.83   73.2968   32.4924   110.335   28.1623   67.3358   98.1675   94.7769   80.5224   84.8939   39.0278   87.6869   34.105   87.3221   72.0345   71.4876   112.322   79.0345   97.7103   84.6636   114.116   114.039   58.7214   99.9737   83.1211   97.0304   69.9521   95.1871   61.8899   75.4309   92.3127   92.0868   46.1868   64.9659   98.7053   90.884   94.1332   101.493   112.193   34.1245   
55.7136   114.621   41.6293   67.5352   35.3412   112.681   102.577   87.2812   65.5134   69.2315   18.3848   0   73.6006   62.8887   114.417   35.0057   79.8041   29   121.394   66.448   124.411   62.2966   42.2627   117.721   29.6205   83.6472   106.101   105.454   85.1378   95.4042   54.2415   103.225   50.3412   94.6994   90.4192   66.7224   119.233   65.4342   109.36   73.0086   108.22   118.577   69.4603   104.599   68.7587   97.1038   76.2993   88.5756   75.0089   78.5235   87.7083   106.318   40.4165   61.9487   98.7147   91.7951   110.449   99.1567   106.22   52.2053   
46.0109   101.237   17.4929   88.7694   23.7065   95.2575   85   38.9487   84.1724   19.8494   42.0595   59.0339   0   66.2015   68.5978   55.7065   115.623   68.3882   106.248   73.6657   101.738   100.778   62.914   90.3731   59.4187   37.4012   77.9682   64.2632   71.1794   53.6989   56.8645   53.833   38.7065   71.195   41.455   86.2699   97.8479   95.6864   67.4976   91.2832   105.933   97.1925   47   92.546   105.427   83.9007   47.2416   107.235   39.1794   67.1045   108.286   56.9362   72.2352   76.2699   88.2884   93.4312   60   105.188   113.583   47.0156   
17.2627   72.8011   40.1123   37.2156   38.1182   70.8308   60.8276   60.0333   33.0151   48.8365   42.19   41.8808   52.2015   0   82.6798   61.1555   63.9806   53.3476   78.4678   29.8489   80.3099   51.3297   42.9072   78.3563   57.2244   66.8197   70.9558   71.8632   40.4722   69.6824   78.1182   71.8243   53.1182   61.0122   65.5177   35.5183   70.8243   43.7321   78.9827   46.0208   67.0392   76.358   47.0832   57.2782   58.6989   51.2278   51.2324   56.0774   48.8904   43.2627   61.8323   82.6902   48.4722   29.8167   53.3363   46.9258   91.4493   64.9659   65.0392   68.3971   
49.0408   64.195   63.2456   87.9659   68.4105   56.0357   48.8365   14.8661   83.0963   34   86.4928   98.0459   53.535   66.0984   0   100.411   125.914   105.707   70.268   83.8525   60.0435   117.249   95.399   48.1321   103.473   55.6056   45.9959   28.8167   69.6371   35.0263   107.487   37.7648   83.4105   49.4163   49.4138   101.617   66.9953   109.022   26.0711   96.9212   87.7711   62.8722   59.1774   74.4109   120.244   68.4977   57.1182   105.679   60.4414   63.2719   106.679   37.5229   100.389   92.5506   59.2782   93.527   49.0161   101.649   87.7107   97.6378   
51.6624   113.864   24.0832   76.9025   18   110.454   99.905   73.437   73.7631   54.037   2.23607   20.5183   40.5216   43.4166   85.9069   0   95.9086   34.5655   118.168   70.6488   118.019   75.0527   34.2483   111.268   23.3852   66.101   99.6479   95.2415   78.2896   84.0784   38.1245   87.1295   33   88.2462   73.2046   72.607   110.26   81.0915   98.8638   79.146   110.456   112.765   60.9574   100.548   85.1836   94.5768   68.8471   96.8254   60.7849   70.8015   94.5487   91.1238   47.0768   62.607   89.743   90.3424   87.8241   103.729   108.456   31.8924   
62.2254   85.0529   86.3771   23.3452   82.5651   88.1419   82.0366   106.217   27.2029   97.6166   77.1622   64.4981   100.623   49.0918   108.724   79.2275   0   80.2512   95.0954   64.5431   105.037   38.2036   79.296   107.982   91.108   115.911   101.235   113.549   77.6336   113.255   113.308   120.728   97.5651   96.4458   113.585   46.6824   94.598   37.2485   118.789   52.6869   72.0086   98.0366   96.1749   77.5686   35.0454   78.4513   99.3499   44   97.9822   88.2254   40.2354   128.874   77.6004   66.3573   83.0294   58.8044   133.754   60.8463   74.0089   106.924   
49.2443   109.018   35.3553   64.622   29.1548   106.78   96.566   80.3057   62.1691   62.3699   14.3178   7   52.8394   36.2353   91.0494   16.5529   64.0078   0   114.703   60.3575   116.545   58.0476   36.4403   109.694   30.1803   77.3732   98.4382   97.4921   72.9828   86.5474   53.3456   92.165   44.1548   87.0548   78.9384   55.5186   107.06   63.2274   101.089   69.4619   102.452   111.511   65.5296   93.5135   70.0377   86.9015   69.3385   84.8724   63.0102   65.8652   80.4084   99.4567   29.2127   53.6699   89.5717   83.1612   100.119   95.8124   100.452   45.4138   
52.345   10.2956   90.1388   57.0351   92.0054   8.06226   7.07107   65.0077   54.037   73.7631   103.276   105.394   91   63.5138   55.9017   103.947   80.2247   99.6243   0   74.8982   30.0711   100.528   105.879   36.4875   118.01   91.201   45.1618   63.0711   57.8688   69.1688   131.16   76.2218   107.005   51.2491   85.7129   88.4605   27.1942   91.2971   64.2657   72.1928   40.0868   23.0711   78.9217   44.0711   93.2164   53.3019   74.0593   69.6412   84.1193   69.4525   75.9854   83.0652   106.038   85.4471   49.2785   61.1475   101.008   54.6079   39   122.284   
17.6918   64.3506   49.0102   29.1204   47.5184   63.0714   53.4883   61.8466   24.5153   53.535   51.9711   50.448   59.6657   9.84886   65.7419   53.2353   44.5533   45.2548   55.4707   0   73.4811   52.735   52.7561   72.8883   63.93   70.0727   64.2567   71.0364   34.0294   69.8262   87.5184   79.4766   62.5184   52.855   69.0511   39.6469   63.4489   42.2947   79.4118   41.8114   62.638   67.0229   50.6531   50.2573   51.6197   41.313   54.8163   47.5776   55.1214   43.6716   54.2435   84.5034   56.1448   37.3417   53.257   39.088   94.4932   58.1586   64.4005   77.7972   
52.6972   18.2483   87.8635   65.9242   90.5097   10   7.28011   56.7186   62.3939   68.0294   103.6   107.782   86.4523   66.3099   46.0435   104.019   89.2693   101.597   12.0416   59.4811   0   105.269   105.503   32.0416   116.65   88.5891   41.7697   63.2801   57.935   66.1041   130.51   68.1295   105.51   51.4581   83   93.0789   27.4032   97.3881   64.1096   78.3165   51.298   23.2801   76.6653   44.2801   101.573   51.5576   74.6917   78.7611   82.629   66.225   86.982   79.3755   102.575   87.6222   43.0689   69.0098   92.5381   65.6045   50.7771   120.788   
51.8941   91.4822   67.6018   31.6228   63.0714   92.5743   84.4808   95.5249   32.2025   83.6301   55.5788   42.2966   83.2346   35.5106   100.846   57.7062   22.2036   42.0476   84.5281   35.4401   91.2688   0   57.8044   104.584   71.9171   102.33   99.6968   105.25   69.308   99.8393   93.3348   107.335   78.0714   88.2951   100.983   32.8114   95.1444   32.4403   109.34   52.4146   82.192   98.7184   81.4054   80.6396   26.7047   73.0085   80.7343   55.2647   84.401   77.8941   54.0689   118.182   55.8938   50.6982   88.2763   62.4475   123.527   65.8458   83.5234   86.8308   
38.9102   99.3579   29   58.6941   23.4307   96.8349   86.5332   70.7107   55.6597   53.4509   16.4924   17.2627   46.2277   26.9072   81   18.2483   61.6604   10.4403   89.8109   36.4005   91.4166   40.8044   0   103.835   27.9284   71.0179   91.6677   88.1884   67.3795   77.0081   50.3657   82.3593   38.2074   80.8222   75.0565   49.3682   97.7315   57.077   92.234   63.3115   93.9464   102.456   52.2215   84.1854   65.6416   77.7136   61.1045   78.7219   57.2046   63.5098   74.258   90.5377   23.0623   52.5136   79.434   68   92.7694   89.303   91.9464   50.1407   
46.2385   30.0666   78.5175   68.0074   81.6884   22.0227   15.2315   44.7214   63.8905   56.8243   96.0417   101.951   75.7166   61.6117   34.1321   96.2549   91.0934   95.462   22.1359   56.2228   12.0416   90.1388   85.0882   0   109.999   78.4298   37.8062   47.192   57.8861   57.6291   121.516   57.4911   96.6884   44.0217   72.1378   91   35.3547   94.399   43.0689   80.6631   54.3113   31.2315   65.614   52.2315   103.07   52.2395   72.7547   81.624   79.8292   61.8292   86.111   67.3782   100.346   87.5733   43.02   72.1957   80.7214   72.7083   56.7732   111.967   
50   111.759   26.9258   72.5328   20.6155   108.706   98.2344   75.06   69.5701   56.0803   3.16228   15.6205   44.0114   40.2244   86.977   5.38516   74.108   11.1803   101.98   49.93   102.65   52.469   13.9284   95.3834   0   68.9437   97.6301   93.7512   80.6966   83.7014   40   89.6609   35.6155   87.4707   74.0085   63.2965   109.493   71.0053   97.657   76.0983   107.264   113.591   59.3847   97.5025   79.1737   91.243   64.5964   92.6324   63.4004   67.6236   88.1863   93.1671   36.9906   64.8502   93.3624   80.7308   93.2093   97.1925   105.264   37.2776   
38.6264   87.2812   28.0179   83.672   34.0147   80.7775   70.8378   22.8473   78.7909   3.60555   53.0848   67.9117   16.4012   49.8197   37.2156   52.0096   98.813   61.131   77.201   55.0727   71.5891   84.1724   52.5547   60.4152   54.3323   0   64.8539   48.0194   63.1215   42.2111   73.2657   36.4722   49.0147   60.5664   25.2111   85.338   82.8589   93.5518   59.7973   86.3525   97.1078   86.8378   44.5718   83.5091   106.499   75.0191   37.8035   101.853   36.0278   55.4819   104.561   40.6923   70.8243   79.208   72.1536   82.3573   44.2594   97.8038   102.025   63.4168   
35.6931   40.4475   65.8559   65   69.2026   33.2415   24.0832   34   60.4152   44.2832   84.119   91.0934   62.9682   52.1536   26.4008   84.22   87.2353   84.4334   31.0161   48.2597   23.7697   83.3607   74   12.8062   83.6301   47.8539   0   45.1108   53.257   43.3516   109.125   56.0644   84.2026   35.4018   64.2311   87.4251   42.0868   89.753   41.9249   70.648   61.4166   40.0832   54.4462   51.9621   98.9196   43.0179   61.2053   83.4775   56.7732   51.573   88.9638   55.2099   89.8011   80.0328   40.2354   69.9574   69   68.4518   69.4185   99.276   
38.6005   58.1378   57.2451   77.2334   61.8466   50.4876   42   16.1245   72.3464   30.4138   79.1202   89.4539   50.2096   55.7853   10.8167   78.7464   97.9081   82.4924   49.0102   55.0364   40.6079   90.2497   72.2496   28.6356   79.3095   33.9706   18.1108   0   57.0391   32.1803   100.77   33.6015   76.8466   35.8494   41.9072   89.1384   60.1976   97.331   26.1231   84.6582   76.2897   57   55.0555   62.1479   106.656   56.2347   53.1548   92.492   60.4819   47.9559   96.7545   38.7814   89.0274   85.602   47.0151   85.7963   52.1245   86.5626   77.327   92.1254   
11.7047   51.6236   51.264   38.2884   51.8845   48.8262   38.5876   49.0408   33.3017   45.607   61.5224   64.0078   57.0789   22.4722   50.4777   62.2896   58.2495   57.9828   41.8688   17.0294   43.8634   52.1728   48.0104   39.4588   60.1415   48.0521   31.257   39.6611   0   49.4683   90.5198   62.4533   66.8845   39.1896   63.064   53.4966   51.6699   59.3241   58.566   47.2029   54.4401   54.5876   40.1868   41.3238   66.8941   33.4222   47.318   56.3639   55.7047   37.7047   59.7253   68.6717   59.7214   45.0666   31.8661   46.2485   81.8845   60.9285   53.9285   82.1633   
31.3847   64.5368   46.0652   73.7564   50.6952   57.5674   48.0521   13.6015   68.7677   20.2485   68.1542   79.1012   39.6989   47.927   19.0263   67.72   92.957   72.111   54.7449   48.8262   48.1041   83.1865   62.0081   36.6742   68.4471   23.8537   24.3516   11.1803   35.4683   0   90.6952   35   65.6952   37.2237   36   82.6018   66.4384   91.1209   33.5602   79.8347   76.3699   64.0521   42.176   63.3743   100.446   56.7852   35.105   91.83   37.5372   43.4197   95.1936   35.2094   85.0703   77.7437   48.2415   79.6058   49.6015   83.4251   88.5073   80.974   
64.8151   127.142   29.5296   92.9624   25.6125   123.11   112.486   78.7464   89.7385   58.8218   18.0278   33.2415   41.3038   58.6941   92.477   16.1245   95.0842   31.4006   117.034   68.542   116   73.3348   34.3657   107.299   21   56.0446   94.8103   86.7698   76.0263   75.591   0   91.8562   39.4052   98.8555   76.3465   83.7338   123.974   91.4426   103.905   95.2705   125.733   125.315   70.5393   113.701   98.0536   106.001   74.937   112.801   67.4493   80.0716   108.624   95.6542   57.4279   78.7315   103.661   101.731   89.8564   118.193   123.733   23.8489   
40.8044   71.4493   48.7647   83.7377   54.1295   63.9531   55.1453   3.60555   78.7464   19.2354   72.5603   85.0941   38.833   56.8243   14.7648   71.8471   102.728   78.1025   62.0725   58.4123   54.1295   92.2822   68.3593   42.2019   73.2462   22.4722   31.0644   13.6015   45.4533   10   77.8332   0   69.1295   47.2237   40.8409   92.3426   72.2738   100.556   35.4222   89.0072   86.3699   68.1507   51.6988   73.3743   110.032   66.4782   45.105   101.809   43.1548   51.805   101.115   26.2624   90.6116   86.6409   58.2415   83.6049   39.6056   93.4251   86.1249   83.0074   
41.1825   103.005   6.08276   76.0066   1   98.5951   87.9659   55.7315   72.0278   36.1248   19.2354   35.7771   23.2594   39.1152   68.6804   18.0278   83.5225   29.6816   92.8009   48.5077   91.2195   63.9766   24.2074   82.3286   20.8806   34   69.814   62.2415   52.7731   51.0784   25   54.3415   0   75.0145   56.2046   68.3667   99.8689   79.8147   81.8638   78.0322   104.092   100.703   46.4138   90.068   89.8091   86.1953   51.8471   95.09   43.7849   61.8044   91.1622   73.2116   47.2697   60.3982   80.6003   83.307   74.9024   97.5651   102.092   31.2788   
24.3311   46.2385   55.9017   57.6281   58.7963   40.3113   29.9666   32.8938   52.8015   37.855   73.0616   79.6994   55.0364   41.0122   30.4138   73.2462   78.8923   73.0548   36.0555   37.855   32.0156   73.2462   62.6259   23.0217   72.4707   41.2311   11.4018   19.8494   21.1896   20.2237   84.386   29.4109   59.4643   0   56.2237   74.6862   48.3011   80.1497   45.9725   66.7377   58.5629   44.178   46.1543   44.5492   88.0837   36.4722   39.0832   75.8168   53.0156   36.1896   79.1557   55.4331   78.439   66.2562   29.4164   60.2046   68.8938   72.6488   61.72   89.0751   
36.3593   81.0432   33.541   81.4923   39.2046   74.3303   64.56   16.4924   76.5376   3.60555   58.0345   71.8471   23.4307   49.5177   30.4138   57.1402   97.949   64.9384   71.0634   53.6004   65   84.6463   55.7853   53.6656   59.0085   7.07107   41.2311   26.9072   44.5982   17   62.2977   15.6525   39.3192   35.3553   0   85.036   82.8589   93.2498   45.0689   83.7968   93.2852   79.5333   44.5718   79.1434   105.22   71.8275   40.2485   98.0773   36.0278   46.7648   103.38   36   77.8954   79.208   64.0106   85.4748   46.9317   95.5367   93.3217   67.4976   
36.2353   78.924   56.921   25.4951   53.3667   79.1202   70.406   80.1561   23.6008   69.3109   50.4876   42.0595   71.1196   20.5183   85.0882   52.345   29.5466   39.2173   71.1688   19.6469   76.9415   15.8114   34.1321   75   47.676   70.1783   67.7422   74.4648   36.4966   67.6018   68.469   76.8505   54.3415   57.4891   70.0357   0   83.0958   33.434   95.0626   44.2047   74.3315   85.0357   64.8281   69.9042   34.4165   60.9599   69.6063   46.6631   69.4087   62.1825   50.6182   102.811   50.3059   30   64.01   47.313   111.968   57.2442   74.9218   83.0078   
44.5982   18.7883   81.8413   54.9181   83.8689   14.2127   4.12311   57.0351   51.3517   65.2534   95.6713   98.6154   82.4621   56.8243   48.7647   96.2601   78.2624   92.6499   8.544   49.3964   11.0454   80.399   82.662   16.4012   94.4934   68.6804   23.0868   41.1947   34.6699   46.3897   109.041   54   84.6463   27.5136   62.5859   66.2873   0   87.1931   59.4701   68.0882   42.807   20.1231   73.6679   39.0294   90.5311   40.1359   66.5968   68.9582   73.6686   63.7033   75.3025   78.2967   94.3912   79.7365   44.5183   61.05   92.0868   53.9249   40.807   114.148   
44.6542   81.0432   66.1287   21.9317   62.3618   82.201   74.2428   88.8144   21.9545   78.5684   58.0345   47.4342   80.5295   29.7321   93.0215   60.0083   20.2485   45.7056   74.1485   27.2947   81.0987   10.4403   42.0476   80.399   55.0818   79.511   74.2159   82.2922   43.3244   76.0066   76.0592   85.4459   63.3246   64.5136   79.196   9.43398   70.1783   0   101.89   39.105   72.1681   88.108   74.2621   68.3385   27   64.7965   77.3535   42.1725   78.6226   65.6488   40   111.216   56.0147   39.434   69.7315   45.1496   118.119   55.5978   71.9245   91.1194   
42.72   59   60.4152   80.9197   65.192   51.0882   43.1856   16.1555   76.0592   32.6497   82.7103   93.3435   52.4976   59.9083   7.07107   82.28   101.789   86.3713   50.2494   59.0931   41.1096   94.3398   76.1643   29.0689   82.9759   36.1248   19.9249   4.12311   43.566   14.5602   89.8999   14.4222   65.5515   23.3452   29.0689   78.5493   42.7551   86.3308   0   88.7813   79.9531   59.1856   56.7363   66.271   110.46   59.8174   49.6652   96.6151   52.0974   52.079   100.878   38.105   93.1505   88.6326   51.1383   83.5498   49.5254   88.3767   77.9531   95.0562   
32.45   62.2977   64.1249   13.3417   62.0322   63.1506   55.1453   75.6637   9   68.9638   63.5689   58.0086   75.4321   24.0208   77.666   65.146   31.0644   54.2033   55.109   15.8114   62.0322   29.4279   47.1699   61.8142   61.0983   70.6612   56.648   66.8506   27.2029   62.2415   81.0432   72.1249   63.0317   47.8853   68.7968   17.2047   51.0882   19.105   70.7248   0   55.9857   71.1453   66.4645   54.2402   44.7099   50.2655   69.5745   32.0623   70.9328   58.45   38.4648   95.3204   57.2492   39.6977   58.7762   31.0454   109.087   40.8035   53.9857   92.3111   
47.1275   27.074   86.6487   35.3553   86.9253   30.5941   26.9258   75   33.2415   78.0256   94.3027   92.6337   91.9239   52.2015   69.7711   95.4149   58.0086   87.7838   23.0868   42.638   34   65.192   79.0253   40.3113   92.4175   81   43.4166   60.5392   35.4401   62.3699   110.145   71.5681   87.8465   42.2019   76.1643   53.8516   24.2074   54.7814   63.0714   36.7151   0   42.9258   73.7338   29.1421   72.4209   36.0907   76.3043   47.0151   82.7533   69.6621   56.2046   96.0062   92.0291   71.8886   50.6142   45.0185   108.392   37   21   117.204   
47.0106   18.4391   83.4086   59.0339   85.703   12.2066   2   56.0357   55.4437   65.4599   98.0816   101.597   83.1925   59.9333   46.8722   98.5951   82.3772   95.5249   9.05539   52.811   7   84.2912   85.44   13.4164   97.0052   68.9493   22.0907   40   37.5899   46.0977   111.036   53.1507   86.4523   28.178   62.6418   70.0357   4.12311   74.108   41.1947   55.0364   28.0179   0   72.4077   39   94.623   44.259   65.8652   72.9741   77.7917   61.9674   79.4256   77.3007   97.3113   82.6565   44.2074   65.1731   90.72   58.048   43.6816   115.982   
13.0384   72.111   28.3019   57.3847   30.4138   67.4759   56.8507   36.7696   52.5547   25   44.7214   53.4603   33   24.0832   45.1774   44.7772   72.6223   46.5296   61.8547   28.6531   60.1082   59.4054   36.2215   51.614   44.3847   26.4197   39.4462   36.0555   24.1868   26.1725   55.9017   33.8378   31.1448   28.6007   25.4558   44.5982   53.6004   53.7401   40.0125   44.2832   59.439   55.3173   0   61.9239   79.0147   53.6432   24.0711   75.407   22.544   26.4403   82.5078   59.4264   53.2156   53.8998   54.6155   65.7732   70.6791   72.2158   78.0339   60.6926   
34.8855   29.6816   74.3236   38.0789   75.1798   29.1204   21   61.0328   34.3657   64   84.386   85   78.4474   43.2782   56.6039   85.276   61.3922   79.511   21.1896   34.6699   28.0713   63.6396   70.0357   30.4138   82.807   67.0298   30.6105   46.9574   23.3238   48.2701   99.2975   57.5674   76.0592   28.1603   62.0725   50   17.0294   53.3385   49.7393   34.2345   14.1421   21.095   46.4866   0   73.545   26.9443   62.7602   57.4279   69.0306   51.0555   61.3984   83.4794   79.6049   66.0649   34.1327   39.1948   97.0328   47.4131   32.5602   105.459   
54.2033   85.1587   75.7694   23.0868   71.7844   87.2067   80.025   98.4073   25.1794   88.5268   66.1211   53.7587   90.4268   39.6989   102.083   68.1836   11.0454   53.0377   79.1581   36.6197   87.0919   11.7047   50.636   87.4757   63.0714   89.4986   82.2192   91.3017   51.8941   85.4459   84.0536   95   72.7324   73.0068   89.1067   19.4165   76.0592   10   95.2943   25.7099   58.2495   80.0999   63.6553   59.0339   0   72.9017   87.3535   41.4059   85.5891   75.6488   34.6977   119.019   66.0147   49.4165   79.7315   55.1496   126.018   55.8044   76.5003   98.4515   
25.9422   37.6431   65.3911   37.1214   66.242   35.7771   26.2488   55.0364   32.6956   56.1427   75.743   77.1038   69.8713   35.2278   52.4976   76.5768   59.808   71.4003   28.3019   27.313   32.5576   59.0085   61.7171   31.5753   74.2496   59.0339   28.0179   42.2019   14.4222   41.7852   90.4434   51.4782   67.1193   22.4722   54.4518   44.4072   22.1359   49.0408   45.4533   30.2655   22.0907   25.7099   37.6431   8.94427   55.9017   0   54.9076   55.7578   60.1871   43.2029   62.2445   76.9945   74.1436   59.4888   26.2195   45.6469   91.0364   43.2029   41.5045   96.5208   
16.1245   69.3542   31.8277   61.2944   35   64.0703   53.535   29.9666   56.356   20.6155   50.6952   60.2993   32.7567   30.2324   38.1182   50.5668   77.8974   53.3385   59.0593   33.4215   56.0803   65.7343   43.1045   46.7547   50.5964   22.8035   34.2053   29.1548   25.318   19.105   60.6053   26.9258   35.609   24.0832   20.2485   50.6063   50.6063   59.5483   33.0606   48.5489   59.3043   51.8652   7.07107   45.7056   69.3542   37.2156   0   79.4183   29.6151   29.7047   85.0433   52.6235   60.2867   59.0488   53.4996   65.5982   65.8688   75.3019   78.2658   65.2788   
47.927   60.075   81.1542   4.47214   79.0063   63.1981   57.4891   89.202   8.06226   84.5813   79.555   72.0069   92.1954   41.0488   89.1403   81.2527   25   69.0797   55.3263   32.5576   64.7611   35.609   63.0635   67.624   76.922   86.539   65.4599   78.492   40.2244   75.6042   97.2934   85.6037   80.0062   58.7282   84.0773   29.9666   53.8516   26.1725   82.0731   17.0294   33.0151   57.9741   60.407   37.3363   26.4008   37.4433   63.9766   0   82.951   71.2115   29.5952   108.896   72.8138   52.2225   63.6628   39   120.957   33.0333   48.0161   107.788   
21.3776   77.4145   24.0832   65.9242   27.7849   72.111   61.5873   31.5753   61.0983   16.9706   44.643   56.0089   25.1794   31.8904   42.19   44.2719   80.8022   49.0102   67.1193   37.1214   64.0312   66.7083   39.2046   54.4518   44.911   18.0278   41.7732   34.4819   32   23.5372   53.2541   29.1548   28.3019   32.0156   18.0278   52.345   58.6686   61.6198   38.0789   52.8015   66.7533   59.9083   8.544   53.3667   71.5891   44.7214   8.06226   68.9493   0   34.9843   82.4471   54.0278   58.7612   61.7071   54.5601   67.2195   62.2872   80.555   85.4831   58.0637   
5   62.2013   38.4708   49.7393   40   58   47.3814   39.2046   44.7772   32.311   52.4309   58.5235   43.1045   21.8403   44.2719   52.8015   67.1789   51.8652   52.0096   22.6716   51.225   56.7979   41.4367   43.8292   51.6236   34.4819   32.573   33.9559   14   26.4197   65.1153   35.805   40.8044   21.1896   31.7648   41.1825   43.9318   49.6488   38.0789   37.2022   49.0306   45.9674   10.4403   36.0555   59.203   27.2029   11.7047   52.3259   18   0   69.6972   58.8219   59.108   51.311   41.6008   54.8938   75.0094   64.1774   67.9285   70.2788   
48.0208   66.2722   78.7718   4.12311   76.1643   69.029   62.8013   90.6863   8.60233   84.5991   75.3127   66.7083   90.802   38.833   91.6788   77.1038   19.2354   64.195   61.0737   31.3847   70.0357   29.0689   58.8558   72.111   72.5672   86.3134   68.9638   80.9197   41.7253   77.1557   93.2148   87.1149   77.1622   61.4003   84.3801   25   59.0339   20   84.6463   15.6525   39.2046   63.1506   59.9333   42.2019   19.6977   41.1461   64.1405   6.7082   68.4471   52.6972   0   110.397   68.1957   50.0156   64.7848   40.2038   122.239   39.7415   51.2156   105.204   
49.8197   78.0256   53.3385   92.957   59.1354   70.1783   62.0322   5.65685   87.9659   23.0868   78.0256   91.6624   40.8534   65.5134   15.6525   77.1038   111.866   84.7172   69.0652   67.4759   60.208   101.02   75.3127   48.1664   79.0063   25.4951   38.2099   20.0998   54.6717   19.2094   81.4923   9.21954   59.2115   38.0789   20   85.703   61.2944   94.4034   19.105   81.3204   80.0062   60.0333   42.0476   66.1287   104.019   60.3738   35.3553   94.8103   36.4005   44.8219   96.3328   0   95.1618   94.4041   67.1149   92.8244   30.5242   102.635   95.3444   87.4976   
37.108   95.2103   35.609   51.2445   30.5287   93.2952   83.2406   73.2462   48.4665   57.2713   24.1868   19.4165   52.3259   22.4722   82.3893   26.0768   53.6004   14.2127   85.9826   31.1448   88.5664   32.8938   8.06226   83.1685   21.3776   56.8243   72.7805   73.0274   44.7214   63.3877   42.19   70.6116   31.3847   61.3922   59.2368   26.3059   79.2591   34.0147   77.0584   40.2492   73.5935   82.2982   37.2156   65.6049   42.5793   57.6888   44.2832   55.6597   41.7612   40.4475   51.1957   78.1601   0   45.5913   75.8085   69.398   100.832   81.0527   87.5114   57.9693   
27.5136   77.026   47.5395   31.4006   44.4072   76.1577   66.7308   70.8308   28.1603   59.397   43.9659   38.9487   61.2699   10.8167   76.5506   45.607   39.3573   34.6699   68.4471   13.3417   72.8011   24.6982   27.5136   69.4622   41.4367   60.208   61.0328   66.0984   30.0666   58.6003   61.6117   67.6018   45.3982   50.2494   60.208   10   62.6259   19.4165   70.214   19.6977   53.8145   66.0984   34.8281   47.4131   29.4109   40.4969   41.0488   35.6931   42.4264   32.311   32.0156   76.3217   20.5913   0   61.9327   44.8701   97.134   60.19   73.6834   74.686   
24.0832   38.6005   61.9112   45.793   63.6003   34.7131   24.2074   46.2385   41.1825   49.0408   75.1665   78.7147   64.2884   37.3363   43.2782   75.743   68.0294   72.5603   28.4253   31.257   29.0689   65.2763   62.434   25.02   74.027   52.1536   19.2354   33.0151   14.8661   33.2415   88.6172   42.72   64.405   13.4164   47.0106   50.01   20.5183   55.7315   36.2353   37.6431   29.2746   23.0217   33.6155   15.1327   63.3246   9.21954   31.6228   46.4004   39.5601   23.6008   49.7393   51.4782   59.5063   44.5533   0   49.7308   82.0023   51.4005   45.6142   93.8791   
28.8617   51.6236   65.3758   18.4391   64.3273   52.1728   44.1022   69.2026   13.6015   65.192   68.884   65.7951   74.4312   26.9258   69.527   70.214   40.3113   61.2209   44.1475   17.088   51.0098   40.4475   53   51.1957   66.7308   67.3573   46.9574   58.7963   20.2485   55.6058   85.6154   65.6049   65.307   39.2046   64.4748   27.313   40.05   30.1496   62.482   11.0454   27.0185   44.0114   41.7732   23.1948   36.3456   19.6469   44.5982   20   50.2195   32.8938   22.2036   74.8131   47.0106   26.8701   27.7308   0   102.133   40.2627   48.0185   94.6061   
57.8014   93.1933   49.8197   102.626   56.0892   85.4751   77.026   19   97.6371   23.0217   75.1332   90.802   34   71.4493   31.0161   73.8241   119.754   84.119   84.006   75.2861   75.5381   106.527   75.7694   63.5059   76.6877   23.2594   53   35.0571   64.8845   31.0483   75.1665   22.0907   55.9017   51.1957   21.9317   91.9674   76.0263   101.119   34.5254   90.2109   93.3916   75.0267   47.3814   79.3095   111.018   72.7324   41.8688   104.957   39.8246   53.0094   105.683   15.5242   80.0625   82.134   64.2884   85.0882   0   114.473   108.216   80.0076   
45.1774   45.0444   82.6075   17.72   81.5843   48.3735   43.3244   81.8841   16.6433   80.5233   85.4927   80.8022   91.1373   43.9659   79.6492   86.9253   40.0125   76.8505   40.6079   34.2053   50.5964   48.7647   69.3181   54.7083   83.1925   82.9759   54.4518   69.4046   34.9285   68.4251   102.528   78.2943   82.5651   49.6488   79.404   39.598   39.9249   38.5876   72.6223   22.8035   18   44.0114   58.2151   24.4131   40.8044   27.2029   60.208   15.0333   66.4831   48.6621   21.3776   87.3212   62.7694   42.19   36.4005   17.2627   99.0051   0   32   111.863   
46.5725   29.0689   86.0233   33.3766   86.1626   32.5576   28.6531   75.5844   31.3209   78.1025   93.1933   91.2195   91.6624   51.0392   70.7107   94.3398   56.0089   86.4523   25   41.4005   35.7771   63.3246   77.801   41.7732   91.2634   81.0247   44.4185   61.327   34.9285   62.8172   109.179   72.1249   87.0919   42.72   76.3217   52.1536   25.807   52.9245   63.9531   34.9857   2   29.6816   59.0339   14.5602   56.2939   22   59.1354   31.0161   66.4831   48.6621   37.2156   80.6536   72.2496   52.345   29.6142   25.4951   93.8616   16   0   116.441   
56.3028   118.406   19.7231   87.5728   16.2788   114.11   103.479   68.9638   84.0119   49.0408   16.1245   34.2053   32.0156   51.923   82.6378   13.8924   91.9239   30.4138   108.231   61.6847   106.775   70.8308   30.2655   97.8366   19.2354   46.3249   85.276   76.9415   67.7422   65.7647   9.84886   68.0074   15.5563   75.0067   52.4976   64.0078   100.125   72.2496   80.0562   75.1332   102.416   101.98   46.6905   91.0659   80.895   82.1523   51.0882   91.7878   43.6005   56.2228   88.2043   71.8053   38.3275   56.2228   79.8123   78.7464   66.0076   95.8801   101.553   0   
