15
70
999999 13 7 5 12 12 17 5 10 11 16 12 8 11 14 16 16 16 15 8 6 7 5 7 16 14 13 11 12 15 14 5 12 17 7 17 6 11 10 9 13 5 15 14 9 17 12 11 8 14 7 9 10 6 12 12 9 9 11 13 11 11 10 12 13 7 7 17 15 16 
0 11 1 4 10 3 6 4 8 9 8 9 3 6 6 10 5 9 7 4 2 4 1 6 10 8 1 7 6 13 11 3 7 6 5 9 4 9 4 3 12 3 12 11 3 2 3 9 6 3 4 8 2 4 8 8 5 3 2 10 3 9 9 3 6 5 5 14 10 8 
20
0   0   0   0   0   0   0   0   0   0   0   0   0   0   0   0   0   0   0   0   
3   -9   -6   0   -2   -4   0   0   -4   3   -3   5   1   0   0   2   0   0   0   -1   
-1   0   2   5   0   2   0   0   -1   3   3   1   2   1   0   3   -3   -3   0   0   
1   -1   1   0   3   -2   0   0   0   -2   0   -1   0   0   0   -1   1   -1   1   0   
6   -4   0   -10   5   -6   3   -9   6   -3   5   -12   0   -2   5   -7   10   -4   8   -7   
2   -1   5   -8   9   -5   -4   -6   8   0   10   -5   2   1   0   5   9   1   9   -3   
-5   8   -9   9   -7   15   -7   7   -5   7   -4   15   -1   6   -9   10   -9   6   -8   -1   
2   -3   3   0   1   -1   2   0   0   -2   3   -2   2   -2   2   -2   1   -1   0   -1   
5   -7   3   -8   7   -3   4   -5   5   0   4   -8   2   -4   7   -7   0   -5   5   -2   
5   0   2   0   -2   -2   1   -1   0   -3   3   0   -1   -2   3   0   2   -4   1   6   
-2   -6   3   -1   9   -8   9   -8   -3   -2   -1   -10   -4   9   1   11   0   0   3   -10   
-6   1   0   1   -6   -1   -3   8   -8   7   -6   6   3   8   -2   4   -6   0   -8   9   
3   -5   3   -2   0   -2   5   -6   2   -6   2   -4   3   -3   6   -1   6   -5   6   -3   
5   -3   4   -5   0   -7   3   -3   6   -6   1   -6   10   -3   6   -2   1   -3   0   -2   
1   2   -2   6   0   1   -3   0   3   3   2   -8   0   0   0   5   0   -1   1   -3   
-4   11   -6   0   -7   0   -1   14   -7   9   -6   9   -1   4   -12   5   -9   7   -7   9   
-1   2   -8   9   0   5   -3   0   -4   7   -9   0   -10   6   -13   -5   -15   3   0   -10   
-11   9   -4   11   -9   6   -2   9   -9   14   -9   3   -12   8   -10   12   -7   1   -13   7   
8   -4   14   0   4   1   4   -1   9   -7   3   -7   0   -7   0   -10   8   -5   4   -7   
-3   1   1   1   -3   1   -3   0   0   0   1   0   0   1   -2   0   2   3   0   1   
0   -2   -1   -2   0   -1   2   0   1   0   1   -3   2   0   1   -2   2   -1   0   -2   
1   -4   3   0   3   -2   2   -1   4   -1   3   -2   4   -5   2   -7   5   -2   5   -2   
0   0   3   -3   0   -1   3   -2   0   -2   2   -1   1   -2   2   -1   2   -1   1   -1   
5   -3   3   -2   2   -2   1   -1   3   -2   4   -2   2   -6   3   -5   4   -6   3   -5   
8   2   5   -5   0   -8   3   0   15   -3   9   -5   3   -8   1   3   -4   0   -2   -9   
-8   3   -6   0   0   8   -6   11   -4   9   -10   11   -13   8   -8   11   -2   5   -8   11   
0   -4   -3   0   1   0   3   7   -1   3   -5   0   -1   -6   0   4   2   -2   -4   6   
3   -6   6   -2   1   -10   9   -3   7   -4   4   -3   7   -5   9   0   7   -6   4   -5   
-2   10   -2   8   -5   3   -6   2   -5   8   -5   2   -1   7   -8   11   1   3   -6   4   
-8   12   -13   8   -12   14   -14   13   -6   -7   -13   15   -8   11   -13   13   -15   12   -12   11   
14   -4   2   -9   4   -4   10   -6   1   -1   8   -8   3   -5   5   -8   6   -6   0   -7   
-2   3   -2   2   -3   3   -1   2   -3   4   -2   3   -2   1   -2   2   -3   3   -3   4   
-1   5   -4   -1   -3   1   -1   3   4   0   4   4   0   3   -3   3   -1   3   -1   1   
-9   -8   -5   -3   -3   1   0   -7   -7   -2   -13   7   -1   0   0   -3   0   -2   -6   3   
-1   2   0   6   -2   0   1   1   -3   4   -3   -1   -5   1   0   2   -2   3   -5   1   
-6   2   -2   12   -8   0   1   4   -8   11   -3   7   0   3   -4   8   -1   3   -8   0   
3   -1   4   -1   4   -2   0   -4   0   -5   5   0   2   -3   3   -1   0   -3   4   0   
-5   0   0   4   -1   0   -1   2   -1   0   2   5   -5   0   -3   7   1   7   0   7   
-1   0   -10   10   -4   0   4   1   0   5   -6   2   -1   3   0   0   -7   2   0   2   
2   -2   2   -7   5   -3   8   -2   7   -8   8   -6   7   -3   4   -3   4   -7   0   -6   
-4   8   -12   12   -7   2   -6   7   -6   6   -5   5   -6   6   -1   8   -9   4   -11   0   
-2   2   0   3   -1   1   -2   2   -3   2   -3   0   -3   3   -2   3   -1   2   0   1   
-2   3   11   -1   3   2   7   2   11   1   3   -4   3   2   -2   2   4   9   8   0   
0   5   0   -2   0   4   -1   -5   3   1   -5   3   -3   -5   0   -5   0   9   0   1   
1   1   -3   -1   1   -3   -1   4   -3   0   2   -1   -5   1   -4   4   -2   -1   0   0   
-3   -10   4   -8   -9   0   5   -13   3   -8   3   -4   3   2   5   -9   6   -8   -3   2   
6   -5   0   0   1   -7   4   -4   -4   -6   -3   2   1   0   -8   -3   0   0   -1   2   
1   2   3   -1   5   -2   -2   -9   3   -1   3   -1   0   0   0   -5   0   -3   0   0   
0   2   -6   3   -6   6   0   2   -3   2   -2   4   -7   1   -5   4   0   7   0   0   
9   0   3   -2   6   -5   6   -2   10   -3   4   -4   0   -14   11   -4   7   -1   12   -4   
2   -3   2   2   -1   2   0   0   4   0   -2   -4   1   2   0   -3   1   -2   1   -2   
-5   -3   -8   6   0   9   -6   4   0   2   -3   9   -9   9   -3   5   -5   5   -4   0   
2   0   1   1   1   -4   2   -2   5   -3   0   5   3   0   -2   0   -6   0   2   0   
-4   6   -3   4   0   4   -4   6   -3   1   -6   6   -6   3   -5   2   -3   6   -3   5   
-9   7   -10   7   -3   5   -6   9   -3   2   -2   0   -2   5   0   6   0   4   -5   6   
-10   9   -2   9   -10   9   -6   7   -12   12   -11   10   -10   10   -6   11   -5   2   -7   3   
-4   5   -5   4   -8   3   -2   1   -2   4   -4   6   0   9   -8   1   -1   5   -2   1   
2   -5   4   1   8   -3   -1   -2   7   -4   -1   -4   4   -4   5   -4   0   -4   0   0   
7   -6   8   -11   8   -4   7   -5   6   -3   8   -8   7   -6   4   -3   7   -8   4   -7   
-1   -1   0   -1   -8   2   -3   2   -5   0   -6   -4   7   0   1   0   -3   0   5   -5   
6   -4   6   -6   4   -6   1   -1   5   -7   3   -7   4   -8   5   -10   4   -9   4   -10   
-2   2   -2   3   -7   6   -3   0   -6   5   -7   3   -4   8   0   4   -8   5   -6   0   
4   -5   4   0   2   -7   5   0   4   0   -1   -5   5   4   8   -7   -2   -6   8   -8   
6   -5   -1   -4   3   -7   4   -8   6   -2   0   -8   5   -4   0   -12   8   -3   -3   -5   
-5   -2   1   3   0   -1   5   0   -1   3   -5   0   0   0   -6   -5   -2   6   -5   1   
-4   3   -2   -1   -4   0   -1   2   -2   -1   2   0   -3   4   -1   3   -1   1   -1   0   
-1   6   0   5   -2   3   -6   3   0   0   -7   4   2   3   -3   0   -1   1   2   3   
-12   10   -12   14   -9   1   -14   14   -12   7   -11   5   -7   6   -10   1   -10   11   -10   12   
5   -4   3   -8   2   3   9   -8   5   -7   4   -1   10   -11   0   -12   7   -15   10   -10   
-9   14   -8   13   -4   13   -15   14   -4   15   -6   10   -10   0   -9   12   -14   13   -9   9   
0   40.1172   66.0722   53.7696   43.4279   51.6015   49.6242   49.0768   49.6892   58.6742   30.8102   85.4554   73.4138   35.1245   46.5269   67.7411   66.8043   39.0464   32.4391   60.0659   32.434   39.3833   61.4166   59.0021   45.5764   61.4187   28   60.2022   23   32.7961   28   66.3996   53.0147   65.6891   27.1655   64.785   61.2217   70.6004   62.0548   58.7264   64.5035   64.6063   25.1803   58.7185   41.2029   63.5188   57.0233   70.3215   49.0294   76.6423   59.1885   63.1886   65.4205   27.3417   64.3166   58.9064   32   71.0098   46.5941   39.9708   79.3412   77.225   62.9427   27.6015   72.7507   76.1415   74.2495   61.566   46.3238   59.9444   
15.2315   0   65.3009   44.3238   58.6594   50.0694   52.3786   44.2179   53.8568   39.5539   40.4094   95.7741   83.888   50.3561   52.3645   64.0977   58.3904   52.2353   47.6706   72.9064   36.6433   54.6148   62.0595   68.6307   58.4169   42.5539   30.0384   45.4429   38.1172   45.6366   36.8045   56.9762   47.0173   55.2624   42.3971   80.0165   65   83.6804   74.1808   73.9579   79.735   76.9147   38.0208   73.9464   55.6813   64.2099   72.2549   83.5984   35.6155   85.8787   55.2781   71.0865   80.6521   42.5732   72.0768   73.3848   40.9249   66.0359   39   43.0768   89.5542   84.0538   77.4211   42.0799   64.3324   66.6154   77.2451   56.6793   33.1421   51.5261   
49.0408   50.6063   0   64.5775   68.9229   38.2315   36.4642   42   94.6113   90.0082   68.8365   49.4403   41.4521   68.0833   95.5677   112.853   55.0512   83.0714   72.7706   49.8886   77.3095   87.0612   108.771   34.4875   62.8402   63.5395   64.8264   53.9473   64.2719   67   75.7756   57.6792   38   45.3099   73.9083   109.426   110.12   83.8505   110.351   103.023   91.0984   41.6291   64.633   80.0984   55.7131   103.773   96.4237   47.541   46.1448   39   53.3523   111.485   113.717   75.6383   27.4164   76.4624   58.0555   40.6815   84.7528   52.5136   93.2823   107.819   73.0339   61.4708   68.3529   75.2015   123.29   41.1868   62.9487   68.7732   
36.7696   23.3238   47.4236   0   77.4256   58.4927   57.2215   48.2947   64.0435   56.7139   60.1286   96.8639   88.7895   68.6138   72.2289   82.3329   38.1687   75.3051   68.6302   82.5405   59.9671   75.642   76.0083   75.0792   75.327   27.2361   47.4006   28.6301   56.2609   63.6352   59.4599   37.764   51.7426   38.4307   63.9351   101.044   88.3238   101.207   97.5046   94.9851   99.2397   83.1891   56.617   91.2003   67.0147   71.0317   93.2821   90.047   45.025   86.4236   30.5529   94.4103   101.679   63.6004   74.7539   86.4855   48.0147   53.3553   42.3961   49.5254   112.878   104.864   97.4873   62.1461   42.5407   45.4307   89.3303   51.4951   42.2315   37.1655   
29.4279   44.3847   52.3927   63.1348   0   57.4421   56.3106   62.095   74.0818   83.9385   40.2132   73.8843   62.0833   38.2971   74.6927   85.3181   88.9533   37.2094   34.0828   43.9082   54.831   56.0156   83.8226   53.0828   21.0828   79.7325   46.311   79.0588   45.0346   30.8924   49   87.5391   67.3021   80.1231   48.6172   58.3889   80.5227   43.9464   64.8023   53.4005   39.4222   55.6431   39.4709   28.4222   40.72   92.7441   50.0208   55.2492   66.5157   77.3178   85.8549   76.28   58.3847   47.2029   63   34.0499   53.4109   83.9297   76.022   51.6497   50.6985   50.1283   41.1421   48.2036   100.056   105.569   92.452   76   74.0208   89.3723   
33.8378   36.0694   15.2315   37.4833   41.1461   0   25.2361   27.198   80.1991   75.6232   48.2986   58.3847   56.2415   54.62   80.3648   98.3312   50.9064   63.3792   53.0601   58.9531   60.255   71.6126   93.2798   43.0263   52.3593   57.9422   44.7308   50.0666   46.1204   48.5941   55.1606   51.5874   32.198   39.2181   59.8068   91.9793   93.0569   80.2646   93.0185   86.9097   80.5683   52.0172   41.0185   69.5683   44.8537   90.9422   77.3246   61.0139   40.3848   53.0147   47.2605   97.0264   95.3057   61.1795   42.648   71.2017   44.8806   37.4722   63.5489   37.3693   84.8928   91.2744   69.448   44   62.2612   69.1097   108.087   35.095   40.9422   62.5106   
31.6228   33.9411   17.4642   36.2215   39.8246   2.23607   0   24   75.4649   73.495   46.0624   60.6208   52.4881   55.2099   78.1497   94.2502   53.1425   65.6153   55.2962   48.28   56.348   69.3263   87.9256   37.2237   52.2278   55.054   45.4951   48.2746   41.9258   50.3227   51.4005   53.8235   29.8489   41.4542   58.7883   90.3127   92.8445   76.9925   93.6776   87.5762   79.2033   54.2533   43.2546   68.2033   39.8035   89.2833   79.5606   63.25   40.7631   55.2508   49.4966   94.8113   97.0433   58.9644   44.8807   62.2277   38.742   39.7083   60.6476   30.198   87.1288   88.3757   71.6841   46.0227   61.8188   71.3458   105.872   37.3311   43.1661   60.9285   
30.0167   28.3019   22.6274   27.2947   44.8219   10.198   9   0   74.943   67.8558   51.7567   68.5827   61.4881   62.1622   75.9015   91.1816   44.2062   69.063   60.2066   57.28   52.4708   69.3999   84.857   46.2237   59.7361   45.3961   42.0868   35.3961   49.0666   54.3312   58.0128   46.2947   19   43.4391   57.1822   94.8016   88.5252   83.1098   92.0714   88.743   84.2441   58.0128   49.3393   73.2441   47.2062   85.4012   87.04   60.0109   32.6023   60.0114   44.8254   93.2052   93.8311   57.3583   50.0438   68.345   42.7506   36.095   58.2047   34.2066   94.2217   94.9502   73.9732   48.1661   55.0551   60.2766   104.266   40.2643   35.4012   42.2488   
31.241   27.8568   77.6981   46.0435   55.0818   62.6817   60.4649   55.9017   0   32.6918   52.8648   116.696   104.655   53.8521   30.1623   33.3576   82.7092   54.2029   59.0915   91.3069   46.4722   54.3559   41.3178   89.6637   72.0736   62.0937   52.4683   73.2997   51.1248   61.7212   48.4831   83.4157   74.8741   83.1192   41.2029   72.8267   49.0799   94.3016   61.4166   66.4236   78.5224   95.8473   56.4213   83.1271   72.4439   45   69.7731   101.562   63.4723   107.435   76.2046   50.0689   67.4777   48.8927   94.0638   79.5368   57.1856   90.6324   49.6833   70.9336   94.2428   75.4643   85.2495   58.8425   84.7533   90.2193   56.4109   84.5361   60.9989   79.3829   
36.6742   25.5539   74.9533   34.4819   65.0308   61.0737   59.0339   52.3259   17.6918   0   59.5995   119.32   107.302   65.3733   47.6155   46.1548   70.7539   69.4946   69.0833   95.968   54.0161   58.8634   45.4605   92.156   81.6496   51.5214   51.6962   59.401   59.6742   69.4403   51.0555   70.9111   71.091   71.8031   58.8947   89.2768   61.19   103.206   74.959   84.1154   96.2142   101.281   61.8546   87.6817   77.8772   29.3178   87.4649   106.996   59.9283   111.433   65.0348   67.7607   85.1695   62.4588   97.4133   95.5807   62.1885   81.8014   29.3178   68.6307   104.074   91.5844   97   64.2757   77.0225   76.2445   63.1096   71.8014   55.1248   65.5725   
8.24621   23.4094   48.8365   44.0454   21.2132   34.1321   32.0624   32.7567   36.7151   44.2832   0   82.543   70.6044   25.4853   54.7731   70.0727   73.3178   38.7995   25.198   58.2244   35.3178   40.3452   68.0625   55.3401   38.2036   63.1495   29.7279   59   27.8102   27.8489   31.544   74.2167   51.7567   66.0607   31.6619   61.9444   65.5296   65.1596   66.0444   61.5601   60.6354   62.9674   33.4266   49.6354   43.2603   71.765   53.6006   74.0882   46.4138   83.2752   67.4347   69.9299   69.0744   34.083   68.9574   54.257   35.3178   68.8517   54.8403   46.8096   69.3735   66.9444   62.3553   34.4403   80.9969   81.2086   82.4957   68.4342   47.7321   68.1906   
71.4493   78.7718   35.1283   81.3204   58.6941   44.3847   46.0977   54.4243   102.65   104.307   67.3573   0   33.5393   84.5055   117.976   135.037   90.1157   92.5697   78.9682   49.3434   95.7976   106.067   129.586   44.2029   69.8015   97.7435   81.6266   89.0757   82.0626   79.0466   89.9667   90.7967   71.1603   78.4274   95.4395   115.312   128.507   81.9647   123.323   111.921   95.5589   43.5731   76.8276   85.3805   66.9111   130.676   100.346   37.6815   77.7694   28.4403   86.4698   129.872   117.079   94.0253   43.6982   75.5155   73.8164   75.8099   106.745   76.2958   93.9671   107.22   73.7186   74.9828   101.47   108.319   145.699   74.3043   85.3269   96.6731   
59.4138   66.888   26.4764   70.6116   48.0833   33.2415   34.7851   43.4166   90.6091   92.4392   55.4437   12.0416   0   72.135   105.941   122.245   79.8514   80.0297   66.4782   35.4902   82.7992   91.8388   116.591   35.6383   57.0631   86.215   72.9482   77.3939   71.2442   61.8722   76.9682   80.5324   57.5793   68.1631   82.0075   102.128   117.048   71.0473   109.011   98.4808   84.5165   25.4403   65.8365   74.6619   52.6699   121.757   89.6271   31.7703   65.5461   24.099   76.2055   118.396   106.468   86.2012   37.0357   67.1231   66.3607   66.1221   95.4327   57.8167   83.2485   95.7435   63   67.9674   91.2061   98.0547   133.663   64.04   72.8727   85.6654   
16.1245   31.305   54.0833   52.4976   15.2971   40.1123   38.2099   40.1622   39.8497   50.01   8.48528   68.5055   56.9386   0   54.9621   70.0873   81.8031   29   19.6569   55.0508   35.7114   40.8021   64.0497   58.0558   36.3798   71.6348   38.2132   67.4853   35.2788   24.4403   32.3178   81.7536   59.1622   72.7088   27.6491   63.3631   58.8219   53.8447   53.2046   59.3883   49.4795   68.2002   29.6015   43.7193   43.3607   79.3278   51.2389   70.5463   53.9611   81.0376   74.5748   60.4863   62.1995   39.083   73.8099   39.0799   36.9317   76.2572   62.7186   46.6356   55.2492   54.7151   49.0172   39.2788   88.8752   89.6939   86.7171   71.1543   56.2174   76.0689   
32.5269   30.3645   79.7559   49.0918   55.0273   64.6607   62.434   58.1808   3.16228   20.6155   37.4433   103.966   91.9348   39.9249   0   33.0293   85.7722   53.8802   59.5818   92.5928   47.4307   41.074   26.7047   91.529   75.2083   65.1566   55.6306   72.1402   54.2871   62.1699   45.2062   86.578   76.8466   85.6269   44.3652   67.4782   39.9317   93.7696   60.8044   67.31   80.208   97.1332   57.7073   80.2993   73.7299   40.2354   72.9354   102.848   65.98   109.169   79.3669   43.9422   69.0208   52.0549   96.7   79.0048   59.8219   93.7947   49.9333   68.0094   87.0616   78.6266   84.9117   60.1284   87.9156   84.3758   51.9258   86.9117   63.5066   81.8906   
48.8365   46.0977   96.0417   62.3939   69.3181   80.9938   78.7718   74.2428   18.3576   29.1548   53.2635   120.208   108.19   54.7083   16.4012   0   98.7433   65.7092   74.3652   107.408   55.3833   53.6046   21.3246   107.823   90.1338   80.4512   70.8259   88.5414   69.4823   78.5711   61.6074   97.6007   93.115   100.825   59.5605   74.5567   46.6469   104.057   66.1899   68.1536   88.4557   113.113   73.4138   89.5328   88.5185   38.3576   84.4003   119.158   81.7133   125.479   92.9469   45.1661   70.3927   59.72   112.421   93.7882   75.5432   108.698   58.4726   84.4107   98.6002   83.123   96.3449   76.4379   101.352   97.399   27   100.956   79.2399   88.5453   
52.8015   42.7551   39.0512   22.3607   73.5527   36.6742   36.7151   29.2062   68.0294   56.7539   58.3095   74.0068   65.3758   66.5733   71.007   84.7172   0   90.3645   80.6155   84.9951   77.8056   91.9658   97.6155   73.5387   85.0928   35.6155   65.6994   34.0157   68.2462   75.6205   77.2737   20.4142   48.2062   38.7047   79.967   117.367   107.755   110.949   114.637   111.309   111.225   80.6803   68.6023   101.975   73.4123   86.0717   105.81   86.5923   47.0179   78.0512   34.6158   110.641   118   79.9242   66.4677   97.5512   60   39.2132   61.7551   62.0366   119.247   121.288   103.147   73.8556   27.1655   42.4165   111.691   36.8114   52.7321   31.198   
22.0227   36.2353   63.0714   58.7282   19.2094   49.0918   47.1699   48.7647   38.1182   50.9902   16.1555   76.1577   64.846   9   37.4833   50.6952   74.3034   0   28.6569   60.9086   37.0238   31.8062   58.3847   67.0558   38.0832   78.1253   44.7065   74.7454   39.7065   33.4403   41.3178   88.4223   67.7647   81.7088   35.1189   44.7924   58.531   56.2099   55.2655   48.5372   48.4951   71.5894   38.6015   47.6316   51.6757   77.7187   45.4391   74.4586   62.5693   82.942   81.2112   54.2884   51.257   33.7047   76.9406   48.0799   45.9317   84.8598   68.6168   55.6356   62.108   56.2062   52.6757   48.2788   94.7734   97.3641   76.3028   80.1543   61.2217   81.9671   
18.4391   33.5261   50.01   53.2541   11.0454   36.6742   34.9285   38.0132   44.9444   54.0833   10.198   62.9682   51.4782   5.65685   45.1885   60.208   65.6049   13.6015   0   54.9535   41.3452   41.2389   69.0833   59.2931   32.1281   70.6076   38.2219   67.5913   34.1127   27.0828   37.9747   79.6322   55.7492   70.0825   33.306   58.3938   64.4787   51.8598   58.8614   53.0139   48.6105   57.3401   27.0416   39.4676   39.088   79.0967   44.9258   66.2946   51.9341   69.4617   72.4907   66.1431   64.8585   42.4929   64.3542   37.095   35.1035   72.5355   65.0332   40.2618   57.833   60.372   44.1794   27.8924   86.2032   91.4067   87.208   71.7693   57.9302   73.397   
46.0652   57.0088   34.6554   67.1863   28.6356   31.9531   32.28   41   76.8505   81.9329   40.2244   30.0832   20.0998   39.6232   77.666   93.4077   68.542   46.6154   33.9706   0   68.735   75.2094   102.644   42.2788   39.8254   82.9178   60.0659   76.3961   55.9566   48.4419   63.0277   83.5405   57.0595   71.1712   67.2723   85.1766   98.4451   54.7351   92.8278   82.0362   66.2099   37.0499   48.8855   55.2099   36.2354   107.574   73.6624   33.6619   61.8812   41.02   79.2136   100.109   87.0203   67.9902   49.4722   52.074   55.5592   69.4253   87.5121   47.0151   68.8539   78.764   52.0713   54.6956   94.0988   101.063   120.178   67.0481   68.0094   83.2488   
9.43398   16.6433   58.3095   39.9625   34.1321   43.0813   40.8534   38.4708   22.4722   31.0161   14.3178   80.6102   68.593   19   23.4307   39.598   58.5235   21.0238   23.3452   54.3783   0   34.2354   50.1354   68.4361   51.4251   59.1972   30.5242   62.0862   30.3178   39.2157   20.831   73.6195   57.4708   67.345   31.0623   65.8162   50.1386   72.8103   63.7852   63   67.5188   74.0403   34.6143   62.5543   50.6369   60.3339   62.1156   79.7555   52.2588   86.0763   68.6225   65.4708   65.1411   32.434   73.7506   58.0454   39.3607   74.5658   44.6531   49.4048   74.2492   73.7151   62.0104   37.0355   80.9205   83.2588   66.598   68.0392   46.8617   68.1694   
25.318   35.8469   72.1803   59.1692   32.0156   57.4282   55.3263   55.0818   28.4429   43.8634   23.3452   88.2043   76.6616   19.7231   27.074   38.6005   77.4919   12.8062   25.2389   59.0339   19.2354   0   53.7787   77.7789   50.8894   75.4003   46.3883   77.7197   43.1842   44.1634   34.4331   91.231   73.1638   84.6421   27.1529   50.6163   40.4558   69.0162   36.8035   44.2132   49.1361   81.5733   49.3246   57.3311   63.0838   67.3094   42.3311   87.2648   69.0429   94.7006   84.5065   41.807   43.9258   34.0416   88.1774   58.803   52.0135   91.1768   63.8885   59.1774   65.0109   53.7648   65.482   52.9194   98.0686   96.3772   65.6005   86.884   66.0971   85.2624   
43.4166   42.0595   91.3017   60.0083   63.0635   76.1577   73.9256   69.857   14.3178   28.4605   47.4236   114.586   102.591   48.5489   11.7047   6.32456   82.1523   44.3847   54.0833   87.4586   34.0588   32.28   0   102.419   82.4679   76.4115   64.5829   83.8449   64.3766   72.9893   54.8897   97.7335   88.5513   97.3219   54.0339   69.8245   31.8114   100.595   56.0238   65.5941   81.4161   108.023   68.5969   86.8542   84.6195   39.5183   74.2268   113.738   77.675   120.059   90.5224   35   63.1275   52.6197   107.733   87.6288   71.0357   104.95   57.7783   79.7141   92.4145   75.3043   96.0692   71.0181   99.0711   96.0805   33.3246   95.555   75.2016   93.5856   
44.5982   51.6236   18.3848   56.4358   38.0132   19.0263   20.2237   29.1548   75.6637   77.1751   41.3401   27.2029   15.2643   44.0114   77.1038   93.4345   54.1202   52.4976   38.8973   16.2788   53.9073   63.561   87.9659   0   55   71.6529   63.4422   63.0172   60.3449   57.0469   62.4149   69.8193   43.0172   57.45   70   94.5564   102.833   66.9902   97.216   91.4137   75.4003   36.198   54.5629   66.4354   44.8403   106.493   79.0322   31.1172   56.8782   38.3889   66.2868   104.498   96.3978   71.3385   24.0711   66.025   57.6497   56.4985   80.8714   50.4218   83.2977   88.1415   64.0595   51.4006   81.2858   88.136   118.848   54.1213   59.9685   71.4036   
30.0167   44.2832   46.8402   61.327   6.08276   36.3593   35.2278   41.0122   57.9396   66.4831   22.2036   52.8015   42.0595   18.3576   58.1808   73.0616   70.0928   24.0832   13   22.8254   36.1386   36.7696   66.888   32   0   78.0714   47.2901   74.4827   44.1927   36.0384   50.6754   84.4646   59.7214   74.6793   46.0067   59.3982   77.1794   45.1666   70.8517   59.45   43.8329   48.6228   38.4107   34.505   30.53   90.955   46.0666   55.4819   58.935   63.8454   77.2535   78.3716   64.4674   45.4138   56.0711   30.4018   42.4596   73.8315   76.2972   44.0689   51.6006   56.2111   41.2643   35.2485   94.2368   101.289   93.8123   71.4543   69.9357   83.261   
38.8973   25.5539   47.5395   2.23607   65   38.2099   37.054   28.0713   48.0937   36.1386   46.0977   81.7435   71.1969   54.5619   51.1566   64.2806   20.6155   60.8769   55.2178   68.3593   42.19   61.4003   62   57.2189   63.0714   0   49.6367   30.8662   55.4187   65.8713   57.638   34.4957   47.0713   39.7581   66.0628   103.28   90.5539   103.443   98.2038   97.2212   101.476   83.7405   58.8531   93.4222   67.7912   65.4564   95.5181   88.0822   42.8102   85.3092   31.2713   94.566   103.915   65.8365   72.2713   88.7215   50.2508   50   39.2036   49.9026   109.811   107.1   96.2699   60.9422   38.2466   40.2603   90.2365   40   35   25.4403   
7.07107   13.0384   42.9535   31.4006   32.311   27.7308   25.4951   23.0868   35.4683   37.6962   12.7279   67.624   55.6058   21.2132   37.2022   53.6004   46.0652   28.3019   21.9545   44.2719   15.5242   32.3883   48.5489   40.4599   31.5753   33.4215   0   49.4929   21   36.5269   30.0416   59.6819   42.0868   53.3284   34.2366   71.856   65.6628   71.648   69.1258   65.7974   68.6624   65.0551   31.2039   60.7332   41.6431   67.014   64.0944   70.7616   33.6815   76.0596   52.4708   70.2596   72.4916   34.4127   62.6884   59.0495   25.8102   59.1818   49.0172   39.8114   76.4624   75.9283   63.3828   28.0416   66.0882   73.6818   80.6004   62.8259   43.0294   58.8619   
38.9487   28.4429   37.9473   10.6301   61.8466   30.0666   29.2746   20.3961   54.231   44.3847   45   72.5672   62.3939   53.4135   57.1402   71.3863   14.3178   60.7454   53.0377   61.3922   44.2719   63.3246   68.469   49.0102   59.0762   10   32.45   0   53.45   65.1664   62.4916   29.2111   39.3961   29.8062   66.1142   103.734   93.4429   103.22   100.128   97.6751   100.743   78.0762   63.6538   89.743   67.6022   73.7025   94.6003   80.1274   42.6155   76.9473   22   99.5294   104.369   66.2903   65.3637   88.4557   56.4408   49   46.0832   54.6026   108.663   105.872   94.3303   60.4916   38.2094   40.1661   98.3863   39   37.6525   30.4031   
5   17.1172   44.2719   36.4005   27.5136   29.1204   26.9258   26.0768   36.1248   40.5216   7.81025   66.5282   54.4885   16.2788   37.4833   53.8145   50.6063   23.7065   17   41.6293   14.4222   29.0172   48.4149   39.6232   27.1662   38.4187   5   37.2022   0   30.6868   28.4868   64.6819   45.0768   58.3284   32.0312   66.3927   64.5608   68.7657   65.8207   61.8188   65.6105   60.8039   23.0711   55.9358   38.4722   68.5188   61.4108   67.6643   38.6815   73.9851   57.4708   68.1886   69.1202   32.3417   61.6594   54.095   28.2462   62.1718   51.5941   36.7631   71.528   70.9939   60.2855   24.9443   70.9732   74.5748   79.2495   60.4689   36.9317   63.8591   
17.1172   31.257   44   49.2443   13.8924   30.5941   28.8617   32.249   46.5296   53.7587   9.84886   58.6003   46.8722   10.4403   47.1699   62.8013   60.3075   19.2354   6.08276   30.6105   24.1661   29.9666   56.8507   33.6155   13.0384   51.1077   18.6815   48.1664   14.1421   0   38.7579   74.208   51.249   67.6753   38.0894   63.4179   69.2622   57.8388   63.6449   59.0966   53.3146   55.046   24.6158   42.3146   30.2066   78.9682   47.8938   62.7253   48.5269   70.1675   70.0835   70.9266   66.01   37.5183   55.8497   43.1778   32.6964   68.0663   63.7114   37.8546   63.9157   64.0208   49.5136   25.4853   81.3573   86.5896   89.8013   65.6891   51.0738   68.5619   
5   17.8045   53.7587   40.4599   29   38.6005   36.4005   35.0143   28.3019   36.0555   8.544   74.9667   62.9682   14.3178   29.2062   45.2769   57.3847   18.4391   18.0278   48.5489   5.83095   20.3961   39.6232   48.4149   30.5941   42.638   12.0416   43.382   9.48683   18.3848   0   71.3996   54.0143   65.37   21.2801   63.2314   55.9696   68.1625   57.1996   63.7264   62.566   69.6063   30.1803   54.8973   46.2029   63.5982   54.8782   75.3215   45.7231   81.6423   64.1885   62.2031   64.3219   32.3417   68.535   53.3977   32.72   71.1093   50.484   44.9708   69.567   69.0329   62.2071   32.6015   77.7507   81.1415   68.2033   66.566   46.4185   64.9444   
52.3259   41.9762   40.0125   21.2132   73.5391   37.1618   37.1214   29.4109   67.0075   55.5428   57.9828   75.0267   66.2722   66.2873   70   83.6002   1.41421   73.9256   65.437   69.0797   57.8705   76.896   81.0987   54.8179   70.1783   19.4165   45.6508   13.6015   50.2494   60.208   56.8595   0   43.9898   28.3693   78.1396   116.642   104.67   110.331   113.7   111.052   112.639   81.6416   70.0165   101.961   74.8265   83.7843   107.224   85.9351   45.259   79.0125   28.2111   108.055   117.746   79.6676   67.4289   95.5659   61.4142   40.6274   55.5933   59.7705   120.661   117.927   101.276   69.1531   28.5797   41.0831   109.525   38.2256   44.6887   23.0554   
34.0147   31.7648   20   28.1603   48.0104   10.198   9.84886   4   59.5063   55.2268   36.6742   53.1601   42.5793   43.9659   61.8466   77.8203   26.9258   52.6308   41.6293   42.0595   42.4264   59.0762   73.5391   29.0172   43.9318   28.6356   27.074   20   30.0666   35.7771   39.0128   27.2947   0   29.6205   60.2929   95.6222   92.5252   84.6525   95.8797   90.6525   85.7328   58.8483   44.7852   76.4326   47.541   83.105   82.577   60.1345   36.4018   58.9535   35.1896   94.895   97.8311   61.3564   44.6356   70.1123   38.1965   38.1172   55.9085   29.6525   94.4661   97.2495   77.6941   44.8568   54   60.1661   104.274   33.0416   33.105   43.318   
45.3542   38.1182   28.0713   23.4307   63.2535   25.0599   25.2389   18.4391   65.307   56.7979   49.7695   63.1981   54.0833   57.6975   68.0661   82.9699   11.7047   65.9242   56.0803   56.8595   52.345   70.6116   79.6241   42.45   59.4138   22.6274   38.3275   12.8062   42.3792   50.4777   50.2195   12.3693   15.6205   0   71.4996   108.772   102.484   99.4681   107.409   104.081   100.597   66.6308   59.3523   91.6757   61.9637   86.1157   96.9086   73.4404   36.1509   67.0377   25.544   107.213   110.775   72.6958   54.2479   85.3317   50.7771   28.1231   58.8895   45.273   107.622   108.583   88.8338   56.19   38.8702   48.3456   109.97   18.1231   47.0208   30.3178   
12.1655   24.0832   59.9083   47.2017   27.8927   44.911   42.7551   42.0119   27.2029   38.3275   11.6619   78.8733   67.0075   12.6491   27.313   42.4382   64.622   13   17.8885   51.0882   8.06226   13.1529   36.4005   53   30.8707   49.4065   19.2354   50.5668   16.0312   20.5183   7.28011   64.0781   46.0109   57.4891   0   57.7924   52.8855   66.4938   49.9565   51.7989   53.4838   71.3847   37.3459   54.6487   49.5576   60.7214   50.0959   82.487   52.9169   84.4557   71.354   54.9599   57.0788   20.4142   75.5576   51.729   40.0002   78.1069   52.7151   46.5576   67.8983   58.0366   58.3038   39.767   84.9162   88.307   68.2096   73.7316   52.9629   72.1099   
50.1199   62.8013   90.2718   86.0233   39.3192   77.1038   75.3127   77.4919   53.6656   70.4911   44.9444   97.1236   87.0976   37.3631   51.4782   57.5587   102.859   28.7924   40.4475   67.1863   46.2277   27.5862   51.9711   77.2334   45.3982   88.2326   56.7979   89.0674   52.3927   46.5296   45.793   102.421   81.3204   94.7048   38.833   0   55.2997   56.8287   33.3178   23.4031   35.6155   92.8669   65.9608   45.9666   72   91.4894   35.5242   93.7084   90.4794   106.782   109.269   51.0571   26.2111   59.2472   101.304   55.8534   74.2948   112.25   89.5935   79.9697   48.7478   25.9443   58.5933   68.3399   121.489   123.963   82.1402   108.517   87.4302   110.064   
45.2217   49   94.2444   70.0357   57.3847   79.0569   76.844   74.5252   25.0799   42.19   46.5296   113.225   101.514   44.8219   21.9317   20.2485   91.351   38.2099   50.448   84.386   36.1386   25.4558   15.8114   87.818   62.2254   72.1803   51.6624   77.1622   49.98   54.6443   40.4969   90.4489   78.4474   87.0517   34.8855   38.0132   0   87.1163   44.2664   51.1361   67.3273   106.27   70.402   73.2719   84.4432   55.3297   58.2719   110.901   84.6155   119.341   99.1622   23.2426   48.3883   52.4819   108.477   83.9017   73.217   110.62   66.5461   81.4432   86.7609   63.9574   89.4166   72.8231   109.833   105.093   46.6469   104.178   82.1421   97.6206   
53.6004   68.6804   68.6003   87.2067   24.3516   60.8769   60.1082   66.7083   76.3217   88.2043   45.3542   62   54.7449   38.3275   75.6637   88.0568   95.901   38.2099   35.171   35.7351   57.2189   49.4773   81.7435   50.9902   26.0768   89.0056   56.648   85.1469   51.8652   38.0789   52.6118   96.0469   69.3542   84.9588   50.01   41.7732   72.4983   0   68.0398   56.638   46.3059   71.607   60.6946   42.5242   53.5366   109.26   48.8444   68.2832   84.8661   76.7551   103.33   86.1196   67.9843   67   75.0613   37.9398   68.5364   98.3491   100.194   70   33.1529   60.6006   33.8167   61.3253   119.436   124.669   114.513   95.9719   88.0069   106.641   
48.0521   58.1808   93.2631   81.3941   46.0977   79.0063   77   77.5242   43.4166   60.959   45.0444   104.785   93.984   39.2046   40.8044   44.3847   100.245   30.2655   43.7379   74.7329   41.7852   22.8035   39.2173   82.4621   52   83.6301   55.109   86.0349   51.4782   49.4975   43.1741   99.6243   81.4985   93.3916   35.9026   14.3178   24.3311   54.037   0   33.4018   49.9333   100.623   68.8061   60.2845   79.704   75.4837   49.5332   101.347   88.7905   113.2   107.241   35.0238   28.0623   50.7131   105.347   70.1712   74.817   113.619   80.4003   81.9809   63.0656   40.2621   72.8556   71.6303   117.883   119.181   62.0116   109.618   88.4099   107.996   
44.2832   56.6127   86.0233   79.8812   36.4005   72.4431   70.5762   72.2772   47.4236   64.1405   39.5601   94.921   84.4808   32.3883   45.31   52.1536   97.0824   23.5372   36.0139   64.846   40   21.2132   46.3897   73.8241   42.45   82.0975   51.0784   83.1865   46.8188   42.0476   39.8246   96.6075   76.1577   89.1964   32.7567   6.40312   33.1361   42.638   11.4018   0   42.0187   91.0727   61.9897   49.2062   68.2398   82.195   40.2127   91.6498   84.7599   104.022   103.472   46.4256   24.0623   46.3847   97.8952   59.4462   69.32   108.372   84.6531   76.2756   50.0147   32.3474   59.8044   63.9063   117.034   117.59   70.6118   103.543   83.7505   104.228   
46.4004   61.2944   76.6551   82.9759   24.3516   65.3911   63.9766   68.2642   61.5224   75.9605   38.9487   78.4474   69.2604   30.4795   60.208   70.4557   96.2133   25.4951   30.6105   49.163   46.5188   33.1361   64.2806   61.4003   29.8329   85.0412   51.6624   83.5464   46.6905   36.0555   43.566   96.0469   71.6938   86.5332   38.4838   20.6155   53.1601   21.2132   33.0151   21.6333   0   78.0937   57.6521   30   60.0595   97.404   34.0554   79.6008   82.5445   90.183   103.101   68.0389   43.5862   55.1618   85.4714   42.0907   65.714   102.863   91.1719   70.8722   29.1529   37   43.8403   58.5029   116.814   120.157   86.8011   100.352   83.6222   104.007   
50.6063   59.5063   27.4591   66.1891   37.6431   29.0172   30.0167   39.0128   81.8352   84.9706   45.9674   21.6333   10.4403   46.8722   82.9759   99.0858   64.2884   54.5894   41.3401   10.0499   59.5483   66.5733   93.3488   10.198   31.6228   67.0671   47.5079   59.0762   45.8039   37.0135   53.8145   65   39.1152   52.6308   57.3847   76.6877   91.6079   45.607   83.5703   74.0405   59.0762   0   58.9354   65.2598   46.2853   114.125   77.6894   29   67.0762   31.1327   74.3048   107.358   96.0277   74.5318   30.2127   56.0135   65.609   66.4894   90.6643   57.065   78.76   87.7714   62.1182   61.5987   90.505   98.0366   122.018   64.1123   69.9595   81.2616   
11.1803   24.0208   41.5933   41.6773   21.4709   27.0185   25   26.5707   42.2019   47.5395   7.28011   60.8276   48.8365   13.6015   43.2782   59.4138   53.6004   22.3607   12.0416   34.8855   19.8494   30.5941   53.7587   34.4093   20.3961   43.566   11.1803   41.0122   7.07107   7.61577   14.1421   53.4135   30.3645   44.2945   18.7883   50.9608   53.6656   45.6946   52   45.8912   42.638   39.6989   0   48.8281   35.6525   74.6992   55.5095   65.5265   44.8619   70.1424   63.0122   72.4011   69.9534   38.522   55.8246   46.0161   33.3734   62.6657   57.7745   35.1327   68.8507   68.3166   54.1141   26.1623   77.1415   81.1783   82.3455   57.6293   44.0028   67.3814   
40.7185   55.9464   66.0984   76.2758   14.4222   55.4707   54.2033   59.203   61.0737   73.6817   32.6497   67.6831   58.3095   24.6982   60.2993   72.5328   87.7838   23   23.0217   38.2099   42.9535   33.9559   66.2193   50.4876   19.3132   78.2368   44.9444   75.743   39.9625   27.5862   38.8973   87.7268   62.426   77.6209   35.3553   29.9666   57.2451   15.5242   40.3609   29.2062   11   48.0937   34.8281   0   49.7805   94.7757   39   67.0353   74.9558   79.2264   95.5124   75.3847   53.2684   49.2345   71.5587   29.1803   58.1253   92.9429   87.3127   63.2835   32.8114   48   31.6619   50.9142   108.943   113.858   91.5572   90.4222   76.8942   96.1481   
26.8328   38.4708   34.7131   51.923   17.72   23.8537   22.8035   29.2062   57.6888   62.9365   21.2603   46.4004   34.6699   22.3607   58.6003   74.5185   58.4123   30.6757   17.088   19.2354   35.2278   42.0595   68.6804   21.8403   12.53   53.4509   25.4951   48.3011   22.4722   12.2066   29.4109   58.6003   31.8277   47.4236   32.5576   56   66.8506   37.5366   60.6383   52.2398   42.0595   24.8395   15.6525   31.7805   0   89.5431   56.1947   48.8329   53.6431   55.9722   65.8652   82.8469   76.1047   49.6497   45.9114   42.9317   36.8126   61.3259   70.6502   41.8885   63.0435   67.6118   52.8701   29.6015   84.2612   88.45   97.6142   58.8406   54.8782   71.455   
46.5188   38.2099   88.5268   48.7032   72.5672   74.2496   72.1388   65.9469   18   14.3178   53.1413   116.606   104.623   57.2713   19.2354   18.3576   70.8802   56.0803   62.0967   92.5743   38.8973   46.2709   20.5183   89.4036   75   50.2892   49.0918   58.6941   51   62.9682   44.5982   69.6419   69.029   71.1126   44.7214   70.2282   36.2353   94.2603   58.5918   64.195   79.404   96.566   57.6975   79.0569   73.3485   0   87.7731   116.662   73.2461   122.982   79.2561   55.5183   83.6458   65.1356   110.287   96.3512   73.8595   96.1192   42.6356   81.2868   106.297   93.4643   100.908   73.9416   81.4831   78.0078   45.3576   86.1192   68   75.7295   
40.3113   54.6717   75.8024   77.0779   24.0208   63.3246   61.6847   64.8845   52.7731   67.6757   33.6006   81.6088   71.5891   25.2389   51.3517   61.4003   91.8096   18.4391   26.9258   51.6624   39.1152   24.3311   55.2268   62.0322   30.0666   79.2086   46.2277   78.6003   41.4005   32.8938   36.8782   91.526   68.542   82.7647   31.0644   15.5242   44.2719   28.8444   25.4558   14.2127   9.05539   61.1882   38.4708   15   41.1947   70.5762   0   79.27   78.7602   92.321   98.6985   56.5441   38.2749   51.4787   86.0072   44.1803   61.9296   99.2045   83.7683   66.9245   38.2083   30.7047   46.6271   54.7185   112.316   114.809   77.8905   96.0562   78.3322   100.256   
56.3028   65.9242   33.541   73.171   40.2492   36.0139   37.0135   46.0109   87.4185   91.2853   51.0882   18.6815   10.7703   51.0882   88.4081   104.35   71.0634   58.2495   45.4533   11.6619   65   70.6045   98.4937   17.1172   34.4819   74.0608   53.6656   66.0681   51.6236   41.7253   59.203   71.8053   46.0977   59.439   62.2415   78.4474   95.901   44.2832   86.3308   76.3217   59.8415   7   45.2217   49.0306   29.8329   102.577   62.9365   0   71.3877   31.8114   81.2873   111.574   98.6339   76.2254   34.1246   61.855   65.0656   71   97.0185   56.5216   77.4361   90.3776   59.2099   59.4343   97.505   105.037   127.406   71.1089   76.0167   88.2597   
25.7099   20.6155   31.1448   20.025   46.0977   18.3848   16.7631   8.60233   48.4665   43.8634   30.4138   62.7694   51.5461   38.5876   50.9215   66.7083   28.0179   46.5188   37.6431   47.1699   33.0151   50.9902   62.6259   36.8782   43.2666   21.2132   18.6815   15.8114   22.8473   32.5269   30.5941   27.8029   11.4018   19.6469   37.855   75.2396   68.469   69.3397   73.7564   69.6419   68.2495   46.3897   25.6125   60.1082   32.6956   57.6281   63.8122   53.3385   0   68.6137   37.8114   88.1758   91.1304   53.0516   56.0374   69.5002   31.0294   41.4764   46.6138   31.8661   92.9196   93.3027   79.7266   46.7231   51   55.9775   93.7083   37.77   23.8102   45.2036   
62.2896   68.8186   25   70.8802   52.6308   34.0147   35.7771   44.0114   93.3381   94.3027   58.8218   10.4403   5.09902   60.8276   94.7945   111.126   64.0312   68.942   55.4617   25.02   71.5891   80.5295   105.646   17.6918   46.5725   71.3092   58.0517   62.1691   57.3149   50.6063   66.0681   65.0077   42.72   53.0377   70.4557   91.7824   105.152   59.8415   98.3514   89.0225   74.1687   15.1327   52.0096   63.1981   38.4708   106.827   76.2955   15.8114   52.3927   0   77.9096   121.314   111.015   87.513   35.3178   71.1463   66.2494   65.6815   96.4247   62.9157   88.2579   100.843   68.0094   65.0408   91.1968   100.201   134.271   66.1868   74.9569   83.3555   
45.1885   35.3553   36.3456   16.5529   66.4831   31.3209   31.0161   22.8254   61.2046   50.9215   50.774   71.4493   62   59.0762   64.1249   78.2624   7.61577   66.7308   58.258   63.2456   50.9608   69.8928   75.4255   49.6488   63.2535   15.2643   38.4708   7   43.0465   53.0754   49.7695   7.2111   21.1896   8.544   57.0088   95.2575   84.1487   89.202   92.6553   89.4707   88.8651   59.8415   46.2277   80.6226   51.8652   65.192   84.3149   66.7533   20.6155   61.2046   0   104.367   110.609   72.5302   62.7919   88.6651   51.6449   36.6671   53.0832   48.2053   113.434   112.872   96.4092   64.734   34.7813   47.1661   105.262   26.6671   40.1359   29.831   
47.2969   52.0865   96.1665   73.5459   57.28   81.0432   78.848   76.9415   29.0689   46.3249   47.927   113.991   102.396   45.4863   25.9422   24.1661   94.6414   38.2884   51.0392   84.8116   38.4708   25.807   20   89.0056   62.3699   75.71   53.9351   80.399   51.923   55.5698   42.45   93.771   80.895   90   36.4005   35.0571   4.24264   71.1196   21.0238   30.5941   51.264   92.358   55.1543   56.0803   67.7422   40.4599   42.5441   96.4002   71.1758   106.174   87.367   0   49.0689   52.8469   110.979   84.0312   75.17   112.652   70.7887   82.9582   80.417   59.4166   87.7422   74.8984   110.831   109.336   38.0907   106.51   85.2286   101.15   
51.264   62.7694   94.0053   86.093   44.3847   80.3057   78.4092   79.8311   50.4777   67.8012   47.0744   102.786   92.4446   40.1995   48.0208   52.3927   104   31.257   44   72.7324   46.1411   26.9258   47.1275   81.8841   50.448   88.3233   58.1893   89.9611   54.1202   50.01   46.6154   103.47   83.7437   96.4624   39.3954   7.2111   32.3883   48.7955   8.06226   8.06226   27.5862   82.0061   53.6004   36.3593   60.2993   66.2118   21.4709   84.1546   76.844   97.0155   96.3846   29.0689   0   54.447   105.86   63.0645   77.1312   115.926   88.4626   84.2618   55.9589   33.1554   65.8044   71.8924   124.015   123.303   67   111.23   91.0519   111.208   
13.3417   25.4951   60.6383   48.6004   27.2029   45.7056   43.566   43.0465   27.8927   39.4588   12.083   79.0253   67.2012   12.083   27.8568   42.72   65.9242   11.7047   17.4929   50.9902   9.43398   12.0416   36.6197   53.3385   30.4138   50.8035   20.3961   51.8941   17   20.5183   8.544   65.3911   47.0425   58.6941   1.41421   37.4433   34.4819   49   34.7131   31.3847   37.1618   57.4891   19.3132   34.2345   32.6497   45.5412   29.6816   62.2254   39.0512   70.7248   58.3095   35.8469   38.0789   0   75.1378   51.1629   41.264   79.1415   54.0871   47.9719   66.3148   59.4508   59.718   39.4722   86.0923   89.4832   69.6238   74.9077   52.2491   73.2861   
49.4065   54.8179   13.4164   56.7539   45   19.6977   21.4709   29.7321   80.0562   80.2122   46.9574   24.6982   14.0357   50.2892   81.6884   98.0816   51.6236   58.9406   45.3542   22.4722   58.8218   69.6419   92.8009   7.07107   39.0128   57.2713   44.5982   48.3735   44.4072   39.8497   53.535   52.469   28.6356   40.1995   58.5918   84.1487   93.4773   57.7754   89.0505   80.6226   68.469   14.2127   39.8246   57.5587   28.4429   92.957   69.0072   20.1246   38.0789   14.3178   48.0104   94.8472   88.6848   59.0339   0   69.4146   51.8782   47.9531   82.0955   51   83.2604   95.1283   69.0408   50.7151   78.7892   88.5396   121.738   54.6032   60.64   70.5173   
39.4588   54.3415   56.4624   72.45   10.0499   47.2017   46.2277   52.345   64.5368   75.0067   31.257   56.5155   47.1699   25.0799   64.2884   78   81.4678   27.313   21.095   27.074   44.0454   39.8246   71.6938   40.025   11.4018   74.2428   42.0595   70.4557   37.3631   23.4094   39.0128   81.5659   55.1725   70.7107   37.4833   40.8534   64.6375   14.7648   50.2195   39.4462   22.0907   37.0135   31.0161   11.1803   23.4307   82.201   25.4951   37.855   54.6443   52.0865   74.6525   64.0312   46.9574   36.6742   47.0744   0   53.8613   84.6348   86.0357   55.4706   41.8254   56.1998   26.1231   46.6502   104.767   108.888   98.3547   82.2714   71.2451   91.9713   
13   19.9249   36.0555   34.0147   29.4109   20.8806   18.6815   18.4391   43.1856   45.1885   14.3178   59.8164   47.8017   21.9317   44.8219   61.2209   45   30.3645   20.6155   37.108   22.3607   37.0135   56.0357   32.6497   27.313   35.7771   7.81025   32.5576   8.24621   15.6205   17.72   44.8219   22.3607   35.7771   24.1868   59.1354   58.1893   53.2353   59.2115   53.8516   51.225   39.8246   8.60233   43.1856   19   56.8595   47.0106   46.0977   17.0294   50.2494   37.6431   60.1664   61.3922   25.0799   36.8782   38.4708   0   54.5341   49.5106   26.544   75.9508   76.6039   59.5523   24.2111   66.7549   70.4314   85.9234   53.9002   32.7883   53.9487   
51.0098   46.8402   18.6815   35.3553   63.5295   22.4722   23.7065   21.095   74.6324   67.7422   53.7587   53.0377   45.1221   60.8769   77.201   92.6984   21.2132   69.6348   58.1893   51.614   59.1354   76.1643   88.8876   35.8469   58.8303   34.7131   44   24.7588   47.1699   52.2015   56.0089   22.3607   17.1172   12.2066   63.0714   98.2344   94.8947   83.0963   98.6154   93.1719   87.6641   45.618   47.2969   77.8974   46.3249   81.9878   85.0941   52   26.4764   43.2897   20.5913   97.5141   100.807   64.1249   31.9531   69.6348   39.4588   0   70.8421   46.7697   107.365   112.082   91.7154   61.974   48.3787   58.4474   119.698   29   50.2222   40.4197   
30.5941   16   61.7171   20.3961   60.0167   48.5489   46.6476   39.2046   26.6833   14.3178   38.833   92.5905   80.9568   46.1736   29.8329   42.107   42.7551   49.6488   49.0306   72.5672   28.6531   46.0109   40.1123   65.7951   60.208   22.2036   29.0172   30.0832   33.0606   47.1699   31.9531   41.5933   41.7732   42.4853   36.7151   73.5935   51.5461   84.1724   66.4003   67.2086   75.1332   74.3303   40.0125   70.8378   54.3323   28.6356   67.7422   80.9568   30.6105   82.365   36.6879   55.3624   72.2496   38.0789   68.0955   70.0357   35.5106   53.535   0   58.4969   101.423   94.7517   90.6635   56.0488   60.4502   61.5601   69.107   60.6084   40.8035   47.6439   
21.5407   26.0768   27.5136   34.5254   32.6497   12.3693   10.198   12.2066   51.225   51.6236   22   52.6972   40.8167   28.6356   53.0094   69.4046   41.0366   37.4833   26   33.0151   30.8707   45.1774   64.3506   25.5539   29.0689   35.9026   15.8114   30.4138   16.7631   20.1246   26.2488   41.1096   15.6525   30.6105   32.5576   65.9697   66.7308   55   67.0298   61   56.0803   33.8378   15.1327   47.0106   17.8885   64.0312   52.9245   40.5216   14.8661   42.8019   34.2053   68.6804   68.7314   33.3766   29   40.4599   8.544   32.28   40.4969   0   79.822   82.778   66.2041   32.7551   64.3964   70.5799   94.4521   42.4591   38.6763   54.4554   
56.356   71.5542   79.2023   92.0869   29.6985   69.8928   68.8186   74.411   74.2428   88.0738   48.3735   75.0267   67.3647   40.2492   73.0616   83.6002   103.247   37.108   38.833   47.8539   57.8705   46.0109   77.4145   62.2977   33.6006   94.0479   60.7454   91.4385   55.7584   43.2782   54.231   103.238   77.4661   92.8493   50   31.6228   66.2193   13.1529   45.1774   34.0147   13.1529   57.8705   50.6063   15.8114   46.0435   92.1954   22.2036   57.0789   75.743   72.4431   96.1769   64.195   38.833   48.7647   69.2604   22.8254   58.8982   92.358   86.1626   62.2896   0   44.8035   35.2485   66.7254   124.635   128.809   99.954   104.749   91.6865   111.84   
51.225   65.0538   87.2983   87.8635   35.1283   75   73.3757   76.5572   59.4643   75.5844   44.9444   91.2195   81.7435   36.7151   57.5674   65.123   103.247   29.2062   38.6264   61.6604   48.9183   31.7648   59.3043   73.0274   41.0488   90.0278   57.4282   89.8721   52.6972   44.5982   47.4236   102.927   80.2309   94.3663   41.0366   8.94427   46.0977   33.6006   23.0868   13   13   71.4493   50.0899   23.5372   52.6118   76.6551   11.7047   72.5672   75.2928   86.5794   95.7183   43.4166   16.1245   39.6232   80.0562   34.7131   58.5918   96.7988   77.201   64.622   22.8035   0   55.1991   66.4232   123.516   126.153   81.5073   107.081   89.629   111.169   
43.566   58.4637   59.0339   76.4853   14.1421   50.448   49.5782   55.9732   68.2495   79   35.3553   56.7186   48   29.0172   67.9117   81.3449   85.1469   30.6757   25.1794   28.0713   48.0104   42.9535   75.0267   42.0595   15.2643   78.2624   46.1736   74.3303   41.4849   27.5136   43.0465   85.276   58.6941   74.2765   41.3038   41.5933   67.4166   10.8167   51.8556   40.8044   21.8403   38.1182   35.1141   11.6619   26.8701   85.9884   26.6271   38.2099   58.5235   53.0094   78.4092   66.6108   48.0208   40.4475   49.0408   4.12311   42.4853   72.8011   74.1485   44.2041   20.2485   34.7851   0   50.5128   108.6   112.917   100.354   84.7107   75.2736   96.0755   
13.6015   25.0799   38.4708   41.1461   22.2036   24   22.0227   24.1661   44.8219   49.3356   10.4403   57.9828   45.9674   16.2788   46.0109   62.2254   51.8556   25.1794   13.8924   32.6956   22.6274   33.7343   56.6392   31.4006   20.2485   42.9418   12.0416   39.6989   8.94427   8.48528   17.0294   51.7397   27.8568   42.19   21.9317   53.6004   56.7979   46.0652   55.0091   48.6621   44.4072   37.0135   3.16228   36.0694   13.6015   59.9416   40.7185   42.72   24.0416   49.0408   44.5982   58.3095   56.4358   22.4722   36.7151   31.305   7.2111   44.643   41.0488   12.3693   51.7397   52.3927   35.3412   0   73.966   77.6425   85.2327   54.8284   39.9994   61.1598   
57.2014   44.7214   51   21.5407   81.0555   47.1275   46.8188   38.4838   66.7533   53.0377   63.7809   86.0523   77.1622   72.2496   69.8713   82.0061   12.1655   79.2023   72.1388   79.0569   61.2944   80.5295   80.3057   65.307   78.2368   19.3132   51.0882   19.2094   55.9732   67.3573   61.2944   11.0454   37   23.0868   68.2642   107.07   91.2195   104.293   102.883   101.02   102.552   75.505   60.1415   94.921   67.2309   66.4831   97.3088   82.3772   35   76   15.8114   94.8314   107.424   69.6419   63.2851   89.627   51.7397   33.3766   40.1995   49.3964   110.635   108.407   93.4773   58.8982   0   27.2801   109.006   41.2099   51.0588   32.8062   
60.1415   46.6154   58.0345   23.4307   85.4459   53.3667   52.8867   44.2719   66.2193   51.2445   67.2086   93.1343   84.0536   75.6902   69.3758   80.399   19.4165   82.134   76.0592   85.1645   63.2456   82.3772   79.2465   71.8471   83.006   21.2603   54.4885   24.1661   59.4643   71.6101   63.8905   18.2483   43.1741   30   70.6045   109.403   91.0934   109.078   104.317   103.228   106.151   82.0366   64.2028   99.0202   72.45   64.0078   100.449   88.955   39.8246   83.0241   22.2036   94.8683   109.293   72.0069   70.1142   94.3398   56.0357   40.6079   39.5601   54.5619   114.809   111.288   98.27   63.2456   7.28011   0   107.399   48.1231   56.2603   35.0278   
58.2495   57.2451   106.471   74.3303   75.452   91.3017   89.0674   85.0882   29.4109   41.1096   61.6198   128.973   117.034   61.7171   26.9258   12   96.6282   56.3028   67.3573   101.178   48.8262   43.566   15.2315   102.616   79.8123   76.2365   63.6318   83.1865   63.2456   70.7107   54.2033   95.5249   88.7694   94.5939   50.2096   57.1402   19.6469   91.9239   43.0116   52.6118   72.8011   107.564   68.2495   76.5572   82.7587   29.4109   63.8905   112.432   77.8332   120.254   90.0944   22.0907   51   50.2096   107.648   83.3547   71.0211   104.043   54.0833   79.404   85.8662   65.4905   86.3539   71.218   94.0053   92.3472   0   110.641   90.3872   100.545   
43.566   37.6563   24.1868   25.4951   60   21.095   21.4009   15.2643   65.2534   57.8014   47.4342   59.3043   50.04   55.1543   67.9117   83.1685   15.8114   63.5689   53.2353   52.8015   51.0392   68.884   79.555   38.3275   55.9732   25   36.4966   15   40.2616   47.5079   48.5077   16.4924   12.0416   4.12311   55.7315   92.358   86.2844   81.3449   91.5915   86.977   83.5284   48.5077   41.6293   74.4043   43.8406   72.0694   80.0562   55.3173   18.0278   49.0918   12.1655   89.0898   94.3716   56.8859   36.1248   67.2086   33.2415   10   43.566   27.4591   89.4986   91.7061   70.7107   39.3573   27.1662   34.0147   94.6414   0   41.838   34.4409   
23.3238   14.1421   38.9487   15.2315   48.0208   25.9422   24.1661   16.4012   41.7612   36.1248   29.7321   70.2638   58.8727   38.2099   44.3847   59.808   29.7321   45.2217   38.4187   53.0094   28.8617   47.7598   56.0446   43.9659   46.0977   17   17.0294   15.6525   21.9317   34.1321   27.7308   29.1548   19.105   24.0208   34.9285   73.4302   63.0317   72.0069   70.5195   67.5352   68.593   53.1507   26.6271   61.4003   36.8782   50   63.2535   60.0167   7.81025   59.9333   22.1359   66.0076   74.3236   36.2491   45.618   57.2451   18.7883   32.8938   22.8035   20   77.201   74.4043   61.2699   25.9422   34.0588   37.6431   71.1688   23.5372   0   42.4403   
44.9444   33.5261   41.7732   12.1655   68.2495   35.5106   34.9285   26.2488   58   46.5725   51.225   76.7919   67.0671   59.6657   61.0082   74.5453   10.198   66.8506   59.397   67.1863   49.7695   68.942   72.0625   54.231   65.4599   10.4403   38.6005   6.40312   43.4166   54.5619   49.2443   9.05539   25.318   14.3178   56.356   95.0158   81.6149   91.526   91.5478   89.0674   89.8721   64.3817   47.3814   82.134   54.5894   60.7289   84.8116   71.3442   22.2036   66.4831   5.83095   85   95.7079   57.7062   53.0377   76.844   38.9487   26.4197   32.5576   36.7151   97.8366   96.0208   80.7094   46.0977   12.8062   18.0278   86.4696   17.72   21.6333   0   
