15
50
999999 8 14 10 11 11 14 11 9 15 15 17 15 6 14 12 13 8 11 10 12 12 16 15 9 7 14 10 5 14 10 9 13 10 8 10 12 12 12 13 9 8 7 12 12 8 11 17 7 17 
0 1 4 6 1 8 13 1 5 8 12 2 6 1 10 10 8 5 10 3 6 8 9 10 5 2 11 7 2 11 4 6 7 5 6 2 1 4 7 12 6 2 6 11 11 1 2 10 3 1 
20
0   0   0   0   0   0   0   0   0   0   0   0   0   0   0   0   0   0   0   0   
0   0   0   -3   0   2   1   -1   0   0   -1   4   0   0   -1   2   3   -3   -3   -1   
-9   8   -12   11   -13   9   -6   5   -13   5   -5   8   -14   10   -6   10   -14   7   -9   9   
0   -4   -2   -3   2   -1   6   -3   2   -2   0   -5   1   1   2   2   3   0   6   -1   
5   -7   5   -2   5   -7   0   -11   4   0   6   -5   -1   -11   6   -7   8   -4   7   -8   
0   -2   4   0   -1   5   -1   7   -3   2   -3   -2   3   0   -6   0   0   0   -3   0   
-5   0   -4   6   -3   11   -3   11   -4   1   -5   2   -12   0   -6   3   0   5   0   2   
-1   -3   -3   -1   0   -2   -1   2   -3   0   -2   0   -5   2   -6   3   -5   2   -4   11   
8   -3   4   -5   -2   0   5   -4   2   -4   5   -5   3   0   2   -5   2   -6   6   -7   
-10   11   -14   13   -11   6   -4   11   -9   11   -10   5   -5   2   0   13   -6   12   -9   11   
-9   6   0   4   -5   15   -14   4   -5   -1   -6   -4   -6   10   -8   0   -5   -3   0   5   
5   0   1   -5   8   -3   0   -9   5   0   0   -5   9   -1   4   -4   4   0   -1   -4   
15   -9   9   2   12   0   7   -6   6   3   9   -7   2   -6   6   3   13   3   0   -4   
0   2   -2   0   -5   3   -1   3   -1   0   -1   1   -3   1   -1   2   -5   4   -1   -1   
-7   5   -7   3   -3   9   -5   0   -4   3   -14   11   -7   5   0   14   -7   1   -7   0   
0   -1   -4   -2   5   4   -9   0   -1   0   3   1   -1   4   1   -2   -1   6   -3   5   
4   -2   0   -7   6   -2   3   0   4   1   3   3   6   0   -2   4   1   -7   -7   -5   
-1   3   1   5   0   1   0   3   -5   0   3   3   -4   1   -4   0   -2   3   -1   3   
7   -3   2   -1   1   -3   3   0   1   0   4   0   0   2   2   0   3   -5   2   -2   
-4   0   1   -5   -1   0   -8   1   0   0   -2   0   -3   2   0   -1   -5   -3   0   0   
-11   10   -4   6   0   8   -10   6   -3   0   -11   9   0   9   -3   1   -3   5   4   8   
4   4   -3   12   5   10   0   -1   -6   7   4   -1   4   0   -5   5   0   2   -5   -3   
0   9   -5   5   -15   6   -10   0   -4   1   1   14   0   6   -14   4   -10   4   -3   2   
-7   1   -8   -3   -5   4   0   4   0   10   -1   1   0   7   -9   12   -10   6   -13   3   
1   -5   0   -3   0   4   2   -1   3   -1   -1   1   3   0   0   -3   2   0   6   0   
0   0   5   -7   5   -4   1   -3   3   0   5   0   3   -2   3   0   0   -3   1   -2   
-3   4   -2   -6   0   0   2   4   7   4   1   -3   -4   -1   5   0   3   -1   0   0   
0   -5   1   -1   0   0   3   4   -1   -4   2   3   1   -1   1   0   0   0   0   -2   
-1   0   0   0   -1   0   -1   1   0   0   -1   2   0   1   -1   1   -2   0   -1   1   
-7   8   -7   1   -4   9   -4   6   -9   0   -7   -5   -5   5   -6   2   -2   5   0   1   
5   -9   5   -8   7   -7   3   -6   6   -8   10   -6   5   -8   6   -7   1   -4   6   -9   
1   2   -2   3   -2   -7   -2   -2   1   -2   0   1   -1   1   -4   2   4   -5   7   -6   
1   -8   7   -3   5   -6   1   -1   -2   -3   -4   0   3   1   6   4   2   0   4   0   
0   -2   4   0   0   -1   -1   -5   3   6   -1   4   0   1   3   -3   0   -2   0   1   
-4   7   -5   5   -5   5   -6   2   -6   6   -5   8   -4   5   -6   2   -3   5   -6   6   
-3   6   -4   2   -5   7   -6   5   -4   9   -2   0   -3   -1   1   2   -5   1   -9   5   
2   8   0   1   -3   5   -3   2   -2   4   -9   0   -2   10   2   2   -8   -1   -4   0   
0   3   2   1   1   0   -1   -1   -2   -3   4   6   4   -1   0   3   0   1   4   0   
-9   4   -4   4   -2   -1   -10   8   -2   5   -4   7   -6   6   -7   10   -12   7   -10   7   
1   -7   6   -5   0   -7   7   -2   8   -2   4   -5   2   -7   0   0   4   5   9   -3   
-6   -2   -8   7   -6   4   -3   3   -1   -2   -3   2   -2   7   -2   4   -5   4   -4   6   
3   -4   0   1   1   0   0   -2   1   -5   0   -2   1   -3   0   1   0   -1   -1   -4   
-4   3   -5   5   -5   7   -3   4   0   7   -6   5   -6   3   -1   3   -2   2   -1   5   
4   -3   -2   -2   -2   8   0   -4   7   2   -2   4   3   -2   6   2   -2   -8   2   -2   
-4   7   -6   0   -5   9   2   0   -1   5   -3   4   -5   12   2   2   -6   0   -2   1   
5   -6   5   -3   7   -5   2   -8   8   -5   6   -5   4   -2   3   -6   1   -3   7   -7   
0   -3   -3   3   0   -1   -3   0   -2   5   3   4   0   1   -1   1   -3   2   -3   5   
7   -13   0   -3   7   1   1   -1   12   0   6   -7   -6   -1   2   -8   3   -7   15   -4   
-5   0   0   3   0   -2   1   1   -1   0   0   -1   2   -1   -3   -3   -1   0   2   0   
-10   8   -6   9   -9   10   -10   15   -13   13   -12   12   -6   11   -15   12   -12   12   -9   12   
0   41.5602   63.1045   56.8617   47.8617   59.5502   49.257   30.6015   60.051   61.8801   61.0465   65.4149   47.8444   68.2033   62.7647   47.3847   66.3517   81.1355   60.1868   49.4536   77.8024   68.4149   41.1327   36.2354   75.9448   45.1794   59.5601   60.6259   52   64.1396   61.6155   59.4321   38.8537   51.0689   59.107   35.4536   45.9531   60.2041   58.1283   57.1152   43.8994   66.2832   35.2971   63.4149   70.7584   59.2311   48.6155   62.4352   67.1825   42.1868   
14.5602   0   54.5216   60.669   60.107   55.4031   55.4005   42.1555   45.8271   45.2422   72.1679   79.1289   33.6205   61.4204   77.325   43.5029   79.0308   65.9741   53.4697   33.1803   78.0357   80.4119   33.4031   48.587   83.4281   44.0187   42.0799   47.3847   46.6625   65.2839   62.2361   59.2082   40.0278   52.0038   50.0179   23.4031   57.1321   65.4004   63.5216   56.9102   55.4352   53.3209   46.8329   77.9751   85.3186   71.8145   62.8246   46.7648   68.4976   38.1172   
43.1045   40.5216   0   38.9283   61.5527   28.2801   90.3815   70.0188   53.5268   60.724   61.3947   98.6722   50.7697   46.3311   89.085   33.6433   80.2871   55.2099   34.8489   54.7403   109.359   63.8509   49.4316   75.888   63.176   42.9737   62.9289   44.0799   40.3417   32.0312   34.0283   30.8661   72.6982   37.3452   72.7554   49.9353   88.7795   49.0483   94.4883   32.2111   74.0208   79.0008   72.3964   59.0116   75.6624   102.336   49.4131   43.2312   103.138   37.7697   
41.5933   46.669   22.8035   0   45.3209   44.2755   86.0111   69.0741   68.8191   74.6513   39.4307   83.6419   63.7074   62.1135   78.2697   46.0156   62.5431   75.8354   46.084   66.3128   116.36   40.2485   45.131   74.8311   42.318   36.5798   76.7279   60.3986   36.6637   28.2195   25.0623   23.0623   77.4114   26.53   88.8355   58.3113   87.5464   27.2462   89.2861   41.1245   49.1283   94.7166   61.1995   35.2485   49.8617   83.3542   29.2462   66.0347   91.0068   53.8855   
28.8617   42.107   47.5079   31.3209   0   66.4214   63.679   59.4632   82.8599   84.8088   37.4929   56.3275   70.7731   83.008   50.5862   60.6508   43.0217   94.9993   66.3241   70.0526   106.664   49.0799   56.9862   63.1861   56.6098   45.8058   83.5117   80.9333   55.6261   54.1209   51.5967   49.4134   67.7155   43.5967   87.9687   56.0526   71.7587   50.2587   67.2015   55.8014   33.8102   90.9932   35.4012   44.0799   56.8329   64.0512   38.5967   87.2415   64.7379   67.3792   
42.2019   37.2156   7.28011   29.2746   50.9902   0   88.2464   68.8863   46   54.8885   67.6952   100.075   49.7707   40.8284   92.5175   33.8284   87.231   49.5753   23.8284   53.9285   108.902   68.1295   42.2029   77.218   69.3397   36.697   52.1838   34.8885   30.8661   38.1948   39.3725   38.1462   73.9181   44.6253   67.679   51.2653   86.007   54.484   95.8184   30.1529   70.448   72.2014   64.6063   63.2443   72.0517   101.394   49.5466   41.0238   99.6378   39.0998   
31.257   36.4005   74.0068   71.7844   49.679   72.2496   0   42.3961   78.7096   73.8218   86.1395   60.489   67.0784   95.7114   76.0833   76.531   89.9458   102.194   89.8703   62.4439   66.6891   96.0065   69.6227   36.8661   103.591   76.4358   71.9893   81.6757   76.131   93.4811   90.5144   87.6466   40.0832   75.4811   75.348   59.8037   30.0711   90.9178   23.1231   88.3491   61.4402   67.7074   52.8378   91.0608   102.015   48.7264   79.8725   83.1653   41.5153   73.4438   
13.6015   16.1555   54.231   55.0727   40.2492   52.0384   20.3961   0   56.8019   55.737   71.6532   70.7695   46.6125   75.5751   71.8777   55.249   75.4595   81.2418   65.249   39.6125   66.0408   81.6298   49.5586   33.0828   89.5391   54.6431   56.2884   61.5395   62.249   72.8793   69.717   66.5547   39.1655   64.5441   59.7696   39.5586   41.2354   73.8014   38.5153   70.6798   46.9539   63.4966   38.3516   77.0163   84.3599   61.7478   62.2169   62.9203   54.5366   47.249   
41.0488   27.5862   36.8917   54.8179   64.0312   30   61.7738   42.8019   0   29.2111   85.4267   106.451   36.2066   48   103.813   44.8035   100.683   45   48.2029   33.2047   85.7862   91.3611   57.7526   65.1699   94.5702   57.054   33.4868   35.8062   54.7131   67.7587   64.5964   61.4342   56.6264   61.0956   45.5407   50.9894   84.0373   82.0641   81.3172   60.1529   77.808   48.7321   73.4707   87.3395   102.052   99.4007   73.3517   35.2956   93.9812   46.0907   
41.6293   27.2947   43.6005   60.407   66.7533   36.8782   58.8218   41.0366   7.2111   0   90.6787   106.424   33.0357   51.9531   104.394   44.6356   104.814   51.1496   53.0588   36.1245   80.5399   98.4897   51.0555   60.6904   101.462   64.2651   28.1623   41   61.9242   72.624   69.4617   68.6453   48.9857   68.3067   37.5602   48.1204   75.2033   85.8606   79.5519   61.5296   82.7299   48.8035   74.1276   94.5506   99.9884   99.1092   77.2939   42.5067   95.5732   51.3059   
43.0465   54.0833   45.1774   23.4307   17.4929   50.6952   67.0075   55.8032   71.007   75.1665   0   68.0096   79.2012   83.7291   51.4005   65.1896   36.2603   96.9185   66.8652   81.8076   120.849   28.0623   59.7905   79.2819   35.5922   50.7498   92.2342   79.3753   53.219   48.0445   47.5567   45.5287   81.9002   41.1896   100.664   69.7902   86.7672   31.4012   84.6944   53.3943   45   100.381   52.8941   23.0623   28.8062   81.109   36.1896   88.4086   75.4401   74.0102   
48.4149   62.1289   83.7257   69.6419   38.3275   85.703   42.0119   49.7695   89.4036   89.3588   52.0096   0   95.7494   114.767   34.2354   92.3369   64.2753   125.318   100.021   89.382   100.87   78.208   81.2271   67.2444   86.2531   84.1334   104.209   109.041   85.0211   92.1089   89.9243   87.7409   78.935   80.4091   100.539   81.8466   66.2195   79.9242   57.3038   94.1289   54.7771   99.7263   56.4683   75.0719   80.8159   29.1655   76.9243   108.894   38.9737   90.6016   
28.8444   15.6205   34.2053   47.8539   52.7731   28.6531   51.0784   31.3847   12.2066   14.0357   61.2944   77.201   0   45.1529   91.6092   39.6918   92.7814   51.6355   46.3488   34   80.0322   82.593   39.0227   56.9793   86.7659   48.5242   30.1529   31.1172   44.7849   64.6486   62.6878   61.5306   45.2746   52.3275   48.2036   39.0236   64.8017   69.6735   69.9   53.4683   70.0833   52   62.382   79.0354   88.0283   87.435   58.0116   39.7631   83.1175   33   
54.2033   44.9222   24.3311   47.0744   68.0074   18.0278   81.3204   61.0328   25   31.9531   68.7095   100.767   31.1448   0   110.545   42.4307   103.271   32   41.8562   54.1189   106.005   86.1572   54.6079   82.8467   86.2531   52.7371   50.8305   30.0357   46.9061   56.2226   57.4002   55.1971   76.4194   61.6763   62.9132   60.9656   95.6928   71.3173   99.5481   48.1807   87.5282   71.0577   82.6341   81.1863   90.0795   113.434   64.5395   31.1327   110.383   49.0167   
48.7647   63.3246   75.0733   57.3062   27.5862   78.5175   54.0833   55.0364   88.6397   90.1388   36.4005   19.2354   76.6942   95.268   0   88.2371   45.4165   120.803   93.9104   88.3305   112.417   57.1856   72.2849   75.311   70.4617   73.3921   102.234   100.284   81.7637   81.7072   79.183   76.9996   83.9267   71.183   104.841   75.257   79.06   67   69.626   83.3876   46.1548   106.56   47.5261   57.9318   65.2068   48.4009   66.183   103.344   58.2091   83.0955   
31.3847   25.0799   16.6433   32.0156   45.6508   12.1655   60.531   40.1995   22.8035   28.6356   49.4975   77.3369   17.6918   23.4307   72.4224   0   85.7578   51.0785   34   39.3238   97.7241   72.2641   35.2047   62.119   73.2713   37.5242   43.1548   30.5602   39.0416   48.2081   46.2473   43.6982   60.2658   45.1794   63.9857   36.0998   74.0085   59.2618   78.7148   37.0278   67.9487   65.6905   65.1248   67.2641   76.0085   90.6158   50   32.2627   93.5775   29   
51.3517   65.0308   65.4599   44.5533   23.0217   70.3278   66.2873   61.4003   86.6833   89.6772   21.2603   38.2753   75.6637   88.1192   19.4165   67.0671   0   114.817   86.1419   91.8041   122.912   48.3311   72.5693   78.2573   55.7328   65.6236   105.483   97.5374   71.3649   67.7401   68.4023   66.789   89.5085   62.4499   108.048   78.0312   90.5913   52.6615   89.0425   74.6546   45.2746   112.142   53.108   44.3225   44.3311   63.4863   57.4499   98.119   77.249   79.7611   
62.3699   50.774   38.2099   60.8276   79.7559   31.5753   86.3308   66.7308   25   30.1496   81.9085   110.318   35.3553   14   106.508   34.1321   100.722   0   54.0832   58.2047   103.14   99.7048   68.6079   90.1699   100.253   66.7371   51.2415   43.3717   60.9061   69.7701   70.9409   69.076   79.1353   75.5552   58.0114   70.0422   100.157   85.3173   105.246   61.7214   96.4209   73.7321   96.1816   94.8196   103.627   121.601   78.5395   40.2094   118.005   63.0167   
40.8044   35.0571   9.84886   31.0644   51.225   2.82843   70.4557   50.1597   27.2029   34.0588   51.8652   85.2115   25.9422   17   78.6448   10   71.1196   30.0832   0   49.311   105.589   70.9579   44.1327   71.0858   72.1681   34.831   53.1548   31.2315   29   41.0233   42.2009   40.7149   68.9285   44.178   61.8615   45.0666   84.0085   57.3124   88.675   32.9814   70.2494   71.4059   67.4348   66.0727   74.8801   99.215   51.6757   42.2627   99.3682   34   
25.632   11.1803   39.9625   51.3128   52.0384   34.9285   44.7214   25.6125   17.2047   16.1245   62.3699   73.2462   7   38.1182   74.3303   23.3238   75.06   41.6293   32.311   0   72.5428   85.214   39   53.0167   91.7694   49.6155   28.9284   38.1172   49.8904   68.3287   65.1664   64.805   44.3607   57.6007   34.9737   29   66.8479   74.2799   64.1278   60.3516   63.4067   44.4131   54.8044   83.6418   91.1761   81.6607   62.618   37.5372   79.678   40   
62.2896   56.0357   95.2575   102.303   88.7525   90.471   43.4166   49.0408   66.0984   59.5399   104.809   84.8528   62.0322   91.0055   97.4166   78.721   108.227   89.1403   87.8465   55.5428   0   129.635   89.4388   66.6542   137.164   100.054   71.2605   93.1495   99.44   119.419   116.257   115.244   59.9487   108.04   59.1774   79.4388   57   121.104   59.566   111.668   94.9938   57.054   87.3924   124.635   133.048   90.4833   109.921   93.08   83.2722   94.1529   
52.4309   62.6498   47.8017   25   27.4591   54.1295   77.0065   65.437   77.3175   82.0366   10   60.208   68.4471   72.0347   43.1856   55.0091   25.2982   85.703   55.7315   70.214   114.477   0   63.6201   88.6663   30.0454   54.5794   96.0638   83.2049   57.0486   51.1059   50.0623   48.0623   91.2846   45.0192   104.494   73.6198   96.7672   41.4012   94.6606   56   55   109.855   62.8603   32   29   79.2884   40.0192   87.2718   85.4401   78.8855   
15.1327   16.2788   28.0179   30.4138   31.0483   27.2029   46.0435   26.6833   32.9848   36.0555   39.6232   60.208   22.0227   40.6079   56.4358   17.2047   53.7587   50.448   26   22.8035   72.0069   47.4342   0   51.3681   66.8394   30.1803   49.0143   47.7649   38.1327   48.7442   45.582   42.4197   53.9865   36.6011   56.7612   33   61.0858   57.66   65.1986   42.5153   48.2947   64.5188   50.4298   59.72   66.2445   74.3638   48.6008   49.4673   81.22   31.6619   
19.2354   21.587   60.2993   60.8276   44.1022   58.0086   14.8661   6.08276   47.1699   44.6878   60.3075   48.7647   36.2491   66.4831   56.1427   46.0977   64.2573   71.5542   56.0803   30.0167   44.6542   70.0928   32.7567   0   95.1802   58.6807   58.9451   67.3664   65.2786   78.8481   75.6858   72.5235   34.7047   69.3578   58.5876   42.0192   27.1529   77.2456   37.9892   75.272   53.0367   51   44.4344   82.6503   88.1095   61.0789   67.8509   67.5539   56.3814   53.3318   
60.1415   68.7968   47.0425   25.318   37.5766   54   86.5332   73.5391   80.05   85.44   20.2485   71.2531   72.45   71.2531   54.0833   57.2713   35.6931   85.2115   56.0357   75.1532   122.43   11.0454   52.8394   78.5684   0   58.0278   99.385   85.0655   59.4868   48.6711   48   48.1361   97.7377   48.4384   108.087   77.2494   105.721   32.0278   104.778   57.0488   62.7772   117.358   70.6972   35.53   33.4018   90.3338   50.5466   88.5527   95.6885   79.2035   
25.1794   27.0185   18.9737   20   30.8058   20.6155   56.4358   37.6431   37.054   41.7732   34.1321   65.192   28.4605   37.2022   58.1378   15.5242   51.6236   49.1935   20.5183   31.3847   83.006   40.3113   11.1803   43.6807   44.0114   0   55.4849   46.0035   19.831   39.1803   36.3576   36.0623   64.0331   32.0499   66.3584   44.1803   70.8336   47.2462   76.1584   28   50.8329   75.6992   55.4631   55.2485   62.9383   84.4104   40.5602   47.7869   83.3246   41.5242   
39.5601   25.0799   44.6878   60.5392   65.3758   38.1838   55.8032   38.2884   9.48683   3.16228   74.4312   86.954   13.1529   34.4819   88.2326   29.1548   88.3629   33.2415   35.3553   13.9284   56.7186   81.5843   35.0143   41.7732   85.3815   41.4849   0   40.9545   57.9378   73.1087   69.9464   70.921   51.9061   65.4805   30.083   42.9284   68.9261   82.8265   76.8037   64.6918   77.3351   35.2485   68.7328   90.6877   99.5102   95.589   71.1646   44.7825   92.8222   46.1529   
42.0119   31.3847   25.0799   45.1774   59.9333   17.8885   67.6757   47.5395   12.8062   20   63.9531   89.8053   17.1172   14.0357   86.2844   14.5602   81.5966   20.5183   15.2315   24.0832   77.6209   69.0652   30   52.811   70.4557   30.0832   21.9545   0   44.2315   55.9953   52.833   51.3363   62.3918   53.6232   52   50.66   79.9639   67.0377   86.0548   48.0415   72.1402   57.203   69.5619   80.4259   88.0616   101.243   64.5602   21.1623   99.8823   43.5602   
30   29.5296   13.3417   20.2485   36.2353   14.8661   61.131   41.7732   34.7131   40.1622   37.855   71.0211   27.7849   31.9061   63.7024   12.0416   56.3649   44.3847   15   31.8904   85.44   43   15.1327   47.8539   45.3542   5.83095   40.3113   26.1725   0   33.926   30.7637   27.6015   66.4236   35.6015   66.8641   45.1655   75.0069   45.4591   80.2885   27.4868   56.6638   74.2311   58.2491   55.4969   65.046   83.2309   35.0294   44.3043   89.1555   33   
45.8803   48.2597   16.0312   9.21954   39.9249   23.1948   76.9025   58.8727   51.4782   57.7062   32.5576   78.1089   46.4004   40.1123   66.3702   29.1548   53.7401   54.0833   25.4951   50.9313   104.293   33.1059   32.6497   64.846   31.1448   21.4709   58.3095   40.5216   19.105   0   20.1623   28.3246   79.8635   35.7495   83.9563   61.1361   91.8334   35.6433   97.388   30.1803   58.3479   90.2016   63.5866   44.468   59.0813   92.5737   31.5242   59.2624   100.226   48.9706   
42.72   45.2217   15.1327   8.06226   37.5766   22   73.7564   55.7136   49.3964   55.4617   31.4006   75.6108   43.8292   39.4588   64.3506   26.8328   52.4023   53.3385   24.0832   48.1664   101.257   32.8938   29.5296   61.6847   32   18.3576   55.9464   38.833   16.2788   3.16228   0   30.1623   81.5737   32   82.8477   57.9151   88.6731   35.3085   94.0522   25.2195   54.4591   90.5099   59.0624   43.3107   57.0167   88.6604   27   58.3639   97.4145   49.2788   
39.5601   42.2019   14.8661   8.06226   35.3553   21.2132   70.6116   52.5547   47.4342   53.3104   30.5287   73.1642   41.3401   39.0512   62.426   24.6982   51.225   52.7731   23.0217   45.4533   98.2293   32.9848   26.4197   58.5235   33.1361   15.2643   53.6656   37.3363   13.6015   6.32456   3.16228   0   78.4138   28.1655   78.5138   56.7662   85.5132   34.2788   91.07   28.3818   55.6431   85.8318   62.2247   43.3107   57.924   91.4164   30.1623   56.9609   96.5453   44.6007   
23.8537   18.0278   58.5235   63.4114   52   54.9181   24.0832   12.1655   38.6264   34.9857   66.888   60.4401   29.2746   60.407   67   42.7551   73.4983   63.5689   52.6118   22.3607   38.9487   76.2758   33.2866   11.7047   83.7377   44.4185   31.9061   46.3897   47.4236   65.8635   62.7694   59.6825   0   67.7668   46.2029   39.1661   38.8576   82.1789   47.2063   72.4185   59.1194   45.2982   50.5171   87.2686   94.6121   71.3522   72.4692   59.8979   64.1411   50.9285   
29.0689   34.8281   23.3452   12.53   24.2074   27.4591   59.4811   42.5441   47.0956   51.788   24.3311   61.327   38.3275   45.1774   51.7397   25.1794   42.9418   57.9396   28.178   40.7185   90.0278   30.2655   18.6011   48.3011   34.4384   10.0499   51.4198   39.6232   13.6015   18   15.0333   12.1655   51.0882   0   75.3623   43.6007   75.022   38.6619   79.0635   38.0499   44.632   79.8845   47.0689   44.318   52.2345   78.439   27   57.442   77.3939   46.4951   
42.107   28.0179   55.8659   69.8355   70.1142   49.679   50.9902   36.7696   21.5407   14.5602   81.2527   86.539   22.2036   46.4866   90.4268   39.6989   93.0484   44.0114   46.8615   18.9737   45.1774   89.1852   41.7612   38.5876   94.0213   50.0899   12.083   34   49.93   68.6003   66.0303   63.5138   27.2029   59.6154   0   47.9737   65.7405   91.8771   70.4518   75.6719   78.0078   34.2462   73.7781   100.433   108.006   98.5173   80.2152   51.7805   91.3062   55.2036   
13.4536   6.40312   34.7131   40.3113   38.0526   32   40.4475   20.0998   27.7849   29.1204   48.7647   61.8466   15.6525   41.6293   61.0983   20.0998   61.0737   49.0408   30.0666   14   62.426   57.0088   10   26.0192   62.7694   20.6155   27.4591   28.8444   23.2594   41.8808   38.833   35.805   24.1661   28.6007   32.5576   0   53.0128   61.2217   58.6151   48.6155   52.7567   58.4131   48.7507   69.72   76.2445   69.5619   49.6006   47.8329   74.6364   33.1655   
31.9531   34.1321   73.437   73.4098   53.7587   71.007   7.07107   19.2354   57.7754   54.2033   70.7672   49   47.8017   78.6448   60.4401   59.0085   71.6938   82.6378   69.0072   41.1096   37   80.7217   45.8912   13.1529   89.8109   56.7539   51.1077   64.7611   61   77.7946   74.6324   71.4703   19.2354   60.9262   45.2769   39.0128   0   90.3985   30.1942   84.7539   64.9674   64.1529   57.587   93.8295   99.5735   52.054   80.5686   78.56   48.5864   66.4844   
44.2041   51.4004   31.0483   8.24621   28.0179   37.4833   72.9178   57.8014   62.1691   67.4463   16.4012   65.9242   54.4243   55.3173   52   39.4588   37.6431   69.0507   39.2046   57.2451   106.104   16.7631   35.2278   63.2456   18.0278   26   67.3573   53.0377   27.4591   16.6433   16.1555   16.2788   67.1789   16.6433   76.0592   45.2217   75.2928   0   94.5648   41.375   51.3766   96.5278   57.8497   35.083   45.2075   85.0075   34.6619   71.7215   91.8413   60.4591   
35.1283   40.5216   78   75.2861   52.2015   76.3217   4.12311   24.5153   65.7647   62.6817   69.6348   41.3038   55.1543   85.44   54.626   64.6297   67.8012   90.377   74.5453   48.7545   43.566   79.6304   50.01   18.9737   89.3588   60.2993   59.6406   71.7844   65.0692   80.604   77.4661   74.3303   27.8029   63.0635   54.4518   44.5533   9.43398   76.1577   0   88.2993   65.5633   69.9737   56.961   92.697   98.441   48.2328   83.7438   86.2917   41.0217   71.7643   
39.1152   38.9102   7.2111   16.1245   40.6079   13.1529   70.3491   51.1957   40.3113   46.5296   38.0132   77.3692   35.4683   31.0483   68.1175   18.0278   58.2495   44.7214   15   40.3609   94.6678   41   24.5153   57.2713   41.0488   14   47.1699   29.6142   9.48683   11.1803   9.21954   8.06226   56.8595   16.4012   57.6281   32.6956   70.406   24.3311   74.2428   0   59.6637   82.3817   58.6807   51.373   62.2213   92.6324   32.2047   50.2904   93.7951   42.4868   
22.0907   36.0555   48.0208   35.1283   7.81025   50.448   42.0119   32.6956   59.808   61.8466   25   35.7771   48.0833   66.5282   29.1548   43.4166   29.2746   77.4209   50.2494   46.5296   80.9938   35   27.2947   36.3593   44.7772   29.8329   60.208   57.1402   35.609   42.9535   40.2616   37.6431   44.5982   25.632   64.0078   32.7567   45.9674   33.3766   44.6542   41.5933   0   85.3702   30.6023   46.249   53.8062   49.2345   46.407   75.6793   58.0526   58.9566   
44.2832   31.3209   63.1269   75.7166   72.9932   57.2014   47.7074   36.4966   29.7321   22.8035   85.3815   85.7263   29   54.7083   91.351   46.6905   95.6347   52.0865   54.4059   24.4131   37.054   93.7763   46.5188   37   99.2975   55.7584   20.2485   42.0476   56.2228   75.1665   72.4707   69.814   25.2982   64.8845   8.24621   36.7696   41.4005   81.4923   50.8035   64.3817   66.3702   0   74.8482   106.239   112.499   93.4545   86.3701   60.0267   89.2227   61.2311   
15.2971   29.8329   49.3964   40.1995   16.4012   50.6063   33.8378   24.3516   55.4707   56.648   33.3017   35.4683   43.382   65.2993   33.5261   41.8688   37.108   75.0733   49.93   40.8044   72.4017   43.2782   24.7588   27.7849   52.6972   30.4631   54.7083   54.5619   36.2491   47.0425   44.1022   41.1947   36.4005   29.0689   57.3149   27.7308   37.4833   39.8497   36.7151   43.6807   8.60233   59.0339   0   54.8514   62.1079   57.0161   47.0624   72.2228   52.3766   56.4207   
48.4149   58.1378   43.0116   20.2485   25.0799   49.2443   74.0608   61.6198   72.3395   77.1038   8.06226   60   63.561   67.1863   43.9318   50.01   27.2947   80.8084   50.8035   65.4599   110.635   5   42.72   66.468   12.53   35.3553   76.6877   64.0703   38   28.6531   28.2312   28.1603   72.2011   25.318   84.4334   52.3927   77.4661   12.083   76.8505   36.1386   32.249   89.1572   40.2244   0   34   81.4835   44.2519   82.2727   83.5023   69.8035   
55.7584   66.3099   51.6624   28.8617   29.8329   58.0517   79.511   68.6003   81.3019   85.9884   12.8062   60.6712   72.3671   75.9276   43   59.0085   24.3311   89.627   59.6825   74.0405   117.614   4   51.2445   73.1095   11.4018   44.2832   85.5102   73.0616   47   36.7696   36.6879   36.8782   79.6116   34.2345   93.0054   60.7454   83.4506   20.6155   82.0061   44.911   37.5366   97.4987   45.9674   9   0   83.2884   44.0192   91.2712   88.2463   78.8035   
41.2311   53.8145   80.4114   69.3542   39.0512   81.3941   30.0167   39.9625   81.3941   80.604   55.109   12.1655   69.3109   95.1315   28.3196   71.8679   45.4863   103.586   80.5295   64.6607   72.6911   64.2884   54.7083   38.0789   75.1864   61.4654   78.0064   83.2406   67.2309   77.1038   74.3303   71.5891   49.7695   59.439   76.4788   54.5619   37.054   67.0075   29.1548   74.6324   34.2345   75.0267   31.0161   63.1506   65.4599   0   75.6604   100.579   33.2111   83.215   
33.6155   39.8246   24.4131   8.24621   24.5967   29.5466   63.5689   47.1699   51.3517   56.2939   21.1896   62.6259   43.0116   47.5395   51.614   29   41.0488   60.7289   30.6757   45.618   94.921   26.0192   23.6008   52.8394   29.5466   14.5602   56.0446   43.1856   17.0294   15.5242   13   10.8167   55.9732   5   64.4748   33.6006   65.307   11.6619   67.0522   17.2047   27.4591   69.8355   32.0624   21.0238   30.0167   61.6604   0   60.0977   82.3939   50.0294   
43.1856   31.7648   28.2312   48.2597   62.2415   21.0238   67.7791   47.8539   10.2956   17.4929   66.7533   91.2853   16.7631   15.1327   88.3233   17.2627   84.119   19.2094   18.3848   23.5372   75.9276   72.0278   31.9061   52.9245   73.5527   32.7567   19.6977   3.16228   29.0689   43.6807   41.9762   40.4475   45.8912   42.4264   31.7805   29.8329   64.56   56.0803   71.8679   32.7567   59.1692   39.9249   56.2228   67.0298   76.0263   84.386   46.0977   0   97.8153   46.2627   
41.1825   52.4976   82.28   73.0068   43.7379   82.6378   24.5153   37.5366   79.9812   78.5684   60.4401   18.9737   68.1175   95.3834   35.4683   72.45   52.2015   103.005   81.5414   62.9365   66.2722   69.8928   55.5428   34.6699   80.6536   63.3246   75.8222   82.9277   68.9638   80.3057   77.4145   74.5453   46.1411   62.3939   73.2462   54.0833   31.5753   71.3442   23.0217   76.9025   38.0526   71.1126   33.3766   68.4105   71.3092   7.2111   65.0692   83.8153   0   83.3693   
24.1868   17.1172   23.7697   34.8855   42.3792   20.0998   52.6118   32.249   22.0907   26.3059   49.0102   71.4213   13   30.0167   68.0955   8   64.7611   38.9487   18   16.9706   71.5891   55.7315   11.6619   38.1182   59.4643   15.5242   25.9615   18.4391   15   33.9706   31.241   28.6007   34.9285   25.4951   34.9857   12.1655   51.0098   41.4367   56.7186   23.4307   38.9487   41.2311   36.1248   50.8035   59.6825   65.215   30.0832   20.2485   65.3682   0   
