15
70
999999 5 17 5 6 12 16 12 17 7 9 15 15 5 9 10 12 13 8 16 13 13 10 12 16 14 15 5 8 10 12 8 10 6 14 14 16 5 17 9 13 6 7 14 11 12 15 11 12 8 13 16 17 7 8 11 15 17 8 9 10 5 6 10 9 8 5 14 11 6 
0 3 2 4 4 6 15 9 8 4 8 2 6 1 1 7 11 7 1 9 8 8 3 3 12 10 6 2 4 6 8 7 1 3 3 1 11 1 4 4 10 1 4 7 7 1 13 7 4 5 4 4 5 4 5 8 8 8 5 7 1 2 2 1 5 4 1 1 7 3 
20
0   0   0   0   0   0   0   0   0   0   0   0   0   0   0   0   0   0   0   0   
0   0   0   2   1   0   0   0   0   2   0   1   0   0   -1   1   0   0   0   0   
7   -11   2   -1   3   -1   2   -7   2   -7   11   -12   7   -5   15   -1   1   0   11   -12   
0   -2   1   0   0   -1   0   -1   0   -1   1   0   1   0   1   -2   1   0   2   -1   
-6   3   0   4   -1   4   0   3   0   1   -5   2   -4   2   0   4   -2   1   -1   3   
0   3   2   -5   1   -1   3   -2   -4   2   4   -6   -5   0   0   -3   3   3   7   6   
10   0   5   1   3   -5   0   -8   4   -10   8   -5   12   1   8   -5   8   -6   14   -2   
-10   0   -10   12   -5   5   -10   -5   -6   4   -1   7   -8   7   -6   7   -3   4   -10   4   
-11   10   -8   5   -10   4   -2   2   -2   6   -8   1   -2   9   -8   0   -6   7   0   1   
0   -3   3   -2   3   0   5   -1   5   -7   6   -2   0   -2   4   -4   6   -4   2   -1   
4   -5   5   -6   4   -2   1   -3   0   -8   8   -8   0   -4   8   -6   2   -4   4   -5   
7   10   -3   0   -3   10   6   -2   2   -1   -8   7   -9   7   -6   6   -11   1   0   1   
8   -6   7   -8   11   -6   13   -8   0   -8   8   -6   13   0   7   -13   8   -10   8   0   
0   1   -2   0   -1   0   0   1   -4   2   -1   0   -3   1   -1   0   -2   4   -3   2   
1   1   6   -6   -4   -1   3   -6   6   0   5   -6   1   -3   1   -4   1   -3   4   1   
3   0   0   1   -3   2   -4   0   1   1   -2   -3   -3   -2   0   4   1   0   0   1   
0   5   0   -2   -6   0   -4   2   3   8   1   5   -5   1   -4   1   -4   6   1   0   
12   -10   10   -10   8   -10   7   -6   8   -8   11   -8   8   -7   5   -5   8   -13   10   -6   
0   -4   1   -1   1   1   1   3   0   -2   0   -2   0   0   -2   1   1   0   2   0   
-7   6   6   6   -1   -1   -3   0   -7   0   -1   2   2   7   3   -3   -2   1   -2   4   
0   -5   5   0   2   -3   5   0   6   -2   2   2   7   -3   7   -3   9   2   3   -4   
2   -7   5   -9   0   -9   1   -6   0   -5   8   -3   12   -6   11   -2   2   -7   8   -13   
2   -5   0   -2   8   -9   3   -3   3   -4   4   -4   1   -6   1   -3   0   0   -1   -5   
3   -8   1   3   4   1   7   -4   1   -10   2   3   0   0   6   0   5   1   0   -6   
13   -13   8   -14   14   -4   8   -9   9   -7   8   -10   15   -6   6   -15   3   -8   13   -6   
10   -8   3   -7   5   -5   5   -5   7   -9   13   -13   6   -8   11   -10   9   -11   13   -13   
0   5   -10   -3   -9   3   -6   -11   -7   3   -2   -6   4   4   -5   -7   3   1   4   6   
0   0   0   0   -1   0   0   1   -1   -1   1   -1   0   1   1   0   -1   -1   0   -1   
3   3   0   0   1   2   0   1   1   -2   0   1   0   0   4   -2   0   -1   1   1   
3   -3   5   -5   5   -4   2   -4   5   -1   3   -5   6   -2   6   0   1   -6   7   -2   
4   -5   0   -6   2   -4   -2   -7   9   -4   4   0   0   -3   0   -7   0   -5   4   -2   
-2   0   1   2   -2   0   0   2   -3   0   -3   3   -2   2   -1   -1   0   1   0   0   
-2   0   -5   3   -3   6   -3   6   0   5   -10   6   -10   7   -7   2   -7   2   -10   9   
-1   0   1   -5   -1   -1   1   -2   1   -1   -1   0   -1   -1   2   1   -3   0   1   -2   
0   -5   0   5   4   -6   2   -4   3   7   -4   3   -1   -3   1   1   3   5   0   0   
-2   8   -2   9   0   3   -11   6   -5   7   -8   4   0   3   -3   12   0   6   0   12   
9   -5   2   -1   3   -13   13   -8   4   -13   4   -11   12   -11   5   0   14   -6   6   -15   
0   0   -1   -1   0   0   0   -1   0   -1   0   1   0   0   0   0   0   -1   0   0   
0   3   0   15   2   0   -6   0   7   3   2   1   9   -8   0   9   2   4   -1   8   
0   -5   -1   -7   0   -3   7   0   0   -4   -1   -4   6   4   6   0   1   -1   7   -1   
-3   4   -13   10   -8   4   -12   2   -7   12   -8   7   -8   11   -7   13   -9   5   -12   6   
-4   4   0   2   -1   1   -3   3   -3   3   -2   4   -1   4   -4   0   -3   4   -2   3   
1   -1   -1   0   3   1   0   0   -1   1   -1   1   1   1   2   -1   0   0   2   1   
6   -5   3   0   9   -12   3   -5   1   -10   5   -9   4   -1   2   -6   5   -6   9   2   
-1   -2   -1   1   -2   2   -2   3   -5   0   1   2   0   -4   0   0   4   6   0   -1   
5   -3   0   -3   3   0   0   -7   5   -1   -5   0   2   1   0   -1   0   -1   0   2   
-10   14   -2   0   -3   10   2   9   -3   1   -6   8   -6   5   -2   4   -8   11   0   8   
10   -9   3   -4   10   -3   5   -5   5   -6   6   -6   7   -8   1   -11   1   -6   7   -5   
0   -9   7   -1   -2   -6   10   2   10   1   0   -3   2   0   10   -3   8   -5   5   2   
0   2   1   0   0   4   1   1   -2   0   -2   1   -1   0   -1   0   -1   0   0   2   
2   -9   10   -4   3   -7   -1   1   11   -2   4   -7   7   -8   2   -7   1   3   11   1   
4   -2   4   -2   0   0   10   -6   2   -5   0   -10   1   -8   12   -2   11   -4   10   -5   
4   -8   13   -12   10   -13   11   -12   11   -8   8   -8   11   -15   10   1   8   -15   8   -7   
3   -5   4   -6   4   -4   3   -3   6   0   2   -4   5   -4   0   -4   6   -4   6   -3   
0   0   1   -3   1   -1   3   2   2   3   0   -5   3   -5   5   -2   1   -2   0   0   
-3   3   1   0   -4   1   -7   4   -6   5   -2   2   -2   4   -4   0   -6   1   -2   0   
-2   7   -2   0   6   0   -4   4   -5   9   -10   2   -4   8   1   6   -10   7   6   5   
1   -2   6   -2   -2   -5   -3   3   -7   -8   13   -13   11   -5   4   5   0   8   1   0   
0   5   0   0   1   -1   -3   -2   -3   3   -2   5   0   3   2   3   0   1   -2   -1   
0   0   -5   3   -2   4   -3   3   -5   7   -4   4   -4   0   -3   8   -2   5   -3   2   
5   -10   0   0   0   -5   1   0   7   -4   9   -5   6   -7   4   0   6   -10   8   -3   
2   -3   1   -1   0   -3   1   -1   1   -1   0   -1   2   -3   1   -1   2   -1   3   -2   
0   1   0   2   -1   4   -3   4   -1   3   0   6   -6   0   -1   4   -3   3   -4   4   
-3   1   -6   8   -7   4   -8   3   -3   3   -4   1   -5   4   -9   6   -7   1   -1   0   
-2   3   -4   7   -3   0   -5   4   0   1   -1   3   0   2   -4   4   0   1   -1   4   
5   -6   4   -5   4   -5   3   -6   3   -8   5   -2   4   -6   1   -4   2   -3   0   -4   
0   2   -1   1   0   0   0   1   0   1   0   1   0   1   0   1   0   1   0   0   
1   0   3   0   -1   -2   3   5   1   3   0   -2   0   -3   -1   -3   3   -2   -3   2   
-2   0   -10   8   -4   4   2   1   -4   7   -6   5   -3   7   -5   2   -1   3   -2   4   
-4   2   0   3   -2   4   -2   2   -4   2   2   5   0   2   -2   3   -3   1   -2   1   
0   68.6976   56.9726   71.9868   52.5634   63.6488   72.258   60.1587   87.3396   82.6769   36.8045   70.612   39.7099   50.3883   63.5203   41.0227   59.9226   93.2871   67.535   70.2494   52.1794   61.4166   59.4936   49.386   79.4031   45.7805   61.7131   67.98   71.3356   62.7612   52.3405   40.0556   73.1199   75.3277   67.8394   76.2163   56.5486   47.6625   57.4588   52.7771   67.7587   59.3456   80.8917   62.1045   63.5183   80.0465   42.2917   66.5122   50.8917   52.2753   66.0084   63.793   76.3025   63.6077   61.8853   65.5856   64.7074   50.4799   61.4264   38.4031   79.9083   53.0227   70.3705   53.814   58.1374   24.4031   61.3609   57.8634   38.0227   54.3836   
47.1699   0   87.1783   63.8552   46.9506   99.8308   119.428   74.9138   42.1503   45.6349   72.3095   41.6155   76.3478   45.0599   110.69   77.1055   87.3406   50.1192   114.705   101.77   93.1003   85.1783   84.6677   90.6413   32   87.0357   90.725   54.8496   105.765   102.865   51.7093   67.3021   110.378   119.178   89.7694   116.942   62.8742   73.0272   104.629   76.4236   49.7131   103.307   83.2897   109.274   40   84.3077   68.7377   69.0106   57.2173   98.0999   107.272   89.4982   123.472   74.1202   103.209   28.1623   91.6452   82.1783   84.1783   51.6497   34.088   57.1241   26.53   61.8534   89.9366   62.2945   92.1803   105.033   67.2769   66.4236   
42.9535   68.6003   0   58.5857   62.6891   34.6842   61.2823   102.382   107.271   107.476   74.7898   73.7282   34.2627   58.566   59.7056   38.5407   21.0828   114.465   72.5428   102.837   75.8873   27.1623   97.5501   39.0273   96.84   37.4165   94.0885   103.379   46.4843   71.4543   81.1984   38.1868   53.0606   65.2769   110.793   65.1971   50.7196   33.0278   78.3531   38.2066   66.615   76.7735   60.1213   87.3631   67.9073   57.9127   43.3607   53.0557   53.3224   90.5479   102.743   106.746   74.3662   38.1896   98.6196   82.242   107.661   36.4164   30   63.2938   102.688   94.3282   95.1303   55   30.083   56.2099   99.4984   67.72   80.9762   47.9317   
57.9828   48.2597   41.4849   0   50   75.6759   102.187   109.232   88.2593   93.0759   92.7527   45.1548   60.2454   53.0644   100.155   63.8086   62.0744   94   109.021   123.801   95.4371   63.4688   108.434   74.3525   78   71   109.695   103.109   84.4535   105.243   81.5733   53.8791   89.1485   103.555   123.49   103.496   34.6525   56.8581   105.495   50.0151   36.1421   102.888   37.4801   112.182   49.4138   34.3178   51.6431   30.0828   40.095   110.258   123.991   118.464   111.459   41.3961   119.868   73.676   120.276   61.0109   67.3847   64.3609   82.3477   96.8505   74.7897   46.3607   71.568   73.6236   115.453   104.006   89.8629   52.4951   
33.0151   21.095   47.5079   34   0   79.2415   97.1059   76.3692   59.9444   65.5329   67.5077   33.0263   52.1886   20.1231   93.1548   55.2753   66   70.1344   100.55   93.2624   75.9661   63.809   82.434   67.6056   53.095   64   86.2699   73.5964   82.4835   90.8658   54.8024   44.0185   87.6884   99.5326   90.4321   99.6665   48.0868   46   87.2781   50.3553   41.0832   84.1158   64.8803   93.668   25   61.8803   43.5862   51.6757   43.105   85.2905   97.8613   90.0831   108.761   55.3961   94.9004   44.7883   87.8471   58.7253   66.0918   41.3178   55.183   58.0116   46.4279   41.3961   72.2096   45.1603   90.5352   90.8786   65.0488   48.5707   
49.6488   84.0238   18.3848   59.7746   63.1269   0   44.8015   109.081   121.532   120.83   79.7096   90.6115   44.7849   73.4643   47.3836   43.4605   32.8148   129.356   57.57   104.95   71.7083   30.6525   101.033   39.1245   110.665   39.0278   90.2159   114.233   27.2801   67.5401   91.9234   54.3911   31.7631   44.0713   111.69   44   63.7846   48.8879   73.6105   43.7946   81.1193   73.9284   72.699   81.6817   85.5542   69.7648   52.7393   68.5498   62.9541   88.0294   104.396   104.443   58.6394   53.6941   102.546   95.4002   112.802   42.0218   29.6525   75.8402   118.112   99.9584   107.808   66.4792   38.4164   61.8402   108.253   48.6105   87.6715   59.4081   
58.258   102.005   46.0977   87.1321   82.6801   29.2746   0   107.978   137.631   134.377   76.1353   115.706   67.4351   99.971   26.0454   65.1029   58.1995   143.578   43.8885   94   65.5456   59.927   94.7006   49.5466   129.694   53.4393   83.884   123.08   41.5252   51.5091   102.875   76.4456   32.0384   24.2361   107.662   29.4721   93.0591   78.1624   56.8114   73.0692   108.674   57.1294   101.974   66.5964   107.68   99.0394   75.9017   96.6193   88.45   74.997   87.3067   101.274   32.4868   81.7533   83.1836   115.877   102.068   65.72   58.927   88.6941   132.952   107.283   120.662   89.2282   62.6172   74.6941   92.0194   31.8114   96.2808   88.6827   
43.7379   58.1378   86.6833   93.4077   60.1415   92   92.6553   0   74.4993   60.1814   54.1192   90.0928   83.4478   77.482   97.0631   84.2038   101.824   76.3149   94.9506   44.7783   58.4626   102.159   32.2788   90.0263   73.6941   89.5184   44.9072   45.318   109.272   81.0655   42.6586   81.4172   103.459   113.116   38.2483   110.88   98.6116   89.0241   74.9828   95.848   99.1487   73.5698   123.203   72.9668   85.1415   122.022   83.6533   108.587   93.2033   61.0406   57.8608   34.4844   107.107   102.331   54.4462   77.9464   32.2483   90.8241   103.778   73.2033   73.8558   44.3576   69.3839   93.5669   99.499   65.7647   43.0217   101.601   41.1359   98.0592   
63.8905   24.5153   92.1358   72   44.9444   106.532   121.622   57.0351   0   29.3178   87.7377   57.1194   94.8634   64.0132   127.411   93.2023   108.021   26   131.426   101.813   100.808   108.137   89.3139   110.641   26   107.232   92.1298   55.5576   124.866   119.847   58.2087   85.6626   128.045   138.391   90.1665   139.133   81.0029   89.7978   113.765   95.2997   72.0723   114.054   99.0688   117.8   56.5876   100.052   86.6997   85.45   78.365   108.534   114.654   88.0274   140.193   93.2311   111.481   41.2488   89.2834   100.663   108.694   70.245   22.0623   63.6235   33.0294   83.146   113.193   85.9365   100.057   121.754   76.4883   85.5122   
59.203   31.0483   93.0054   79.0759   48.0937   105.603   117.444   44.1814   14.3178   0   79.6117   70.2109   94.5088   68.2168   122.374   96.9939   109   31.1529   126.738   88.9597   93.7367   106.973   74.9741   108.589   40.3178   104.984   85.4831   45   120.944   114.465   49.8277   85.2892   129.282   134.531   82.4297   135.419   89.1914   89   112.837   98.449   80.7615   113.667   109.94   114.427   66.7192   108.542   91.2252   95.3201   85.6127   103.624   102.042   77.531   135.506   99.2754   98.6276   49.4743   76.4297   103.774   113.063   74.3206   36.3801   54.8707   37.105   89.4897   106.195   83.6062   87.2032   117.066   69.6542   88.9797   
17.8045   58.3095   57.7754   75.7166   48.5077   60.2993   60.5392   32.5576   69.7782   61.6117   0   81.534   57.1825   67.7032   71.0899   54.2491   71.7083   90.4854   68.0022   49.5269   32.6015   70.7136   43.8403   58.1814   81.521   62.5793   35.9706   62.5079   84.0086   50.3152   54.3472   52.9487   77.9017   83.0322   51.0122   87.2143   74.3531   65.467   44.2324   70.4309   85.5632   43.2029   98.6962   50.0832   73.5077   97.0731   60.0962   84.3167   68.6962   48.0907   58.5398   43.7321   84.9112   81.4122   55.4631   81.2268   46.3847   63.3847   75.648   56.2076   83.6757   46.8277   79.4882   71.6185   74.4773   42.2076   50.0217   71.7772   40.0294   72.1881   
52.0384   20.6155   58.7282   29.1548   19.0263   76.2168   98.8433   75   43.1045   51.5461   67.2681   0   69.1781   38.2237   109.897   73.7814   78.3075   65.0882   118.795   110.741   92.1622   75.3075   93.6241   84.3475   52.6155   80.7419   101.201   75.4651   96.7094   106.542   63.4342   63.0448   103.608   115.84   109.458   114.884   46.4975   60.3931   106.304   62.8623   29.0333   103.142   63.5789   112.694   29.0623   60.4166   61.8641   54.4109   48.0689   104.314   116.888   104.781   123.717   59.8329   113.924   45.095   105.589   73.3465   76.9614   55.0606   54.7035   77.0379   47.1455   45.8329   81.1094   64.1866   102.235   109.021   76.1808   52.8782   
25.7099   56.6392   17.2627   43.4166   36.1248   27.7849   47.4236   69.4262   78.7718   78   41.1825   51.4296   0   47.8024   62.5543   24.831   34.8253   102.832   67.1566   90.7094   58.7732   34   85.0229   37.3665   85.029   36.2325   77.1531   90.8453   44.8234   73.9085   71.2312   28.2195   51.509   63.8623   92.1948   63.5363   45.2081   35   67.8467   28.2066   60.7188   70.5188   61.0106   74.4358   61.1248   63.0966   32.6023   53.4442   40.4951   74.6392   85.4493   84.9147   72.7054   44.3234   83.8823   76.4303   87.5672   29.831   33   46.6982   86.8011   75.0339   80.9112   41.0988   28.4222   43.0238   87.0708   59.3275   63.7326   34.0278   
32.3883   25.0599   43.566   31.0644   4.12311   59.4643   79.7559   62.482   49.0408   52.1536   48.7032   20.2237   32.8024   0   88.3664   50.5584   62.1961   70.8032   95.7479   94.2591   71.5917   59.8383   80.1138   65.4808   52.1117   61.8754   79.517   72.1202   77.6259   86.5783   56.6526   38.8537   83.2422   96.6647   93.4098   96.3387   41.2354   48.416   85.0729   46.3847   38.4722   82.0475   60.5441   89.4323   28.6491   59.3792   44.1264   48.313   36.0333   84.6058   97.8127   87.8496   101.149   46.1496   93.7467   36.8473   87.4098   57.5671   65.8024   27.0384   59.1479   59.793   50.551   37.2788   61.2246   44.0185   83.6003   82.7095   66.638   45.4722   
49.5177   94.8736   45.7056   85.0529   76.4853   31.7648   11.0454   81.9329   113.358   108.374   50.0899   93.6376   42.9535   73.9256   0   60.6127   56.6232   139.358   36.2956   83.0074   60.3911   62.4172   87.9098   48.0192   122.802   50.1548   79.9408   112.598   43.6982   46.3546   97.7202   69.5964   36.6205   32   96.6609   40.5175   85.7113   70.788   48.1603   68.0384   102.991   51.9748   100.897   60.6563   101.485   97.7345   68.9608   93.9475   83.4486   69.8425   78.8558   90.1165   33.8062   83.8952   76.3149   109.382   90.6796   61.2046   61.4172   79.6498   128.962   96.9176   117.563   81.6021   55.1321   71.8785   80.6297   26.6569   86.0379   74.531   
22.0227   58.0517   21.5407   48.8365   38.2753   28.4605   44.4185   65.6201   79.2023   77.3692   36.2491   54.7814   5.83095   35.3553   38.8973   0   40.6563   102.357   67.9943   83.8296   56.0694   39.6155   73.9396   36.6471   86.0541   33.0416   69.4786   86.8318   50.6544   65.2019   64.5223   31.4016   57.3399   64.6542   87.2614   69.3673   48.7261   29.3178   65.8808   34.0375   64.3785   62.7185   66.8416   76.6063   63.2753   68.9276   29.1655   58.6612   44.2539   64.9313   83.7647   79.9813   72.7035   50.1543   81.2415   71.188   82.6338   30.2462   38.6155   41.4558   92.1397   72.5573   80.4065   42.0179   34.2532   34.4391   73.0593   54.9559   60.0454   39.8587   
41.1096   71.0282   6.08276   47.0744   50   13.6015   40.1995   84.7172   94.0213   93.984   54.7083   62.6259   16.2788   46.2277   39.6232   19.105   0   115.086   67.4773   102.935   71.6129   20.1623   93.0446   35.2643   98.0624   33.1421   88.5835   104.379   39.9737   66.8652   82.1372   39.4955   42.1662   57.6728   105.706   57.6015   51.9873   38.3977   70.2377   33.3044   69.2675   67.0754   62.2088   77.6553   72.8226   59.2746   37.2594   57.4849   50.0265   84.0363   99.3599   98.4405   71.0102   43.2039   95.2368   83.075   101.093   29   19.1623   55.3113   103.08   89.1665   96.4279   47.878   27.4031   52.054   92.1643   60.6879   79.1323   40.807   
69.2965   32.3883   99.4032   80   52.4976   113.371   127.405   57.3149   8   13.1529   73.5731   51.0882   85.5862   56.6127   118.802   85.703   101.074   0   136.831   102.093   105.935   113.745   88.1271   118.165   34   114.559   96.3929   58.1529   130.175   122.765   62.9806   91.5376   135.83   144.624   95.5632   145.513   89.0029   97.7978   117.806   102.853   80.0303   114.703   107.069   118.516   64.5876   108.052   94.6997   93.45   85.3092   106.309   114.765   90.6839   145.599   101.231   110.641   49.2488   89.5632   105.417   114.648   77.9016   30.0623   60.6578   41.0294   91.146   114.008   87.884   100.337   127.16   82.8072   93.0569   
53.535   100.185   55.5428   94.0213   82.8734   42.0595   17.8885   80.9506   117.201   111.072   50.6063   100.688   51.1566   80.6536   10.2956   46.5296   49.4773   122.147   0   79.5059   55.7359   68.5985   83.255   51.242   126.326   53.0526   72.5502   112.14   53.08   37.72   100.102   74.6454   45.1629   37.1246   91.3692   43.3607   95.1394   75.8474   40.7697   77.0801   110.747   46.632   111.192   48.0624   107.873   108.03   75.1361   104.038   90.6672   61.9535   71.0094   86.1715   39.0384   90.243   68.0865   111.062   85.5681   64.0384   68.6395   86.2835   132.16   96.3286   119.869   88.4312   59.8442   73.9017   76.6847   29.0384   87.3573   84.8266   
50.2494   82.7647   88.8369   107.801   78.2624   87.9204   79   30.3645   86.2844   74.1485   32.5269   96.0052   73.0068   79.2591   68.0074   67.6757   85   87.2983   63.5059   0   53.5813   100.874   34.0504   90.7084   102.61   90.8014   33.5563   70.7016   102.934   61.8724   67.0816   85.4756   96.3195   97.0629   36.2085   98.0241   106.798   92.6448   56.4242   101.213   117.731   57.2055   131.141   46.5753   103.262   129.6   90.8016   116.762   101.141   41.0238   32.4536   28.9284   93.531   112.567   37.083   94.05   31.53   89.4718   103.321   83.9717   103.829   61.9982   91.8011   102.513   94.1581   73.4608   26.7703   80.195   52.9473   104.633   
25.1794   70.406   56.4004   81.4371   58.1378   54.7083   49.4773   43.4626   83.1865   75.213   13.6015   77.1622   41.7732   57.5587   38.6005   36.0694   52.1536   87.1321   37.7359   33.2415   0   70.872   45.4279   58.0763   95.1225   54.4708   40.025   76.1094   75.9902   38.2132   66.9283   61.4583   69.0106   70.6005   62.0116   77.6128   80.1961   65.3872   35.6433   69.9798   92.9381   33.6015   101.664   36   83.1158   103.694   63.4185   90.1597   74.5392   28.8661   45.6985   55.0139   72.4068   85.0104   48.2488   85.2681   59.0135   66.3156   71.3159   59.8058   97.2772   60.4291   86.7791   75.2167   69.1411   45.8058   52.074   58.7343   52.6105   75.801   
41.4367   69.3397   3.16228   44.1475   48.2597   16.1245   43.1856   85.1587   92.5905   92.9731   55.7136   60.3075   16   44.4072   42.5793   19.6469   3   99.7447   52.3927   86.4523   53.8238   0   92.4919   31.8885   96.5189   30.7545   87.45   104.677   36.587   68.4305   82.3647   39.7386   45.0666   57.2966   106.726   56.5933   49.1321   34.2354   71.2143   29.1421   66.4782   69.6347   58.0465   80.2243   70.9017   55.1123   38.0868   53.8973   48.3017   82.4105   98.1573   99.4457   67   39.0416   95.0553   81.2545   102.098   27.3693   15   58.3113   102.801   91.0339   91.0592   50.878   22.9443   54.086   92.7062   63.6879   79.4594   43.807   
37.7359   65.7343   79.4796   93.4345   62.434   81.8841   78.8543   16.2788   69.5845   57.9741   21.8403   79.6241   62.6498   63.8201   67.9117   57.9396   76.5376   71.0634   65.9242   17.1172   29.4279   77.4919   0   80.0218   85.0652   83.0617   25.8167   60.9249   100.158   66.1575   56.367   74.789   96.3409   99.8043   33   101.684   94.2845   83.888   60.0749   90.513   101.267   58.4187   118.628   53.046   87.434   117.729   80.0276   104.248   88.6277   40.8395   42.205   29.2361   94.4347   98.006   38.8331   82.0635   27   85.225   92.4347   73.0754   88.0832   46.0713   84.9297   91.5499   91.072   62.139   22.2801   88.1506   45.4709   92.1195   
34.4819   73.5935   21.0238   59.0339   53.6004   16.1245   29.5466   76.0263   94.6414   92.2822   44.1814   69.3181   17.8885   50.4777   26.0192   15.5563   15.2643   101.02   35.2278   72.2357   39   17.8885   65.7647   0   101.61   22.6056   78.2409   100.187   31.8661   60.6197   80.0787   43.6271   41.8045   49.9177   94.7329   47.6816   60.6348   42.3417   59.6232   40.0192   78.0635   58.2099   75.935   68.8365   78.6004   73.0009   43.4838   69.3417   58.3836   67.8661   84.6985   87.9136   57.108   55.8181   86.4981   86.7443   88.7329   29.3417   32.8885   57.0122   104.196   84.3758   92.6209   57.5742   25.9443   49.9954   88.0448   42.2036   72.5046   51.7131   
56.9386   13   81.4923   60   34   96.6075   113.455   58.6941   12   22.2036   65.521   31.1448   69.029   38.0132   105.802   70.0357   83.7616   20   110.454   86.1452   78.4347   82.1523   69.0652   85.5862   0   96.8381   89.2728   54.7151   113.44   114.859   50.2215   73.8164   120.538   132.178   93.3593   129.942   69.112   80   109.753   84.3553   60.0435   108.724   87.7035   114.435   44.4138   90.0608   77.5862   75.3043   70.2173   106.058   111.27   89.692   133.241   84.1628   107.898   40.3585   90.9424   92.7253   97.1523   64.6497   21.1231   57.3038   37.0454   73.8516   97.4512   75.2945   91.3453   114.802   77.4876   79.4236   
31.7805   70.0357   19.4165   56   50   18.0278   33.1059   74.0068   91.214   89.0674   42.5793   65.7419   14.3178   46.8722   29.1548   12.0416   14.1421   97.6524   38.0526   71.5891   38.4708   16.4012   64.3273   3.60555   82.0731   0   73.2451   98.1444   35.4716   62.0789   76.5639   42.5374   42.4009   53.5233   93.5916   51.2872   59.0713   41.3594   59.111   41.0217   74.7238   55.9487   72.4891   69.5177   75   71.5136   41.2071   67.7621   54.5992   67.3368   84.1693   86.3115   57.5216   53.2215   80.3506   82.2155   88.4983   32.9472   31.4012   52.4833   101.119   82.3385   92.4481   52.3631   29.5498   46.4807   85.1009   45.8092   67.3385   48.3456   
34.7131   70.2567   73.8241   92.4175   63.6946   74.2159   68.884   26.9072   77.1298   66.4831   16.9706   81.9085   57.6888   64.405   57.8705   52.4786   70.2638   79.3788   55.3624   15.5563   20.025   71.5542   10.8167   58.2409   75.2396   57.2451   0   65.2443   89.859   52.6962   53.0512   69.9192   84.0298   87.8028   39   89.5739   91.2617   78.4369   51.7805   85.421   102.018   53.6265   114.568   51.2488   88.6946   114.044   73.0517   101.225   85.6048   41.1421   39.1231   32.1245   83.0074   98.3208   35   92.8801   33   77.4152   86.5542   67.4786   93.6551   56.888   82.195   88.5271   84.1852   59.1162   24.0711   70.3385   51.02   89.0967   
49.98   40.3609   89.3588   84.309   50.5964   99.2018   106.677   25.318   32.5576   19   47.5079   60.2163   72.8354   54.1202   96.7988   70.8308   89.1067   32.0624   98.0816   55.5428   60.8276   88.6848   39.9249   84.4334   36.7151   81.6088   49.2443   0   114.298   97.8231   46.3607   83.0452   116.799   125.308   63.5663   126.196   91.1039   87.5045   91.7403   94.4886   87.5369   90.7108   111.462   89.4043   70.0727   111.462   82.1193   101.068   85.4471   80.7644   82.1299   58.7732   126.283   99.0507   78.758   57.2046   57.5663   93.4696   103.685   73.0392   50.8469   41.8114   49.3196   85.0507   101.127   67.3927   62.205   107.843   57.8058   95.3348   
49.3356   87.046   24.5153   65.9697   66.4831   7.28011   22.0907   90.2718   108.812   106.944   58.0086   80.7094   30.4138   63.0317   24.6982   29.6816   18.9737   115.378   34.9857   83.9345   50.9902   21.8403   79.1581   14.8661   99.3579   17.8885   70.859   99.2975   0   67.7393   94.204   53.7588   36.4868   40.3358   109.021   38.0998   70.961   51.7588   70.1197   50.9825   86.4983   66.9574   79.8868   80.3062   88.9784   76.9527   52.901   75.7376   68.491   79.8563   93.4726   101.741   54.5776   60.882   98.2391   98.4246   103.599   38.7588   36.8403   70.3719   117.215   99.2419   107.487   66.8517   40.8103   64.1207   94.9301   48.0416   85.2271   59.7806   
41.7612   88.8651   57.4543   91.0055   73.8241   48.9183   33.1361   63.6318   103.586   96.2133   34.7131   92.5419   47.8017   72.3395   22.3607   42.2019   51.8652   107.898   17.72   46.0977   21.2132   54.3783   48.3322   36.6197   97.9898   38.0789   37.6962   82.0366   43.0116   0   81.5166   67.345   56.7771   54.3607   75.5356   58.3363   90.928   71.5197   23.0828   76.0082   106.58   24.0623   108.812   29.2971   98.8241   107.455   71.3674   99.9298   86.4558   42.318   54.1802   69.4527   50.5941   87.7324   50.0571   105.888   69.8516   65.6154   69.3783   78.7056   118.389   81.4831   107.992   84.2197   62.4863   64.7056   59.9659   44.6977   68.7397   80.5134   
28.178   32.0156   67.1193   66.5733   32.8024   76.922   86.0233   27.6586   39.3954   31.8277   30.4138   47.4342   50.4876   35.5106   76.6942   48.5077   66.7533   43.2666   79.2465   50.8035   43.909   66.3702   33.7343   62.3939   36.2215   59.4643   39.0512   22.3607   77.2528   64.6375   0   58.0116   99.2106   103.506   59.2945   104.394   69.2267   64.9917   74.6462   71.7744   72.6392   73.5219   91.8267   75.4155   57.8024   91.9469   60.7022   76.6498   63.6142   65.4564   74.3622   57.9185   104.481   76.1872   70.33   52.4109   59.7852   74.1429   81.3647   43.6142   57.3446   37.2956   45.1794   72.7032   78.9098   52.5811   56.0144   86.0414   29.3178   69.1728   
21.6333   47.4236   24.1868   39.2173   27.0185   36.8917   55.9464   64.195   69.6419   69.2892   38.9487   43.0813   9.21954   23.8537   50.5964   11.7047   24.6982   76.5376   58.0517   71.4493   42.5441   23.7697   59.3633   26.6271   59.8164   23.0217   55.9017   65.192   39.6232   52.345   43.0116   0   60.7285   73.0818   89.4312   72.7558   37.9709   22.6212   67.3927   29.6054   53.3287   68.4806   60.5027   73.8727   50.2353   57.4166   17.2361   47.906   33.105   71.4102   87.6417   82.6808   80.5433   42.7178   83.5186   60.6878   84.3397   32   38.7697   41.6525   80.9395   66.1536   70.8394   31.2627   37.6417   40.6525   75.8466   66.6606   59.656   32.4222   
50.1199   91.351   33.0606   74.1485   71.4003   16.7631   13.0384   88.459   112.045   109   55.9017   86.8332   35.5106   68.2422   15.6205   33.3017   27.1662   118.229   25.807   79.0759   47.0106   30.1496   76.1052   17.8045   103.238   21.4009   67.0298   99.8098   9.48683   35.7771   78.2943   44.4072   0   27.3693   104.28   34.083   78.407   58.382   57.8534   57.8237   94.2321   59.8393   88   64.6952   94.6425   85.262   59.1022   82.6248   74.0083   75.8767   89.9573   97   43.0907   67.7587   85.8342   102.459   100.03   47.1462   45.1496   73.8843   121.665   101.525   109.374   73.764   43.7488   63.4065   91.0608   38.1245   88.1426   67.9731   
59.203   102.45   45.2769   86.4928   82.9277   28.0713   2.23607   94.255   122.348   118.406   62.0322   98.8383   47.4131   79.925   13   44.6542   39.4588   128.222   20.1246   81.0062   51.1957   42.4264   80.604   29.5296   114.022   33.121   70.7107   107.912   21   35.2278   87.0919   56.0803   12.3693   0   107.573   18.2361   88.6324   70.7513   58.3106   69.1202   106.027   59.2901   100.369   64.5249   106.316   97.5387   71.4715   94.9941   86.3776   77.2331   89.408   102.835   31.1803   80.128   85.2849   114.489   101.573   58.8713   57.4264   85.6043   133.456   108.86   121.743   85.4841   52.4401   75.7758   93.6297   34.0475   97.2258   80.2658   
52.8394   75.7694   94.7048   107.49   75.4321   96.6902   91.6624   18.2483   75.1665   62.0081   37   91.586   77.8781   77.2334   80.6226   73.1642   91.7061   75.06   77.3692   16.2788   43.0116   92.6984   15.2315   80.604   76.9025   79.3095   23   43.0116   93.6483   59.6657   44.2945   74.4312   90.0222   93.5361   0   110.49   107.068   96.0897   67.7173   102.913   113.655   66.4819   131.456   60.6884   99.1926   130.497   90.7188   116.773   101.457   48.4819   48.7324   30.2801   106.007   112.035   48.5842   90.6454   32   98.9071   107.666   81.4579   92.104   53.0555   82.4831   101.086   103.543   72.8303   32.0312   93.3385   48.6554   106.853   
60.2163   102.942   44.5533   85.9069   83.2346   27   4.47214   95.8801   123.11   119.403   63.5689   98.8838   47.5079   80.1561   15.0333   45   38.833   129.074   22.3607   83.0241   52.9528   41.7732   82.3772   29.6816   114.63   33.2866   72.5603   109.179   20.0998   37.3363   88.2043   56.3028   12.083   2.23607   95.4254   0   88.3314   69.9228   59.2354   67.7956   105.762   59.5534   99.699   66.6334   106.538   96.7648   71.1852   94.6553   86.0914   77.421   90.0207   102.891   33.4164   79.8418   87.3934   114.542   103.454   57.7164   56.6525   85.77   133.748   107.477   121.457   83.9996   49.1141   75.4895   93.404   34.2354   98.239   79.64   
42.4382   41.9762   31.6228   15.6525   23.0868   49.7393   75   79.6116   66.4906   71.007   60.2163   27.8029   29.0172   19.2354   71.7008   34.0588   36.2353   74.3303   80.1561   92.4554   65.7951   33.6155   78.492   45.8912   54.8179   42.5793   77.0065   73.2462   55.0364   75.9539   53.7122   23.7697   62.2977   74.6324   92.8493   74.3303   0   39.4199   91.1625   38.6155   39.4642   88.4983   41.2315   97.6425   42.6982   41.2971   40.6569   26   22.6569   94.6612   108.447   100.424   100.101   36.53   104.323   56.0827   102.549   53.5579   48.1321   39.6125   75.941   79.0284   68.5061   32.7082   56.5597   54.0555   99.6163   86.2681   77.4123   32.1803   
29.1548   51.0392   18.0278   34.5254   30   33.2415   55.7136   71.7844   74.2428   75   46.2277   43.566   9   26.2488   51.788   14.3178   20   81.4371   60.1332   78.6448   48.8262   18.3576   66.888   26.2488   63.8122   22.8035   63.1269   72.0278   37.2022   56.5155   50.04   7.61577   43.382   55.5428   81.9878   55.4617   20.025   0   75.0085   29.0711   50.9868   72.6297   53.8612   81.4885   53.7848   52.1243   21.3852   42.4719   30.7631   77.6923   92.6416   88.9466   79.0918   33.351   88.5185   63.0961   91.9555   38.831   33.3576   42.3776   84.9353   73.7694   76.4279   30.1265   34.8087   48.2682   83.4624   68.3275   67.1775   23.0554   
39.4588   86.1278   60   91.4822   72.1734   53.0094   39.0512   57.9828   99.7647   91.8368   30.2324   91.0879   48.8467   71.007   28.1603   43.0813   54.6717   103.774   23.7697   40.05   16.6433   57.0088   42.4853   39.6232   94.7048   40.6079   31.7805   77.1038   47.5079   6.08276   60.5392   52.3927   40.8534   41.1096   53.6004   43.1856   76.1577   57.2451   0   77.0533   105.721   24.1623   109.857   24.8489   97.1734   109.369   69.6288   99.717   85.4977   36.2354   44.8058   63.905   56.6769   89.9256   56.1399   100.97   64.7805   64.3735   72.0088   76.4492   113.908   77.0601   103.422   83.6554   65.5675   62.4492   55.8516   39   69.2538   80.3005   
35.7771   56.4358   12.2066   33.0151   35.3553   29.4109   54.5711   78.7464   80.1124   81.4923   52.4309   46.8615   12.2066   31.3847   52.0384   18.0278   15.8114   87.4643   61.0737   84.6463   53.9073   13.4536   73.4302   26.0192   69.3542   23.0217   69.2026   79.0063   34.4384   59.4643   57.0789   14.5602   41.7612   54.1202   88.5889   53.7587   20.6155   7.07107   60.8358   0   58.0579   73.5918   49.8578   85.6847   60.0338   46.6956   28.4562   45.2077   37.8341   82.7734   97.6558   96.0177   77.8013   30.3417   95.5895   68.232   98.8156   40.1529   28.4536   43.1603   88.3553   80.7138   81.7832   36.0294   34.6815   46.0832   90.4068   68.2228   73.7998   30   
53.7587   34.7131   48.8774   14.1421   24.0832   67.1193   92.3472   84.1487   58.0345   65.7343   70.7743   15.0333   45.7056   22.4722   88.6454   50.2494   53.6656   66.0303   96.7471   101.71   78.5875   51   86.267   63.0635   46.0435   59.6657   86.7698   72.4707   72.4983   91.1373   56.6392   39.0128   79.712   92.0272   99.4887   91.7606   17.4642   36.8782   90.6697   38.0789   0   104.363   46.074   111.905   35.4642   43.4429   53.1182   36.2643   40.1211   106.034   119.767   107.6   115.88   53.3607   115.644   59.3195   109.882   66.8743   65.5963   49.5106   67.1666   82.0948   61.2431   39.3607   71.6868   63.8017   106.072   102.012   85   49.6446   
36.3456   82.9699   58.258   88.8876   69.1158   52.1536   40.0125   55.5698   96.6488   88.8144   27.2029   88.0511   46.5188   68   29   40.7185   53.0754   100.703   25.632   39.0128   13.6015   55.3173   40.3113   38.2099   91.5478   38.9487   29.7321   74.2496   46.9574   8.06226   57.4543   49.7293   40.8044   42   51.9711   44.0114   73.4983   54.7814   3.16228   58.5918   87.8237   0   107.529   26.6301   94.1158   105.287   66.9653   97.2533   82.8342   37   47.9681   61.8567   58.6564   86.8013   55.6356   98.1947   62.7321   60.3249   70.3173   71.0091   110.879   74.0306   100.381   80.9919   63.6905   57.0122   53.8032   42.1623   66.2119   77.8368   
65.8559   61.2046   40.05   13   45.8803   57.2189   86.0058   104.01   85   91.9239   83.6301   42.107   47.0106   42.5441   85.5862   52.8015   46.0977   93   95.1893   116.103   87.6641   43.1045   102.65   60.0167   73   57.4891   100.568   96.4624   64.0703   94.578   77.8267   45.2217   73   85.0529   117.154   84.1487   24.4131   38.9487   95.8541   35.1141   27.074   93.5201   0   117.813   62.4138   19.1623   57.3358   42.2315   46   116.367   130.829   124.535   110.105   39.9317   127.007   75.531   126.61   66.1834   58.1045   64.0256   94.1231   102.337   87.7345   50.4795   66.0488   73.8747   120.549   98.201   98.9261   44.8058   
43.1045   88.1192   68.7677   98.0816   76.1052   62.6817   48.3735   53.1507   99.5389   90.4268   30.0832   95.1315   56.4358   75.4255   37.6563   50.6063   63.6553   102.859   32.0624   31.5753   18   65.8559   37.0135   48.8365   95.6033   49.5177   26.2488   74.4043   57.3062   15.2971   60.1664   58.8727   50.6952   50.4876   46.2385   52.6118   82.5409   64.405   9.84886   68.6003   96.1041   10.6301   103.31   0   101.105   115.296   76.1088   106.779   91.9777   33.2066   48.2132   58.3733   63.0999   97.4315   46.025   103.268   59.2488   70.9551   80.8559   77.8058   113.271   76.0977   100.557   90.1354   74.3206   63.8058   50.3199   48.8489   61.0977   87.4604   
44.0114   18   53.9073   30.4138   11   70.7672   92.1792   68.1175   42.2966   48.6621   59.2284   8.06226   44.9444   12.6491   86.539   47.8539   57.28   50.2494   93.3006   88.2383   69.1158   55.1725   72.0069   62.7694   30.4138   59.1692   74   55.0727   74.8131   84.7172   40.4599   36.2353   80.455   92.2822   84.3149   92.4392   24.6982   37.6431   83.1505   41.7732   17.4642   80.0999   43.2897   87.0919   0   60.9072   52.3593   46.0172   42.2361   96.2867   108.861   98.3784   113.798   54   105.897   31.2627   98.8471   67.5136   70.1725   39.6875   51.5369   69.0116   44.53   40   72.4517   56.1603   91.4726   95.3586   69.7777   56.8785   
64.3506   62.0322   37.1214   14.3178   45.8803   54.1479   83   103.247   86.0523   92.5419   82.0731   43.4166   44.7214   42.3792   82.7345   50.5371   43.1856   94.0479   92.3959   114.586   85.703   40.1995   101.415   57.2713   74.0608   54.8179   99.0353   96.4624   61.0328   92.1141   77.3886   43.4166   70.0071   82.0244   116.039   81.0987   23.7065   36.8917   93.5201   32.6956   28.4429   91.236   3.16228   101.119   44.0454   0   58.2769   34.2971   45.647   114.569   129.533   123.467   106.049   43.094   125.41   75.3081   125.545   60.5412   54.1123   63.134   94.1025   102.172   88.5622   43.4109   63.1438   73.9828   119.263   99.4749   101.119   47.9681   
23.8537   48.2701   22.3607   37.6431   27.5862   35.805   55.9017   66.4078   70.8308   70.8378   41.1096   42.9535   8.60233   24.2074   50.9608   12.1655   23.2594   77.8267   58.6941   73.5935   44.4185   22.1359   61.5873   26.4197   60.803   22.8254   58.0517   67.1193   38.8973   53.6004   45   2.23607   44.1022   55.9464   76.6616   56.0803   22.3607   5.38516   53.8516   12.3693   38.1182   51.2445   43.2666   60.5392   36.3593   41.4005   0   46.6228   34   73.2845   89.6003   84.8417   80.347   38.7362   85.739   61.0548   86.5758   34.2361   37.1359   41.088   81.9261   68.231   70.1202   33.4987   36.6716   34.8885   78.0827   66.0977   61.8764   28.4405   
52.4309   47.0106   36.0555   6.08276   30.6757   54.4243   81.3941   89.0505   71.2531   77.3175   70.214   29.4109   37.3363   27.313   79.1012   42.7551   41.4849   79.2275   88.0057   102.45   75.5844   38.6005   88.3912   53.0848   59.3043   50.01   87.0057   81.2712   60.4401   84.9294   62.6498   33.2415   68.4471   80.8084   102.65   80.2808   10   28.4429   85.44   27.074   15.2643   82.8613   15.2315   92.1141   29.0172   15.2971   31.6228   0   32.6569   104.45   118.439   110.424   103.824   34.8661   114.316   60.2799   112.29   59.794   53.6005   49.6125   80.4274   87.106   73.5406   34.6433   59.5412   64.0555   108.195   90   87.4123   38.4165   
36.8917   39.2173   31.1127   21.095   19.105   48.6004   72.45   74.0945   63.6003   67.1863   54.6443   27.6586   25.4951   15.0333   68.4471   30.0666   35   71.3092   76.531   86.8332   60.5392   32.6497   72.8354   43.0116   52.2015   39.5601   71.4003   68.4471   53.3385   71.4493   48.4665   19.105   60.0083   72.2357   87.2067   72.0902   5.65685   16.7631   71.3863   19.2094   20.2237   68.6586   30   77.4919   23.0217   29.1548   18   15.6205   0   89.1671   102.9   98.3764   95.8549   41.1327   98.777   51.8806   96.7587   51.105   47.6497   41   70.3028   73.6941   65.5329   29.2361   51.5717   52.5287   94.9516   79.7887   74.9144   34.2195   
38.2753   80.0999   71.0634   95.7131   70.406   68.0294   58.0086   41.0366   89.493   79.6241   22.0907   89.2693   56.6392   70.342   47   50.9313   66.6108   92.3093   42.9535   21.0238   14.8661   68.4105   24.8395   52.8394   86.4928   52.6972   14.1421   62.9682   63.5689   25.318   50.448   57.1402   58.2495   60   34.4819   62.0081   80.0625   63.6003   19.2354   68.7677   92.0272   18   102.343   12.2066   81.2158   100.439   59.0762   89.9444   74.686   0   39.8661   44.7222   75.3064   96.8022   36.6619   93.0584   45.2853   78.3249   83.4105   72.3847   105.766   68.9184   93.5975   87.3553   78.7837   58.3847   35.2354   58.1856   54.1386   86.6557   
51.8845   90.2718   85.9127   109.772   82.8613   82.2982   69.5845   42.4853   96.5091   85.1645   34.5398   101.39   71.4493   83.2166   58.8558   65.7647   81.4002   98.2344   53.0094   13.4536   29.6985   83.2406   27.2029   67.4166   95.1315   67.424   20.025   67.0671   77.4726   36.4966   59.0085   71.6101   71.4703   71.7008   29.7321   73.8241   94.1541   78.2432   30.8058   83.5464   105.309   30.6757   116.829   21.2132   93.4077   115   73.6003   104.101   88.6848   14.8661   0   42.382   82   110.425   25.1231   102.471   44.6125   91.0007   98.2406   87.2508   112.217   73.2743   99.5033   102.221   93.3609   73.2508   40.224   69.8058   60.0444   101.299   
45.793   71.4703   87.4643   101.139   69.6348   89.4427   85   16.4924   73.0274   60.531   29.7321   86.3539   70.6824   71.218   73.9797   65.9242   84.4334   73.6817   71.1688   13.9284   36.0139   85.44   8.06226   73.3485   73.6817   72.0347   16.1245   41.7732   86.4696   53.4509   39.5601   67.4166   83   86.8332   7.28011   88.6848   86.3134   74.9466   47.4342   81.4923   93.6002   45.607   110.535   40.7063   78.8923   109.343   69.6419   96.1769   80.6598   28.6356   26.6271   0   99.1319   106.068   42.0398   83.9782   27.2361   90.0945   100.44   81.1377   88.4002   46.3883   76.9682   95.0562   96.9991   67.8652   25.4868   86.4342   53.5332   95.8022   
62.2896   107.615   55   95.6347   89.0056   38.6394   9.48683   93.1075   126.151   121.017   61.9112   105.849   54.7083   86.3308   12.8062   51.0784   49.0102   131.552   13.0384   76.531   49.6588   52.0096   78.4347   37.108   118.6   40.5216   68.0074   109.041   31.4006   30.5941   89.2749   62.7694   22.0907   11.1803   90.2441   13.0384   82.9759   63.3246   36.6742   62.8013   100.17   38.3275   95.0211   45.0999   98.8989   92.0489   62.9682   89.8053   80.0812   55.9017   66   83.9345   0   89.8494   80.123   121.025   98.6066   66.4496   67   91.2928   139.723   107.231   128.346   92.8847   62.1525   82.6608   89.7231   37.4391   95.2368   86.3799   
45.4533   54.1202   21.1896   20.3961   34.2345   39.5601   66.7533   86.3308   78.5875   82.2982   62.9682   40.2244   25.0799   30.1496   65.0077   30.8707   26.6833   86.3481   74.2428   95.483   66.0303   23.7697   83.006   39.0512   67.0522   36.2215   79.9312   82.8734   45.607   72.7324   62.0967   24.0416   53.7587   66.0984   97.9081   65.5134   12.53   17.2047   73.9256   13.3417   28.4253   71.5891   21.9317   81.4125   37.1618   19.7231   21.9317   14.8661   15.1327   80.8022   95.4254   91.022   75.326   0   105.723   66.9969   108.028   40.4764   38.7697   51.573   85.4355   88.8269   80.6502   38.3667   46.714   54.2046   99.8882   79.2046   83.476   31.2956   
47.8853   86.209   82.6196   105.816   78.7464   79.6241   68.1836   39.4462   92.7631   81.6088   30.4631   97.2677   67.8823   79.1202   57.3149   62.2415   78.2368   94.6414   52.0865   12.083   26.2488   80   23.7697   64.4981   91.1976   64.3506   16   63.6946   75.0267   35.0571   55.0364   67.8012   69.3758   70.2567   28.0179   72.3395   90.2109   74.5185   29.1548   79.9312   101.237   28.6356   113.004   20.025   89.2861   111.212   69.814   100.17   84.7231   11.6619   4.12311   24.0832   65.123   91.6788   0   98.4386   43.3452   88.9606   95   83.4786   106.542   68.7808   95.471   98.5284   90.4423   70.0466   33.5529   68.1548   56.0122   97.5738   
44.0114   3.16228   66.242   47.676   18.7883   81.4002   99.0202   55.9464   26.2488   31.4006   55.2268   21.095   53.9073   22.8473   91.8096   55.1725   68.5055   33.9559   97.0618   80.05   67.2681   66.888   63.0635   70.7248   15.2643   67.1789   67.3647   39.2046   84.2912   85.703   29.4109   44.6878   88.459   99.4887   73.4098   100.005   40.4475   48.5489   82.9699   54.1202   34.4819   79.8123   60.531   85   17.2627   61.2046   45.607   46.0435   37.3631   77.0584   87.367   68.9493   104.561   52.3927   83.2947   0   87.1152   75.6657   81.888   49.8857   36.3874   52.5899   29.6922   57.2627   82.2786   62.1825   83.4262   101.875   56.4264   59.31   
47.7074   73.6817   89.1572   103.276   71.8471   90.802   85.7088   18.2483   75.0067   62.3939   31.3847   88.5889   72.45   73.4098   74.6726   67.624   86.0349   75.5381   71.5681   12.53   37.0135   87.0919   10   74.7329   75.8024   73.4983   17   43.566   87.6926   53.8516   41.7852   69.3397   84.0238   87.5728   6   89.4539   88.4138   76.8505   47.8017   83.3547   95.8019   46.0977   112.61   40.7185   81.1234   111.396   71.5612   98.2904   82.7587   28.7924   25.6125   2.23607   84.4038   93.0054   23.3452   71.1688   0   92.3306   102.092   78.9365   90.6362   48.6243   79.2043   96.134   99.2351   70.1013   27.7229   86.8017   53.8058   98.0383   
30.1496   62.3699   13.4164   46.0109   41.7253   21.9545   42.72   73.8241   84.5991   83.7735   44.3847   56.4358   5.83095   38.2884   39.2046   8.24621   11   91.4166   48.0104   75.4718   43.2782   11.4018   66.1287   13.3417   74.8131   10.0499   60.4152   78.2624   24.7588   46.6154   55.9017   15   30.4138   42.5441   81.3449   42.4853   32.5576   13   48.3735   13.1529   49.7293   46.3249   48.0833   56.6127   50.2195   45.5412   14.1421   40   29.7321   58.0517   72.9178   74.0945   50.448   26.4764   69.527   59.6657   75.7694   0   26.4018   49.7021   92.6321   80.8035   84.2624   43.1265   28.6023   42.6853   81.3055   55.5453   66.1536   36.0554   
42.4264   70.1783   3   44.3847   49.0918   15.6525   43.1045   86.1452   93.4773   93.9202   56.648   60.959   17   45.2217   42.7551   20.6155   3.16228   100.648   52.6308   87.3212   54.6443   1   78.4347   18.3576   83.006   17.0294   72.45   89.6772   21.587   54.9181   67.3647   24.7386   30.0666   42.2966   93.6376   41.5933   34.1321   19.2354   57.6281   14.1421   51.4782   55.9732   43.0465   66.5282   55.9017   40.1123   23.0868   38.8973   33.3017   69.2026   84.0238   86.3771   52   24.0416   80.8022   67.7422   88.0227   12.3693   0   55.1622   102.497   90.8923   92.0592   49.3618   23.9443   54.0132   93.6748   60.5612   78.3817   42.2908   
19.4165   32.6497   39.2938   40.3609   14.3178   52.4786   69.4046   54.2033   54.0833   53.7587   36.2491   33.0606   24.6982   13.0384   62.6498   25.4558   40.3113   60.9016   68.7095   67.6757   44.5533   39.2173   53.0754   41.0122   44.5982   37.4833   52.4786   51.0392   54.8179   59.5399   29.6142   15.6525   58.7282   69.814   67.2681   70.2922   25.6125   21.3776   58.0345   28.1603   34.5398   55.0091   50   62.3939   25.1794   49.0918   17.088   35.3836   20   57.5674   70.7743   60.8112   75.2928   32.573   66.7083   29.7321   62.9365   30.5287   40.1622   0   65.7213   56.5601   59.1796   41.7231   53.1204   40   75.3555   77.2799   53.8024   44.4329   
59.9083   17.088   85.4751   64.0078   38.0132   100.439   116.846   58.8558   8.06226   19.799   67.6757   35.0571   72.8011   42.0476   109.018   73.6614   87.6641   16.0312   113.442   87.0057   80.7775   86.093   70.0071   89.1964   4.12311   85.703   76.6551   35.8469   103.078   100.623   37.855   63.6003   106.794   117.456   77.1038   118.106   58.9406   67.7422   97.17   73.3553   50.01   94.0213   77.0065   97.719   34.5254   78.1025   64.6375   63.3877   56.3028   88.295   96.421   74.2428   121.824   71.1688   92.5419   19.2354   76.3217   78.6003   86.954   48.2701   0   57.0119   40   74.5254   101.223   77.258   92.2873   117.772   66.1728   78.5454   
34.9285   39.8121   76.0066   76.8505   43.0116   84.5281   90.9175   18.3576   41.5933   30.8707   31.8277   56.8507   59.0339   45.793   80.9938   56.4358   75.1665   43.6578   82.3286   45   45.2769   75.0267   28.0713   69.3758   41.3038   66.7083   35.7351   15.8114   84.2021   66.4831   10.2956   52.1536   84.309   92.1792   36.0555   93.4773   63.9766   59.4138   61.7171   66.4831   66.7083   58.7963   88.1192   59.6825   50.2096   87.6641   54.231   72.9452   58.6941   48.7545   54.9181   32.3883   93.2309   72.1249   51.1957   37.5899   34.5254   64.195   76.0263   39.5601   42.0119   0   45.5941   81.2832   87.4561   57.6833   50.3514   91.5392   31   79.4684   
47.2017   12.53   75.7694   60.0167   29.4279   89.6939   104.661   48.3839   17.0294   19.105   54.7083   33.1059   61.9112   33.541   96.5401   62.2013   77.3692   23.7065   100.688   75.2396   67.7791   76.0592   58.1378   77.6209   11.0454   74.2024   64.195   28.3196   91.8368   87.6584   25.1794   52.8394   95.0158   105.361   66.4831   106.104   52.0865   57.7754   84.1724   63.9062   46.8402   81.0247   72.8354   84.7703   29.6142   73.437   54.1202   58.2151   48.5077   75.505   84.0952   62.9682   109.343   63.6396   80.1561   12.3693   65.1153   67.7422   76.9675   37.2156   13   30.5941   0   69.6142   90.3217   64.9674   80.4179   105.065   54.4972   71.6794   
35.805   40.8534   29   22.3607   20.3961   46.4004   70.2282   73.9256   65.146   68.3593   53.6004   29.8329   23.3452   16.2788   66.2873   28.0179   32.8024   72.8011   74.4312   85.9127   59.0931   30.4795   72.1803   40.8044   53.8516   37.3631   70.4344   69.0507   51.1077   69.5845   48.7032   17.2627   57.7754   70.0071   86.6833   69.857   6.7082   14.5602   69.6348   17.0294   22.3607   66.9403   30.4795   75.8947   25   29.4109   16.0312   16.6433   2.23607   73.3553   87.4643   80.0562   77.8845   14   83.5284   38.8973   82.134   27.5136   31.1448   19.7231   57.9396   58.8727   49.8197   0   49.3689   50.4109   93.1093   78.6604   70.4309   23.0711   
37.054   70.9366   12.083   51.3517   50.2096   13.4164   35.9026   80.2247   93.1933   92.1954   49.4773   64.3506   14.4222   46.6905   34.1321   15.2971   6.40312   99.985   43.7379   79.1581   46.1411   8.94427   71.3092   8.94427   83.4086   7.81025   64.622   86.122   16.4012   45.4863   63.7887   23.6008   23.0868   35.4401   86.4002   35.1141   39.2173   20.8087   48.2701   18.6815   56.648   46.6905   51.4782   57.28   58.4123   48.6621   22.6716   45.5412   37.1214   60.4649   75.213   79.1202   44.2832   31.0644   72.111   68.2495   80.6536   8.60233   9.43398   39.1152   87.2009   71.7008   76.3217   34.8855   0   49.7361   88.3564   51.1479   74.7559   43.864   
6.40312   44.2945   38.2099   51.6236   28.1603   46.8402   58.6941   48.7647   62.9365   59.6825   24.2074   47.0425   21.0238   27.0185   50.8035   18.4391   37.054   68.884   55.9017   56.6392   30.8058   37.0135   43.8292   32.6497   55   29.5466   41.1096   52.3927   47.4236   45.7056   30.0832   15.6525   49.4065   59.4138   58.8303   60.208   36.0555   23.2594   44.0454   30.0832   47.8017   41.0122   59.4643   48.5077   39.1152   57.9828   17.8885   46.0435   30.5287   44.3847   58.1808   51.8652   63.6003   39.2046   54.2033   41.1825   53.8238   26.0768   38.0132   14   58.258   38.1182   45.9674   29.4109   33.7343   0   65.1807   60.2217   44.4258   46.3148   
40.3609   72.1803   80.4984   97.4526   67.5352   81.2527   75.6637   23.0217   76.7919   65.2534   23.0217   85.235   64.1405   68.6003   64.6297   59.0593   77.0779   78.339   61.6847   10.7703   27.074   78.2943   7.28011   65.2534   76.0066   64.195   7.07107   47.1699   77.9295   43.9659   40.3113   61.8466   74.0608   77.5242   16.0312   79.404   82.2192   69.2026   37.9473   75.452   91.0659   36.1386   106.075   31.3847   77.4726   104.661   64.0312   92.1954   76.5768   19.2354   19.9249   9.48683   74.4648   85.7963   16.5529   69.4262   10.0499   67.082   79.2023   57.2014   77.0584   35.2278   65.0308   75.743   71.5122   46.6905   0   76.9473   45.2029   92.258   
43.8634   89.3588   42.72   81.0062   71.1758   30.6105   15.8114   76.844   107.713   102.728   44.7772   88.5438   38.3275   68.7095   5.65685   33.9559   36.6879   113.146   13.0384   64.195   33.7343   39.5601   63.1506   22.2036   100.21   25.02   53.3385   91.2688   24.0416   19.6977   71.0634   45.607   16.1245   17.4642   76.2365   19.2354   67.2681   47.2652   25   48.0416   84.0119   25.318   82.201   34.7851   81.3449   79.4292   46.0977   75   63.7887   43.1856   55.7853   69.4622   18.4391   61.2046   53.9351   86.2844   70.2567   35   39.8497   57.2451   103.407   75.4718   90.9065   61.6604   30.8058   45.2217   60.208   0   75.5392   70.3206   
22.0227   45.2769   64.7765   72.8629   41.0488   71.3442   76.0592   22.1359   53.4883   44.6542   17.0294   58.1808   47.5184   42.638   66.0379   44.0454   63.1269   56.8243   67.3573   37.9473   30.6105   63.3877   21.4709   55.7315   50.4876   53.3385   25.02   30.8058   70.406   51.7397   14.3178   42.0595   69.8928   77.3692   34.6554   78.721   58.4123   49.6488   47.2017   56.6127   65   44.2041   82.801   46.0977   50.5371   81.8413   44.2719   68.1175   52.8015   36.1386   45.0444   28.6007   78.2368   64.4127   41.0122   42.4264   30.8058   52.1536   64.3817   32.8024   52.1728   15   39.4588   52.4309   59.0085   26.6833   27.2029   60.5392   0   72.7042   
35.3836   47.4236   21.9317   25.4951   26.5707   39.4081   63.8905   76.0592   71.5122   73.9797   53.0377   36.8782   18.0278   22.4722   60.531   23.3452   25.807   79.0569   69.0652   85.5628   56.9386   23.4307   72.8011   34.7131   60.4152   31.4006   70.0071   73.3348   44.2945   65.5134   52.1728   14.4222   51.264   63.5689   87.6584   63.3246   11.1803   9.05539   66.0984   10   28.4605   63.5689   30.8058   73.0068   32.0156   29.0689   12.53   19.4165   9.21954   71.5612   86.0233   80.8022   71.8053   10.2956   82.201   45.31   82.801   21.3776   24.0832   22.561   64.4748   62.0967   55.7853   7.07107   28.2312   29.0689   75.743   56.1427   54.1202   0   
