15
50
999999 11 14 15 11 14 8 7 14 11 15 17 8 12 15 11 16 15 15 9 17 9 11 10 16 14 8 13 8 12 17 5 8 12 14 13 14 17 17 16 15 16 10 6 9 9 11 17 6 14 
0 5 12 9 4 10 5 3 1 3 14 7 1 9 13 7 14 12 2 5 7 7 1 7 5 6 5 1 5 7 12 3 3 11 7 4 7 1 16 1 4 12 5 4 6 1 6 11 2 1 
20
0   0   0   0   0   0   0   0   0   0   0   0   0   0   0   0   0   0   0   0   
11   -4   4   -4   4   -3   5   -4   7   -5   5   -8   5   -5   7   -9   4   -11   11   -3   
5   -6   9   -2   -2   1   4   -3   3   -4   6   -2   2   -3   4   -8   13   -5   8   -1   
-6   3   2   -4   2   0   5   0   -5   2   -7   6   -1   -3   5   3   0   1   0   0   
0   3   3   0   -5   5   -2   0   -1   0   -2   3   -5   2   0   6   0   2   -5   5   
-6   8   -7   10   -8   10   -4   8   -2   7   -8   7   -9   5   -3   3   -2   9   -9   4   
-1   -3   -1   -1   2   -1   2   0   0   0   -2   0   2   0   4   -2   -1   -4   -1   0   
2   0   0   0   -2   -2   4   -3   2   0   0   1   0   1   0   -1   -1   1   1   0   
0   -8   11   -8   6   -6   7   -14   -2   -8   2   -9   6   -10   13   -6   6   -11   11   -3   
4   3   -6   5   -2   6   -3   2   -1   -1   2   8   -5   2   2   4   -6   1   0   2   
2   -12   0   -6   5   0   1   -6   -1   -4   0   -1   5   -7   0   -4   8   0   2   -4   
8   -9   3   0   10   1   4   -6   3   -11   5   -5   0   -7   12   -2   -4   -7   -3   -11   
6   -3   3   -3   4   -7   2   -1   3   -5   3   -6   5   -1   4   -6   2   0   6   -2   
-10   5   -8   10   -10   8   -2   11   -10   6   -7   11   -5   8   -5   9   -11   9   -9   10   
-3   -9   5   -7   8   -11   11   -3   10   -9   9   -9   5   -3   14   -10   12   -3   5   -9   
4   -8   2   -6   9   -1   10   -8   4   -9   0   -5   4   -4   9   -8   5   -5   10   -6   
-2   -6   0   -4   -1   -6   -2   5   4   3   5   -6   15   1   10   -12   11   -2   1   -3   
-10   5   -13   8   -10   11   -1   12   0   4   0   7   -5   1   -1   8   -5   6   -5   11   
1   3   0   -2   -3   -3   0   2   -3   0   2   -4   0   0   -6   6   -10   -5   6   3   
4   -2   0   -2   1   -1   4   0   4   -3   5   -8   0   -8   8   -3   4   -2   0   -4   
-6   11   -6   9   -9   6   -10   2   -10   11   -4   11   -1   -1   -11   11   -11   10   -1   14   
-4   4   -2   2   1   3   -4   3   -3   -1   -3   4   -3   0   -3   0   -4   5   -3   4   
-5   0   -1   2   -3   -5   5   3   -3   0   -6   1   -6   3   -1   6   -1   6   -9   7   
7   4   4   -1   4   -1   2   0   3   0   1   0   7   -7   5   -4   0   -3   10   -3   
-5   14   -10   1   -4   0   -10   11   0   5   -10   -4   -4   8   -11   6   -3   6   -4   10   
-5   7   -4   4   -5   6   -3   6   -3   6   -5   4   -2   -2   -1   4   -2   8   -5   0   
1   -3   0   0   -3   -1   -1   1   -2   -3   -2   2   0   2   -1   0   -2   0   1   0   
-8   2   0   2   -3   5   -11   11   -9   -3   -8   10   -7   -1   -7   5   -5   0   -2   11   
-5   5   -1   6   -5   4   -7   3   -2   3   -6   4   -3   4   -5   4   -1   5   -4   5   
3   1   -3   -3   2   -4   6   0   3   -7   -3   -4   3   1   4   0   1   5   5   -3   
-11   9   -6   1   -13   8   -12   10   -8   14   -15   15   -14   9   -13   14   -6   9   -8   6   
-1   1   0   0   -2   2   -1   0   0   1   -1   0   0   0   -1   1   -1   0   0   0   
-6   6   -5   2   -6   4   -4   7   -4   4   -2   5   0   4   -4   5   -4   5   -1   2   
-8   11   -9   11   -8   6   -8   11   -8   5   -5   2   -2   10   -11   11   -4   11   -7   2   
9   -2   1   -2   -4   -3   -5   -2   1   -2   1   4   -2   -5   -2   -2   6   -4   -1   -4   
9   -3   2   -1   9   -2   -4   -3   1   -2   1   -3   5   -10   4   -3   8   -3   6   -2   
-12   11   -11   6   -14   2   -8   9   -5   13   -6   -2   -2   4   -1   4   -10   3   -6   0   
4   -4   3   -3   -8   -11   7   -2   -6   0   -4   -6   0   -6   -2   3   9   0   -3   -3   
-10   10   -8   9   -4   2   -12   10   -7   -1   -7   3   -6   9   -8   10   -8   11   -11   0   
11   -6   0   0   4   -4   0   4   -6   -2   0   2   9   -1   1   -3   2   0   1   -6   
-4   -5   0   -2   1   3   5   -1   1   -1   0   -2   7   -5   3   6   -4   1   -5   0   
-8   12   -3   8   -5   13   -13   14   -12   5   -9   5   -6   4   -7   7   -8   14   -11   0   
4   -3   -1   -6   5   0   8   2   4   -6   0   -5   5   -1   -1   -5   6   -6   2   0   
2   2   0   1   2   1   2   -4   -1   0   0   0   1   0   2   -1   1   -2   3   0   
-6   -1   -8   8   -1   3   -1   9   -3   6   -7   4   -1   2   -4   9   -7   4   -1   8   
-2   -3   3   5   -1   -2   2   0   1   2   -1   2   -2   0   -1   1   -2   -4   -2   5   
0   0   1   0   4   -6   2   -2   2   3   2   -6   4   3   1   -4   1   -1   4   0   
6   -6   7   -11   13   -6   0   6   4   -15   9   -11   3   -9   9   -11   15   -9   13   -10   
0   -1   -3   -2   0   0   2   0   1   0   0   -1   2   0   1   0   2   1   0   -1   
0   1   -3   7   0   6   1   0   -4   2   0   3   -4   2   -1   -4   2   -2   2   0   
0   71.5619   67.5202   60.0983   54.9473   49.1405   70.0817   77.6198   39.1108   70.225   57.8754   69.0727   83.547   29.0828   61.5197   54.7131   69.5619   55.6155   52.1548   71.6004   58.4578   66   72.8015   56   23   41.3717   59.8104   42.2843   38.2094   63.4037   68.7499   39.1948   65.9824   58.0555   70.1826   65.3275   59.7772   66.9444   52.6416   89.3699   66.592   38.3238   48.4605   61.8855   89.1163   47.3607   54.8855   47.8254   58.9762   65.9215   
54.5619   0   110.927   102.805   64.2742   98.1568   51.2025   100.928   87.495   92.4427   100.584   90.7336   27.8489   68.1041   57.8008   97.4223   96.564   89.176   90.9451   80.0308   78.1249   106.427   102.177   64.3766   72.2635   70.8516   62.9342   51.2372   76.7441   106.946   107.646   65.1106   112.486   98.8841   123.927   57.5335   30.1421   32.3693   107.204   99   111.136   92.8857   92.7962   44.4951   109.087   73.4509   109.447   68.4782   109.331   109.005   
50.448   93.145   0   34.0161   104.358   76.735   88.8257   51.9319   48.573   43.194   34.544   59.5423   115.227   72.0928   111.551   32.8114   42.3475   92.452   82.4712   115.83   51.2538   25.099   108.36   103.706   66.01   56.1995   78.455   92.7323   54.1214   90.9982   24.9274   62.4278   92.1884   85.0357   51.2754   74.9333   103.853   102.978   60.9862   125.399   30.1803   65.9183   43.544   83.0432   43.0713   54.8121   54.2866   93.739   29.544   22.099   
39.3192   85.7963   12.2066   0   91.4225   62.9907   82.092   56.4356   35.6526   45.2361   16.2361   65.5035   110.038   60.0444   99.6564   26.3852   47.0644   80.5718   69.8015   103.088   49.3847   34.4929   99.3066   91.8114   54.1152   51.9623   72.9017   81.6035   48.8046   77.0954   34.8284   57.2492   77.2968   75.9828   44.926   73   95.8311   94.3095   46.0745   112.415   23.831   56.8887   32.6491   78.8358   55.1948   50.6497   37.4722   87.131   24.4721   32   
37.9473   48.2597   88.3233   76.9025   0   60.4687   81.5917   110.4   71.5618   101.141   90.6455   103.323   72.7062   47.541   31.2066   90.5328   107.509   48.0689   51.2491   33.2627   91.0693   103.889   57.2753   19   60.9473   71.7858   79.6612   32.8885   75.0727   65.6796   106.697   77.1422   71.2188   57.6173   96.4164   73.8303   57.1321   55.0555   80.9799   56.3553   100.733   66.6621   86.4078   68.4236   122.654   77.0357   81.1193   42.0312   96.9235   103.869   
29.6142   80.2122   59.4138   47.3814   45.31   0   96.0526   100.824   54.6202   90.7673   62.7547   96.9197   105.02   52.6581   71.5912   62.607   90.8241   36.9899   26.2195   63   81.8548   81.8743   54.8378   59.3847   46.5753   67.9414   89.4245   65.6228   66.8167   33.5602   82.2099   68.809   35   31.6301   59.2311   84.897   85.12   82.884   45.8806   70.3289   70.6496   31.8167   69.4166   79.9062   102.485   64.163   49.178   48.6228   71.8536   79.3814   
51.4198   32.2025   71.8679   68.0147   66.4831   81.0247   0   71.1934   71.6939   65.2445   80.8559   57.0512   53.3766   62.3814   83.9386   80.7724   71.8179   102.207   96.2456   99.4882   64.5196   84.082   117.048   82.1674   67.1001   55.1064   37.2066   64.7032   57.9285   111.894   85.7647   45.8869   116.025   109.475   108.069   40.8924   60.0056   57.7696   96.2982   122.838   91.8457   89.7436   77.4506   46.4165   84.7887   57.2022   92.7718   87.5224   92.4868   83.4763   
61.6198   82.6075   34.9285   41.0488   96.4002   82.7647   53.1507   0   69.7836   31.7047   57.2848   34.1421   101.298   78.8051   114.985   59.8329   30   110.61   100.235   124.756   46.8035   44.9258   127.159   110.678   75.1415   59.583   64.1045   96.6909   60.845   116.325   43.4591   63.0756   117.765   108.59   83.1972   60.6905   102.242   100.006   87.1233   139.662   62.1022   95.5098   65.5601   79.9406   34.6619   55.4599   78.521   108.487   55   53.8329   
18.1108   68.0955   32.573   21.2132   55.7853   33.2415   56.6039   49.6488   0   57.0789   37.4493   63.9062   92.7306   46.0828   78.3877   37.6819   56.0488   63.2769   53.805   82.3347   47.4138   51.9927   88.0794   71.1955   40   31.4801   59.6228   60.395   28.3178   66.8018   49.7567   48.807   68.2415   64.8717   53.5007   60.72   74.407   84.1664   46.8059   95.6942   45.0442   46.8035   30.4018   67.6878   69.3289   42.6977   38.2036   56.1622   44.0416   53.2132   
50.9313   78.0064   25.9422   30.0666   86.8217   71.1126   51.2445   11.7047   38.0789   0   46.3027   34.4012   96.8585   70.2321   106.625   48.956   19.1231   98.801   88.7835   114.358   34.3178   37.5936   119.33   102.105   67.4782   51.01   53.8121   87.4148   52.2721   102.554   35.3576   51.0555   104.665   96.0062   73.7488   63.107   94.1038   95.0533   75.9541   129.172   52.9217   77.5064   44.8568   75.1181   32.8661   46.8869   67.3517   94.241   45.3059   41.095   
37.4833   83.5703   13.4164   2.23607   75.1864   46.7547   65.8559   40.1995   19.4165   29   0   60.0221   107.027   57.1045   97.7345   27.1623   44.2655   76.2013   66.6223   101.751   43.5296   32.0475   94.1148   89.2159   56.3513   45.7321   75.1378   79.7676   47.7343   75.1493   29.8114   55.0132   77.728   71.3297   44.5707   69.8015   93.8234   96.5456   47.4058   109.55   26.067   50.0694   33.4403   79.6003   54.573   52.4138   38.8035   75.5787   22   34.2361   
55.0727   69.0507   42.19   44.643   87   79.8123   39.0512   14.1421   46.8722   16.4012   43.1741   0   89.0625   71.5872   103.67   62.2801   35.5243   104.703   97.5214   116.499   43.4924   53.9948   123.91   101.318   69.3479   52.8798   56.4279   84.4344   54.1418   112.263   51.7588   49.6554   114.808   106.028   87.7447   52.5261   88.9366   95.3253   87.0156   132.109   68.474   87.6497   55   72.2385   44.2982   48.7567   81.9776   90.4321   61.7071   57.4962   
63.6396   9.84886   99.6243   93.0376   57.7062   89.8721   33.3766   86.0058   76.2758   82.6075   90.802   72.0625   0   74.4113   65.9688   102.779   100.613   96.5512   97.9906   88.2428   84.3595   112.083   109.892   72.2607   76.2415   76.2944   57.0465   58.4966   82.4515   114.168   113.353   70.818   119.664   106.107   127.252   63.2409   38.372   36.1359   113.311   108.849   113.883   101.963   95.4984   50.2025   113.13   83.2998   114.479   78.327   112.231   116.853   
6.7082   48.1041   55.7315   45.0444   33.541   34.176   47.3814   63.7024   24.0208   53.6004   43.1045   55.8032   57.3149   0   57.8121   57.8211   71.5854   50.7131   44.1496   66.8037   55.1097   72.7082   78.4509   52.541   26.0828   33.8494   54.1995   43.0227   37.6333   62.6905   71.4059   43.9317   69.176   60.2046   70.4624   49.0143   56.5114   54.2753   59.3498   82.0328   68.8754   45.032   50.541   43.7321   86.4664   45.3452   57.5933   45.799   65.1045   72.6297   
45.2769   41.1947   95.5249   84.5931   11.4018   56.3649   64.1405   99.985   63.3877   91.236   82.7345   89.4036   50   39.8121   0   95.3079   109.295   59.4706   61.4131   41.7386   91.4161   110.348   68.6771   30.4018   61.3067   72.1327   80.1076   33.2354   77.4454   77.0813   108.112   78.5698   82.6205   69.0191   107.818   74.7282   44.6586   44.8329   88.2585   64.19   108.424   73.9406   90.3531   68.2277   124.024   78.4152   92.5211   44.7099   101.132   111.198   
34.7131   80.4114   15.8114   5.38516   72.5328   45.607   62.9682   39.6232   16.7631   28.1603   3.16228   41.5933   87.6641   40.1995   79.9062   0   47.2834   76.0197   65.2494   97.3941   44.6253   33.105   95.4041   86.0618   48.3657   40.5933   65.9679   76.5069   37.4356   76.3633   32.9737   49.065   80.607   72.0803   47.7329   64.4658   88.5482   87.9884   50.5681   106.418   27.1803   53.2317   21.2801   73.5259   56.1214   45.2947   41.9658   72.9252   25.1623   37.3852   
54.5619   82   25.2982   31.0644   90.7359   73.8241   54.8179   10   41.0488   4.12311   30.2655   18.4391   86.4696   57.4282   95.2733   29.8329   0   102.924   92.844   118.182   38.4409   34.4642   122   104.103   69.4768   53.0086   57.9352   90.1166   54.2707   105.415   37.72   55.1786   107.038   100.129   69.4429   64.0435   96.2158   97.0519   76.3412   133.088   48.6158   80.3349   48.9799   77.1167   34.7703   48.8855   67.9258   97.2109   41   43.2485   
33.6155   72.6154   75.452   63.2456   29.8329   19.105   81.0062   94.0479   45.2769   82.801   62.2013   88.5494   82.4621   34.7131   41.2311   60.4401   86.0523   0   34.7703   52.0768   89.603   93.545   33.2354   47.0689   56.6155   68.5625   88.9126   62.0789   69.3546   34.1453   92.0127   72.8103   39.6845   26.083   78.336   83.7274   78.6513   76.4152   64.9856   49.249   87.0765   50.9216   70.5685   78.4452   110.588   72.9464   68.283   48.1896   84.2013   95.2456   
27.1662   73.5731   65   52.8015   36.2491   9.21954   77.5242   85.235   35.805   73.7835   51.8556   80.7775   83.3547   30.1496   47.4131   50.2494   76.844   10.7703   0   51.0555   80.4565   83.3544   44.0057   55.2491   50.1662   63.9991   84.3491   60.3452   63.5982   34.1176   81.667   66.361   39.6569   26.0554   65.0322   79.1639   78.0907   75.8547   48.2746   60.0194   71.9387   41.0362   66.2068   73.439   105.134   62.7647   49.7351   43.3452   73.8556   84.8015   
48.6004   65.0308   97.0824   85.0882   17.2627   45   83.4865   109.659   64.8845   99.3579   83.672   101.415   74.2428   45.9674   24.7386   81.3941   103.078   26.0768   36.0555   0   101.077   113.864   40.4951   36.2627   69.0262   79.8168   96.9239   50.1512   83.6007   60.2221   111.629   86.2213   65.7613   52.1599   99.6724   91.0929   66   69.5715   79.2763   39.1108   107.6   70.788   90.1577   79.2573   129.914   84.2965   85.7906   45.1725   105.672   112.412   
39.4081   64.1249   32.8024   31.3847   73.6003   63.3246   39.3573   22.8035   30.4138   14.3178   29.5296   16.4924   69.2315   41.0122   77.4145   27.313   18.4391   72.5603   64.4748   86.977   0   45.6558   105.796   88.4139   52.9036   36.2603   41.313   73.1808   38.2485   94.8845   43.4197   42.3076   95.8084   90.5302   71.7147   53.6356   80.7584   78.5224   71.2644   115.671   50.6197   74.1507   44.3452   59.0128   44.1204   34.6918   62.6621   82.8112   51.5296   54.9015   
52   90.4268   8.06226   17.4929   89.8888   64.5368   67.082   26.9258   34.9857   18.6011   17.8045   35   96.3016   56.6127   96.3016   19.105   17.4642   79.511   69.3542   99.8499   27.7308   0   111.86   102.955   65.5992   54.3575   69.0438   92.741   51.4706   92.8944   17.2361   62.0999   94.5506   89.0748   54.0555   75.0088   104.975   104.284   63.5674   125.523   33.5242   67.8145   37.7065   83.5134   41.1948   56.1182   54.9651   91.1479   28.6301   18   
52.8015   86.122   92.957   80.8084   38.6264   33.8378   98.5089   113.159   64.0312   101.833   79.9812   107.782   95.8019   53.4509   48.7647   78.492   105   19.2354   28.3196   25.4951   91.7878   97.591   0   57.2753   75.8015   85.1126   107.65   71.515   87.5891   44.5153   109.793   91.2728   50.0179   45.3184   87.9256   102.465   86.0347   93.5976   70.1202   40.0263   100.115   65.6545   89.8039   97.183   129.823   89.1532   77.9112   58.054   101.981   112.808   
37   48.3735   87.3613   75.9276   1   44.3847   66.1287   95.6033   54.8179   85.9826   74.2159   86.2786   57.8705   32.6497   12.2066   71.5681   89.8888   29.0689   35.3412   17.4642   72.8011   88.955   38.2753   0   56.887   66.4991   80.6612   33.8885   68.2033   63.2142   104.027   74.082   68.7534   55.1519   97.4164   74.8303   52.2345   56.0555   80.5728   56.575   98.3403   66.2748   83.1907   64.0106   116.922   75.2178   82.1193   33.0333   93.848   102.922   
2   53.2635   50.01   39.1152   38.6264   31.5753   49.4773   60.1415   18   49.5782   37.2156   53.3385   62.2415   6.08276   45.5412   34.3657   53.2635   35.4683   29.1548   49.8197   37.8021   51.264   54.626   37.6962   0   39.9322   56.0488   43.0713   39.6918   60.0444   63.0408   41.1948   66.5753   55.0526   65.5668   55.097   61.1451   58.909   54.6416   79.5311   58   40.3238   45.8927   49.8149   81.9226   39.5913   53.8469   37.8537   59.2156   67.9215   
18.3576   53.8516   40.1995   31.9531   53   45.0999   39.9625   43.8634   16.6433   33.8378   29.7321   36.7151   61.2944   19.8494   57.9396   26.5707   37.7359   51.8941   44.643   65.7951   21.2603   39.2046   71.1126   52.1536   16.6433   0   44.0653   52.8973   22.1623   76.6877   54.137   25.7389   77.0714   70.6984   66.9313   41.5539   67.1639   66.2895   62.5441   96.1744   53.751   56.6814   38.3716   46.1548   63.7411   18.1231   54.8469   54.497   48.7567   57.2046   
43.0465   39.6232   59.6825   55.9017   64.6607   72.4431   12.2066   43.1045   45.618   39.8121   53.7587   29.4279   43.0465   40.1995   64.4438   50.9117   43.566   74.8131   70.0071   80.9506   27.313   55.0364   93.1719   64.1405   41.0488   29.1548   0   63.8797   50.3274   101.093   70.7327   39.6155   106.226   96   94.5257   22.831   58.5441   59.5259   90.8225   118.348   77.9327   81.3703   60.6878   36.4391   71.4334   44.9422   83.8216   78.9025   72.8179   73.0364   
28.2843   34.5398   77.4145   67.0075   17.8885   47.3814   48.7032   80.7775   46.0435   72.0139   65.0308   70.4344   44.3847   22.0227   19.2354   62.0725   76.0592   38.0789   39.8246   34.7851   58.1808   77.666   52.345   17.4642   28.0713   38.8973   46.8722   0   59.656   69.7697   90.6977   60.3593   75.3089   61.7074   92.4851   58.585   36.095   40.3607   78.5395   72.6773   86.0278   64.2415   69.2268   45.5466   101.816   57.0204   79.616   31   87.0308   94.2058   
19.2094   57.0088   37.1214   28.7924   55.0727   44.4072   42.4382   42.45   14.3178   32.0156   26.5707   36.2491   64.4127   21.6333   60.407   23.4094   35.805   52.3546   44.5982   67.3573   20.2485   36.3456   71.5891   54.2033   17.6918   3.16228   31.305   41.4849   0   72.8558   53.5816   28.9012   78.2896   70.6536   67.8185   44.6007   70.3262   69.4518   61.1237   97.2229   50.5897   57.5332   41.1555   47.249   64.3689   21.2854   52.5214   55.5455   48.5707   54.3456   
43.0465   89.9444   72.3464   60.6053   49.0408   14.5602   94.0479   97.17   47.7598   85.4927   60.2163   94.3716   99.7647   46.6905   60.4401   59.3633   88.1022   19.2094   16.7631   43.3244   77.8845   78.0064   24.5153   48.2701   45.0444   59.4138   86.093   55.7584   58.8558   0   90.0277   80.0076   30.6569   22.0623   73.7913   95.7048   91.8534   92.6177   56.241   63.1856   81.5549   46.3769   73.6975   90.2021   112.573   77.5369   59.6232   58.833   80   92.6053   
49.7695   88.6454   7.61577   15.6525   87.6641   62.482   65.7647   27.4591   32.7567   18.3576   15.8114   34.6699   94.6414   54.4059   94.1116   16.9706   17.72   77.3369   67.2086   97.6166   26.4197   2.23607   95.462   86.7295   49.0408   37.1214   53.6656   75.505   34.2345   76.0263   0   58.6297   92.9493   87.1411   52.8839   69.4243   100.055   99.1803   61.727   123.388   32.3526   65.8808   38.2507   77.1506   39.587   51.0139   53.1247   86.8945   27.1803   16.8284   
23.1948   45.8803   47.2969   40.2492   52.4023   52.0865   30.8869   44.4185   25.807   36.0555   38.0132   34.6554   52.8015   21.9317   55.5698   34.8855   40.1622   56.3205   50.3587   66.8431   21.9317   45.0999   75.2728   51.6624   21.2132   9.21954   20.6155   36.3593   12.0416   66.0076   43.1856   0   85.5904   74.2115   76.1509   43.4465   56.0119   57.7023   67.4296   100.68   62.0659   57.9318   47.5911   34.6155   66.0522   27.3427   64.0106   59.0669   57.9762   60.0141   
47.3814   95.3834   73.0068   61.5873   54.6717   18   98.656   99.368   50.448   87.6641   61.4003   97.2934   105.19   51.4198   66.0681   60.8276   90.0777   24.8395   21.9317   48.4665   80.8084   79.0759   28.0179   53.9073   49.366   63.0714   90.3549   61.2944   62.2896   5.65685   77.1751   70.0643   0   27.7191   64.8262   100.434   97.3894   97.7864   48.241   68.0441   78.0081   46.6586   79.3543   95.152   115.973   81.1945   65.2801   61.4072   83.4003   93.5873   
36.0555   81.8841   70.0357   57.9828   41.6173   10.6301   86.5794   92.5905   42.9418   81.0062   57.3149   88.8651   91.7061   39.2046   53.0094   56.0803   83.863   12.083   9.05539   37.6563   72.45   75.0733   23.3238   40.8044   38.0526   53.1507   79   47.7074   52.8867   8.06226   73   59.2115   13.6015   0   69.8612   88.2189   83.7968   84.9101   53.5781   56.5216   78.0933   39.2603   72.535   82.4944   109.655   71.2738   58.7905   46.8058   79.3149   87.8629   
49.7695   102.927   31.1448   25   82.2982   41.2311   90.1388   65.192   35   54.7449   26.5707   69.6419   111.252   56.4624   92.0706   28.6356   55.2268   60.208   49.6488   85.5862   55.9464   39.0512   73.9256   81.3019   50.5668   50.9313   78.4092   77.4919   48.0833   50.1199   38   60.1082   48.8262   50.9215   0   92.4852   109.407   109.366   41.8994   105.395   39.095   52.7135   49.9158   94.7238   74.2162   69.0544   33.2971   88.4205   48.5707   53.0555   
38.3275   36.0555   59.9333   55   58.8303   67.897   13.8924   46.6905   42.72   42.107   52.8015   33.5261   40.6079   35.0143   58.7282   49.8197   46.0435   69.4622   65.0308   75.1332   28.6356   55.9732   87.6641   58.3095   36.3456   26.0768   5.83095   41.0488   28.6007   81.3019   54.4243   17   85.7088   74.0608   76.4853   0   51.7366   50.1252   84.4296   107.922   77   74.9318   64.4484   27.0384   71.0357   44.1999   80.9236   66.2445   74.8015   71.2527   
44.7772   14.1421   88.5664   79.8311   34.1321   68.0147   38.8973   83.5225   60.407   77.1038   77.666   70.9366   23.7697   38.0789   27.6586   74.5252   81.2158   59.0339   60.803   51   62.8013   87.023   72.0347   34.2345   43.8292   48.3735   42.5441   21.095   51.4782   76.8505   85.0529   42.0119   82.3772   68.7968   94.3716   37.5766   0   21.2361   94.0569   90.1108   101.706   83.101   84.2893   42.6982   106.922   64.0408   95.6721   52.095   97.1302   101.881   
44.9444   12.3693   87.8237   79.3095   36.0555   68.884   36.7696   82.0061   60.1664   75.8024   77.1298   69.2892   22.1359   38.2753   29.8329   73.9797   79.9062   60.4152   61.8547   53.0094   61.5224   86.093   73.7564   36.1248   43.909   47.676   40.7063   22.3607   50.8035   78.032   84.1487   41.0122   83.5284   69.9714   94.3663   35.8469   2.23607   0   96.293   89.0634   101.16   83.2682   83.7083   39.0868   105.427   65.7991   95.8686   53.3607   94.4114   100.977   
34.7131   89.2749   41.8808   30.8707   62.9682   20.8806   82.2982   70.6116   26.2488   59.0339   31.0161   71.007   98.3107   41.2311   73.2462   31.0483   60.8769   39.8121   29.2746   65.2763   55.0818   48.3011   54.1202   61.9839   36.0694   42.5441   71.6938   60.3738   40.4969   31.241   46.5188   51.4296   31.241   30.8707   20.3961   68.4251   79.0569   79.404   0   87.3923   47.8059   28.3178   50.9203   84.9632   81.9142   60.6672   25.6023   66.5395   49.3412   62.8707   
62.3699   83   107.615   95.4149   35.3553   50.3289   101.242   123.988   76.6942   113.172   94.3027   116.829   92.0869   61.0328   42.19   92.4175   116.675   32.249   42.9418   18.1108   101.671   111.4   19.0263   35.5106   63.8905   80.4301   98.0867   52.6308   81.5659   43.1856   109.202   82.6801   47   40.5216   91.3947   92.3093   69.029   71.0634   71.1688   0   113.112   77.4811   102.818   97.3681   142.837   98.5532   92.677   57.6773   115.298   125.622   
44.0454   91.5478   11.1803   5.83095   81.2158   49.0408   73.7564   44.1022   26   33.7343   8.06226   49.0408   98.8433   50.01   89.2749   11.1803   34.1321   65.8635   55.2268   88.6002   36.6197   18.4391   82.801   80.2309   44   37.6962   61.6198   72.0278   34.5398   61.5549   17.1172   46.0652   62.0081   59.6657   21.095   60.803   85.3756   84.8999   30.8058   98.1122   0   58.1316   32.4604   80.6408   52.719   55.8193   43.2036   81.8537   26.6158   29.5242   
23.3238   77.1038   48.9183   36.7967   48.6621   10.8167   74   72.0902   22.8035   60.4152   36.0694   69.6348   86.4523   29.2062   58.9406   34.8281   63.0635   27.313   16.5529   51.788   53.1507   53.8145   44.0454   47.676   25.0599   36.1248   64.5368   46.6476   35   25.0799   51.7397   43.9318   27.6586   21.2603   34.0147   60.4401   66.0681   66.6033   14.3178   59.4811   38.833   0   53.2053   72.9383   89.5612   54.2479   38.4165   48.2415   58.0694   68.3572   
28.4605   73.1642   22.2036   12.6491   66.4078   43.4166   56.5862   39.5601   11.4018   27.8568   10.4403   39   80.4984   33.541   73.3485   7.28011   30.4138   56.5685   46.8615   76.1577   23.3452   23.7065   75.1665   65.4599   27.8927   19.3132   44.6878   55.2268   16.1555   57.6975   21.4709   27.7849   59.808   53.535   33.8378   43.1856   67.2681   66.7083   32.0156   88.0909   18.3848   32.6497   0   62.4004   60.7228   37.4363   46.318   65.7464   32.4403   38.2993   
34.8855   25.4951   67.72   60.8358   47.4236   63.9062   19.4165   58.9406   44.6878   53.1507   58.6003   46.2385   32.2025   29.7321   46.2277   55.4617   57.2189   62.0725   59.439   64.2573   39.0128   64.9384   79.2275   47.0106   33.121   29.1548   18.4391   29.5466   32.249   76.1577   63.1506   20.6155   81.0432   68.4471   79.6492   13.0384   24.6982   23.0868   68.4105   81.9085   66.6408   58.1808   48.3011   0   83.1333   44.2312   82.8914   60.5466   77.9114   79.979   
64.8151   92.0869   28.0713   37   101.356   82.3772   63.7887   11.6619   50.3289   14.8661   36.7696   25.2982   96.1301   67.9559   106.024   37.1214   10.7703   95.5877   86.0523   113.406   29.1204   20.2237   114.337   100.499   63.6003   48.3735   53.0848   86.8159   46.3249   96.3846   21.587   50.9215   97.949   92.6553   59.2115   56.0357   91.7824   90.4268   67.7791   126.621   38.6394   71.5612   39.2046   67.6018   0   59.6559   74.3162   101.454   47.825   37.1948   
22.3607   53.4509   39.8121   32.6497   56.0357   49.163   37.2022   40.4599   19.6977   30.8869   30.4138   32.7567   60.4152   23.3452   60.4152   27.2947   34.8855   55.9464   48.7647   69.2965   17.6918   38   75.1532   55.2178   20.5913   4.12311   25.9422   41.2311   5.38516   63.5059   36.0139   7.61577   67.1193   57.2713   53.0754   23.4307   49.0408   48.1664   45.8803   84.2021   38.4708   40.05   20.2485   28.2312   45.618   0   57.9013   58.445   49.8938   52.8423   
34.8855   88.8144   33.2866   22.4722   67.1193   28.178   78.7718   62.8013   22.2036   51.3517   22.8035   64.1249   97.4526   41.5933   76.7919   23.1948   52.9528   46.4866   35.7351   71.1969   48.6621   39.8121   61.9112   66.1211   35.8469   38.833   67.6018   62.2977   36.3593   39.6232   38.0789   48.0104   39.8246   38.5876   15.2971   64.8999   79.6492   79.7559   8.60233   78.3901   22.2036   19.4165   25.318   66.468   59.4643   41.6773   0   67.658   44.8035   51.7278   
22.8254   51.4782   72.7324   61.131   16.0312   31.6228   61.5224   83.4865   40.1622   73.2462   59.4811   75.4321   61.327   19.799   25.7099   56.921   77.0065   21.1896   23.3452   26.1725   60.8112   74.7329   37.054   15.0333   23.8537   39.6232   56.921   17   41.2311   38.833   72.4983   41.0488   44.4072   30.8058   66.4831   51.2445   38.0789   39.3573   47.5395   41.6773   65.307   33.2415   51.0784   42.19   87.4185   43.1393   51.2445   0   81.195   88.7469   
41.9762   86.3308   8.544   4.47214   79.8123   51.6624   67.0075   37   24.0416   26.3059   5   41.4367   93.2309   47.3814   87.1321   7.28011   27   67.2012   56.8507   88.5664   29.2062   13.0384   84.9588   78.848   41.5933   32.7567   54.8179   69.1809   29.6142   65   11.1803   40.4969   66.0379   62.2415   28.4429   54.3783   81.0494   80.4114   35.3412   99.2975   7.61577   41.0122   14   61.0983   32.573   32.8938   26.9258   64.195   0   28.0088   
50.9215   91.0055   5.09902   15   88.8651   62.2896   68.4763   29.8329   33.541   21.095   15.5563   37.4433   97.1236   55.7853   95.5667   17.2047   20.2485   77.6209   67.3573   98.4124   29.1548   3   95.5249   87.9204   50.2892   39.0128   56.356   77.1038   36.0555   75.6042   2.82843   45.3982   76.5506   72.8629   36.0555   57.0088   87.1436   86.2844   45.6508   109.622   15.5242   51.6236   22.4722   65.5134   23.1948   38.1182   37.1214   73.5391   10.6301   0   
