15
30
999999 6 8 16 16 16 7 8 7 9 7 17 16 9 12 14 7 7 11 6 6 11 7 15 9 10 13 16 14 5 
0 3 7 10 6 7 1 4 2 1 3 14 5 3 7 12 1 1 8 4 2 2 6 14 7 6 1 14 6 2 
20
0   0   0   0   0   0   0   0   0   0   0   0   0   0   0   0   0   0   0   0   
-4   4   -6   5   -4   6   -1   4   -3   4   -3   4   -5   4   -3   3   0   0   -4   5   
3   -6   3   -4   4   -5   4   -3   2   -6   2   -3   0   -1   2   -5   3   -6   0   -3   
-13   7   -5   3   -9   3   -9   5   -7   10   -12   11   -10   3   -15   4   0   13   -15   11   
2   0   -5   1   -1   0   -9   -9   9   -8   -11   9   0   0   -8   -3   -7   6   2   1   
-5   7   -7   2   5   5   -1   8   -4   0   -3   4   -2   3   -5   4   -11   8   5   0   
-1   -1   0   -4   1   -4   0   0   4   2   0   -3   2   -3   1   -2   -1   0   0   -2   
-4   3   -2   3   -3   5   -4   3   -3   1   -6   3   -4   3   -5   3   -3   4   -2   2   
-5   5   -5   3   -6   3   -1   3   -5   2   -7   5   -5   4   -5   4   -3   4   -5   4   
5   -5   5   -4   3   -6   1   -5   8   -6   2   -4   6   -3   2   -7   7   -2   4   -7   
0   6   -2   1   -3   2   -1   0   -1   0   -5   0   -4   2   -2   -1   0   2   -1   3   
15   -10   8   -10   9   -6   1   -13   14   -12   13   -14   11   -14   13   -8   4   -6   15   -13   
-3   5   -8   8   -1   11   -8   2   -5   1   -10   15   -8   -1   -7   3   -7   0   0   1   
0   8   -2   7   -1   6   1   5   -6   4   -4   8   -4   4   -2   6   -1   5   -4   2   
-4   9   1   10   -5   9   -11   6   -8   8   -6   5   -8   8   -5   3   -3   6   -3   9   
11   -8   4   -6   9   2   6   -8   5   -11   2   -1   6   -2   12   -10   2   -11   1   -9   
-5   2   0   0   1   0   -2   0   0   3   0   0   0   1   0   -2   -3   0   0   0   
5   0   2   -6   4   -1   3   -3   2   -3   5   -2   0   -2   0   -4   2   -2   0   -2   
1   -4   3   -1   4   -3   3   -4   1   -4   5   0   4   2   3   3   -2   -5   -1   -7   
-2   2   -4   1   -6   2   -3   0   -4   -1   -6   5   -3   3   -5   2   -4   5   -2   6   
0   0   0   0   0   0   4   0   -1   1   -1   0   3   3   0   -1   1   -1   0   0   
3   -2   7   -4   0   -5   2   -2   3   -3   0   -6   7   2   0   -7   5   1   0   0   
0   -3   -1   0   0   0   -2   -1   -3   0   -2   0   0   -3   0   1   -3   0   0   1   
-12   6   -7   8   -3   7   -1   0   -1   11   -12   9   -12   4   -6   2   -15   12   -11   10   
-2   0   -2   2   -4   4   -7   6   -4   6   -2   2   -3   3   0   6   -1   2   0   3   
-9   6   -3   3   -9   2   -1   3   -8   5   -8   4   -3   2   -2   10   -1   5   -1   0   
0   -9   1   7   0   -2   2   -2   -2   3   0   0   -1   6   -4   5   0   0   0   6   
-2   -1   1   0   -7   -2   0   11   -1   6   -6   14   -7   8   -7   -1   -10   3   -1   11   
-11   12   -4   3   -8   6   -6   5   -7   12   -4   0   -3   5   -11   10   0   5   -6   4   
1   0   0   0   -1   0   0   1   0   -1   0   1   1   0   0   0   0   0   1   0   
0   54.8058   56.3553   65.2515   74.7558   49.0483   58.3847   29.8114   67.8808   78.8276   51.0689   64.3249   49.1204   70.5318   70.5296   44.9545   51.0768   67.8262   54.8058   39.6205   50.0151   74.0408   33.0711   69.4135   72.7074   62.0465   92.7951   82.9464   71.4885   73.4665   
30.8058   0   74.8705   50.1353   58.0842   46.8917   82.3354   52.3501   57.5793   54.6962   25.0554   90.4647   79.9083   51.2624   35.6011   75.7603   65.2876   91.8478   26.083   42.6155   33.544   79.4981   61.0571   94.0694   49.4819   49.0483   70.0273   53.6197   102.294   36.6011   
35.3553   57.8705   0   99.0338   106.222   51.8112   83.4814   65.1667   92.8375   89.7532   77.646   33.4593   53.1361   75.3592   80.98   50.4966   28.4018   30.2971   64.4876   57.3363   85.3705   98.4919   54.2843   45.7883   97.6196   68.5077   127.139   111.49   82.0984   94.3491   
46.3249   33.2415   81.2158   0   25   80.0303   68.7965   59.4401   33.868   87.9377   51.0799   110.65   84.1231   84.401   68.8426   81.6657   88.0106   111.513   59.2217   62.0106   47.7386   73.5079   73.2541   115.738   27.4142   82.2899   44.9317   28.1655   97.4661   68.4166   
56.3028   41.6293   91.214   10   0   87.9305   78.7965   65.9444   43.868   89.0616   52.229   120.628   94.1231   91.4003   70.6977   86.9638   97.8084   121.511   67.7124   72.0106   48.1059   74.2015   83.2541   125.301   33.6023   90.6777   30.0357   34.9443   98.4808   65.0408   
31.0483   31.8277   33.3766   63.1348   72.4017   0   89.433   60.0999   86.7083   51.9473   56.2047   65.5888   67.345   41.8537   51.9559   69.0918   40.4094   63.6737   35.8087   38.1108   56.8246   103.63   52.178   57.72   79.4981   33.6525   100   85.4473   102.537   56.8973   
44.3847   64.6607   69.4262   53.1413   59.2284   75.4321   0   56.249   48.9285   117.441   76.28   93.1674   60.9102   112.01   98.2406   51.9848   84.6089   92.6942   86.8308   77.8727   78.8276   31.8167   65.3735   103.801   75.7587   106.431   74.0339   81.3068   49.1725   101.262   
15.8114   33.3017   50   35.4401   44.9444   45.0999   32.249   0   50.9072   87.9978   53.2947   79.8068   49.8179   80.1936   68.9027   40.3311   59.5961   80.2971   59.3847   53.4591   58.305   48.7131   40.3607   85.2249   56.6879   71.7083   74.9801   63.6056   62.8774   67.8556   
41.8808   42.5793   76.8375   18.868   24.3311   66.7083   34.9285   26.9072   0   93.9983   58.541   104.279   75.7062   93.8417   73.7746   67.2383   86.0616   105.095   68.6624   70.7647   61.4401   42.6531   66.8262   111.294   39.2354   91.6277   44.9258   47.0335   82.208   79.1804   
60.8276   37.6962   71.0634   67.1863   73.0616   37.9473   101.242   69.0652   79.8123   0   62.7515   101.73   101.658   40.0312   41.2237   101.357   77.3514   100.159   52.6105   64.3431   64.3847   117.194   81.4299   94.7878   87.178   39.561   103.097   90.4575   131.943   49.0208   
29.0689   9.05539   60.3738   25.0799   34.1321   38.2753   57.28   27.2947   33.541   46.4866   0   93.296   77.1126   60.3178   44.6565   67.6257   68.6008   90.6709   35.1384   42.6008   29.1231   70.3028   59.7131   95.9953   44.4008   56.6232   64.1678   53.2454   90.1721   45.6565   
46.3249   71.3092   14   92.6499   102.626   47.2652   73.5391   59.4643   86.2786   84.7231   73.1642   0   58.7851   86.3758   94.98   64.4966   42.4018   30.1623   78.4876   66.6952   93.5506   96.7345   56.4462   42.0278   111.62   80.9177   130.665   116   82.0308   104.163   
29.1204   59.9083   33.1361   69.1231   78.4474   52.345   38.9102   33.7343   57.7062   87.6584   57.3149   34.7851   0   94.1987   93.4605   36.4868   48.1059   51.9473   77.0339   60.9726   79.1356   66.5489   44.4197   70.2494   90.4221   85.9975   102.632   97.2886   56.2415   96.5093   
51.3128   36.0555   55.9732   68.884   76.4003   23.8537   94.4299   62.3939   78.1601   16.0312   45.0111   69.3758   75.743   0   39.6982   86.8604   61.9574   86.2703   41.1794   49.8469   64.2832   111.107   69.3541   81.5737   85.5374   27.4853   106.083   89.6752   122.801   54.2324   
46.5296   18.6011   66.0681   47.0425   53.3385   33.9559   83.2406   51.6236   59.7746   20.2237   26.8328   80.0562   75.2396   24.6982   0   82.4763   74.3653   96.2219   35.4924   55.573   38.3516   97.1356   73.0408   91.6759   68.083   48.2074   83.3742   62.0977   114.501   31.6569   
21.9545   52.2015   36.4966   59.6657   68.9638   49.0918   32.9848   24.3311   48.3735   82.3286   48.8365   41.1825   9.48683   71.5891   68.4763   0   57.5927   61.4342   75.6972   61.0135   71.9696   60.6293   48.2603   70.8179   81.0189   82.7442   90.1332   87.8313   56.1321   88.2638   
26.0768   46.4866   11.4018   70.8378   80.8084   23.4094   65.0692   41.5933   67.9559   61.3514   49.2443   25.1794   33.1059   46.9574   55   33.3766   0   41.6988   59.2046   49.7883   71.7062   87.3187   33.2354   48.5862   93.2496   55   110.844   97.0569   89.1287   80.3067   
48.8262   73.0821   15.2971   95.1315   105.119   48.0416   76.6942   62.2415   89.0955   85.1587   75.2396   3.16228   37.9473   69.6348   81.2219   44.2945   26.6833   0   79.7847   69.8574   93.5493   99.8968   58.8808   31.6525   112.917   81.6833   133.337   119.162   85.193   104.939   
30.8058   12.083   50.4876   45.2217   53.7122   20.8087   70.8308   38.5876   53.0377   30.6105   20.3961   64.3817   59.0339   25.1794   16.4924   52.6972   39.2046   65.7647   0   35.1555   39.6155   87.3007   50.6956   76.7694   61.5649   34.2354   82.1103   65.7027   101.465   36   
15.6205   20.6155   37.3363   47.0106   56.7274   18.1108   58.8727   27.4591   48.7647   45.3431   23.6008   50.6952   42.9418   35.8469   32.573   37.0135   26   52.4976   16.1555   0   51.4197   76.1691   30.5529   71.4309   62.4149   47.7308   86.7631   74.2352   84.0928   49.5106   
33.0151   8.544   63.561   24.7386   33.1059   39.8246   60.8276   31.305   35.4401   44.3847   4.12311   76.5506   61.4003   44.2832   24.3516   52.9528   52.3259   78.5493   20.6155   26.4197   0   74.4259   56.9726   97.3849   47.9615   54.8509   63.1416   52.9042   94.1823   41.4722   
49.0408   64.4981   77.4919   47.5079   52.2015   79.6304   10.8167   34.7131   28.6531   101.966   56.3028   82.7345   48.5489   96.7678   83.006   41.6293   72.0069   85.8662   72.2357   62.1691   59.4054   0   72.0833   112.447   67.8885   106.421   65.1597   75.0339   59.1386   95.8413   
7.07107   35.0571   28.2843   53.2541   63.2456   28.178   48.3735   22.3607   48.8262   61.4003   34.7131   39.4462   26.4197   50.3289   49.0408   21.2603   19.2354   41.8808   32.6956   16.5529   38.4708   54.0833   0   62.4004   70.6443   60.8688   93.2812   80.6099   71.2178   66.0635   
53.4135   72.0694   18.7883   98.3514   108.301   42.72   87.8009   68.5055   95.2103   77   76.0263   18.0278   50.2494   61.0082   76.6551   54.8179   27.5862   15.6525   62.7694   52.4309   78.7718   96.1353   46.4004   0   114.846   76.3725   138.336   122.212   100.059   96.6088   
47.7074   34.4819   82.6196   1.41421   8.60233   64.4981   53.7587   36.6879   19.2354   68.1175   26.4008   94.0319   70.342   70.0357   48.0104   60.8769   72.2496   96.5194   46.4866   48.4149   25.9615   47.8853   54.6443   99.7647   0   80.7219   38.6155   29.4018   94.2624   60.2832   
43.0465   31.0483   48.5077   64.2884   72.45   15.6525   86.539   54.7083   72.0069   22.561   39.6232   62.1691   67.2681   8.48528   24.2074   63.1269   39   62.6498   19.2354   27.7308   39.5601   89.2861   41.8688   55.2268   65.521   0   101.076   84.668   111.824   43.8329   
65.7951   55.0273   101.139   21.9317   14.0357   85   59.0339   52.4309   26.9258   87.0919   47.0106   111.665   84.5281   90.2441   67.3647   75.1332   91.2853   114.337   67.0671   68.5055   46.4866   50.1597   72.8629   118.87   20.6155   86.0233   0   41.2036   108.206   77.0714   
55.9464   36.6197   89.8888   12.1655   8.94427   68.2495   65.146   46.6905   30.4631   65.3758   30.4138   102   80.4114   69.8928   46.0977   71.0211   79.0569   104.317   48.5489   53.9073   28.4253   59.0339   62.6099   106.212   11.4018   66.6408   22.2036   0   105.664   55.4367   
54.4885   81.8413   66.0984   77.4661   84.4808   83.2166   26.1725   48.8774   60.208   115.261   76.1577   65.0308   33.2415   105.423   99.6393   34.1321   66.1287   68.0661   84.8999   70.0928   80.1311   36.1386   55.2178   82.0975   78.2624   97.0052   85.1469   89.627   0   116.733   
48.4665   18.6011   70.3491   43.4166   49.0408   38.8973   82.807   51.8556   57.3847   24.0208   25.6125   84.2912   77.4919   30.2324   5.65685   70.2638   59.1354   85.5862   20   35.5106   22.4722   81.8413   51.6624   81.6088   44.2832   29.8329   63.0714   41.4367   100.439   0   
