15
70
999999 16 6 5 13 13 5 10 15 8 11 17 9 12 5 17 15 7 13 9 14 8 10 16 12 16 11 13 14 6 9 17 7 7 15 9 12 17 9 8 14 17 6 13 11 6 7 16 14 8 17 7 15 13 15 8 7 11 16 16 14 6 9 17 9 12 5 7 6 17 
0 11 1 2 5 12 2 6 2 1 7 1 3 1 4 2 5 6 5 2 9 5 9 7 7 13 9 5 1 3 8 10 2 4 10 2 9 14 5 4 5 4 1 5 6 2 3 10 3 2 5 3 8 10 3 3 6 5 3 7 8 3 7 7 3 7 2 5 5 4 
20
0   0   0   0   0   0   0   0   0   0   0   0   0   0   0   0   0   0   0   0   
-11   11   -1   10   -11   12   -6   14   -10   3   -6   13   -2   11   3   10   -2   2   -12   11   
-3   -2   -1   1   1   4   -3   3   0   0   -2   2   0   0   -2   2   1   0   0   3   
0   3   -1   2   -2   1   -2   2   -3   1   0   3   0   1   -3   2   -2   2   -1   2   
-10   10   0   -2   -6   7   -12   5   -5   5   -1   3   -11   6   0   12   -8   3   -4   8   
1   -1   1   0   0   -4   3   0   -1   -2   8   -3   3   -8   2   2   0   2   1   1   
-1   3   0   0   -3   3   -1   1   0   2   -2   1   -2   2   -2   1   -2   2   -1   1   
3   -1   3   2   1   1   3   1   7   -4   0   -8   4   0   -5   -3   3   3   0   0   
13   -2   9   1   13   -4   7   -9   0   -6   12   -7   4   -9   8   -6   7   -5   8   -4   
-1   5   -3   4   0   4   -4   8   -7   5   -3   5   -5   5   -1   3   -4   6   -4   4   
2   -2   6   -1   1   -2   4   -6   6   -6   1   -6   5   -2   4   -9   7   -4   -1   -2   
7   -3   3   -4   6   2   5   0   0   -3   6   -4   15   -1   14   -6   11   -7   0   0   
-5   5   0   5   -4   4   0   3   -3   5   -7   2   -1   3   -5   3   -4   2   -4   0   
-1   7   -4   7   -5   0   -8   4   3   4   -8   5   0   5   -2   0   -7   2   -5   -2   
0   0   0   0   0   0   -1   0   0   0   0   0   0   1   0   0   0   0   1   1   
-6   6   5   5   4   4   1   -10   0   -1   4   3   -2   5   -2   5   6   -4   -3   1   
10   -6   7   -1   13   -2   10   -15   10   -10   14   -3   13   -1   3   -6   3   -7   15   0   
-1   3   -3   4   -5   4   -3   3   -7   2   -2   3   -3   6   -3   3   2   1   -2   -1   
1   3   -4   0   -1   6   -4   3   2   1   -5   2   -5   0   -5   1   -2   4   0   -2   
-7   5   -2   6   -3   1   -6   0   -3   2   -5   0   0   2   -4   3   -5   3   -3   1   
-5   -2   -2   7   -9   4   -9   6   -8   3   -7   0   -7   6   3   1   -3   8   -3   6   
-5   0   -7   3   -5   4   -7   5   -5   3   -4   5   -3   2   -6   6   -5   2   -2   3   
-6   0   2   -4   -1   -3   0   -1   0   -1   -3   1   0   2   2   0   3   -1   3   -2   
-5   -3   9   -4   9   -5   0   -4   -4   -4   -2   -2   -7   0   8   -7   8   -8   -2   -2   
-11   3   -4   5   -10   10   0   5   -8   12   -7   7   -8   9   -4   9   -7   7   -8   12   
-8   9   -10   2   -2   13   -5   7   -3   -2   -8   5   -8   12   -1   8   2   3   -12   4   
4   -7   3   -6   0   0   0   -7   7   -2   0   -2   4   -4   6   -5   3   -9   8   -7   
4   -5   3   0   0   0   1   1   1   1   1   -8   1   9   -3   0   0   -1   -3   -6   
-5   -5   -1   -2   -3   7   -1   0   0   0   -14   4   -10   0   -6   1   -9   -1   -4   -3   
0   0   -2   2   -1   1   0   2   0   0   2   1   1   1   -1   3   -1   -1   1   2   
1   -4   2   -1   0   -5   -1   2   0   -5   8   0   4   -6   -2   -8   1   -2   0   -3   
0   14   5   -2   -14   7   5   3   -1   13   -6   -1   -7   0   7   2   -9   9   -4   -1   
-5   3   -5   2   -2   1   -2   6   -5   4   -3   5   -6   6   -3   5   -2   5   -3   4   
5   -4   3   -2   3   -4   2   -4   3   -1   3   -4   0   -3   2   0   -1   -2   2   -5   
-7   15   -7   14   -9   6   -6   6   -12   12   -2   3   -10   7   -12   11   -9   14   -10   13   
-7   5   -4   0   -9   6   -3   2   -2   4   -4   6   -2   0   -5   2   -3   7   -1   0   
5   11   0   0   -8   5   1   3   -7   -1   0   2   -1   12   -7   -5   -1   5   -1   7   
7   -13   6   -10   14   -7   5   3   8   -12   13   -11   5   -3   6   -9   6   -8   8   -15   
6   -3   5   1   0   -5   0   -2   0   4   1   -2   2   -1   2   -9   2   -7   2   -3   
-2   2   -5   0   -5   4   0   2   -6   5   -1   2   0   5   -5   4   -5   3   -4   5   
-13   10   -8   9   -4   14   -3   14   -12   14   -10   9   -6   6   -5   7   -7   8   -14   2   
-6   7   -1   3   -9   -2   -5   12   -6   2   0   -7   -11   -11   -6   0   -8   -3   -3   -4   
-2   1   -1   -3   3   -1   0   -2   0   0   0   -2   1   -1   0   0   0   2   1   -1   
-9   10   3   2   -11   6   -9   3   -3   10   -6   0   -9   6   -5   9   -1   10   -6   10   
2   0   1   2   0   -3   -2   4   -6   0   0   5   3   7   4   0   0   0   -3   -1   
5   -4   3   -3   3   -5   6   -3   -2   0   1   -3   0   0   5   1   3   -6   4   -4   
1   -1   2   -1   -3   1   0   2   -1   -1   0   1   -1   0   -2   -1   0   0   2   2   
-9   14   -6   2   -2   12   -13   7   -10   12   -7   14   -9   9   -8   6   -11   11   -13   7   
-10   8   -12   4   -10   8   -9   -2   -10   4   -5   13   -3   12   -6   1   -7   6   -14   4   
-4   -1   -1   -2   0   -2   0   0   -2   1   0   2   -1   1   -1   3   -1   0   -1   0   
11   1   -6   0   -2   0   0   0   1   3   0   6   -3   3   0   -3   -5   1   1   -4   
-2   3   -6   5   -7   2   -4   1   -3   4   -2   5   -3   3   -4   3   -4   0   -1   5   
7   0   10   -1   10   -3   7   1   12   -9   -3   1   3   -2   0   3   3   -8   4   -3   
-4   7   -6   7   -3   4   -2   7   -7   10   -2   11   -3   6   -9   9   -3   2   -8   7   
-7   4   3   4   -10   6   -6   13   -9   9   -2   6   0   2   -1   2   -2   1   -3   11   
-4   2   -1   4   -6   2   -5   4   -3   5   -2   3   -6   1   -4   4   -2   5   -1   3   
-3   0   0   0   1   3   0   1   -2   0   2   1   -2   -1   0   0   0   0   -6   3   
-9   8   -6   6   -9   9   -9   6   -5   11   -11   9   -8   3   -10   6   -9   8   -8   4   
6   -6   5   -7   6   -8   9   -8   10   -7   -2   -2   2   -7   6   -5   12   -6   7   -12   
0   0   -2   -1   3   0   7   -1   3   7   5   -1   -6   0   -1   3   9   -3   5   -6   
-4   0   -4   -4   2   3   -2   2   -6   2   -3   6   8   6   -5   -4   1   -1   3   0   
2   -1   1   0   0   -3   0   -5   -1   1   0   -2   4   -1   2   -4   2   -5   3   -1   
2   0   4   -1   2   -7   6   -1   6   -7   3   -3   3   -6   5   -7   8   -2   6   -9   
-8   6   -4   0   1   3   0   5   -9   0   -1   1   -1   3   -1   5   -7   0   2   0   
-3   6   2   0   -4   0   -4   -1   0   4   -1   4   -3   5   -4   1   0   6   -1   -2   
-7   1   -3   3   -11   4   -3   4   -8   0   -7   0   1   7   -9   0   -12   11   -4   7   
-1   -1   0   0   -2   0   0   0   1   0   0   -1   0   -2   0   0   0   0   2   1   
-3   5   -3   4   -5   4   -4   5   -6   6   -2   5   -4   4   -4   3   -7   4   -7   4   
-4   0   -2   0   0   1   0   1   -1   0   -4   3   0   0   0   2   -4   4   -5   5   
3   0   11   -12   1   2   4   -5   3   8   -5   2   2   -5   -2   -4   9   2   0   -2   
0   64.1325   68.0306   66.045   53.6567   69.9732   29.8661   58.8493   42.8885   43.9118   50.3641   42.5797   67.2639   57.7361   63.1478   26.1231   65.8292   58.6745   63.0425   67.1221   44.5682   76.5111   72.5547   78.7454   57.566   31.7631   45.2062   73.7731   51.7851   68.3561   65.1287   52.0746   48.6271   34.3848   41   46.5862   26.0623   73.109   37.2036   49.0156   65.9222   50.5106   79.7952   52.2602   53.9222   65.1711   71.0392   31.2462   41.8806   63.1221   54.6811   59.4604   72.2067   61.8086   65.7131   43.0192   75.8755   48.3935   27.1803   40.6015   54.6699   33.1555   64.2195   61.3657   65.9189   63.72   65.5533   81.4599   34.5183   68.3927   
48.3322   0   47.6825   96.837   93.6313   117.091   74.9408   25.3852   59.0958   91.3108   87.3884   86.1249   96.6513   101.848   102.899   67   59.3113   105.824   38.2514   101.738   36.2485   119.647   56.4082   68.4603   76.9464   76.8637   90.7834   46.3586   92.2462   22.831   40.5913   96.5098   56.3401   46.7805   63.1814   81.1395   72.0803   95.8123   84.82   88.0471   99.2878   65.8534   45.318   95.5263   87.2462   97.5376   35.3132   68.8516   81.5134   97.7377   96.3941   99.9081   108.714   84.622   62.2287   89.9987   66.04   88.2462   73.5063   76.7171   83.776   69.6624   100.394   93.9178   31.1803   104.824   89.9539   76.8705   46.6142   93.8781   
49.0306   30.2655   0   80.0678   84.6211   107.166   78.8967   45.4109   48.0624   87.4494   96.7775   88.0816   79.0938   92.8947   112.178   67.366   34.2803   100.268   31.0416   84.3397   52.5269   106.087   29.0554   44.1948   91.3806   80.7937   81.2681   21.1231   100.399   52.0143   66   97.9958   49.9541   65.8808   81.8218   90.4098   73.2595   110.963   80.803   73.3877   108.181   84.5549   72.4738   90.3362   97.6536   73.3259   29.3693   64.04   88.0812   85.2309   101.072   88.3229   84.8757   59.0386   32.8661   89.7075   47.0998   84.2511   73.2151   80.6813   92.5242   62.2966   113.17   74.1808   39.105   105   114.584   53.6586   65.8044   77.5619   
49   81.8352   61.8466   0   40.4307   53.7085   70.2467   92.6183   59.0114   55.8423   88.0945   69.1417   17.2361   45.8489   97.1781   59.0294   63.149   62.8466   84.5336   26.0499   83.0005   47.0624   71.7578   67.4537   106.269   70.9543   46.6228   80.1783   83.4792   102.667   107.408   75.4785   55.4969   77.3482   87.0383   86.0567   62.8099   110.735   55.2492   31.0294   95.9506   99.5106   122.003   46   84.501   21.2801   89.1249   58.9839   74.1764   35.4018   80.0202   43.0217   24   37.9317   68.2017   69.5977   68.7695   41.4197   62.2393   59.4947   97.3482   54.7659   105.372   32.8114   93.027   64.4072   104.729   73.3173   78.7611   34.1655   
34.4384   77.9872   66.4078   23.4307   0   43.8537   50.4013   87.5027   53.5173   32.4929   66.3927   46.6228   40.6668   29.0421   74.756   44.4451   69.7969   39.551   85.5969   32.9284   73.837   47.2488   79.698   80.0453   88.6455   50.53   25.2161   85.8111   60.8455   98.1316   98.7892   53.4439   56.073   66.2573   71.0088   65.7748   44.8803   89.2159   33.3136   28.0357   73.3095   83.2757   112.991   21.831   62.2501   44.2029   88.7902   40.4802   52.1418   28.9284   57.9857   31.0471   47.4307   52.1386   70.6297   46.9531   78.5206   19.3852   41.4764   45.3452   81.1332   48.4008   80.3911   31.4403   91.9452   44.4722   82   83.2604   68.9566   49.6006   
55.9732   102.005   90.824   37.6563   24.5967   0   68.6353   110.83   78.114   46.9187   76.9581   57.623   54.8924   32.2643   77.5796   67.3652   94.3936   34.0263   110.194   44.6586   97.9504   26.2956   104.295   104.642   104.139   67.4356   41.8701   110.408   67.1584   122.728   121.102   56.048   80.6698   88.6923   90.4683   79.2648   64.2195   97.0966   53.6176   52.6324   79.0372   103.04   135.768   44.0359   70.6826   58.9365   113.387   65.0769   66.1473   48.0153   61.0263   35.9737   53.7351   75.5881   95.2264   57.1924   100.863   43.9819   59.9641   56.8019   87.7346   72.9975   85.2661   53.9848   116.417   33.0263   90.2428   107.857   90.4915   68.8197   
14.8661   59.9083   63.7887   55.7853   36.0139   52.3259   0   69.6781   49.2756   41.4722   35.8494   29.8167   73.0214   57.2616   47.1453   31.8114   72.9026   54   76.0737   68.9423   54.8121   76.1532   82.4772   89.3146   55.7536   19   48.468   84.9118   36.4929   81.2158   72.2495   37.587   55.1825   45.1603   45.6008   29.8114   28.4853   58.1257   40.084   55.2173   43.5345   56.0555   88.7835   53.541   31.4929   72.0803   82.0692   37.3143   30.0828   64.9423   45   56.3038   76.8085   74.8681   79.3668   35.4164   84.4622   48.0161   28.7703   36.3417   50.5153   48.0216   53.1248   58.025   78.1332   60.609   48.9061   96.326   49.3844   82.7414   
42.9535   5.38516   29.4109   77.5242   72.9178   96.8297   54.5711   0   61.7131   85.5927   80.0303   82.7608   94.4145   98.6077   97.0549   67.4142   56   100.355   38.8885   97.9836   41.6336   115.024   58.407   71.9875   72.3858   73.5711   86.4807   47.9666   88.1175   28.2161   39.6155   92.1581   61.1214   45.5671   61.3588   77.8564   68.6952   95.473   78.8845   86.0312   95.1591   57.1214   45.4605   91.4562   83.1175   90.45   40.6984   64.5489   79.2337   94.2979   91.1183   97.2597   101.524   84.1853   58.0128   85.9727   67.5077   91.347   70.1338   75.356   77.0339   69.669   97.7527   83.1175   32.4018   106.339   89.3863   73.0088   43.3311   93.0945   
17.8885   39.598   32.0624   44.0114   38.6005   62.9682   32.6956   34.7131   0   59.2232   68.2527   60.4683   58.2719   64.207   79.8409   41.4642   40.9422   72.0818   47.573   63.4072   41.8473   78.6713   53.7342   60.2457   73.0255   49.6516   54.1618   53.1855   67.5548   62.4289   67.3964   68.6236   28.2195   46.2588   52.7771   62.507   43.9508   83.2965   53.2897   47.5913   76.23   62.1475   80.1736   58.2754   64.1884   61.2222   58.0842   39.8367   53.6264   59.4072   72.5697   58.8219   68.0114   52.249   42.5539   60.9078   58.2022   51.1611   45.0689   47   70.9313   29.2066   82.1081   55.4215   49.4819   80.1202   77.7171   62.8017   44.0227   69.1856   
28.8444   76.9415   72.2496   40.8044   17.4929   29.0689   23.2594   71.5891   40.7922   0   53.1248   34.1327   58.0405   38   60.6026   42.0347   80.7309   41.7648   88.3652   48.9285   72.6147   55.3645   90.3056   95.2477   75.4003   40.4722   35.2195   92.4187   46.4605   97.0415   93.8141   39.4165   63.0109   63.1548   65.1022   51.3456   38.8801   72.7273   32.7082   44.2825   59.5335   77.5028   108.481   35.6491   48.4298   59.8661   92.3445   38.4094   40.3607   46.4212   44.7946   42.528   57.5441   66.713   80.2013   33.1327   90.0015   30.8661   34.4266   31.2643   60.2769   50.0167   62.1041   48.9332   89.3303   40.8924   63.5077   100.753   63.2037   67.0935   
33.6006   71   80.7775   74.0945   52.3927   62.8013   19.8494   66.0303   51.3128   36.1248   0   39.2548   90.8189   70.852   34.7649   51.6608   92.255   59.6275   92.1577   85.0533   68.6077   87.216   102.327   108.313   44.4795   34.6011   59.2053   101.901   27.8167   88.3053   78.0642   36.5407   75.032   57.6079   41.2947   28   44.5449   37.8687   49.2053   73.1378   28.4403   59.2491   93.0569   64.6525   28.3246   90.1336   98.05   53.456   30.6525   81.3211   32.4929   76.1532   93.6689   94.3302   93.8666   41.0238   102.482   66.9909   48.2324   53.249   37.0416   66.7561   35.6433   77.8744   92.8241   58.9318   28.6491   114.114   67.4264   96.0062   
25.02   72.1249   73.5527   54.1202   31.6228   42.72   12.53   66.7608   41.5933   15.0333   21.095   0   71.0328   51.6702   42.4253   44.3414   82.5355   41.0599   88.0625   63.9618   67.342   69.0156   93.2788   99.7902   62.7826   31.53   40.0868   94.6758   33.4222   93.3761   84.7794   29.0499   67.7125   57.6902   50.3553   36.8403   40   57.8189   33.8924   56.1473   42.5658   68.5855   100.284   44.4591   30.5242   71.7308   94.5992   47   31.2195   60.5412   28.53   54.3928   71.5232   78.5777   82.0984   22   96.9922   42.7308   38.5242   39.6525   44.5941   55.0147   48   61.5876   90.6631   46.5967   49.7441   104.395   59.5383   78.2013   
50.04   81.6333   60.959   2.23607   25.4951   39.8121   57.28   77.4145   44.2719   42.8019   75.7694   55.9464   0   48.0849   98.3717   60.3132   63.6998   62.8327   84.7677   28.2859   84.4728   49.2985   72.3087   68.0045   107.435   73.1904   48.6006   80.7292   85.3614   104.196   109.644   76.8775   57.1721   79.5843   88.2525   87.0914   65.046   112.971   57.0595   33.2655   98.1867   99.9279   122.553   45.1127   86.4706   21.831   90.3283   56.19   76.4124   33.4164   82.2563   45.2578   25.831   39.6513   64.2277   71.8338   62.3322   43.6558   63.5725   61.7308   99.5843   53.2278   103.946   35.0475   93.7538   66.6433   104.418   70.3218   80.9972   26.0499   
41.6173   86.8332   75.8947   28.3019   9.48683   15.2643   40.2616   81.6884   47.7074   18   54.0833   33.0151   30.5287   0   75.4405   52.0251   79.2837   33.2788   93.8133   35.3852   82.0533   32.7883   88.5252   89.5321   93.4003   54.6013   26.53   94.7878   64.4605   106.315   106.746   55.3005   64.2893   74.4736   79.2638   69.231   53.0966   90.7273   41.5299   37.5225   72.4637   91.2396   120.888   28.4474   63.5393   48.6164   97.4585   48.6965   56.1995   32.4268   59.8044   20.3852   47.3196   61.6255   78.846   51.0606   86.7369   27.6015   50.9632   49.2643   77.6093   54.5106   80.1041   40.9271   97.1893   32.2788   81.5077   92.7472   76.1356   56.5786   
47.8539   87.0057   96.1353   82.1523   59.0593   63.2851   33.121   82.0549   65.7419   41.5933   16.0312   28.4253   84.0595   58.1893   0   62.9391   105.679   62.4821   106.594   90.5218   82.4708   89.5807   114.346   122.408   59.3801   45.4639   65.2123   113.855   33.1421   104.115   93.8741   39.5633   88.3035   71.6644   57.1045   41.3144   55.4595   41.7636   56.2251   81.6275   23.3246   70.4691   109.088   69.4615   29.6525   98.4156   110.368   66.8029   46.4591   87.6832   34.4642   77.496   98.6624   102.11   108.296   41.8029   116.577   71.1562   61.8913   63.1856   46.2982   81.0094   35.2462   87.8506   103.822   65.5533   36.2788   128.544   72.4209   104.604   
4.12311   51   49.366   45.0111   30.4138   52.345   15.8114   45.6508   17.4642   25.9422   35.3836   24.1868   46.0977   37.8021   48.8774   0   58.0813   56.7063   65.0372   60.1316   48.6913   70.4606   71.1985   76.5431   61.6891   34.4929   39.4951   70.4891   52.3042   72.4792   69.2518   48.2347   45.1231   38.5079   45.0179   45.6228   29.3427   70.029   35.2354   44.1439   59.3458   54.6337   83.2965   46.34   47.3042   60.1481   74.0583   20.1231   40.9215   56.4458   50.8413   50.7218   63.0408   55.6773   60.0181   39.1794   70.7122   39.0599   26.0554   33.7703   51.5899   30.0384   68.3426   45.2655   66.7647   65.8246   64.0327   80.2659   38.6414   71.7647   
43.8292   40.3113   13.4536   48.6004   55.109   79.1202   58.6003   38   25.9422   63.1269   77.1751   66.7608   47.634   64.5368   91.6788   43.0813   0   90.0789   39.4094   72.5619   58.8469   91.6487   25.0499   31.6918   93.0179   75.5923   71.0789   34.5767   93.497   63.1422   77.6155   91.3161   32.72   58.8534   74.6451   88.4117   69.8915   109.239   74.4282   66.0584   102.135   79.4646   83.4605   76.6251   90.0932   58.3511   42.8229   63.2044   79.5687   68.5619   93.9226   77.3157   70.0059   43.5862   28.4142   82.2607   29.2066   69.345   69.1367   70.4198   93.7791   55.1488   108.049   63.1736   52.5586   93.06   103.659   40.6716   56.6173   56.1096   
43.566   91.7061   85.9884   45.2217   23.4094   19   36.2353   86.3539   55.0818   14.7648   44.1475   25.0599   47.4342   17.0294   44.4072   40.7063   76.0592   0   102.655   51.2036   86.6938   43.4429   101.109   103.455   87.8328   50   38   104.094   54.2671   111.658   108.431   43.0868   74.7379   77.9196   75.4153   61.9003   53.6449   82.0161   40.4709   51.4451   67   87.5642   123.097   32.72   55.5841   64.4348   106.842   53.1742   48.6155   48.2452   51.0179   36.2036   60.3431   75.548   91.2955   47.0599   98.2947   42.7946   49.1914   46.0292   69.654   58.7379   73.0599   53.8378   103.955   28   72.7966   106.67   77.8201   73.01   
47.0425   18.2483   12.0416   69.3542   70.2353   94.8262   61.0737   17.8885   32.573   73.2462   76.1577   72.0625   68.7677   79.6053   91.9837   48.3735   23.4094   87.6413   0   91.2462   46.2312   110.333   39.095   53   87.8012   78.8056   84.6829   29.0454   95.0477   41.0792   57.5041   96.6083   51.2324   57.5601   73.5428   87.4105   73.1048   105.748   82.4581   77.7695   103.983   72.6308   61.1045   88.4098   91.9415   81.7605   18   68.4967   81.1193   87.2462   99.2148   91.3949   93.3303   66.9956   44.6982   87.5529   52.616   81.3392   74.2229   73.8558   87.3092   59.3847   111.262   85.2456   31.0711   107.683   103.57   53.6232   59.176   79.519   
49.0306   86.8332   69.3397   10.0499   17.72   27.6586   53.1507   82.201   47.7074   34.9285   70.0928   49.3356   12.1655   19.799   76.4853   44.911   56.4358   36.7967   75.8222   0   88.3278   49.2036   81.4857   77.5036   106.169   68.25   42.9362   90.2282   78.5412   108.617   111.602   71.164   65.5468   83.4154   88.7288   82.9621   62.6003   106.93   51.0336   40.3382   89.9605   99.5412   127.661   39.551   79.8598   31.33   93.8222   58.2002   69.8619   28   75.7057   33   32.6023   47.0483   72.0727   64.6488   74.4977   37.1052   58.1748   55.0125   93.9297   54.6742   97.006   35.8661   97.1893   52.0778   97.7103   82.4873   83.5489   38.2154   
28.178   20.2485   32.5269   66.8506   59.4643   82.8794   39.8121   14.8661   22.8473   56.9386   52.469   51.923   67.0671   67.897   68.469   31.0644   35.8469   71.6938   24.5967   70.3278   0   100.685   60.8968   67.5387   57.8634   58.8121   70.5595   53.6421   75.0435   43.0794   40.5707   77.3991   45.1603   29   46.313   58.5533   54.2403   79.405   65.3816   69.2226   80.9093   53.0689   55.4081   77.4045   71.3049   82.0001   42.5967   51.1876   68.9525   82.2545   80.453   81.6692   85.6938   67.2353   62.4005   70.2438   65.0535   70.1244   55.3573   64.8348   69.8188   50.8378   88.1124   76.3299   37.3776   91.898   81.1181   76.5185   33.0499   85.307   
60.208   104.005   89.8944   32.0624   26.2488   10.2956   58.8218   99.0051   64.4438   35.9026   71.1758   50.4876   34.0147   18.7883   72.8354   56.3028   77.4726   28.4429   95.1315   22.2036   85.703   0   102.165   99.5161   111.303   73.3896   45.3183   108.915   77.454   124.38   125.038   66.3437   81.2724   92.5061   96.7105   87.1803   70.4617   107.267   56.4969   53.0868   89.1704   109.525   139.24   44.9117   80.9783   53.3425   113.131   66.729   74.2495   38.0868   71.1427   36.8494   49.0689   69.252   94.2763   67.488   96.3469   45.634   66.9902   63.8539   95.0817   73.2989   95.5618   57.6891   113.926   43.3219   99.4104   103.132   94.7263   60.0646   
52.5547   39.3192   9.05539   57.4543   65.1153   89.0225   67.4166   38.3275   34.7851   73.0616   85.4225   76.1577   56.3028   74.5252   100.319   52.2015   10.0499   86.093   21.095   65.7419   40   87.0919   0   35.1421   97.8634   84.3178   81.1288   29.4403   102.34   58.4403   74.9071   100.436   42.7699   64.6175   80.4092   96.9068   75.7746   117.454   82.2688   69.7019   110.951   85.2288   78.1995   84.5845   98.9095   65.5699   35.095   68.8158   88.4115   78.6118   103.043   87.3656   77.2247   50.805   29.1803   91.3809   33.4018   79.3949   77.0536   76.5704   99.5432   58.1856   116.774   73.2235   45.1603   103.11   109.874   39.6815   62.3814   66.1595   
60.7454   53.4603   23.1948   53.4509   66.0303   88.459   75.2928   52.3927   43.0116   76.9025   94.3027   82.4621   51.8652   75.0067   108.407   59.5399   17.6918   88.5664   35.2278   62.8172   52.8394   84.9294   14.1421   0   110.603   92.5084   87.7209   43.5824   109.919   72.1378   89.0492   106.149   50.4119   76.5452   92.3369   105.104   86.8076   125.946   87.8401   72.8735   118.827   97.1564   92.3417   87.8612   106.786   63.3566   49.2372   78.6325   96.638   80.0403   109.029   91.1073   72.0862   53.6877   37.8725   97.4035   25.831   84.3817   84.0129   80.8506   111.13   72.2182   124.965   77.0089   59.3024   103.573   120.729   23   74.3091   56.9535   
43.566   55.9464   76.3806   92.2659   74.4312   90.1388   38.6394   52.3546   55.9464   61.4003   30.4795   47.5395   93.4345   78.8543   42.19   47.3814   78.0064   72.4983   67.8012   91.0494   43.8634   97.2677   83.5464   95.6033   0   57.3404   82.2862   96.8465   57.2311   77.921   66.4246   67.0202   83.0257   55.2778   38.2485   45.9422   67.1098   51.6203   72.3223   91.5254   53.0555   38.2643   80.0364   87.2173   53.4005   107.53   85.8012   67.5045   53.2173   102.206   62.9724   94.9431   110.131   103.059   97.2368   69.5395   107.213   86.4414   67.4097   74.981   42.4391   76.7215   52.8411   91.026   81.241   89.4113   42.4008   118.603   59.4005   111.959   
16.7631   61.8466   65.7343   56.3205   36.0139   51.4782   2   56.5155   34.5398   22.4722   18.6011   10.8167   57.8705   39.8121   31.3847   17.4929   60.4152   35   63.0714   53.3385   41.7732   58.2409   69.2892   77.026   39.0512   0   42.1108   86.8574   35.0515   83.2158   74.2495   36.6469   57.1825   47.1603   42.8395   31.8114   30   56.4697   32.1108   57.2173   43.853   58.0555   90.7835   52.2415   31.8114   71.8595   81.0714   34.105   21.1231   64.9423   39.3466   58.3038   76.439   73.1702   77.0937   32.8167   86.4622   50.0161   30.7703   35.9284   40.1868   47.5313   52.6554   60.025   79.1508   57.4134   47.2502   95.6333   51.2813   83.9204   
29.2062   75.452   67.2681   31.6228   8.544   26.8701   28.2843   70.214   37.1618   9.21954   43.9318   23.0868   33.6006   12.53   50.6063   25.4951   57.0789   19   69.6419   26.2488   56.0803   31.305   67.1193   69.7209   66.9104   28.0713   0   88.0173   55.68   97.5623   94.3349   48.636   57.5188   63.5909   68.3289   58.0957   42.1661   80.735   29   34.2474   65.6526   79.7167   108.792   28.1111   53.611   49.7212   87.6419   41.926   49.1944   37.4724   50.2866   29.0384   49.6233   55.6293   72.0755   42.3523   79.3817   20.831   39.6977   40.4839   67.6809   43.2982   70.8595   32.0294   86.6437   32   71.5155   88.3485   63.7244   58.1446   
52.7731   30.0832   4.12311   65.6049   70.5195   94.921   67.4685   29.9666   36.0139   76.3217   84.1546   77.4145   64.6607   80.0062   99.6243   53.2353   17.0294   90.0944   12.083   73.2462   34.8281   93.9149   10.4403   24.0208   78.6448   69.4262   71.3863   0   103.202   50.3906   66.8574   101.47   47.5941   61.7772   80.5873   91.6942   77.3826   114.233   84.9261   73.9607   110.244   82.8486   70.1499   89.4648   98.2021   73.8989   27.0454   68.1631   89.6403   85.5913   104.077   90.9605   85.4487   59.6116   33.4391   92.4147   36.8403   84.1863   77.3382   80.0079   96.6473   65.2204   116.993   78.3039   37.9737   103.386   109.574   43.0713   62.566   73.139   
34.7851   77.5242   83.678   68.4763   45.6946   53.1507   19.9249   72.3395   52.5547   28.4605   10.8167   14.4222   70.3278   45.8912   14.1421   35.3412   78.3901   34.2345   80.5047   63.3246   58.0345   62.0081   87.3155   94.8262   41.2311   18.0278   37.1618   87.3212   0   98.2158   88.8809   27.8072   75.1074   65.0851   52.1113   38.6433   43.7308   44   48.164   68.6004   37.4667   63.793   103.874   58.8813   31   86.1531   98.5047   52.1327   35.9284   74.623   22.7082   66.0408   85.9454   88.5527   93.8781   36.4222   104.387   57.1531   45.0179   49.0689   47.8582   65.3796   43.6977   69.1912   95.412   54.1321   39.4658   113.661   69.3033   92.6235   
53.2353   5.83095   35.0143   87.6641   83.5464   107.448   64.195   10.6301   45.2769   81.9878   74.1687   76.5506   87.4643   92.3147   90.0888   56.0803   45.7056   96.7471   23   92.6175   25.0599   109.622   44.0454   58.1378   56.921   66.0984   80.8022   34.3657   81.2158   0   41.3848   101.547   62.171   52.6114   65.0106   83.6133   77.9113   98.5843   89.5147   92.8683   102.609   67.7516   46.025   101.357   92.7919   99.2734   39.6335   74.6826   87.2215   103.569   101.748   104.099   110.057   86.5019   62.0796   92.4919   70.0312   94.0771   79.3373   82.548   87.664   74.4835   106.225   93.7477   31.0312   110.655   95.7849   76.6232   52.4451   99.7091   
50.9902   20.5913   50   93.4077   84.6286   106.963   58.2495   20.6155   49.3964   79.2465   63.6003   70.7248   93.6376   92.4554   78.8543   54.6717   58.2151   93.6056   38.2753   96.6023   26.5707   110.802   58.9406   73.0068   41.3038   59.9083   80.1561   50.3289   72.2357   18.3848   0   95.8365   71.7309   51.6497   54.7696   71.9732   74.3149   82.6191   88.1938   95.7933   87.8033   43.1603   37.6525   99.276   87.7865   108.571   55.9045   74.7949   79.7694   108.804   94.9439   105.394   112.264   93.806   78.6283   87.5612   86.0507   93.7317   78.1705   82.3506   69.7587   77.4085   94.1448   99.8841   49.416   112.156   83.7045   91.8985   54.6105   111.878   
35   81.4923   83.6002   60.2163   36.8917   42.0476   21.587   76.1577   51.6236   19.4165   21.5407   10.0499   62.2013   35.7351   22.4722   34.2345   76.6551   23.0868   82.0244   54.1202   61.3922   51.0882   86.122   92.1141   51.3128   19.6469   28.6007   87.4643   11.1803   85.7263   78.7718   0   72.9559   66.7473   60.4052   46.8902   49.6469   55.1803   43.4009   62.8481   40.0868   70.9073   110.334   53.7648   36.5008   78.3219   100.024   47.9559   39.1555   65.8201   25.099   56.1203   76.9606   84.23   92.1483   32.0499   102.377   49.4317   48.5741   49.7024   54.121   64.2729   47.6142   60.6301   95.4985   39.0217   49.249   113.385   69.5183   86.4923   
26.6271   41.3401   26.4764   40.4969   40.3113   64.8845   41.1825   37.1214   9.21954   46.0109   60.2163   49.0408   40.3113   49.7695   74.3034   25.4951   17.72   59.5399   30.2324   45.9674   28.1603   64.8999   27.2947   34.1321   64.846   42.9418   40.7922   30.5941   60.8358   47.1699   54.3415   58.9406   0   44.4109   61.9966   70.9939   49.2195   92.492   56.7631   43.6007   84.717   68.4976   82.5819   59.968   72.6754   49.3412   48.2324   40   62.846   61.1955   75.3514   63.0652   64.4969   43.0799   34.088   64.6745   46.3019   52.6879   51.5505   50.7343   77.085   38   90.8466   50.0151   52.9411   72.7922   84.8378   57.1321   46.8329   54.3631   
18.3848   31.7805   41.8808   63.3482   52.1536   74.3303   28.1603   26.4764   21.2132   47.0106   40.6079   40.4969   63.9531   59.8164   56.5685   22.0227   42.0119   61.6117   35.7351   65.192   12   78.2368   48.1664   59.6657   36.0555   30.0832   47.5079   44.7772   46.0435   36.0555   32.6497   49.7293   29.4109   0   42.0294   49.7567   44.447   73.2162   54.4928   62.1275   69.0482   48.0868   63.4236   67.8221   59.0119   78.7521   53.7351   42.1458   51.2063   78.4685   68.6488   72.7445   85.0635   67.4603   56.2019   58.4367   71.2033   61.0826   45.5651   45.8904   54.7771   50.4198   76.2512   67.2882   49.3776   79.5079   65.927   78.6607   28.2361   82.0078   
24   44.1814   58.8218   73   57.0088   75.6637   23.6008   39.4588   35.7771   46.6476   27.2947   35.3553   74.027   62.7694   43.1045   28.0179   58.7963   59.8164   51.8941   72.6911   27.313   81.5414   65.192   76.4853   20.2485   24.8395   50.3289   61.5873   35.4683   47.0106   36.7696   42.4382   44.7772   17.0294   0   34.4165   41.2488   57.086   56.9503   72.1618   55.735   32.53   74.3927   72.7696   51.6757   88.1659   69.8941   48.141   40.9072   82.7314   55.7063   78.7397   91.0587   83.6952   73.2313   54.0694   87.9366   67.0778   51.1803   50.8378   38.6469   57.1555   58.4559   73.2833   64.6906   73.203   48.0156   95.69   38.0278   92.3927   
27.5862   63   73.4098   71.5681   51.1566   64.56   15.8114   58.0345   44.8219   36.3456   8   21.8403   73.0821   54.231   24.0208   30   70.4557   46.6154   68.4105   68.593   44.5533   72.1803   78.3901   87.8009   25.9422   15.2971   43.0116   76.6942   16.6433   66.1891   55.9732   25.6125   53.9073   32.7567   19.4165   0   44.2967   45.8687   47.4078   70.7775   36.4403   44.1548   90.5122   65.0104   35.6619   85.8679   86.4105   46.7567   35.0357   80.085   39.3515   72.05   91.7361   85.6773   87.3757   43.8403   99.6622   63.3897   44.5817   47.1204   31   58.0116   43.6433   73.8364   81.9309   64.6342   36.6491   106.617   53.5254   95.979   
8.06226   56.0803   56.7186   48.6621   30.8058   50.2195   8.48528   50.6952   25   21.9317   28.3196   17   50.01   36.6742   41.3401   7.61577   50.6952   36.4005   55.0818   47.0425   35.8469   55.4617   59.7746   67.1193   44.0114   10   24.1661   60.531   27.7308   60.8358   57.3149   27.0185   33.1059   25.2389   26.2488   23.7065   0   65.8774   29.6205   51.7597   52.0197   55.6264   87.8575   46.7752   39.9781   65.3839   73.0818   27.7389   28.8924   57.7434   45.53   50.6879   68.2411   63.2931   67.1939   39   78.328   39.4951   26.4721   27.6158   50.1868   37.6542   59.5982   49.1361   69.9181   56.1661   56.9687   87.8017   42.5805   76.0599   
52.6308   79.8123   95.7183   95.8593   74.2159   83.0963   40.7063   75.5844   69.2965   57.7062   21.8403   42.7551   97.4987   75.5381   22.3607   55.2178   94.3663   64.1249   89   91.9239   64.405   92.0054   101.607   111.946   26.0768   39.8121   65.7343   98.6154   30   81.5843   67.0671   41.0488   78.492   53.8516   37.1214   25.2389   48.8774   0   71.0015   94.8901   38.0362   58.4588   102.323   84.214   45.3303   111.107   107   71.9955   52.4928   102.46   50.1248   92.2725   113.439   110.895   109.261   56.5793   121.223   85.486   66.4296   71.2941   33.4391   83.2505   37.6599   97.7637   101.235   80.0705   27.2195   131.856   72.0727   117.847   
22.2036   70.2353   66.0681   40.2492   18.2483   34.6699   18.4391   64.8845   34.3657   6.7082   34.2053   13.8924   42.0595   21.8403   42.2019   19.2354   57.4282   21.4709   66.7083   35.9026   50.2494   40.4969   67.2681   71.8401   57.0701   18.1108   10   70.1142   28.3019   75.2928   72.8354   21.4009   40.05   40.4599   41.1461   33.0151   15.6205   56.0446   0   44.2474   56.4582   68.395   101.89   35.1327   44.4166   59.7212   84.7083   33.8577   39.2339   47.1767   42.4224   39.0384   59.6233   61.6154   72.5685   34.4222   82.2193   30.831   25.3137   32.6023   58.2975   43.0832   61.8924   42.0294   83.8476   42   62.8544   94.8401   56.7219   62.4149   
32.0156   68.7677   53.7122   17.0294   14.0357   37.3631   39.2173   64.0312   29.4109   28.0179   58.1378   39.2046   18.2483   23.0868   67.624   28   41.7612   37.108   58.8218   18.3576   51.9711   36.3593   51.6624   52.0096   75.2396   39.9249   19.2354   57.7754   53.6004   74.5185   78.2624   46.6905   28.6007   47.1275   56.0089   55.0273   31.7805   79.7057   25.4951   0   80.7343   82.5262   107.379   35.8666   69.3306   38   76.8218   39.0208   57.3266   39.6525   64.9313   37.4391   37.095   49.4722   61.5216   55.8246   70.0425   33.4208   42.4605   48   79.5899   43.3848   87.2046   28.4721   78.8928   51.2354   86.7869   74.2268   65.7032   40.0217   
43.566   81.0555   91.1811   80.9506   58.3095   65   29.2062   76.1643   61.4003   41.1096   10.4403   26.8328   82.7647   58.4637   6.32456   45   87.3212   46   86.5852   75.9605   62.8013   74.1687   95.7079   104.307   36.0555   27.6586   49.7695   94.578   12.6491   84.0238   72.5672   23.0868   70.1783   50.9902   37.0135   18.2483   37.6431   18.4391   40.7063   65.7343   0   60.6836   103.497   69.7587   35.0416   98.5637   104.585   61.7636   41.0928   87.2379   35.3573   78.6899   98.356   100.677   103.954   48.1274   112.922   69.5637   57.667   61.718   34.9737   75.0384   21.2111   81.7989   99.1724   62.1085   36.8167   123.292   71.7736   103.121   
35.5106   40.8534   61.5549   84.214   69.2604   88.193   36.0555   37.1214   44.1475   59.1692   36.2491   47.5079   85.0941   75.2396   50.9608   39.6232   64.1405   72.2011   52.6308   84.5281   29.0689   94.0213   69.029   81.5414   15.2643   37.2022   62.7694   63.6553   45.793   42.2019   28.1603   53.9073   52.4976   23.0868   12.53   29.1548   38.6264   39.4588   53.6656   67.3647   44.643   0   64.1741   84.1612   64.2057   99.7713   70.6308   59.7463   53.4372   95.2613   68.2362   89.3143   102.664   90.5471   79.2887   62.1664   93.347   78.1215   59.0813   63.2385   51.1768   68.6661   65.8541   84.8887   66.4464   85.733   57.6651   101.747   39.8473   103.903   
65.7951   25.318   55   105.546   98.7168   121.631   73.7835   28.4605   61.9112   94.3663   79.0569   86.2844   105.551   106.888   94.1116   69.2965   65.6201   108.853   43.0116   109.604   39.4081   124.964   64.0078   78.0577   55.0364   75.4718   94.7629   54.1479   87.8465   20.025   15.6525   94.414   65.3911   47.4236   52.3927   71.5122   72.4707   81.0987   87.8635   91.2688   87.8009   43.1741   0   114.928   103.439   114.732   59.6585   89.4196   92.3901   121.318   107.038   119.119   125.102   103.493   82.1046   103.214   90.0562   108.356   92.9755   93.3141   85.4112   90.246   107.503   111.578   51.0562   122.074   97.0625   96.6349   70.2629   119.196   
34.4093   80   70.342   29   5.83095   22.0227   33.541   74.8131   41.1825   12.6491   48.5077   27.4591   31.1127   7.2111   54.1295   30.6105   59.5399   17.72   73.4098   22.3607   60.8769   25.9422   69.5845   71.1758   72.1803   33.2415   5.38516   74.4648   41.1096   85.4283   85.276   31.7648   43.9659   52.6308   55.7136   48.0104   29.5466   70.214   15.1327   19.4165   53.7587   68.1542   99.7647   0   56.9557   49.0151   91.4098   43.9072   50.8782   34.7593   52.6742   27.5963   53   57.9696   73.4209   41.6586   84.3516   25.2161   40.4465   40.9317   72.0088   48.6834   74.7532   37.2713   90.6644   37.3852   76.1568   89.0913   68.9276   54.4081   
32.2025   73.2462   80.6536   69.3542   47.1275   56.5685   17.4929   68.1175   50.0899   30.4138   6.32456   15.5242   71.1126   48.2597   15.6525   33.2866   76.0263   37.855   76.9415   64.846   54.0093   65.0692   84.6936   92.7847   36.4005   15.8114   38.6005   84.2021   5   76.7919   67.4166   15.2315   58.6686   42.0119   30.6757   11.6619   25.807   27.2947   29.1548   53.8516   12.0416   40.8167   83.006   42.9535   0   85.9098   94.9415   49.9164   28.0416   75.1773   27.7082   64.9902   85.8679   88.964   92.591   29.2971   101.955   58.255   45.8701   51.7398   42.6619   63.325   33.2527   70.6299   91.3868   54.2533   34.9737   111.445   65.1873   91.5696   
47.5184   76.5376   55.2268   7.28011   27.2029   44.2832   56.0803   72.45   40.025   43.8406   75.1332   56.0357   5.83095   33.6155   84.4038   43.7379   41.8688   50.1199   63.2535   17.0294   62.6418   39.2046   50.4777   46.1736   91.0824   56.8595   34.6554   58.8982   70.4557   82.365   89.1852   63.0317   35.3412   60.2993   71.3442   71.8679   48.3839   96.6644   42.2019   17   82.6801   82.0061   100.722   33.0151   70.8308   0   81.2535   56.0208   73.5968   39.2474   81.9313   44.2312   29.6619   39.7648   66.102   72.178   58.5441   44   59.4605   56.9535   95.3277   48.0156   103.891   34.6918   88.2823   65.8943   103.782   62.0521   77.5224   26.4031   
51.0392   19.3132   12.3693   72.1249   73.7902   98.387   65.0692   20   36.4005   77.1298   80.05   76.0592   71.4493   83.1925   95.901   52.345   25.0599   91.4822   4   78.8733   28.2312   98.4784   21.095   35   71.0282   67.0671   73.3894   11.0454   84.4808   23.3452   39.8121   86.0233   33.6155   39.5601   55.5428   72.2772   59.0762   92.6121   70.6116   62.1289   90.471   55.8032   43.1045   77.0779   80.895   65.8559   0   72.4681   85.1193   91.2462   103.186   94.7154   95.0658   68.6462   44.4844   91.5244   47.8857   85.3392   78.2195   77.8558   91.3092   63.3847   111.682   80.5733   25.6023   105.389   103.558   53.1152   55.9473   81.1695   
8.24621   53.8516   50.04   41.0488   26.4197   48.7955   17.6918   48.5489   18   23.4094   37.5366   24.0416   42.19   34.0588   50.2195   4.12311   42.72   38.0789   50.01   40.7922   34.2053   52.4309   52.1728   58.6003   51.2445   19.105   21.9317   54.0093   36.3593   59.0762   58.4123   33.9559   25   25.807   32.0624   32.7567   9.21954   57.9828   16.7631   24.0208   46.7547   43.7379   72.8629   26.9072   34.8281   40.025   53.9351   0   38.112   55.3481   51.4008   49.7569   61.1158   54.833   59.088   40.0364   71.3019   38.095   23.544   32   55.713   30.6301   67.9658   49.1725   67.4819   52.1618   66.1858   80.8017   42.7645   61.2217   
20.8806   65.5134   69.857   58.5235   37.3363   50.9215   6.08276   60.208   38.6264   22.3607   15.6525   8.60233   60.1664   40.1995   27.4591   21.4709   64.4748   33.6155   67.1193   54.9181   45.5412   58.2495   73.3894   81.0062   39.2173   4.12311   29.0689   73.5459   13.9284   69.6419   62.7694   16.1555   46.9574   33.7343   26.9072   14.0357   13.8924   37.3363   19.105   42.4853   24.0416   38.9487   78.3901   34   12.0416   59.4811   71.1126   22.8035   0   66.2647   34.0312   56.0119   76.3489   75.1967   81.0454   30.6023   90.545   48.7541   33.8056   30.6433   44.3099   51.5093   45.2527   61.0983   82.9187   52.121   44.3016   99.7564   53.9026   81.5198   
45.1221   83.7377   67.2309   11.1803   13.9284   27.074   49.163   79.0253   44.4072   31.305   66.2193   45.5412   13.4164   17.2047   72.8972   41   54.5619   34.2053   73.2462   4   66.888   23.0868   64.0781   61.9839   87.0517   49.366   22.4722   71.1969   59.6154   89.4986   93.0591   50.6063   43.1856   61.4654   68.7314   64.6297   43.0465   88.0568   32.0156   15   72.2357   80.604   106.231   18.868   61.0328   17.2627   76.4003   36.8782   50.9902   0   71.5422   37   28.4018   49.1121   71.2259   60.5266   75.7486   33.3136   55.4048   55.8637   89.5528   51.1348   93.3317   29.1803   93.8891   49.4835   92.848   79.3147   79.1585   37.0868   
36.3456   81.3941   85.3288   64.8999   41.6773   47.0106   22   76.1183   53.6004   24.1868   17.4929   12.53   66.8506   40.8044   17.4642   36.1386   79.0569   28.0179   83.0542   59.0339   61.5224   56.1427   88.3233   94.9368   47.8017   20   33.2866   89.1067   6.7082   85.3756   77.3886   5.09902   61.3514   49.6488   40.7063   22.6716   28.6356   36.1248   25.4558   50.9313   18.0278   51.614   93.0376   36.6742   11.4018   67.4759   87.0517   36.4005   16.0312   55.4707   0   58.3847   81.7309   85.9694   92.7141   25.6619   105.239   54.1176   49.8368   46.6745   49.4109   62.5188   38.5153   65.316   98.1887   44.1207   41.4591   115.633   66.788   87.8707   
40.7063   84.2912   71.8679   23.0217   6.40312   18.9737   41.3038   79.2465   44.8219   20.6155   56.5685   35.5106   25.2389   5.38516   61.8466   36.7151   60.1664   22.2036   76.1577   15   65.8559   19.8494   70.0928   70.0643   79.9062   41.1096   13.0384   75.9605   49.0408   89.8721   91.022   39.3954   46.0652   58.5235   62.9365   56   36.6879   78.2624   23.0217   18.4391   61.6847   75.2728   105.119   8.06226   50.9902   28.2312   79.6492   32.7567   42.0119   12.0416   44.3847   0   40.4433   55.2046   74.9406   49.7209   83.2763   25.7883   47.8795   46.1204   80   53.6497   82.7196   36.1421   94.3037   37.664   83.0507   89.6635   75.2245   49.1284   
53.0848   86.8217   66.7083   5   25.0599   35.7351   59.0339   82.4924   48.8467   42.5441   76.844   56.4624   5.83095   28.3196   84.119   49.0408   53.4135   45.3431   74.3303   8.60233   71.6938   29.0689   62.1289   57.5847   96.0833   59.439   33.541   70.4344   70.6824   92.6499   98.2344   61.9112   45.4863   67.9117   77.0584   74.7329   52.2398   98.6712   42.72   21.095   83.2586   88.459   110.476   30.2324   71.8679   11.6619   77.0779   45.0111   61.4003   11.4018   66.7308   23.3452   0   42.9317   70.0586   70.9704   68.1295   42.7924   63.5329   60.7883   98.6418   56.0595   104.4   34.105   95.0253   59.5982   104.25   73.714   83.7611   31.8808   
44.7214   64.622   41.0366   21.9317   36.1386   57.0351   56.4004   61.0328   32.249   50.1199   76.2168   59.5483   20.5913   44.4072   87.6926   41.6773   27.5862   59.4811   49.93   31.0483   53.2353   53.1507   35.805   31.7805   87.2812   57.6281   41.6293   44.5533   73.5527   70.3847   79.2465   68.0074   25.0799   53.4603   67.0522   71.5612   48.0104   96.7988   46.6154   22.4722   84.9588   76.2955   89.493   41.7612   72.9178   14.7648   52.2015   38.833   60.959   30.2655   71.8401   39.2046   26.4197   0   40.1725   78.2968   48.8568   55.5238   62.377   65.0379   93.2672   46.6531   106.17   44.7099   77.8039   73.6293   102.233   49.1321   71.9127   29.6015   
43.4166   41.4367   14.8661   47.2017   53.9351   77.8845   58.1378   39.0128   25.5539   62.2013   76.8505   66.0984   46.2277   63.3482   91.2414   42.5441   1.41421   75.0267   24.6982   55.0727   36.4005   76.1577   11.1803   17.6918   78.2368   59.9333   56.0357   18.4391   77.8781   46.8722   59.1354   75.9605   17.088   42.2019   58.8982   70.214   50.1597   94.2603   56.5685   40.5216   86.954   64.4981   66.7533   58.4209   75.591   40.4599   26.4197   42.0595   63.9766   53.2259   78.4347   58.9406   52.0096   26.1725   0   81.7235   27.0416   69.7759   65.6035   67.8223   94.134   52.5576   107.636   58.9222   49.0483   88.0357   101.926   40.6918   58.0315   55.774   
26.0192   73.0821   74.5453   54.5894   31.9531   42.45   13.4164   67.72   42.5793   15.1327   21.0238   1   56.4358   33.0606   27.8029   25.1794   67.72   24.5967   73.0616   49.6488   52.8867   50.3587   77.1298   83.3847   47.927   11.6619   23.4094   78.4092   13.8924   77.4919   71.5612   9.05539   50   41.4367   36.0694   22.1359   18   42.5793   14.4222   39.8246   26.4008   48.1664   87.1321   27.6586   15.2971   56.6127   77.0584   25   9.21954   45.8803   11.6619   35.6931   56.8595   60.3075   67.0522   0   92.8194   43.7308   31.4924   38.5529   45.5941   51.9285   47.6119   55.4388   87.9181   44.1661   49.6729   105.381   60.5375   76.8371   
54.9181   50.04   20.0998   49.7695   61.0082   83.863   69.4622   48.5077   37.2022   71.3863   88.4816   76.6942   48.3322   70.1142   102.577   53.7122   12.2066   83.2947   32.0156   58.8218   47.8539   80.7775   11.4018   5.83095   90.2109   71.1969   64.3817   21.8403   89.0056   55.0091   69.0507   86.3771   28.3019   54.2033   70.9366   82.0061   61.2944   106.217   66.2193   47.0425   98.4784   76.3217   75.0267   66.0303   86.954   42.5441   32.3883   52.8015   75.1798   57.7235   89.1572   65.2763   54.1295   27.8568   12.0416   77.6209   0   80.3934   76.3455   79.0362   102.784   61.72   119.138   70.9637   56.562   96.3817   113.14   28.831   68.8239   57.4582   
29.0689   73.2462   63.0635   26.4197   5.38516   28.8444   31.0161   68.1175   34.1321   14.8661   48.0833   27.7308   28.3019   13.6015   55.7584   25.0599   52.345   24.1868   66.2118   22.2036   54.4518   31.4006   62.3939   64.3817   69.2604   31.1448   5.83095   67.1863   42.0595   78.7464   79.404   34.0588   36.6879   46.8722   51.6624   46.3897   25.4951   69.9214   13.9284   13.4164   54.5619   63.8905   93.6056   7.28011   43.0813   29   69.857   21.095   32.7567   18.2483   38.6005   11.6619   28.7924   35.8469   51.2445   28.178   59.1354   0   38.273   35.1108   70.3263   39.9545   75.7308   25.3137   83.614   37.831   76.7324   84.979   63.5872   49.3553   
11.1803   59.5063   58.2151   45.1221   26.4764   45.8039   10.7703   54.1295   26.1725   17.8045   30.2324   15.5242   46.5725   32.2025   42.0119   9.05539   51.2445   32.45   57.4282   43   39.3573   50.9902   60.6383   67.1193   48.0937   11.6619   19.6977   62.1289   28.0179   64.4127   61.5224   25.4951   33.5261   29.2062   30.6757   26.5707   4.47214   51.4296   11.3137   28.4605   38.8973   43.0813   76.5768   25.0799   26.8701   45.31   61.4003   8.544   14.8661   39   27.8568   32.28   48.5077   46.0977   50.5964   16.4924   61.327   21.2132   0   25.1623   51.8487   36.868   60.0109   46.5269   74.3903   49.6228   58.8815   88.9742   45.6986   68.4822   
13.6015   61.7171   59.0339   42.45   23.3452   42.8019   13.3417   56.356   27   15.2643   32.249   15.6525   43.9659   29.0689   43.1856   10.7703   51.4198   30.0167   58.8558   40.0125   41.6773   47.8539   61   66.8506   51.1566   13.9284   16.5529   63.0079   29.0689   66.7308   64.3506   25.2982   33.7343   31.8904   33.8378   29.1204   7.61577   53.7122   8.60233   26   40.4599   46.2385   79.3095   21.9317   28.4253   42.9535   62.8013   9   16.6433   36.0139   28.178   29.1204   45.7056   44.5533   50.6952   16.5529   61.0983   18.1108   3.16228   0   54.1152   32.3848   61.671   43.4245   76.4819   48.5529   60.8981   89.8017   48.0588   66.0217   
34.6699   63.6396   77.5242   80.2808   60.1332   73.2462   24.5153   59.0339   50.9313   45.2769   12.0416   30.5941   81.7435   63.1981   25.2982   37.5899   75.9276   55.0273   71.3092   77.5242   46.8188   81.0494   83.2346   93.5094   18.4391   24.1868   52.0096   80.5295   22.8035   66.1211   53.7587   33.121   60.1415   35.7771   19.6469   9   31.9531   18.4391   42.0119   63.6003   18.9737   25.7099   68.884   57.0088   18.0278   80.3243   75.0267   40.7185   23.0217   73.5527   29.4109   65   83.5464   79.2591   75.8222   30.8058   87.7838   55.3263   35.171   37.855   0   67.0116   37   78.5368   82.0074   70.9734   38.3693   113.733   55.1618   101.94   
16.1555   51.6624   42.2966   34.5254   26.4008   50.774   28.2843   46.669   12.2066   30.0167   48.1041   34.0147   35.2278   35.5106   60.803   13.0384   33.3766   43.7379   44.3847   36.6742   33.8378   52.345   43.1856   48.4665   59.439   29.7321   25.2982   46.3897   46.8722   57.28   59.9416   43.6578   16   28.8617   39.4588   43.0116   19.799   68.2422   24.0832   18.3848   57.3847   50   73.2393   29.0689   45.4533   32.0156   48.1041   10.6301   33.4215   33.121   46.5188   32.6497   39.0512   28.6531   32.5576   34.9285   42.72   21.9545   18.868   18.3848   50.6063   0   78.5958   38.9545   60.6476   57.2982   76.7532   70.8015   50.6738   58.2546   
50.2195   85.4751   97.17   88.1192   65.3911   71.1126   36.1248   80.7527   67.9559   48.1041   16.6433   34   89.9444   65.2534   8.24621   51.8556   93.8136   52.1536   92.0489   83.006   67.9117   80.5047   102   110.941   36.7696   34.6554   56.8595   100.464   19.6977   88.0909   75.5381   29.6142   76.844   56.3205   41.3038   23.7697   44.5982   14.4222   47.8853   72.9452   7.2111   47.3814   90.4268   60.7454   19.2094   89.8888   95.8801   53.7587   31.1448   79.3095   24.5153   68.6222   90.377   92.0978   93.4933   33.541   105.119   61.7171   46.0109   47.634   22   64.3817   0   87.0308   104.007   68.2398   29.4403   130.289   77.1618   109.964   
34.3657   72.9178   58.1808   15.8114   10.4403   32.9848   40.025   68.1175   33.4215   26.1725   58.3095   38.5876   17.4642   19   66.8506   30.2655   46.1736   33.8378   63.2456   14.8661   55.7584   31.9061   56.0446   56.0089   77.026   40.5216   17.0294   62.2415   53   78.6448   81.8841   45.3431   33.0151   50.3289   58.2151   55.7853   33.1361   80.0562   24.6982   4.47214   65.3682   69.8713   95.1315   16.1555   53.6656   17.6918   66.5733   26.1725   42.72   11.1803   49.8197   14.1421   19.105   25.7099   44.9222   39.1152   51.1566   11.3137   29.4279   26.6833   64.5368   21.9545   72.5603   0   82.6021   49.0294   86.9586   73.0762   68.884   43.5141   
46.8722   11.1803   19.105   74.027   72.9452   97.4166   60.1332   11.4018   34.4819   74.3303   73.8241   71.7008   73.6003   82.1523   89.8053   48.7647   29.8329   88.955   7.07107   79.9062   21.3776   98.4073   28.1603   42.2966   62.9682   62.1289   71.5542   18.9737   79.0253   16.0312   31.3847   81.4985   33.9411   33.2415   48.3839   65.9242   54.9181   85.235   67.6757   62.3699   84.1724   47.7074   36.0555   75.6637   75.1665   68.2422   8.60233   50.9215   66.0681   77.1038   82.0975   79.0569   79.0253   55.4707   31.0483   72.6911   39   68.6003   57.7235   59.4811   68.0074   46.6476   89.2693   66.7083   0   103.083   96.3995   60.6943   48.4006   85.0722   
42.72   90.824   85   44.4072   22.4722   19.0263   35.609   85.4751   54.1202   13.8924   43.9318   24.5967   46.6154   16.2788   44.5533   39.8246   75.06   1   86.6833   36.0694   70.8308   28.2843   85.0941   87.5728   72.0902   34.4093   18   89.1067   34.1321   95.8801   92.8493   23.0217   58.5491   60.803   59.203   46.2385   35.609   64.0703   20.5913   36.1386   46.0109   71.6101   108.074   16.7631   37.6563   49.2443   90.5207   37.1618   33.121   33.4215   28   21.4009   44.5982   58.5235   74.027   24.1661   82.2982   23.1948   31.6228   29.1548   54.7083   42.7551   52.2398   32.8938   88.0227   0   69.4591   105.733   77.0961   70.5083   
44.5533   75.9539   89.4707   86.7295   65   74.2428   31.9061   71.3863   61.7171   48.5077   12.6491   33.541   88.3912   66.3702   16.2788   46.8615   87.2009   55.3263   83.5703   82.7103   59.1354   83.006   94.8736   104.637   26.4008   30.8869   56.5155   92.5743   21.095   78.3135   65.2763   32.249   70.8378   47.927   32.0156   16.9706   40.2244   9.21954   46.8402   70.6824   10.8167   37.1214   80.0625   61   18.1108   87.6641   87.3155   49.4065   28.2312   78.848   27.4591   69.0507   89.493   88.2326   87.0057   33.3766   98.8585   60.7289   42.5441   44.7214   12.3693   59.8164   10.4403   70.9366   80.3617   55.2268   0   123.588   67.5311   108.655   
65.4599   57.8705   27.6586   55.3173   69.2604   91.1373   79.925   57.0088   47.8017   80.7775   99.0454   86.8159   53.6004   78.0577   113.018   64.1405   22.6716   92.0706   39.6232   64.9384   57.8014   87.1321   18.6815   5   100.603   81.6333   73.3485   28.0713   99.363   62.3939   77.6209   96.3846   38.833   64.6607   81.4678   92.6175   71.6938   116.846   75.8947   55.2268   109   86.5332   82.2192   74.5453   97.4166   48.0521   39.1152   63.0635   85.5862   64.3817   99.3177   73.0068   59.203   34.1321   22.6274   87.7268   10.6301   67.897   71.5542   71.1758   98.4124   52.8015   115.676   59.0762   46.6905   91.0824   109.481   0   79.2889   61.9535   
20.5183   29.6142   40.8044   64.7611   54.0833   76.4199   30.3645   24.3311   22.0227   49.2037   42.4264   42.72   65.307   61.8466   58.4209   24.0832   41.6173   63.8201   34.176   66.8506   10.0499   80.2122   47.3814   59.203   36.4005   32.28   49.5782   43.566   48.0937   33.8378   30.6105   51.923   29.8329   2.23607   18.0278   34.5254   27.4591   55.0727   42.638   48.7032   52.7731   22.8473   45.2769   54.6717   44   61.5224   37.9473   27.8029   35.9026   63.1585   51.788   60.4649   69.3758   54.231   41.8808   43.6578   53.8238   48.8262   31.4006   34.0588   37.1618   30.3645   57.9741   52   31.4006   63.0079   49.3964   64.2028   0   83.8325   
52.3927   77.8781   54.5619   12.1655   33.6006   49.8197   61.7414   74.0945   43.1856   50.2096   81.0062   62.2013   10.0499   39.8121   90.6035   48.7647   41.1096   56.4358   63.5138   22.2036   65.307   44   48.9183   42.9535   95.901   62.6099   41.0366   58   76.6094   83.672   91.6788   69.3542   37.3631   64.0078   75.9539   77.4726   53.8516   102.416   48.4149   23.0217   88.7525   86.209   102.528   39.4081   76.8505   6.40312   65.8027   45.2217   65.3682   23.0868   73.7564   34.4384   15.1327   13.6015   39.6989   62.8013   39.9625   35.3553   50.9902   48.7647   85.7963   36.4966   95.9635   24.0416   68.9638   55.5698   93.4773   44.2719   65.0692   0   
