15
40
999999 6 9 14 6 6 11 12 5 14 9 8 13 7 9 16 8 17 16 12 14 6 10 14 9 5 9 10 13 12 17 11 10 16 16 13 8 16 16 7 
0 5 5 5 2 5 5 8 1 5 3 7 9 4 7 9 3 15 13 5 2 4 2 3 1 3 4 6 7 9 3 8 4 2 5 10 6 2 15 5 
20
0   0   0   0   0   0   0   0   0   0   0   0   0   0   0   0   0   0   0   0   
-1   1   0   1   0   2   0   2   0   0   0   0   -1   1   2   2   0   -2   -2   1   
-2   0   -1   5   0   -1   -5   1   2   5   0   3   -5   5   -4   -2   1   2   0   3   
3   0   8   -8   2   -7   8   -8   4   -9   9   -2   1   -11   11   -8   13   -9   14   -5   
0   -4   0   -5   3   -3   6   -2   4   -2   5   -3   3   -4   0   -1   1   -6   4   -5   
0   0   2   -3   2   -3   2   -1   -1   -1   4   -3   0   -2   0   0   0   -1   1   -1   
-7   8   -5   5   0   3   -7   7   -3   6   -1   4   -5   -1   -7   8   0   1   -5   8   
0   6   5   -4   12   -6   4   1   2   -5   6   -2   4   -5   5   -11   4   -3   7   -1   
0   0   0   0   2   0   1   -1   0   -2   0   0   1   0   1   -1   1   -1   1   0   
-4   7   -6   -1   4   5   1   4   -6   2   -2   3   -1   2   -12   5   -2   4   -5   2   
-4   -1   -8   4   0   5   -2   9   0   1   6   6   2   6   0   0   1   4   0   3   
2   -3   0   0   0   -3   -1   0   -2   1   -5   0   -2   0   -4   1   0   -1   2   -1   
5   -1   8   3   6   2   -4   2   5   0   -6   -8   2   -1   3   -3   0   1   9   -3   
-2   -3   -2   5   -3   3   -4   3   -1   2   -4   0   -4   3   0   1   0   1   -5   3   
-2   2   0   0   0   4   -4   2   -1   3   -1   -1   2   0   0   5   0   0   7   0   
-8   -4   -3   0   0   8   -8   7   2   1   -4   8   -2   0   -11   4   2   5   -10   3   
-4   4   -4   6   -3   3   -5   5   -4   0   -4   5   -3   3   -2   2   -2   4   -1   3   
0   -6   3   -6   -1   -10   8   -6   3   -8   9   -8   5   -5   -1   -9   0   -4   5   -12   
-7   12   -2   7   -8   12   -7   14   -10   5   -7   9   -7   10   -11   10   -9   10   1   12   
10   2   3   3   4   1   4   7   -4   0   -2   0   4   2   0   -5   2   -9   -1   2   
-1   -1   5   0   -7   -1   7   0   3   -1   5   1   6   -4   1   0   0   3   -4   -1   
-4   3   -2   6   0   6   -4   2   0   4   0   1   0   0   -5   2   -1   1   0   1   
0   0   2   0   7   -2   1   -1   0   -6   0   -3   -2   -3   0   0   3   0   2   0   
-9   13   -6   10   -8   10   -7   11   -3   6   -14   14   -11   10   -12   4   -12   8   -7   11   
2   0   4   -1   0   2   4   0   4   -5   -2   -2   -1   0   -3   -4   -1   -2   0   4   
3   -1   0   -2   2   -1   2   -1   3   -3   1   -1   1   -2   2   -1   1   -3   0   -3   
-4   5   -6   8   -1   9   -6   8   -2   4   -3   0   -6   3   -3   8   0   7   -2   6   
-6   5   -7   9   -9   2   0   6   -5   7   -4   6   -9   5   -8   6   -10   9   -8   5   
-1   0   -10   12   -13   11   0   2   -1   4   -1   10   -10   13   -7   0   -3   5   -4   6   
5   -3   10   -10   12   -8   7   -6   2   0   7   -7   1   -12   1   -9   7   -5   -2   -7   
-15   10   -6   13   -12   5   -11   12   -7   9   -5   8   -12   9   -8   5   -10   11   -10   13   
-6   7   -5   9   -2   5   -4   6   -5   4   0   4   -6   7   -5   10   0   3   -4   5   
3   -5   -2   1   -1   -10   -4   0   0   5   0   -3   1   0   1   1   4   1   0   -2   
-4   5   -5   11   -8   13   -11   7   -8   15   -10   12   -12   8   -12   5   -12   13   -14   8   
9   -8   3   -5   0   -2   7   -3   15   -5   -1   -12   11   -4   14   -7   5   -4   4   -11   
0   2   2   5   -3   3   -3   3   2   6   -2   0   -3   2   -4   5   -1   -1   -4   4   
-4   6   -6   8   -5   8   -4   4   -5   6   -5   2   -4   3   -5   3   -4   8   -6   5   
-9   4   -1   7   5   0   0   2   -5   3   8   2   -4   3   -3   0   2   10   -6   12   
-1   1   4   2   -1   -10   -1   -2   4   -6   0   -3   9   0   6   -1   3   4   8   -7   
7   -3   1   -5   5   0   5   -4   5   -2   4   -3   2   -2   4   -3   1   -3   0   -3   
0   27.9443   35.6469   45.8885   37.7065   63.3023   34.2315   73.3531   54.9604   66.0098   31.3246   64.3918   50.6866   60.4081   68.2541   32.6918   44.0689   55.9285   30.0711   49.0241   36.9443   73.1202   38.0278   23.9443   68   58.28   38.4018   73.3254   44.4941   70.6004   40.0238   62.2491   40.8885   62.9444   42.8045   68.264   54.3553   62.7253   68.7732   71.3847   
8   0   38.2354   45.2982   39.7445   60.566   31.1421   76.8762   48.0121   68.788   29.4853   58.4072   49.5106   62.2299   75.2751   38.8489   43.9045   57.2113   29.0333   44.7924   42   61.1699   43.1172   29   63.2288   49.0161   35.0554   62.3401   43.9038   70.2443   29.0384   53.7343   40.2982   65.7551   38.6008   72.613   58.5441   61.4005   67   64.0106   
19.6469   19.2354   0   46.1428   57.3534   47.6971   50.0151   87.2848   50.7696   85.26   44.6283   48.234   57.6079   58.2987   83.5782   31.2195   39.8403   63.5782   42.3286   37.2643   22.6056   78.5224   56.0139   39.2971   76.2046   68.2515   37.198   55.0488   47.3121   86.0291   42.6125   31.2047   43.7065   46.4951   50.6742   86.6336   59.0555   41.9258   82.075   78.0312   
22.8254   30.0832   26.2488   0   58.5991   71.6323   50.0766   70.4374   74.323   81.7034   41.8029   65.3767   41.3848   36.9706   66.5079   48.4771   61.4905   46.7308   31.6918   55.2311   41.5372   91.2531   58.2099   43.8617   72.648   75.063   42.074   81.2976   25.4142   88.9667   59.1216   57.3401   30   72.7439   49.5707   75.0339   36.53   68.1746   83.0593   80.7449   
23.7065   21.2132   40.4475   44.5533   0   75.5506   22.6023   76.6047   52.2099   46.7619   36.1078   79.6204   58.8534   76.722   76.0655   49.0282   59.2267   60.566   45.0187   64.2592   52.1794   64.2156   24.4031   39.1794   37.7065   29.198   53.2655   74.6717   65.117   49.4138   44.3607   71.6521   61.5114   84.1981   44.0868   58.715   70.6392   67.4883   47.2237   50.1127   
48.2701   43.566   31.6228   57.2451   61.3514   0   73.1212   117.247   53.9848   108.113   66.8652   45.8329   86.2044   80.5445   114.621   45.6328   44.5153   95.0619   67.9379   30.4012   50   87.9752   82.8974   61.9772   99.058   90.4703   56.8782   41.9317   73.5412   97.0062   61.2938   32.4924   75.3293   36.8114   82.1669   112.112   80.146   32.0623   101.32   105.355   
15.2315   14.1421   33.0151   36.0694   8.60233   56.7979   0   71.3104   56.0789   52.6563   25.9443   72.5493   54.9559   69.0402   70.4976   42.6586   52.6006   60   35.3848   58.9345   49.1496   60.4166   30   39.1758   46.3089   34.2627   47.0217   73.1507   50.6554   58.0161   43.1805   64.2198   54.1127   76.8859   39   58.2178   64.2701   73.2443   43.074   49.6155   
55.4437   61.8547   72.2496   51.4296   55.7853   103.247   53.3104   0   107.995   67.9444   73.535   105.937   48.1405   75.7065   29.099   88.1355   99.5125   38.7065   71.5177   102.281   83.6804   113.727   75.2015   79.3879   64.566   79.1536   82.6033   124.152   69   95.4255   90.8931   103.454   68.774   118.388   64.2753   52.178   78.3667   114.175   72.3517   57.9848   
39.3192   31.4006   36.7696   59.3043   38.2099   32.9848   38.0789   91.236   0   84.8186   58.6205   71.3968   80.9112   88.2823   104.078   43.1603   36.2643   88.6119   60.4339   48.4138   59.3113   58.3209   60.9054   52.9021   75.9165   67.408   51.249   43.4642   72.2151   67.5077   38.9737   55.1562   71.6989   58.737   70.0015   96.2967   89.9447   39.632   79.4707   87.6943   
51.0098   51.788   70.2567   64.846   32.311   93.6376   37.6563   44.9444   68.8186   0   60.0999   110.137   70.2161   94.8716   67.2745   80.315   83.4622   67.6113   65.929   96.5702   82.1193   73.5349   53.7653   71.4903   28.0554   40.3607   80.4636   103.172   77.6258   54.5368   71.626   101.461   74.8886   113.541   52.3275   40.4086   95.0518   99.7993   30.4536   31.8062   
6.32456   8.48528   25.1794   27.8029   17.4929   51.8652   8.94427   53.535   38.6005   45.0999   0   66.8925   45   60.7855   66.9386   39.0164   44.6105   51.2643   36.3956   53.2776   43.2688   64.7695   29.7047   30.2688   55.0555   43.2069   39.8114   70.8253   42.4008   66.9067   37.5237   56.384   47.2131   69   30.2643   62.8197   59.2244   67.1052   52.0182   54.2173   
44.0454   44.4072   25.1794   39.6611   65.6201   29.8329   58.1378   90.9175   53.7587   95.0474   50   0   77.8014   58.9625   102.231   52.573   54.4698   82.2309   59.8912   38.3452   47.7849   99.9277   79.7047   59.4475   101.023   92.4004   58.3553   66.6488   62.9625   108.263   64.8467   35.0294   64.2492   36.1421   75.439   109.149   63.638   56.7648   101.212   103.211   
27.6586   35.5106   40.6079   18.3848   40.8534   72.2011   33.9559   33.121   66.9104   51.9711   29   57.8014   0   47.4279   49.4109   59.5649   71.7275   33.434   36.6155   71.8032   53.2022   93.7695   53.1512   51.6029   61   62.1374   53.1618   95.6566   43.799   87.5807   63.2597   71.8125   42.8045   86.4438   35.8885   60.9535   42.3452   81.888   63.4975   67.3113   
39.4081   46.1411   37.2156   16.9706   61.5224   64.5368   53.0377   59.0339   73.2462   80.2309   44.6878   39.9625   29.4279   0   72.8475   61.18   74.888   55.0989   48.6624   70.2942   51.6931   107.311   73.1725   60.8323   86.6273   82.7929   59.0445   92.2643   37.9752   105.937   75.1795   64.0521   41.5756   76.1046   56.5441   90.37   24.0828   79.1414   91.4718   92.2604   
53.2541   60.0333   69.2965   47.5079   55.7315   100.568   52.4976   5.09902   90.0777   47.8539   51.8845   87.1321   29.4109   54.3415   0   84.6045   96.4949   37   64.0106   100.298   82.613   106.468   74.6624   77.1984   66.5964   67.0094   79.2028   122.373   62.1699   93.1038   89.0717   100.501   62.2017   111.723   59.6742   47.6228   71.7561   111.222   77.4507   59.4683   
17.6918   13.6015   9.21954   32.0624   34.0147   30.6105   27.6586   73   28.1603   65.307   21.4709   32.573   43.382   45.1221   70.6045   0   30   66.6236   39.6602   30.2315   26.4868   66.345   44.9439   23.8489   70.2939   59.1022   30.4031   56.9717   54.0485   77.0599   33.6433   40.4242   50.4429   48.2746   51.4683   84.2906   67.1856   39.0832   70.7326   75.6883   
29.0689   22.2036   21.8403   46.0435   37.1618   24.5153   33.6006   84.0536   15.2643   69.4622   30.6105   39.2046   56.3028   58.8558   82.1523   14   0   79.4149   51.2369   40.1245   38.1948   59.909   50.0555   37.8489   74.8683   65.1771   35.4165   44.5407   63.0999   76.2827   32.8661   42.8254   62.5018   56.5974   60.8045   91.8184   73.1402   37.4924   72.921   83.2161   
34.9285   42.3792   49.5782   27.7308   43.566   81.0555   38   23.7065   73.4983   48.2701   34.9285   67.2309   9.43398   37   20   51.6236   63.9766   0   46.0495   80.6988   62.0977   97.0167   54.2627   58.8728   62.8504   63.2488   61.2769   103.888   48.2947   86.2638   71.4176   80.7829   51.2029   93.7564   37   56.7696   51.7792   89.452   70.2597   51.805   
7.07107   15.0333   23.3238   17.6918   26.9072   53.7401   18.3848   49.5177   46.3897   50.3587   10.2956   45.8912   20.6155   34.6554   47.0106   23.6008   35.8469   28.178   0   52.3242   33.7231   74.0083   36.6155   31.0153   64.2127   50   44.2047   77.3734   36.3335   76.3211   44.0717   54.5285   32.7279   69.7647   35.6015   62.2701   51   62.684   61.4587   61.19   
32.45   28.7924   15.2643   41.2311   48.5077   16.4012   42.72   86.977   30.4138   80.2808   36.6742   23.3452   55.8032   50.1597   84.22   15.2315   16.1245   64.6607   37.5366   0   37.6011   76.0333   60.1754   39.0804   85.5254   74.3337   43.095   54.0541   62.5764   88.3863   48.8749   31.7082   58.9709   29.1327   65.9386   99.1925   66.01   36.1655   85.7314   90.8916   
16.2788   16.7631   3.60555   23.5372   37.855   35   30.1496   68.6804   37.6431   67.1193   22.0227   28.0179   37.2022   35.6931   65.7647   9.48683   23.1948   46.0977   19.7231   18.6011   0   75.8318   50.0815   29.1613   75.5404   64.1122   24.0623   58.2897   37.8035   86.5467   43.1301   34.8087   45.6155   47.7338   47.1059   81.9932   52.0147   45.5314   73.2236   76.2401   
54.1202   47.1699   61.5224   76.9415   37.2156   64.2884   43.4166   91.5478   31.3209   55.4707   49.7695   82.9277   77.3692   93.2952   92.1358   52.345   43.909   80.7527   60.0083   60.0333   60.8769   0   58.7551   65.4065   67.6715   53.4588   68.2635   60.0435   91.0737   40.0832   55.1248   86.4771   87.4681   89.1661   80.0338   89.0071   105.714   70.9529   62.0813   80.6847   
18.0278   17.1172   36.0139   38.2099   6.40312   59.5063   3   52.2015   39.6611   34.7131   11.7047   61.131   34.7851   55.1725   51.6624   30.5941   36.0555   38.1182   20.6155   45.607   33.1361   42.7551   0   41.972   43.5305   29.3178   42.0192   76.1507   53.6554   55.8169   46.1556   67.2185   53.3435   74.7398   39.2627   61.2178   67.2701   69.6773   46.074   52.6155   
8.94427   4   15.2971   28.8617   25.1794   40.2244   18.1108   64.2028   31.0161   55.7315   11.6619   40.4475   36.4005   44.2832   62.1289   9.84886   20.1246   43.8634   15.8114   25.0799   13   49.4065   21.095   0   61.6905   50.4128   20.099   64.6293   46.9366   74.2443   31.9284   43.8329   43.3311   54.2126   41.9262   74.4816   61.1096   48.932   61.1847   65.8792   
42   42.7551   61.2046   56.648   23.7065   84.8646   28.6356   43.566   61.0737   9.05539   36.0555   86.0233   45   72.45   45.607   56.2939   60.8358   42.5206   41.5933   71.3092   58.0775   50.9215   25.7099   46.6905   0   36.1121   66.7895   92.0064   71.3624   46.0156   68.0672   90.5233   74.3212   100.442   54.0832   40.9737   87.3452   91.1949   26.0623   34.0454   
32.28   31.0161   50.1597   51.0392   10.198   71.4703   17.2627   52.1536   46.8615   22.3607   25.9615   75.326   43.8292   67.8012   53.0094   44.1022   47.1699   44.3847   34   58.6941   47.3814   39.4588   14.3178   35.0143   14.2127   0   55.1133   81.8201   63.9305   42.9422   50.311   78.8472   60.3249   87.8269   40.2488   49.9061   76.482   77.6864   31.0499   45.3238   
11.4018   9.05539   10.198   27.074   30.2655   36.8782   23.0217   66.6033   32.249   60.531   15.8114   35.3553   37.1618   41.4367   64.2028   6.40312   19.4165   45.2769   17.2047   21.095   8.06226   53.2635   26.0192   5.09902   51.4782   40.05   0   54.8044   44.6273   78.6212   35.2047   40.2982   41.0217   48.2053   46.0757   78.6311   58.833   45.4863   64.01   70.0287   
50.5668   43.4166   41.0488   66.7533   54.6717   21.9317   53.1507   105.152   17.4642   85.9826   51.6236   49.6488   77.8332   78.0256   103.446   34.9285   21.5407   85.4927   57.3847   28.6356   43.2897   46.0435   55.1725   41.6293   78.0064   63.8201   40.8044   0   81.0932   84.972   48.3017   49.2415   81.8261   56.6197   81.888   111.369   94.6456   41.8885   94.4617   102.766   
21.4709   28.7924   25.632   1.41421   43.1393   56.8243   34.6554   51   58.2151   63.6003   26.4008   39.9625   17.8885   18.3848   47.1699   31.1448   45.0999   27.2947   16.2788   40.7185   22.8035   75.591   36.7967   27.6586   55.3624   49.6488   26.0192   65.9242   0   90.3809   57.8308   55.0488   29.6056   66.4236   47.2982   76.4481   28.8924   67.5578   73.7062   77.4689   
53.6004   49.2443   67.624   74.9667   30.4138   80.0062   38.9487   75.4255   48.5077   33.9559   47.634   92.0272   69.6419   91.9348   77.1038   59.4643   56.3205   70.2638   57.3149   71.3863   65.7419   24.0832   36.7696   52.7731   32.0156   25.9422   57.6975   65.5134   73.5527   0   66.4166   91.8781   86.2672   100.519   66.1911   70.6023   101.053   88.1397   50.0832   62   
21.0238   13.0384   25.6125   42.72   22.3607   39.2938   19.8494   72.4707   18.9737   54.626   19.6469   48.8467   48.2597   58.1808   71.1758   16.6433   14.8661   54.5711   28   28.1603   24.7588   36.1248   21.9317   13.9284   46.0652   32.311   17.2047   33.3017   41.4849   43.4166   0   50.5254   53.3366   57.293   49.9112   78.0672   70.3774   52.3585   60.0595   69.4649   
36.2491   33.7343   17.2047   41.3401   54.1479   16.4924   47.8539   89.3756   36.8782   85.5102   41.1096   17.0294   57.3149   48.0521   86.3134   20.2237   22.8254   66.468   40.4969   6.7082   20.8087   66.7308   50.8035   29.8329   76.4853   64.2806   25.2982   33.2415   41.0488   77.8781   34.5254   0   60.9112   33.0554   67.8789   102.767   69.7032   37.5242   89.3082   95.2359   
17.8885   25.2982   23.7065   5   39.6232   55.2268   31.1127   50.774   55.0818   60.8769   22.8035   40.2492   17.8045   21.9317   47.2017   28.4429   42.2966   27.2029   12.7279   38.9487   20.6155   72.0069   33.3017   24.3311   52.4976   46.3249   23.0217   63.3482   3.60555   70.0357   38.0789   39.8246   0   68.0814   37.561   74.998   32.498   65.6324   73.5619   73.918   
44.9444   42.7551   25.4951   47.5079   63.1981   15.8114   56.8859   97.0052   43.566   94.541   50   14.1421   64.4438   51.6236   93.723   29.2746   30.6757   73.7564   48.7647   15.1327   29.0689   74.2496   59.8415   38.833   85.5102   73.3348   34.2053   36.6197   47.4236   86.4928   43.2897   9.05539   46.6905   0   76.1693   111.035   74.2353   38.105   97.3847   103.185   
17.8045   23.6008   36.6742   26.5707   23.0868   66.0681   17   38.2753   53.4883   38.3275   15.2643   59.439   17.8885   42.5441   36.6742   35.4683   45.8039   21   13.6015   50.2195   33.1059   60.0167   17.2627   26.1725   30.0832   26.2488   29.2062   66.888   25.2982   51.8652   34.5398   53.7122   22.561   62.1691   0   49.7131   54.1907   74.5515   51.0151   55   
51.264   54.5894   70.8378   59.0339   39.6232   98.1122   41.6173   28.178   77.8332   17.2627   46.5188   94.1488   42.9535   72.3671   31.6228   67.9779   75.213   36.7696   48.2701   83.1925   67.3573   69.8928   39.2046   58.1378   18.9737   31.9061   62.2415   94.1116   58.0086   50.2494   61.0737   87.4643   56.0357   96.2081   34.7131   0   82.2873   107.061   45.0359   29.6023   
35.3553   42.5441   36.0555   12.53   56.6392   65.146   48.2701   53.3667   71.0211   74.3236   40.2244   42.638   23.3452   6.08276   48.7647   43.1856   57.1402   31.0161   30   50.01   34.0147   89.4707   50.2494   41.1096   66.6483   62.482   38.833   77.1038   13.8924   87   55.0273   48.7032   17.4929   53.2353   36.8917   66.2873   0   77.9813   86.8427   82.8212   
41.7253   36.4005   26.9258   53.1413   53.4883   8.06226   49.2443   97.0824   25.632   85.7963   44.8219   31.7648   66.888   62.2896   94.6414   24.0832   16.4924   75.452   47.634   12.1655   29.9666   56.921   51.8845   33.3017   77.0779   63.5689   30.4795   17.8885   52.5547   72.0278   31.3209   15.5242   50.5668   19.105   59.4138   90.7359   62.1691   0   89.4134   98.8598   
41.7732   41   60.075   59.0593   20.2237   81.3204   27.074   51.3517   55.4707   13.4536   35.5106   85.2115   49.4975   75.4718   53.1507   54.1479   56.921   48.2597   42.72   68.7314   57.2189   43.0813   24.0832   45   8.06226   10.0499   50.01   72.7186   57.7062   24.0832   42.0595   74.3303   54.5619   83.3847   33.0151   26.9258   69.8928   73.3757   0   34.105   
44.3847   47.0106   64.0312   54.7449   31.1127   90.3549   33.6155   32.9848   69.3109   12.8062   39.2173   87.9659   40.3113   69.2604   35.4683   60.5392   67.1193   35.805   42.19   75.7694   60.6383   61.6847   31.0644   50.6952   11.0454   23.3238   55.0273   85.703   53.6004   43   52.8015   80.3243   51.2445   89.1852   29   8.60233   63.2456   82.8553   19.105   0   
