15
70
999999 9 14 13 11 5 5 16 6 17 15 9 6 14 7 10 9 9 10 11 15 7 15 10 9 14 5 12 10 9 6 5 14 12 6 15 7 14 16 5 13 10 15 5 6 6 9 7 12 16 9 5 6 6 11 17 17 17 17 17 10 6 17 13 7 13 11 9 8 14 
0 2 9 2 2 3 4 8 3 12 6 6 3 7 6 9 3 4 3 9 4 6 9 7 4 13 1 7 3 2 2 1 12 9 5 3 4 3 6 4 1 6 7 4 4 4 2 4 1 12 2 3 1 5 9 5 14 10 14 14 3 5 2 3 4 8 6 6 3 8 
20
0   0   0   0   0   0   0   0   0   0   0   0   0   0   0   0   0   0   0   0   
3   -1   3   1   1   -1   5   -1   -2   2   3   -1   3   1   -2   -2   2   -3   0   3   
8   -7   5   -5   0   0   -3   0   0   4   4   1   5   -5   5   -5   13   -2   3   -4   
-3   6   -3   5   -5   5   3   5   -1   0   0   9   4   2   -1   0   -2   1   0   3   
1   4   2   7   -4   4   -1   5   -1   -1   -1   0   -2   6   -3   5   1   4   3   6   
0   0   0   -1   0   0   0   0   -2   0   0   0   -1   0   -1   1   -1   0   2   0   
-1   3   -1   3   -4   4   -3   3   -5   5   -3   3   -1   2   -2   4   -4   2   -1   0   
-1   8   -8   10   -8   3   -11   2   -7   7   -8   7   -10   3   -7   15   -12   11   -13   -1   
1   0   6   0   0   -1   5   -2   1   -3   0   0   -2   -5   1   0   2   -1   2   -2   
-12   12   -8   5   -10   12   -9   9   -13   10   -15   9   -12   10   -8   12   -11   6   -9   13   
-11   10   -2   6   -13   5   -9   6   -10   4   -6   6   -7   11   -3   0   -4   7   -15   5   
-1   3   -4   4   -4   3   -2   3   -6   0   -5   1   0   6   0   3   -8   0   -7   6   
2   -3   2   -3   5   -4   0   -2   1   -3   3   -4   0   -4   1   -4   2   0   4   -5   
2   7   -3   5   -7   7   -8   7   -9   6   -5   7   -7   14   -9   12   -10   7   -13   11   
0   0   -2   0   -7   5   -1   1   0   3   0   1   -4   4   1   2   0   2   -7   0   
6   -8   0   -6   3   -5   2   -2   7   -5   3   -2   5   -7   6   -3   0   -8   3   -6   
-3   0   -1   3   1   5   -3   4   -5   1   -1   1   -1   2   -6   3   0   0   7   0   
1   4   -5   2   -3   2   -5   7   -4   3   -3   6   0   2   -4   4   -6   7   -7   0   
-1   1   -3   3   -5   3   -3   4   -9   3   -5   10   -7   10   -7   4   -4   4   -4   7   
-1   1   3   0   2   -7   -4   -6   2   3   1   4   2   3   1   -4   0   -1   7   1   
-6   12   -10   11   -13   12   -12   6   -11   12   -3   3   -15   9   -13   7   -12   7   -10   0   
-1   -2   -2   0   -3   0   -2   2   3   4   -1   -2   0   0   0   2   0   1   -2   1   
5   2   -2   4   0   -5   1   -3   -2   -1   2   0   7   2   0   0   -5   0   6   -2   
8   -1   3   -9   4   -5   6   -9   7   -4   6   -7   8   -8   6   -7   8   -2   8   -6   
5   -4   5   -2   5   -5   8   -6   3   0   2   -3   4   -7   7   -7   5   -2   1   -5   
-2   4   -6   2   -1   6   -3   7   -4   4   -3   3   -5   3   -10   4   -11   6   -4   0   
0   1   1   1   -1   1   -1   0   0   0   -2   0   0   2   -1   0   -1   0   0   1   
1   -3   6   -2   6   -7   4   -1   7   -9   6   -1   4   -4   1   -6   9   -8   6   -2   
-8   3   -5   5   -5   4   -10   8   -7   1   -4   9   -8   3   -6   2   -3   8   -9   5   
7   -2   9   -5   2   -5   4   0   3   -6   7   -1   3   -3   6   1   1   -2   3   -4   
-1   2   0   0   -3   5   -1   0   -4   3   0   3   -2   -1   -4   0   -3   2   2   0   
-3   3   -2   3   -1   4   -3   2   -3   0   -3   3   -2   4   -3   0   -1   2   -3   4   
4   -5   3   0   2   -13   6   -10   10   -8   8   -5   11   -4   8   -7   5   -14   10   -7   
-5   6   -5   1   -7   0   -5   5   -8   10   -2   10   -1   -1   -2   0   -2   0   -6   3   
-2   2   0   0   2   -1   0   -2   -1   0   -5   -1   -1   2   0   4   0   3   -2   -5   
0   -5   1   1   0   -10   7   0   2   -4   3   -5   8   -12   4   0   5   -9   10   -7   
-2   5   -4   7   -3   5   -4   3   -3   5   -4   7   -3   4   -4   0   -5   6   -5   4   
-5   10   -10   7   -6   9   -6   7   -10   10   -10   4   -10   7   -8   6   -10   12   -12   5   
-10   3   -9   6   -13   0   -4   12   -15   3   -2   4   -4   1   -3   1   -13   13   -6   6   
-2   2   -2   2   -3   3   -3   3   -2   1   -3   4   -1   4   -1   4   -3   2   -1   3   
-1   -2   -1   -12   0   -3   0   0   -4   -1   1   -2   -4   -3   4   1   0   -4   -3   -4   
-3   -9   4   3   7   1   7   3   4   2   -3   0   2   3   0   -3   -2   -3   -1   -5   
-10   -8   -12   5   -1   8   -8   4   -6   0   -3   2   -3   5   -11   9   -6   4   -5   6   
0   2   -2   2   -3   0   -1   2   -1   3   -1   0   -1   2   -1   2   -1   2   -3   1   
0   0   3   -1   5   -3   6   -2   5   -4   1   -1   5   0   4   0   3   -1   2   0   
4   -4   6   0   3   -2   4   -2   5   -2   0   -3   1   -3   4   -3   4   0   4   -2   
2   1   -2   2   -2   0   2   1   0   1   0   2   1   1   -9   4   -2   0   -3   -2   
-3   3   -3   1   0   4   -2   7   -5   5   -5   3   -4   5   -4   5   0   1   -5   2   
11   -8   6   -5   7   0   4   -6   9   -1   1   -4   9   -5   8   -10   9   -6   3   -3   
-2   0   1   -2   9   -4   4   -2   6   -3   1   -8   -3   -2   -3   -1   1   -6   11   1   
-1   -4   1   -9   0   0   0   2   3   -4   0   -1   5   -5   2   -1   2   0   3   0   
0   0   -1   0   0   0   0   0   -1   0   0   0   0   -1   0   0   0   -1   0   -1   
-1   -1   1   -1   2   0   2   0   0   2   0   -1   3   0   3   -2   1   0   -1   -2   
3   -5   0   -2   4   0   0   -2   0   2   2   -3   4   -2   3   0   2   0   3   0   
4   -8   6   -4   4   -5   6   -6   9   -6   6   -6   6   -4   6   -5   6   -11   0   -4   
0   -9   8   -5   13   -13   9   -2   9   -9   1   -3   -3   -9   9   -5   8   -1   10   -7   
3   -2   4   -10   5   -4   4   0   0   -6   8   1   10   5   0   -5   9   -12   12   1   
-9   -1   -1   8   -1   -8   -8   8   11   10   -1   5   -12   4   -8   4   -3   6   -14   3   
0   -9   1   -10   6   -6   3   1   0   -2   -2   -5   3   -3   8   -5   -2   2   0   -4   
-11   5   -13   6   -2   5   -2   -1   -9   6   -4   2   -13   7   -12   3   -10   0   -3   14   
5   -4   1   -3   6   -6   0   -5   3   -5   0   6   6   -1   4   -8   1   5   3   -3   
2   -3   0   0   0   -1   -2   3   2   2   0   0   -1   1   0   1   0   1   -1   0   
-1   5   0   -2   -3   -14   0   0   -4   -4   3   6   1   5   -3   -8   -2   5   -5   -9   
7   -6   6   -9   10   6   0   -3   6   4   1   0   0   -4   0   0   7   -4   4   -1   
-3   5   -3   1   -4   3   -3   6   -6   2   -3   4   -2   5   -2   6   -4   3   -2   5   
-11   6   -4   -2   -1   11   -11   7   -9   8   -3   9   0   1   -10   -1   -4   4   -2   7   
0   9   -5   7   -11   6   -8   7   -10   3   -6   5   -10   10   -2   8   -3   2   -11   4   
-1   2   -7   8   -3   2   -9   1   -5   5   -3   2   -7   6   -1   1   -7   4   -2   8   
-4   6   -6   6   -6   5   -4   6   -3   7   -3   8   -4   7   -2   6   -6   4   -5   6   
-12   5   -11   6   -13   13   -5   4   -12   5   -13   13   0   7   -13   9   -13   11   -4   10   
0   71.2259   52.1182   56.0875   67.1603   63.6228   47.4279   41.4391   67.9117   40.6716   61.8539   59.8803   55.8223   57.2324   73.0056   42.539   57.025   35.517   73.2665   61.5128   46.8473   47.2415   54.4823   63.0132   62.5533   50.6369   58.6878   46.095   35.517   50.9422   40.0773   44.6236   63.6327   53.5434   47.1403   39.5895   58.4903   41.8731   30.198   54.0179   61.5933   76.573   68.6488   56.72   46.6288   55.9706   59.5533   50.573   50.0046   74.0175   81.9828   62.4852   28.533   45.0238   43.5586   76.8276   37.8562   70.8659   79.7024   29.4031   76.0648   67.3982   75.8649   58.3946   49.178   77.4282   32.3178   62.3441   23.434   53.8444   
53.2259   0   42.8568   100.284   115.178   106.891   62.2315   78.6712   101   53.7954   89.9854   61.7719   90.0433   84.3882   47.5494   83.3226   98.5381   58.9856   51.8326   92.1763   90.4526   94.2885   86.9694   87.4557   114.26   67.4782   33.2315   86.1249   64.2243   86.8471   72.4004   78.5249   114.499   106.36   100.366   62.4004   106.013   84.0486   64.4863   85.3442   31.7047   109.71   37.0333   109.063   84.9366   45.0799   111.26   98.0625   44.4253   120.265   105.802   94.4806   71.3964   88.2496   54.3017   36.4165   72.4437   124.092   132.864   68.0106   25.8284   80.3095   81   107.051   102.404   109.481   81.0079   85.9366   75.0094   99.3395   
38.1182   27.8568   0   86.368   96.0912   86.246   60.9674   70.811   98.8298   48.4795   88.8131   33.9284   62.0518   81.7171   67.7209   62.439   77.7065   45.5864   66.3356   63.4047   78.208   85.3598   58.5055   83.9638   95.6279   38.7065   53.463   78.2749   44.1661   82.8647   52.4685   58.2947   101.751   91.6617   85.2586   48.095   85.6408   62.566   47.0179   85.846   43.0227   102.235   38.5563   89.6279   65.607   51.7648   92.9902   88.214   31.9443   104.628   112.427   65.2443   54.9884   78.3149   37.5242   63.3982   50.2324   104.38   111.952   59.7343   53.6852   83.1153   54.4005   85.7791   79.7887   109.839   67.45   68.0813   59.3766   84.846   
33.9706   86.2844   66.0984   0   37.0217   37.6382   76.8889   54.2173   74.0167   74.6421   82.1249   83.627   57.6537   66.4146   97.8689   48.2843   38.6274   61.7242   99.4197   64.7622   51.249   51.541   61.9974   70.0833   26.7279   67.1658   92.6584   44.4119   58.796   54.6091   54.0128   59.6006   55.6015   42   42.2066   62.7697   26.4868   50.0768   55.8167   56.0128   88.8866   75.541   96.2321   29.1529   49.1603   85.8823   31.2111   49.541   76.0189   43.0263   84.9697   66.9535   53.9824   33.2315   69.7864   110.798   56.8577   35.9317   50.1725   59.4674   102.396   88.6045   89.5252   24   30   87.2928   39.7697   76.0784   51.541   55.0128   
52.8394   101.178   77.1038   23.0217   0   29.8489   95.2146   75.636   97.0384   89.6553   103.14   93.4041   56.4111   85.7347   117.634   51.9539   37.3848   75.5285   116.474   58.0125   69.4847   73.1024   60.4958   91.1038   31.1245   75.8601   110.893   62.4929   67.4135   72.0775   64.0004   60.343   68.1231   54.5216   58.6456   72.7414   28.5634   50.4403   71.8217   76.4403   105.834   96.7176   108.82   24.4403   57.7648   106.489   37.8661   72.5627   90.897   48.7588   103.284   59   75.1398   56.2533   83.897   129.667   66.8722   39.6525   41.0294   78.8303   122.672   110.164   98.5701   45.0278   53.0217   108.312   62.7915   72.0937   70.0408   76.0322   
45.31   91.9239   67.424   20.6155   9.84886   0   89.9902   73.681   94.6322   81.1193   101.511   79.428   41.074   83.7797   109.409   44   29.544   69.5422   108.854   50.257   67.5297   71.1474   46.2655   89.4927   34.19   61.5395   102.811   60.5379   61.9326   70.4853   55.6847   53.2635   67.1395   54.6878   56.6905   63.4004   26.6084   42.0832   65.3072   74.4853   95.5317   94.7625   99.654   22.4853   48.9545   92.6488   39.2047   70.1565   79.7282   50.9652   104.404   49.257   62.5959   53.0606   72.7282   119.442   63.2022   40.1948   41.4764   64.9902   110.128   108.381   82.4892   39.1245   48.0832   107.427   49.305   56.0128   57.4969   75.6283   
29.4279   43.4166   45.9674   60.0333   81.1542   74.3303   0   37.6716   57.5933   35.6205   50.5492   75.9376   83.3883   44.3607   41.4197   70.105   85.0147   57.8378   48.4307   89.0789   49.8024   55.815   82.0483   46.074   86.7612   71.3847   47   52.4833   61.4166   50.8707   67.6433   72.1896   75.9416   69.3214   62.9183   63.5412   80.7083   69.4391   53.8102   46.8707   50.6706   68.2709   66.5035   86.1479   74.1948   35.4391   87.6238   56.7063   54.5366   95.9276   70.5395   90.0512   52.0156   63.9444   56.2866   67.1096   65.4222   95.5414   106.585   46   58.1947   35.4165   100.368   80.4127   76.614   67.0476   61   87.9797   51   52.7805   
18.4391   60.6712   52.811   39.2173   61.6117   56.2228   22.6716   0   50.0375   50.1662   46.5221   78.3194   74.2613   28.083   64.0913   60.978   68.0848   52.7567   69.0977   79.4908   33.2956   38.1803   72.4234   41.7231   65.9453   69.076   65.3926   31   53.9561   30.1803   58.5164   62.3735   60.7412   50.6519   44.2488   58.0286   65.202   60.3122   48.6371   37.1655   68.9194   58.2278   81.2621   68.3703   65.0679   53.6879   65.8915   43.4165   61.3363   70.8061   58.6232   80.9243   46.9721   48.0416   54.3363   88.6099   56.2953   75.1491   84.4374   44.7231   79.0339   53.5753   94.304   60.9666   45.9666   59.1152   50.4109   80.7832   41.8731   36.1655   
50.9117   85   83.6481   60.0167   82.6075   80.2808   41.5933   32.5576   0   74.4243   40.0509   109.967   102.837   41.9545   81.2806   88.0978   93.712   80   79.5399   109.192   44.9396   45.3861   102.784   39.8661   86.2433   101.013   85.7214   51.6416   85.4571   41.4469   90.6471   94.1745   62   63.7435   57.9393   89.1194   84.4549   86.2011   75.438   38.3238   89.2482   32.3852   105.081   87.1642   91.036   74.0167   85.1444   46.5434   93.3684   85.4905   30.0711   110.042   71.3149   62.8189   86.6594   103.411   88.411   94.1066   97.2947   68.7085   99.7879   53.3209   126.777   80.2195   65.2195   27.4018   73.9435   112.005   74.3457   37.3238   
22.6716   33.541   30.4795   56.5685   75.1665   67.1193   15.6205   27.1662   54.4243   0   66.1697   61.3326   77.2189   55.2492   44.0338   62.607   79.6966   45.025   43.1603   81.1074   50.8782   60.9574   74.0364   61.6945   83.2965   61.72   38.0184   55   56.0167   56.0132   59.2901   65.0999   81.1679   71.2713   65.0784   55.4006   80.4003   64.5446   45.6469   52.0132   41.5453   78.5235   56.171   79.3916   67.7293   26.3137   82.2249   66.5296   39.9317   90.8175   74.9262   82.951   47.9317   58.8019   42.8885   55.2884   57.054   92.5003   102.374   42.4012   53.0156   51.037   83.1405   80.5685   71.8496   75.6039   54.9894   74.407   46.1055   63.3317   
47.8539   71.8401   74.8131   66.1211   89.1403   85.0941   29.5296   30.3645   16.5529   44.4072   0   103.814   103.633   42.4391   69.2648   90.3501   97.9511   73.9106   64.15   109.324   48.67   46.573   102.293   35.0416   90.4186   96.4812   75.7539   55.2625   81.1206   45.0644   87.8884   92.4347   72.666   71.5858   65.7817   84.3029   91.1126   89.6842   68.6824   46.1662   80.2003   38.9317   96.0332   94.3588   94.4399   64.9687   93.3237   54.3857   84.0663   93.5844   36.0998   110.296   67.9432   68.0384   77.8276   80.0077   85.6673   102.053   110.969   60.8722   84.3758   35.1327   123.676   86.1126   74.1834   39.6491   80.1718   110.155   71.2451   45.1662   
45.8803   39.3192   13.9284   68.3593   75.2396   65.3911   58.8982   62.6498   94.578   43.2782   87.046   0   60.4071   88.8964   74.2087   56.472   71.9481   50.3111   78.1637   57.7253   85.2126   93.1202   58.2022   94.2122   92.7732   38.8885   59.9509   80.4831   42.1662   87.6938   46.5016   48.2415   108.592   95.9279   92.1693   48.0868   81.2655   57.6819   53.8469   90.6327   49.5106   113.755   40.7386   83.6609   59.8218   65.6931   89.8725   94.4347   45.8727   101.972   117.721   56.7253   59.7131   78.1033   42.2488   73.2269   44.2655   102.652   106.868   66.833   56.1096   94.3147   37.561   84.0507   83.0661   116.717   64.833   56.2053   54.833   91.2496   
41.2311   73.5731   46.4004   38.9102   36.4966   27.074   69.1809   58.3095   88.8369   57.2189   88.6002   40.8044   0   85.177   99.4253   30.1647   39.6431   53.4835   100.379   24.4031   72.1827   80.2449   26.6056   92.5247   58.9848   39.3452   87.0548   66.266   43.6897   75.7809   34.4901   28.1655   85.4049   71.8346   70.087   42.8568   46.9848   31.1406   53   79.2769   81.8845   103.977   81.543   49.5593   26.0416   83.5326   65.2111   80.6607   65.2423   77.0263   110.746   33.2111   56.6085   61.8319   61.4832   107.542   38.2237   67.2688   68.5504   64.2832   96.914   100.493   63.8457   58   59.2041   112.793   45.0689   37.3693   54.3883   80.5134   
30.2324   65.0308   61.7171   48.6621   71.5681   67   22.3607   12.083   21.9545   32.9848   18.4391   72.6705   70.3847   0   63.6683   71.3193   80.1679   60.2353   58.2832   91.5738   31.9234   35.464   84.5065   22.8102   73.672   79.9338   69.1566   38.5159   64.3775   28.3178   70.3097   74.4566   53.7537   52.546   46.7648   68.0398   71.2189   69.0833   54.3584   28.4018   70.3323   49.632   85.1542   75.8466   76.8612   57.7998   74.7578   34.5183   72.9166   76.646   52.0256   92.7177   50.2353   52.8969   66.4194   87.3246   68.0886   83.0074   93.2045   51.4138   80.5553   44.8254   106.097   67.6004   54.833   49.3563   60.4367   92.5766   53.6664   27.4018   
50.4777   27.5862   46.0977   83.8689   103.247   95.2943   26.4197   48.8262   64.2806   28.178   49.0102   59.9083   83.9524   48.1041   0   89.4336   105.09   62.5818   25.3852   102.119   74.0762   82.2347   97.5088   70.3924   110.597   82.883   33.3178   78.903   72.3594   76.4219   81.574   87.8495   101.858   95.7411   89.338   72.8353   106.342   89.2628   63.6867   73.2904   39.6982   85.82   62.0215   107.193   93.5281   33.72   110.031   82.6223   62.0488   118.995   84.3599   106.808   66.0899   86.9799   59.3038   37   80.7887   119.801   130.18   68.4185   44.7588   49.1321   96.4621   106.832   94.7929   77.2046   82.0078   102.585   73.9117   75.5058   
27.1662   67.2681   42.4382   28.2843   34.6699   25   56.0357   43.6578   74.0945   45.607   74   41.4849   14.7648   55.7136   73.3894   0   30.9706   41.2947   88.1668   39.1679   62.2666   69.7852   32.8661   78.5238   52.3657   38.5796   80.6226   55.6431   35.3026   66.1805   26.083   23.0554   75.2308   61.7214   59.4382   35.4009   45.0058   21.2361   42.3099   69.774   72.2014   90.213   74.8136   47.4853   25.1231   70.9435   49.3657   72.0747   56.2251   66.0425   94.9938   47.9759   38.1868   52.0809   52.4093   98.2621   29.2066   64.216   66.4764   49.0644   93.0965   91.4522   61.3249   50.0179   48.305   101.054   35.3178   50.8395   41.105   68.774   
40.025   84.22   59.203   22.6274   18.3848   8.544   69.4262   53.0848   79.712   60.9262   82.8734   56.8595   19.0263   64.4981   89.0505   16.9706   0   58.2653   103.955   40.7697   63.7335   69.8095   40.0227   85.1969   41.0225   55.5501   95.455   56.8031   50.6847   67.0003   43.0536   40.0259   72.43   58.9451   57.7352   52.2884   33.4409   38.2066   59.2804   70.9408   88.027   93.9239   88.6759   29.3178   37.6015   87.2399   42.0868   68.095   69.8659   54.4428   100.249   42.0416   55.1573   45.6228   66.3283   110.799   43.0689   48.7388   50.0204   62.4076   99.386   101.786   73.7334   35.4165   45.5287   105.286   42.7099   47.257   54.0147   77.6402   
16.2788   41.2311   22   45.618   60.1082   51.0882   33.8378   32.7567   65   20.025   59.0339   29.9666   37.4833   43.2782   46.5725   27.2947   43.8292   0   63.1852   57.4352   54.8973   63.5204   50.3679   66.0884   72.3459   41.5563   53.7151   54.3398   26   58.9297   38.105   40.318   79.9116   67.6213   63.4191   35.7047   61.8017   41.4591   23.0828   59.382   45.4138   82.9559   49.7851   66.0882   49.305   46.3387   70.2411   66.8518   38.5602   79.3911   91.3799   63.0465   35   49.5106   35.0623   71   39.2627   81.5497   88.8101   35.0384   64.0366   69.2543   67.5277   63.0313   58.9772   88.0071   36.9545   63.4475   34.083   62.2832   
49.6488   32.6497   49.3356   82.4197   102.474   94.8472   23.4307   46.0977   59.5399   28.1603   44.0114   63.2456   85   44.2832   5.38516   73.7631   88.955   47.5184   0   103.491   73.2332   79.2457   96.6076   61.8402   109.148   84.1175   38.6011   75.9141   71.4282   72.601   82.1978   87.8364   98.0368   92.7522   86.349   74.1152   104.139   87.4337   61.8017   70.3014   43.6531   82.9431   63.0955   106.369   94.808   35   109.202   78.8015   67.4339   114.358   80.1111   105.449   71.4751   86.9621   64.6889   42.3852   83.7765   118.351   127.989   66.8634   45.8329   54.5173   100.726   103.843   89.5185   73.0803   81.9666   102.567   73.0827   71.6849   
47.1275   76.0263   48.3735   44.7772   40.0125   31.1448   74.5453   64.4748   95.1893   62.0081   94.7048   41.0122   6.40312   76.5572   88.1192   21.095   23.7697   42.0476   89.4539   0   78.5858   86.648   30.0711   98.0952   64.7293   42.6982   92.4477   72.6003   50.0928   82.184   40.8932   34.5686   91.808   78.2377   76.4901   48.5753   53.388   37.5437   58.1856   85.68   82.0074   110.26   80.5138   53.0875   32.4447   88.3218   65.8402   87.0634   70.7032   78.2125   116.089   24   59.2818   68.2351   67.8863   111.772   44.6269   71.3397   72.6212   65.8197   97.1218   106.896   52.7226   59.1862   65.6072   119.197   51.472   26.2462   56.0789   86.9165   
22.8473   70.406   60.208   32.249   55.2268   51.1566   32.8024   10.2956   30.8869   36.8782   34   68.7095   57.9828   16.4924   59.0762   43.2666   49.4773   38.8973   56.2228   64.3506   0   25.6056   75.0086   36.0227   58.977   73.4842   74.8966   27.8036   58.3643   17.6056   62.9246   66.322   48.1603   38.6819   32.2788   62.4368   56.0122   60.3401   50.8938   25.2801   76.8558   50.0156   87.8721   61.402   62.1411   63.1919   63.4601   37.0499   67.6236   71.4185   60.958   84.192   49.5466   42.1108   64.6319   92.1666   60.7035   68.1807   82.1664   51.4764   86.884   61.3178   98.7122   56.249   48.3607   58.2886   49.2062   85.1915   46.2813   34.6158   
33.2415   79.7621   70.6116   35.5106   58.2151   55.7853   39.8121   19.105   24.5153   46.2709   32.573   79.1202   66.2193   19.105   66.1891   51.7397   55.5428   49.3356   62.7694   72.6223   10.4403   0   80.6398   41.195   62.2385   82.7315   84.2893   28.1421   68.2353   26   72.4004   74.5461   46.2354   37.9249   34.0333   72.831   61.3816   64.4356   61.3341   27.0623   87.136   39.1661   95.0999   63.6621   68.6006   72.5846   63   27   76.9839   60.0116   49.6757   87.765   59.9869   38.1868   73.1265   98.8634   71.0977   67.788   79.208   54.8782   94.0897   56.4005   108.493   58.7099   43.7099   51.9171   57.2099   95.5857   56.6755   26.0623   
40.1622   70.3278   43.0116   40.8534   39.8121   30.2655   67.4759   57.6975   88.7525   55.0364   87.8465   37.2022   3.60555   69.7782   81.3941   14.8661   22.0227   35.1283   82.6075   7.07107   58.0086   66.6033   0   92.5885   62.5904   36.799   85.3449   68.4976   44.6158   75.6142   38.0956   31.7711   88.4017   75.4402   73.6926   46.2195   50.5904   34.7462   55.2483   82.8825   78.0652   105   75.4123   51.3405   29.6471   79.2616   64.1095   84.2662   62.2616   71.7062   109.86   31.0623   53.0528   65.4375   55.2616   103.237   37   70.4603   71.7419   63.9305   86.1196   102.892   53.772   57.4392   62.8096   115.92   48.6744   27.2956   52.0483   83.6401   
38.0132   70.4557   68.9638   54.0833   77.1038   73.171   27.074   19.7231   14.8661   39.5601   12.0416   80.2122   77.8781   7.81025   51.1957   63.1585   71.1969   50.9902   46.8402   84.0952   22.0227   21.0238   77.3692   0   78.3805   87.7441   74.074   43.2243   72.1877   33.0263   78.0905   82.0955   58.4347   56.5524   50.7483   75.8501   78.0349   76.8935   61.994   31.1327   75.208   40.2354   92.9645   82.1424   83.8449   62.5131   78.6405   39.3523   79.3631   79.377   36.4709   100.498   58.0456   55.6278   72.4321   83.9104   75.8693   87.4128   95.9355   54.1838   85.2686   47.1743   113.878   74.1441   59.15   42.2678   66.7524   100.357   61.4471   30.1327   
46.6905   98.737   77.6209   12.7279   16.1245   19.7231   72.4017   50.9902   68.0294   69.2965   76.1183   78.6448   44.7214   59.4811   96.5401   37.3363   25.9615   57.8014   95   49.7293   43.0116   44.1022   47.3814   64.1327   0   75.9159   105.378   55.4005   69.4883   60.6172   63.4194   60.3917   53.7808   40.1794   44.0689   72.7372   30   51.9257   68.5446   68.2917   101.615   83.2682   106.255   29.9443   53.015   95.6102   21   62.107   86.0069   36.4403   90.3348   66   65.6735   45.7737   81.9176   123.518   64.6818   36.2195   43.4929   69.7123   114.424   100.503   98.6612   25.8489   40.0238   93.0063   52.4977   73.2185   61.793   67.7407   
36.1248   51.4782   23.7065   52.0096   57.3847   47.5395   57.3847   54.4518   87   42.72   82.4197   17.8885   23.3452   65.8559   66.0076   24.1868   39   23.7065   68.1175   24.6982   58.2495   68.2642   19.799   73.6614   61.5224   0   67.4636   71.4813   31.5563   75.855   30.1529   39.5242   95.0569   81.5671   80.3573   28.2066   69.1926   45.4228   46.7893   80.8151   58.4926   104.574   58.6272   67.4198   49.3099   64.1794   73.5525   86.6978   39.1794   90.2293   110.048   43.5539   52.302   67.3839   45.318   82.1542   36.5602   87.7343   89.0159   51.609   73.9982   92.8012   45.2389   72.1536   68.1507   109.957   57.2029   37.6469   47.2029   79.8151   
44.6878   15.2315   32.249   78.6448   96.0469   87.4185   29   48.3839   70.3491   22.4722   56.7539   45.8912   73.0548   51.1566   14.3178   64.0078   80.455   36.7151   18.6011   76.6551   58.5235   67.1863   70.214   56.0357   91.351   53.4603   0   75.2699   59.6946   73.5064   73.5465   76.0983   100.649   93.7047   87.4218   64.8199   98.327   78.1742   55.6713   72.5769   30.4403   90.3344   49.9118   101.408   84   25.7047   104.241   85.6749   47.2843   113.29   92.5066   97.0141   64.3594   81.2741   54.0832   34.4012   71.3104   114.576   124.19   57.2884   32.6491   63.4499   83.4522   99.7464   90.4224   90.3758   73.6696   91.1071   68.1218   78.5584   
21.095   72.1249   59.2115   25.318   48.2597   44.1814   37.4833   15   37.1618   39   41   66.4831   52.2015   23.3452   63.2535   37.6431   42.72   37.3363   60.8276   58.6003   7   14.1421   52.4976   29.0172   36.4005   54.5894   61.2699   0   56.6121   24.6056   58.733   60.6984   48.959   35.3576   38.083   60.6845   51.8048   53.7323   50.5822   30.3178   76.4401   53.3082   85.2583   54.4709   58.8032   65.3137   56.5291   33.8062   65.0098   62.6005   59.5503   77.3185   46.4591   32.1803   63.0114   92.3217   56.4969   61.2497   72.7122   46.0768   92.0156   63.4499   96.9599   49.318   40.5242   61.5978   41.0832   79.7932   44.529   29.3178   
20.6155   48.1664   24.1661   42.2019   53.4135   43.9318   43.4166   38.8973   71.4493   30.0167   67.1193   27.1662   27.6586   50.3289   56.2939   19.105   36.0694   10   57.4282   32.0624   43.0465   53.2353   25.1794   58.1378   53.4883   15.5563   45.6946   39.9249   0   60.652   25.2195   38.5242   82.2901   71.3278   66.1421   23.1231   62.6192   38.8494   30.53   62.812   55.4138   87.9585   57.0474   61.2769   44.2281   55.6394   68.4707   67.3595   36.799   84.4981   92.5238   47.0606   28.1421   55.2278   42.6525   80.0959   34.6158   78.1336   85.4082   45.0384   69.4149   78.8331   60.7952   66.2019   61   92.4661   42.0263   52.475   35.083   69.2428   
25.9422   71.8471   62.8172   35.0571   58.0775   54.3323   32.7567   11.1803   27.2947   38.3275   31.0644   71.6938   61.5873   14.3178   59.1692   46.8722   52.8867   41.7852   56.0357   67.9559   3.60555   8   61.6117   19.0263   45.3542   61.6117   59.4811   10.198   46.3249   0   66.0195   68.1507   42.313   37.896   31.4929   65.5317   59.6177   60.4515   54.4993   21.1231   79.8728   44.8819   91.4776   64.21   65.5225   64.6412   60.7214   29.2462   71.2292   60.0652   50.3555   84.0378   52.6497   42.3784   65.5166   92.9242   63.7984   68.7587   79.2977   48.1204   87.214   54.2552   101.807   59.05   45.0799   52.4031   47.8024   88.2864   49.3762   20.1231   
26.0768   56.4004   30.6105   39.0128   46.6476   36.8917   51.788   44.4072   76.5768   39.0128   73.8241   29.6142   18.4391   56.3028   65.5134   12.083   28.6007   19.105   66.6108   23   46.7547   56.4004   16.0312   64.0703   49.0306   13.1529   54.7814   42.4382   9.21954   50.2494   0   24.2983   80.7496   67.8984   64.3401   25.4556   53.2361   29.6525   34.4844   67.1478   62.0291   92.6036   61.8431   54.5601   31.7924   62.3338   61.4487   69.4902   43.2546   73.9422   97.7039   42.2553   34.6208   50.0739   39.4955   85.5542   16.2361   74.0599   78.3681   41.5136   70.8595   85.7728   58.3918   55.4588   55.025   97.4865   41.6433   43.3268   31.6433   70.3725   
30.4631   62.426   36.0694   37.3363   42.0476   32.2025   57.4282   48.3735   80   45.0999   78.2943   33.2415   12.1655   60.4152   71.8053   9.05539   23.7065   25.318   72.8354   17.1172   49.5782   58.7282   10.0499   68.0955   46.1736   15.5242   61.0983   44.5982   15.5242   53.1507   6.32456   0   81.0987   70.3104   64.6063   31.7802   50.2345   30.2915   40.8089   73.4723   68.3536   97.8943   68.1676   53.0244   31.4403   68.6583   57.1856   72.3847   49.5791   73.0263   103.506   41.1108   40.9454   54.3593   45.82   91.8787   22.5606   72.1507   73.6789   47.8382   77.184   92.0973   55.3631   54   57.3603   103.464   41.5183   37.3455   37.9679   73.2738   
48.0104   98.4886   86.093   33.2415   51.8941   53.0094   59.9416   38.2753   37   65   49.93   92.5743   71.0282   39.2046   86.3539   58.1808   55.8659   64.1249   83.006   77.201   28.1603   20.2485   72.4017   39.6989   35.8469   79.0569   86.6487   27.0185   65.5134   27.313   66.1287   66.6408   0   27.6015   36.4924   83.6348   57.0119   78.9464   73.2711   44.3019   103.426   47.7343   112.252   61.6542   82.4018   91.1559   56.8469   45.2354   92.0283   52.2655   65.6079   97.9075   69.1479   57.6757   86.3331   116.103   80.5136   67.7922   69.2597   68.0848   113.878   76.6489   119.506   57.2415   50.9258   62.3839   68.1017   99.6973   71.4444   43.3019   
37.6563   90.1388   75.1066   20   40.5216   40.3113   55.3173   32.6497   43.0116   57.2713   52.4976   80.5047   57.4282   37.7359   81.4002   44.7214   42.5206   53.1507   78.7464   63.6003   22.6274   19.9249   58.8303   40.8534   25.1794   66.2193   79.6053   18.3576   53.3385   23.6008   53.1601   53.3104   13.6015   0   30.4031   73.1674   46.4868   61.3596   62.3088   43.4197   94.7976   59.091   102.57   49.1529   65.5246   83   40.7099   45.0278   82.5167   42.0868   69.6006   84.2028   58.1856   35.1108   77.1365   108.668   67.8011   55.9317   67.4475   64.4344   109.511   76.3253   106.046   44   38.4164   70.4134   50.7131   86.1259   57.0119   42.4197   
32.1403   84.119   70   21.1896   43.4166   41.7852   48.9183   26.2488   39.2046   51.0784   47.2969   76.1183   55.9732   31.7648   75   42.4382   42.72   48   72.3464   62.2896   16.2788   15.0333   57.0088   35.4401   29.0689   62.6259   73.3485   12.083   49.0306   17.4929   49.7695   50.6063   16.4924   6.40312   0   68.0161   47.6765   57.6652   61.0119   37.0238   88.4224   52.0789   95.7435   50.3426   61.0454   77.3921   46.0172   30.0384   77.0928   46.6356   58.911   81.2515   58.5421   35.3178   71.9046   104.405   62.1041   51.8782   71.3621   53.6563   103.163   71.4338   101.381   45.1896   38.2066   66.6063   45.0161   83.2012   55.3363   37.616   
24.4131   46.4004   21.095   45.8912   56.0357   46.4004   45.5412   42.5206   75.0733   31.4006   70.214   23.0868   27.8568   53.7587   56.5685   21.4009   38.2884   11.7047   58.0775   31.5753   47.0106   57.2451   25   61.5549   56.921   12.2066   45.2217   44.0114   4.12311   50.2494   10   16.1245   69.6348   57.4282   53.1507   0   63.2195   39.636   34.6205   66.9351   53.1214   92.0816   59.4005   64.5601   41.7759   56.1152   69.3386   71.4826   40.9221   81.1538   96.6469   51.1837   32.2652   56.1763   36.2971   79.6229   26.2195   80.7286   86.1196   40.4307   70.8722   80.9577   51.8782   62.1275   62.5693   94.8084   42.1555   49.0689   32.1555   70.3725   
38.833   89.0225   66.6408   9.48683   14.5602   11.1803   66.7083   47.0744   69.4262   61.4003   75.0067   66.9403   32.9848   57.2189   89.3085   25.4951   14.7648   47.8017   88.3233   38.2753   41.0122   44.911   35.5106   63   12   49.6488   82.807   34.0147   42.4853   44.0114   37.3631   34.2345   42.0119   29.1548   30.6757   45.6946   0   46.7312   60.8634   63.0104   93.2155   82.7546   96.8358   25.1231   44.0208   87.714   28.2111   57.9535   76.5873   37.2036   89.5867   52.6264   58.2238   39.1948   73.2494   115.661   53   36.3132   44.807   63   105.756   96.1737   86.82   21   39.4868   94.3217   49.2566   62.0218   53.1248   62.0416   
26.0192   67.897   43.566   26.1725   33.6006   24.0832   55.1453   42.0595   72.2011   45.2217   72.4224   43.1741   16.6433   54.0833   73.1642   2.23607   16.4012   27.4591   73.3757   23.0217   41.3401   49.679   16.9706   61.4654   35.5106   26.0768   64.1405   35.609   19.8494   44.9444   13.6015   11.1803   55.9464   42.4853   40.2244   22.4722   23.7697   0   44.5459   65.9268   72.8729   87.2393   75.4446   45.719   27.3592   71.5354   48.2879   69.1664   56.6484   60.1031   95.1592   47.0217   40.4228   49.2488   53.0969   98.4591   29.8375   58.0116   65.5596   51.3005   84.4609   90.5618   63.561   41.0768   46.0689   97.2068   34.6491   44.2662   43.341   64.9268   
10.198   45.4863   28.0179   40.8167   56.8507   48.2597   31.4006   27.2029   59.6657   19.6469   54.6443   35.8469   38   38.1838   47.5395   25.9615   41.5933   6.08276   47.8017   43.1856   32.8938   43.3244   36.1248   45.9674   53.2541   27.8029   39.2046   31.257   12.53   35.8469   20.3961   26.0768   58.0775   47.2652   42.0119   15.6205   43.8634   25.632   0   56.2733   50.1452   80.426   54.2675   66.9181   51.0846   45.9606   69.7514   57.72   34.3417   77.8485   82.4383   59.5905   30.1231   45.8329   27.3417   73.6058   36.2483   76.7484   86.527   25.8102   70   66.8171   67.4987   63.6005   59.376   86.3182   41.6918   56.72   31.8102   55.97   
28.0179   71.3442   63.8905   39.0512   62.0725   58.3095   30.8707   11.1803   23.8537   38.0132   27.074   73.3485   65   10.8167   57.2451   50.2494   56.7539   43.382   53.8516   71.3442   7.28011   8.94427   64.8999   15.0333   49.2443   64.0312   58.4637   14.1421   48.6004   4   53.0377   56.2228   29.1548   26.9258   21.0238   52.4309   48.0104   48.3735   37.5899   0   76.075   48.1104   91.8574   68.2042   69.4212   64.3269   62.6621   26   71.9316   64.0652   44.8058   88.0378   56.5509   46.3225   64.9316   92.8649   64.9117   72.7587   81.0984   52.1204   83.5845   55.6421   103.202   62.0454   48.0689   48.573   51.8024   88.2024   51.4518   24.1231   
41.5933   11.7047   22.0227   74.8866   90.5207   81.4678   33.5261   49.2544   74.9533   22.0907   62.7694   35.5106   64.8845   54.3323   24.6982   57.2014   74.027   30.4138   28.6531   68.0074   58.8558   68.3593   61.8466   60.208   87.4185   44.1475   10.4403   60.4401   38.2753   60.407   47.0106   53.2353   86.885   78.4347   72.4224   37.1214   77.9872   57.6281   34.2053   60.075   0   97.8613   35.2788   96.3941   76.0788   33.2315   100.655   86.075   44.3132   109.805   96.6789   82.9493   55.2678   79.9244   37.8035   39.0416   63.2467   110.818   118.711   56.3412   30.8167   68.9426   73.0517   93.4451   89.391   97.6946   67.3683   81.7944   62.8688   80.5301   
53.2635   89.6772   87.2353   59.203   81.3941   79.6994   46.2709   35.2278   5.38516   58.5235   21.9317   97.7548   89.8721   25.632   69.4622   75.213   79.7057   67.9559   64.7765   96.2601   32.0156   24.1661   90   19.2354   66.3702   89.3756   75.1665   37.7359   73.8783   28.4253   78.492   81.5659   33.7343   41.1947   38.0789   77.6209   68.6804   73.2393   62.426   25.4558   79.4292   0   110.466   86.2772   92.7667   79.4018   81.9046   44   96.0069   83.2815   25   111.931   75.8674   62.3529   89.0069   101.939   90.3675   89.0068   102.68   72.1435   104.466   57.0645   128.658   82.876   67.876   32.7869   76.2278   113.489   76.6975   40.7588   
49.6488   15.0333   15.5563   80.2309   92.4175   82.801   48.7545   61.2944   89.493   35.171   78.2624   24.7386   61.8466   68.1542   39.9625   57.8014   74.6525   34.7851   44.4072   63.5138   70.0071   80.0999   58.4123   74.6324   92.1358   38.833   25.807   70.2567   39.1152   72.111   46.0977   51.6236   97.2522   87.2983   81.7435   36.4005   81.4923   58.8218   40.2616   72.4431   16.2788   93.6803   0   100.392   77.8901   49.5104   104.443   97.9817   42.2485   114.176   110.097   80.2502   59.3847   84.2956   53.0805   51.4498   62.3338   116.163   122.52   65.1814   36.2627   84.171   62.2997   97.8164   93.7623   109.802   71.7396   71.7062   65.8188   92.2341   
42.72   92.3147   69.3542   13.1529   10.4403   8.48528   70.7743   51.1957   73.1642   65.215   79.0253   68.9638   33.2415   61.2944   93.1933   27.5136   14.3178   51.0882   92.2822   38.0789   45.0444   48.6621   36.0555   67.0075   11.7047   51.4198   86.4523   38.0526   45.2769   48   39.5601   35.9026   44.6542   32.2025   34.2053   48.3011   4.12311   26   47.3814   52   81.3941   72.2772   84.3801   0   47.4951   91.5287   32.3342   62.0766   80.7104   41.3267   93.1163   56.3595   59.9448   43.3179   74.7231   118.842   55.7961   40.4363   38.8254   65.4299   108.358   100.297   88.0176   25.1231   43.1529   98.4448   45.7321   61.5412   57.2479   66.1648   
31.0644   70.9366   45.607   28.1603   31.7648   21.9545   60.075   47.1275   77.026   49.7293   77.4919   43.6578   12.0416   59.1354   77.4919   4.12311   13.6015   31.305   77.8845   18.4391   46.1411   54.2033   13.0384   66.4831   36.0139   25.9615   68   40.2244   22.8035   49.7393   15   10.4403   59.3633   45.793   44.0454   24.7588   24.0208   5.09902   30.0832   53.2353   61.0328   77.9359   61.0737   25.4951   0   75.0666   52.2319   69.6308   58.2546   61.2244   98.0412   42.4391   42.3099   51.4138   54.4955   100.074   31.2361   60.334   63.4309   50.1283   85.8595   93.3243   60.5296   45.0208   46.45   101.808   39.4409   40.334   39.1948   69.5422   
33.9706   25.0799   31.7648   67.8823   86.267   78.032   18.4391   36.6879   60.0167   11.3137   47.5395   45.618   66.2873   40   17.72   55.7136   71.5542   28.8617   19   70.5762   46.8188   55.5428   63.7887   45.3982   80.6102   49.163   11.7047   49.6488   38.6394   47.8017   47.8539   54.1295   74.9466   68   61.7171   39.1152   72.6223   55.5428   29.9666   46.8722   15.2315   64.6297   31.0644   76.4003   59.808   0   93.5239   72.8722   40   102.131   81.8691   85.6999   57.7567   70.1156   47   46.1059   64.09   103.814   113.673   51.6586   44.3538   53.8556   83.179   87.949   82.6545   78.1664   61.8722   83.0074   57.4046   67.4018   
44.5533   96.2601   74.8465   10.8167   14.8661   17.2047   70.8308   49.7695   68.1836   67.2086   75.6637   75.71   41.7732   58.6941   94.6414   34.3657   23.0868   55.2268   93.2309   46.8402   42.2019   44   44.4072   63.6396   3   58.5491   89.1403   35.4401   50.6952   44.7214   46.0977   43.1856   37.1214   25.7099   29.0172   54.0833   9   32.5576   50.8035   48.6621   85   66.7533   89.4427   8.94427   33.0151   78.5175   0   59.0556   83.8373   33.3417   87.9283   61.6264   61.0106   40.9422   77.3912   120.678   60.607   36.4018   38.2094   69.2666   109.897   97.9576   93.2275   28.8489   36.9249   95.0253   50.5864   70.3438   57.2666   64.7579   
32.573   80.0625   70.214   33.541   56.2228   53.8516   40.7063   19.4165   26.4764   46.5296   34.4819   78.4347   64.6607   20.5183   67.1193   50.2494   53.7122   48.7647   63.8122   71.0634   10.0499   2   65.1153   22.8473   42.107   67.2309   67.72   12.8062   52.3259   8.24621   55.2178   57.3847   19.2354   18.0278   13.0384   56.3649   42.9535   48.1664   42.72   10   68.593   26   80.025   46.6905   52.6308   56.0446   42   0   75.6604   59.674   51   86.0504   59.2653   36.4722   70.0617   100.863   67.9662   64.9166   80.2094   55.4966   93.5845   58.4005   106.68   54.4708   45.7099   51.054   50.8782   92.4109   54.2492   28.0623   
30.0167   28.4253   8.94427   60.0083   73.1095   63.7024   37.5366   43.9659   74.7061   21.9317   66.0681   21.4009   45.618   52.7731   41.0488   38.8973   55.8659   14.5602   43.566   48.7032   51.6236   61.9839   42.5441   60.0333   72.0069   25.1794   28.2843   51.0098   19.799   54.1295   28.0179   34.1321   78   67.4759   62.1289   18.0278   61.5873   39.6232   20.2237   55.0818   19.3132   78.2943   20.2485   64.6375   42.5206   25   69.3542   61.6604   0   93.9514   96.5042   66.8595   38.3311   64.0708   33   58.3548   43.0185   94.7782   102.35   46.034   50.1299   72.8507   58.962   76.1772   73.5374   97.5356   51.5147   60.7214   43.5707   74.2526   
52.6972   105.679   86.0233   19.9249   24.7588   29.9666   75.9276   53.6004   65.4905   74.8131   75.5844   87.9659   55.109   60.3738   101.119   47.0425   36.4005   65.3911   99.0858   60.1664   44.4185   43.0116   57.7062   63.9062   10.4403   71.1758   97.2008   38.6005   62.0967   46.0652   58.4209   56.0089   30.2655   23.0868   28.6356   65.7343   22.2036   45.0999   60.3738   49.6588   94.1541   63.0714   100.09   22.1359   46.0435   86.0523   13.3417   41.1096   79.8499   0   87.5467   74.83   72.7255   47.0156   87.7155   129.525   71.7062   31.7703   42.0278   78.3555   118.957   99.4121   106.569   36.2892   49.9249   92.1636   58.6578   83.6575   70.6083   65.5065   
57.9828   90.802   90.4268   65.9697   88.2836   86.4002   47.5395   39.6232   7.07107   60.9262   20.0998   101.514   95.7183   28.8444   69.0072   80.9938   86.1626   72.0069   64.0703   102.083   37.7359   30.6757   95.6922   21.4709   73.3348   94.0691   75.9539   43.8292   78.5175   34.1321   83.6301   87.0057   40.6079   48.1664   44.911   82.134   75.4321   79.0759   66.7083   30.8058   81.0432   7   95.8593   79.0759   83.863   65.9697   73.6817   32.573   81.4923   70.0643   0   117.114   78.386   68.8625   91.4718   100.107   95.4821   95.0062   104.366   75.6547   102.459   55.2278   133.004   87.0438   72.2906   34.4728   81.0145   119.008   81.4167   44.3949   
48.0833   76.922   49.2443   45.2769   40   31.257   75.5381   65.3911   96.0417   63.0079   95.6347   41.7253   7.2111   77.4726   89.1067   21.9545   24.0416   43.0465   90.4489   1   65.192   73.4098   8.06226   85   50   25.5539   77.6209   59.4054   33.0606   68.7968   24   18.1108   77.801   64.2028   62.9682   32.5576   38.6264   23.8537   44.1814   72.2011   68.9493   97.0824   64.3506   38.3275   19.2094   71.5681   47.1275   71.8401   49.6488   60.4401   102.927   0   58.1503   69.043   63.2786   107.708   40.0192   71.4518   72.7334   65.0512   92.8781   107.172   52.0204   59.4581   65.6593   119.902   52.28   25.544   53.0512   87.7245   
6.7082   49.3964   32   36.8917   53.6004   45.2769   32.0156   24.7588   57.3149   21.9317   53.3385   39.2173   37.2156   36.2353   50.0899   24.1868   39   10   49.98   42.7551   29.5466   39.9249   35.6931   44.0454   49.4065   29.6985   42.5206   27.4591   14.1421   32.6497   20.6155   25.7099   54.1479   43.1856   38   17.8045   40.3113   23.5372   4.12311   34.6699   38.0132   59.8164   44.3847   43.9318   28.2843   32.7567   47.0106   39.2173   24.3311   56.356   64.3817   43.7379   0   44.1198   31.4648   75.5229   34.5212   72.8234   81.9456   21.0711   67.8262   67.4321   69.6827   56.1545   50.5128   83.2429   30.099   59.0092   20.099   52.7728   
21.0238   74.2496   57.3149   15.2315   37.6563   33.0606   44.9444   24.0416   48.1041   42.8019   52.0384   62.3939   42.45   34.0588   69.3542   28.4253   31.6228   35.5106   67.624   48.8365   18.1108   24.1868   43.1856   40.1123   27.4591   48.3839   65.215   11.1803   35.2278   21.3776   35.4683   36.3593   30.6757   18.1108   14.3178   39.3192   23.1948   26.2488   29.8329   25.318   62.6099   48.3011   70.0928   27.2947   30.4138   54.037   25.9422   22.4722   50.01   32.0156   54.626   49.5782   25.7099   0   57.1745   97.8514   48.8378   51.1633   63.9444   46.781   89.3553   74.6303   88.1279   39.2315   32.2111   72.7782   31.7631   70.4813   44.4578   40.4982   
23.0217   33.3017   15.5242   53.6656   67.897   58.7282   33.2866   37.3363   68.6003   17.8885   60.8276   26.2488   43.0116   46.6476   41.3038   34.4093   51.225   8.06226   43   46.8722   44.7214   55.109   40.2616   54.0833   65.8635   25.318   30.0832   44.0114   15.6525   47.2969   24.6982   31.0161   71   60.531   55.1453   15.2971   55.8032   34.8281   13.3417   48.3839   22.8035   72.0069   26.9258   59.0339   38.2753   24   63.2851   54.7449   7   73.4098   75.4718   47.8539   17.4642   43.1741   0   61.8451   40.2594   89.5973   96.8722   37.2483   49.2415   68.7031   60.3249   71.0935   67.0394   88.4707   45.0167   62.9649   37.5633   67.3356   
60.8276   19.4165   45.3982   94.7945   112.446   103.812   41.1096   62.6099   80.2247   38.2884   65.0077   58.0086   88.7694   63.3246   16   80.2621   96.7988   53   21.095   92.0272   72.8972   80.7775   85.7963   66.9104   107.517   68.1542   16.4012   76.3217   61.7171   73.4098   70.6824   76.9675   100.722   94.6678   88.3233   60.9262   99.1564   80.455   55.6058   71.8679   24.0416   85.3756   34.3657   102.825   84.22   27.0185   105.361   81.5414   43.3244   113.071   85.0059   92.9731   58.8982   81.0555   46.0652   0   84.3181   130.726   139.965   73.6896   39.1172   64.0899   95.5696   114.186   106.824   93.2046   88.1095   104.046   78.9972   90.7263   
23.8537   55.4437   30.2324   38.1182   46.8722   37.2022   49.6488   42.2019   74.411   37.054   71.5891   30.2655   20.2237   54.0833   63.7887   12.2066   29.0689   17.2627   64.7765   25.02   44.6878   54.4059   18   61.8547   48.5077   14.5602   53.3104   40.4969   7.61577   48.1664   2.23607   8.06226   64.5136   51.6624   48.1041   9.21954   37   13.4164   18.2483   50.9117   45.793   76.3675   45.607   39.3954   15.5563   46.0977   45.607   53.2541   27.0185   57.7062   81.4678   26.0192   18.3848   33.8378   23.2594   69.3181   0   71.428   78.2209   39.4558   72.5009   84.5517   59.3573   54.4932   57.2611   97.2728   40.4222   43.6982   30.4222   68.2895   
55.8659   107.648   85.9069   21.9317   15.6525   23.1948   81.5414   59.9416   75.1066   78.492   84.1724   86.1278   50.01   68.0074   105.759   44.643   31   66.5733   104.202   54.3323   51.6236   51.788   53.0094   72.2772   9.21954   68.6586   100.499   45.1885   61.7414   53.7587   56.6127   53.1507   40.7922   32.1403   36.8782   65   19.3132   43.0116   62.2013   57.5674   96.4002   73.0068   100.648   17.2627   42.7551   89.8053   11.4018   49.8197   80.6226   10.7703   80.0062   54.4518   58.4123   36.6197   74.6257   116.692   56.3028   0   32.544   78.9318   121.299   105.412   103.006   35.0684   48.0167   100.874   61.7014   77.1289   68.6684   71.28   
63.7024   114.809   92.1792   30   17.0294   26.4764   89.8888   68.4251   83.2947   86.3713   92.6499   91.4166   53.4603   76.5506   113.851   50.1597   34.9285   73.6003   112.414   57.0351   60.1664   60.208   56.7186   80.7775   17.4929   73.6817   108.19   53.7122   68.0955   62.2977   62.2415   58.1893   48.2597   40.4475   45.3542   71.1196   25.807   48.7545   69.527   66.0984   103.711   81.0247   107.187   22.8254   47.7598   97.6729   19.2094   58.2495   87.367   18.0278   88.0227   57.0088   65.8559   44.9444   81.6088   124.459   62.1691   8.544   0   86.927   129.107   113.956   105.444   43.3417   56.1342   109.303   68.5576   82.1855   76.476   79.824   
6.40312   47.0106   33.7343   40.3609   58.8303   50.9902   25   19.7231   52.0096   16.4012   46.8722   42.9418   44.2832   30.4138   44.4185   31.0644   45.2217   13.0384   43.8634   49.8197   26.4764   36.8782   42.7551   38.1838   53.0754   35.609   38.2884   26.0768   20.2485   29.1204   27.5136   32.7567   53.0848   43.4166   37.6563   23.4307   45   30.2655   7.81025   30.4631   35.3412   54.9181   44.1814   48.8262   35.1283   27.6586   50.9117   36.4966   25.1794   59.0762   59.0339   50.8035   7.07107   27.2947   18.2483   54.4518   25.2982   62.2415   70.0357   0   61.0652   60.4165   75.3089   60.8634   55.5811   78.8383   37.1701   64.5303   27.1701   49.2435   
52.3546   2.82843   29.1204   85.703   101.119   91.9674   41.1947   59.0339   82.7345   32.0156   69.3758   41.1096   74.3034   63   24.7588   67.4759   84.386   41.0366   29.8329   76.9675   68.884   78.0897   71.1196   68.2642   98.2293   52.5547   12.6491   70.8378   48.4149   70.214   56.8595   62.9682   97.0155   88.955   82.8734   46.8722   88.7299   68.0147   45   69.5845   10.8167   87.4643   17.2627   92.0978   71.218   23   95.8019   78.4474   28.8444   104.957   88.459   77.8781   48.8262   73.3553   33.2415   17.1172   55.8032   107.201   114.477   46.0652   0   69.7136   78.6706   103.686   97.5295   101.166   77.6308   88.765   67.6308   90.3371   
45.3982   58.3095   65.1153   70.6045   93.1719   87.6926   19.4165   31.5753   31.3209   35   15.1327   78.2432   86.4928   22.8254   34.1321   72.5603   84.0536   52.8015   29.0172   92.1954   39   41.4005   85.1469   21.2603   81.9329   76.4853   43.0813   45.5412   62.0322   37.1214   69.9214   75.1864   60.8276   60.5392   54.5894   64.4748   78.6448   71.3442   49.6488   33.6155   50.2494   36.6879   66.2873   82.7647   76.4199   35.2278   80.9568   43.0116   56.8507   83.1865   35.2278   93.1719   49.4773   55.5428   52.6972   50.0899   67.72   90.6201   99.1615   42.45   55.7136   0   113.022   90.4258   77.542   41.074   77.7161   106.369   68.8322   50.2272   
61.2209   61   36.4005   74.5252   74.4312   65.123   79.6116   79.3977   111.946   64.1405   106.405   22.561   38.0526   90.5207   82.4621   46.3249   57.0088   47.4236   85.7263   34.7131   83.4865   93.4933   35   98.2904   82.2192   25.2389   68.4471   79.7559   40.6079   86.8389   37.5766   37.3631   103.619   90.4765   87.3212   36.8782   70.2567   48.5077   52.345   89.202   58.0517   114.477   46.0109   71.0282   46.5296   67.7791   79.2275   92.4392   42.9535   92.4392   119.004   34.9285   54.6717   73.0068   46.3249   80.0999   39.3573   88.0057   91.444   60.1082   63.0317   99.0202   0   89.5845   92.6016   131.687   76.3649   40.4764   69.0337   105.054   
37.5366   89.0505   67.7791   5   18.0278   16.1245   64.4127   43.9659   64.9384   60.208   71.1126   69.0507   37   53.6004   87.8009   28.0179   19.4165   48.0208   86.5332   42.5441   37.2156   40.4475   39.2938   59.0762   9.84886   52.1536   82.0366   30.2655   43.6578   40.05   39.4588   37   37.0135   24.1868   25.9615   47.1275   5   26.0768   43.6005   44.0454   77.801   64.0312   82.2922   8.24621   27.1662   71.5052   7.2111   38.4708   62.1772   19.0263   70.8308   42.9535   39.8246   19.9249   56.0803   98.2904   38.833   18.6011   26.1725   43.8634   88.6002   75.4321   73.6817   0   35   89.5248   43.0768   64.3356   50.0555   59.5833   
28.178   81.3941   63.7887   10   33.0151   30.0832   51.614   29.9666   50.2195   50   56.1427   68.0661   44.2041   38.833   76.3806   31.305   30.5287   42.2019   74.5185   50.448   22.3607   25.7099   45.4863   44.1022   21.0238   53.1507   72.4224   15.5242   41   25.0799   40.025   39.9249   26.9258   13.4164   12.2066   45.0111   19.2354   29.0689   36.6879   29.0689   69.7711   49.6488   76.922   23.0868   32.45   61.2209   19.9249   23.7697   56.7539   24.8395   56.3205   51.0882   32.573   7.2111   50   88.2383   38.6394   30.0167   38.4708   34.4819   80.5295   61.0328   77.1622   15   0   74.8237   38.9742   72.7819   48.4138   44.842   
57.4282   84.4808   86.8389   70.4557   93.2631   90.4268   42.0476   39.1152   11.4018   56.6039   12.6491   98.7168   97.0464   27.2029   61.2046   82.2922   89.2861   70.0071   56.0803   103.31   39.8497   35.0571   96.6488   19.4165   79.0063   92.957   69.3758   46.5725   77.4661   36.4005   83.4865   87.4643   48.3839   54.1479   50.01   80.8084   79.7621   80.5295   65.192   32.573   75.3923   15.2643   90.802   83.6002   85.4927   60.1664   79.0253   37.054   78.0064   76.7919   10   104.202   63.4114   57.7235   72.4707   77.1622   81.2712   86.2844   94.5304   57.3847   82.0061   27.074   117.414   75.4255   60.531   0   83.8997   119.772   80.8622   47.28   
14.3178   63.0079   42.45   23.7697   39.4081   31.305   43.7379   29.4109   59.9083   35.8469   59.7746   46.0435   29.0689   41.4367   64.0078   14.3178   25.7099   21.9545   63.561   35.3553   29.2062   38.2099   28.8444   48.8467   35.8469   31.6228   56.7274   24.0832   19.0263   32.8024   18.7883   20.5183   47.4342   34.7131   31.0161   23   26.1725   12.6491   17.6918   36.0555   51.8556   61.2209   56.4624   29.7321   17.72   46.8722   33.2866   36.8782   36.2491   43.6578   66.8506   36.2353   14.2127   16.7631   30.0167   73.1095   17.088   44.6542   51.8556   19.6977   62.6259   59.0762   56.3649   26.0768   22.0227   67.9779   0   56.14   31   52.9255   
48.3011   70.9366   43.0813   51.0784   48.0937   39.0128   73.9797   66.3702   98.0051   60.407   96.1509   34.2053   12.3693   78.3901   85.2115   24.8395   31.257   40.4475   87.0057   8.24621   67.4759   76.3806   10.2956   86.093   57.0701   19.6469   72.9932   62.2415   30.5941   71.0634   22.4722   18.0278   82.6801   69.1158   67.2012   29.0689   45.3542   27.0185   42.72   74.2024   63.7887   99.4887   57.7062   45.5412   23.3238   68.0074   54.1295   74.9533   44.7214   67.4685   105   8.544   43.0813   53.2635   44.0114   87.8009   24.6982   62.1289   65.123   49.98   72.111   92.3472   26.4764   49.3356   55.7584   105.475   38.2884   0   53.9102   91.1865   
9.43398   53.0094   33.3766   33.541   49.0408   40.4969   37   27.8029   60.1415   26.9258   57.2451   38.833   32.3883   39.6611   55.0364   19.105   34.0147   12.083   55.0273   38.0789   31.0644   41.1825   31.0483   47.4342   45.793   27.2029   47.0106   27.8568   12.083   34.4093   16.6433   21.1896   53.7587   42.0119   37.3363   16.1555   36.1248   18.4391   7.81025   36.8782   41.8688   62.2896   46.8188   39.598   23.1948   37.5899   43.2666   40.2492   26.5707   53.3104   67.2086   39.0512   5.09902   24.0208   20.1246   63.4114   14.4222   54.6443   61.8466   12   52.6308   54.1295   52.4309   36.0555   30.4138   66.8506   10   38.9102   0   54.5324   
28.8444   72.3395   64.846   39.0128   62.0322   58.4209   31.7805   12.1655   23.3238   39.0128   27.1662   74.2496   65.5134   11.4018   58.1378   50.774   57.0088   44.2832   54.7083   71.8679   7.61577   8.06226   65.4599   15.1327   49.0306   64.8151   59.439   14.3178   49.4065   4.12311   53.7401   56.8507   28.3019   26.4197   20.6155   53.2541   48.0416   48.8774   38.4708   1   61.0737   24.7588   73.437   52.0096   53.7122   47.8539   48.5077   9.21954   56.0446   49.2443   30.2324   72.7186   35.5106   25.4951   49.3356   72.8011   51.6236   57.28   65.8027   31.3847   70.5762   34.1321   90   44.0114   29.0172   32.28   36.6197   74.8131   37.6431   0   
