15
30
999999 14 12 8 17 10 10 13 6 14 16 9 12 13 6 8 11 12 16 17 16 13 5 8 12 6 9 13 6 12 
0 2 4 4 2 7 3 4 3 9 14 3 2 11 1 3 5 3 7 4 15 12 2 4 9 1 5 9 4 6 
20
0   0   0   0   0   0   0   0   0   0   0   0   0   0   0   0   0   0   0   0   
8   0   6   -4   -3   -1   8   -6   7   2   6   3   1   -7   5   -4   6   -7   3   -3   
-8   1   -11   8   0   5   -4   2   -9   5   0   4   -3   3   -7   4   2   4   -5   1   
-4   6   -5   3   -3   2   -2   5   -6   6   -6   2   -6   0   -2   2   -5   7   -7   0   
-8   14   3   3   2   0   -8   6   -12   8   -1   -5   0   2   -8   -1   -7   9   -3   11   
-3   5   1   3   -1   5   -6   6   -2   8   -2   6   -9   10   -2   0   -5   4   -6   9   
-7   3   0   8   -3   9   -7   3   -7   7   -3   5   -3   0   0   9   -5   4   -3   3   
-8   5   -10   2   -8   4   -4   2   -3   4   -8   5   -3   7   -6   4   -6   10   -2   3   
0   0   1   0   1   2   -5   0   3   2   -1   1   0   -2   -1   -1   1   0   0   1   
-8   4   -13   5   -7   12   -11   13   -4   6   -7   3   -6   4   -3   8   -4   10   -6   14   
0   1   -10   11   4   11   -6   -9   -1   -3   -4   7   -6   6   -3   6   0   7   -15   6   
0   -6   1   -4   2   -3   -1   -5   1   -4   0   -2   0   -2   4   -6   3   0   2   -6   
-6   6   -3   7   -11   12   0   7   -6   10   -8   9   -8   8   2   9   -5   6   -12   5   
5   0   7   0   11   -7   5   0   12   0   3   -9   9   -6   4   -7   13   -10   12   -6   
-2   0   -5   3   -5   2   -2   0   -5   2   -5   4   0   2   -2   -1   -2   5   -3   3   
1   2   -3   -3   3   0   0   1   0   3   0   4   -2   1   4   2   2   2   -1   0   
-3   1   -10   1   0   2   -9   7   -5   0   -4   4   -6   6   -7   2   -5   7   -8   4   
-1   0   -4   10   -8   -2   -6   7   -10   6   -10   3   -7   5   -9   10   -10   3   -10   5   
-7   2   -8   6   -12   12   -12   0   -8   6   -2   12   -8   15   -5   7   2   5   -12   10   
-8   12   -2   7   -9   3   -5   11   -8   11   -12   6   -7   7   -8   15   -9   5   0   7   
-13   3   0   12   -14   9   -10   12   -8   1   -6   -4   -10   6   -4   8   -8   11   -6   4   
4   -1   3   -3   8   -10   9   -1   11   -11   5   -8   5   -13   10   -7   9   -10   13   -1   
1   -1   1   -1   1   0   0   -1   0   0   0   0   1   -2   1   -2   0   -2   0   0   
0   1   -3   1   -1   0   0   3   -1   2   -2   1   0   1   -3   0   -4   0   -2   0   
-5   2   -5   9   -3   7   -1   10   -2   0   -7   11   0   8   -10   5   -4   10   2   6   
-1   0   0   0   -3   0   -2   5   0   0   -5   3   -1   6   -2   2   1   4   -1   1   
3   -2   -5   2   -2   -1   0   -1   5   -4   -1   0   2   -2   3   0   -5   -5   0   -5   
0   1   -2   4   2   -4   1   1   0   3   3   1   3   -2   -5   -2   -5   0   -4   6   
2   -4   0   0   2   0   -2   3   1   -3   1   2   0   0   2   0   2   -2   0   -1   
3   3   9   -3   4   -5   -3   -7   7   -7   9   -5   3   -2   11   0   1   -10   9   -4   
0   35.0892   63.4166   41.0238   55.8977   36.9317   71.4782   45.5918   82.4649   64.9576   66.9313   67.4131   60.4072   45.2074   67.4782   57.7805   56.5766   61.3197   50.2062   81.1586   67.6192   65.0744   65.0521   42.8806   60.5601   57.6211   40.4165   40.5225   81.8122   26.4868   
17.2047   0   68.1658   38.6982   50.2425   43.6142   81.7128   39.4722   99.2383   48.1068   54.2053   72.2479   64.19   46.3645   83.374   55.0128   73.7812   69.5705   65.4004   67.9614   80.252   45.8707   60.8744   57.5766   51   61.2213   44.0167   34.0416   97   32.6023   
43.4166   52.0865   0   78.195   42.807   80.3483   89.0516   56.8938   67.7056   91.2001   105.607   101.9   43.6816   82.3099   85.1969   37.1529   68.7976   79.549   57.6173   114.105   77.6498   92.0139   64.1664   74.5079   101.057   94.6857   77.4811   68.607   70.5725   68.0444   
21.0238   24.6982   64.195   0   69.9096   23   62.19   59.1393   91.2305   67.3927   66.2062   47.1662   81.431   20   66.7334   67.8015   59.0116   52.805   57.463   76.2545   63.8655   65.1566   78.0635   45.0944   45.2062   42.0278   27.6301   57.2353   98.1622   47.5106   
33.4215   33.2415   25.807   53.1507   0   70.3533   96.0759   31.7703   80.6408   66.0549   79.4713   94.455   35.1803   73.1507   95.4434   38.2643   76.208   85.823   76.0918   85.9095   88.5762   63.8188   37.7065   67.3839   73.2284   91.0427   73.838   44.1948   94.4763   53.4109   
21.9317   29.6142   63.561   6.7082   55.2268   0   57.7063   65.3997   82.7346   74.1009   72.9144   51.4915   82.3389   25   61.1346   74.5097   53.7657   47.2062   48.9303   79.7419   54.3113   71.8648   84.7717   36.561   51.9144   35.2127   30.099   60.3304   88.5328   46.2947   
51.0882   66.2873   73.2462   47.4131   79.0759   40.7063   0   87.4414   71.6955   113.687   113.619   52.5707   104.609   62.19   31   85.3692   43.1721   37.0384   48.7648   120.448   32.4018   112.158   112.264   45.1448   92.6192   63.5366   62.6962   88.1687   73.7587   77.575   
24.5967   22.4722   32.8938   43.1393   10.7703   45.8039   73.437   0   91.4112   57.2753   69.0384   90.3055   40.5183   63.1393   89.6244   45.1246   70.7215   81.4729   59.5412   79.8923   85.0076   60.358   43.02   65.2966   68.177   81.0166   65.0132   32.0384   97.6045   43.105   
60.4649   76.8375   45.7056   73.3894   66.6408   68.6804   49.98   68.2422   0   118.742   127.051   88.3525   89.3872   87.6626   62.8961   71.4782   58   65.9557   56.8378   138.921   54.2938   119.475   104.347   72.1736   117.363   96.4255   79.6003   91.1557   27   84.2495   
47.8539   31.0161   70.6612   52.0384   45.31   58.2151   97.0155   38.2753   104.738   0   37.8885   99.2046   71.602   72.0384   112.131   73.3095   104.431   98.2021   96.4166   38.0208   109.048   22.2361   57.257   88.5927   57.121   84.1158   73.8415   52.5862   125.49   63.6185   
50.9313   34.2053   82.5651   47.5395   58.6941   54.231   94.8472   49.7293   111.041   17.8885   0   92.9741   81.8707   67.5395   110.693   83.573   101.006   96.7647   94.9312   33.0416   108.542   40.1246   71.5077   84.814   35   79.1691   75.1696   51   130.202   58.8019   
47.4131   57.2713   83.0963   33.1361   80.455   27.6586   26.5707   72.0069   72.4431   85.0059   78.4474   0   107.82   50.1662   51.3645   91.8334   58.8913   44.3311   63.2832   107.401   58.9724   98.006   109.586   51.609   76.9741   38.2788   55.2312   83.4599   94.4199   69.4243   
44.4072   42.19   29.6816   63.6396   11.1803   66.0681   89.9889   20.5183   74   47.5184   63.0079   91.586   0   83.6396   104.48   37.1948   87.3883   91.9034   80.0595   85.5392   98.2029   69.7545   41.4165   73.4643   81.0093   96.2808   84.8237   44.8707   95.3923   63.6233   
24.2074   30.3645   66.3099   6   57.28   3   42.19   47.634   71.5681   58.0345   53.1413   27.1662   68.0147   0   60.0732   73.8015   56.7657   46.1448   51.9303   82.2545   56.45   71.1566   84.0066   39.561   51.2062   29.53   26.0623   57.8801   89.4321   43.8444   
51.4782   67.1863   71.1969   49.3964   78.2624   42.72   4   73.1095   46.2385   98.0816   96.6023   30.3645   89.0505   44.4072   0   85.0834   36.3727   35.9284   47.4427   122.462   25.6023   113.057   115.969   49.1448   92.492   58.6079   56.3573   92.0007   65.98   77.965   
31.7805   39.0128   13.1529   52.8015   15.2643   53   69.0797   20.1246   51.4782   58.3095   69.5701   75.0067   23.1948   55.5698   67.6757   0   66.8234   77.5748   55.6431   96.3303   78.4811   79.0831   52.9709   59.2244   83.6147   80.6108   72.197   52.163   73.2353   49.249   
37.5766   54.5894   51.9711   43.0116   60.208   37.2156   21.4009   56.2228   34   85.4283   87.0057   38.833   70.7107   39.8246   19.2354   48.7647   0   36.5602   26.1803   114.04   32.7703   99.4225   97.9145   32.2047   88.2178   65.7732   57.45   78.0991   61   64.0634   
38.0526   53.3667   63.2535   35.805   66.7608   29.2062   13.0384   60.6712   48.1664   84.2021   82.7647   24.3311   77.7946   31.1448   13.9284   57.7062   14.5602   0   40.7406   108.948   32.6619   99.2374   102.427   36.4391   81.0112   49.5466   43.5539   76.3009   67.1536   62.2652   
29.2062   46.4004   41.6173   39.5601   49.0918   34.9285   31.7648   45.5412   33.8378   76.6616   79.9312   44.2832   59.5399   37.855   30.0832   37.6431   11.1803   21.9317   0   110.365   39.8403   91.8505   86.7983   38.3693   83.5317   57.1045   43.8329   69.7287   60.8378   55.693   
62.9365   46.0977   93.0484   59.0339   68.4105   65.7419   106.438   60.1664   122.919   24.0208   12.0416   89.0225   71.4493   64.4748   108.301   80.2309   99.0202   94.5145   91.9674   0   120.053   39.0907   81.0818   96.8556   47.0416   90.8011   86.664   63.0416   142.072   70.6717   
45.607   62.0322   62.6498   46.7547   70.5762   40.3113   11.4018   66.0076   39.2938   93.0484   92.9624   34.0588   81.2158   42.45   8.60233   59.4811   10.7703   11.6619   21.8403   104.848   0   107.903   108.283   42.975   91.9276   61.2085   55.2158   82.4471   60.1741   72.0938   
47.8853   30.8707   72.0139   51.1566   46.8188   57.4282   96.566   39.4462   105.38   2.23607   15.6525   84.006   49.366   57.1402   97.719   59.5399   85.4225   83.8153   76.8505   22.0907   92.8493   0   59.4931   82.952   50.6525   86.3519   74.8874   44.3196   123.988   52.5876   
48.0521   38.5876   48.1664   63.0635   23.7065   67.2309   98.2497   25.02   90.3383   31.257   48.5077   94.578   19.4165   68.4471   98.0459   38.9487   81.2219   85.3756   70.4557   55.0818   91.022   33.3766   0   84.1193   76.4282   97.9568   82.6042   52.8328   112.184   62.1622   
20.8806   37.5766   47.5079   27.313   48.3839   22.561   31.1448   42.2966   46.1736   68.542   69.814   35.609   59.4643   25.4951   31.0161   40.2244   17.2047   18.4391   12.3693   81.8352   24.7386   68.4471   67.1193   0   72.5192   46.5753   39.4642   61.4031   73   47.3674   
39.5601   27   79.0569   29.2062   59.2284   35.805   76.3217   48.6621   99.363   33.121   21   57.9741   66.7308   34.1321   78.492   66.0076   71.5052   65   66.2873   31.0483   75.9276   31.305   57.4282   54.8179   0   62.7612   56.8363   61.0416   121.372   56.3657   
36.0694   42.72   76.5376   18.0278   69.4262   14.2127   37.5366   60   75.4255   69.1158   62.1691   16.2788   80.2808   12.53   40.6079   66.6108   41.7732   29.5466   43.1045   72.8011   41.1461   68.0294   80.9568   31.5753   41.7612   0   38.5922   70.41   96.7002   56.3744   
19.4165   30.0167   59.4811   10.6301   52.8015   5.09902   37.6962   43.909   63.6003   59.8415   57.2451   28.2312   63.8201   8.06226   39.3573   49.4065   32.45   25.5539   29.8329   68.9638   36.2353   59.2284   66.4078   17.4642   39.6989   17.2047   0   56.2845   87.4463   42.2488   
23.0868   12.0416   45.607   36.2353   23.1948   40.4969   74.1687   13.0384   77.1557   27.5862   37   68.0074   30.8707   41.6293   74.5453   32.573   59.7746   61.131   50.1597   47.8539   68.4471   28.3196   26.8328   43.7379   36.1386   54.1295   40.025   0   99.9062   40.0357   
63.8122   80   46.5725   77.1622   68.4763   72.5328   53.7587   70.6045   4   107.49   114.202   76.4199   75.3923   75.4321   49.98   53.2353   38   52.1536   37.6431   126.036   43.1741   108.19   92.1792   50   102.883   79.404   67.4463   79.9062   0   88.2495   
9.48683   8.60233   45.0444   24.0832   29.4109   27.2947   60.2993   19.105   68.2495   38.4708   42.8019   54.4243   39.6232   28.8444   60.8276   32.249   47.0106   47.2652   38.2753   54.6717   55.0818   38.5876   40.1622   30.3645   34.3657   41.3401   26.2488   14.0357   71.4003   0   
