15
70
999999 15 15 14 7 14 14 5 6 17 16 6 5 13 14 14 5 17 14 11 15 17 17 15 17 7 5 9 16 8 10 5 14 13 5 10 14 11 7 6 9 6 17 10 9 5 6 13 11 10 12 15 7 17 11 17 10 8 7 11 11 10 9 16 14 5 17 6 14 16 
0 11 1 9 2 3 2 3 5 7 5 2 3 9 6 6 2 2 10 7 5 16 1 1 1 5 3 5 3 1 4 3 10 3 3 2 1 9 3 5 8 2 6 8 8 1 3 4 3 3 4 2 1 1 9 2 6 6 2 6 10 8 4 14 10 2 4 5 10 12 
20
0   0   0   0   0   0   0   0   0   0   0   0   0   0   0   0   0   0   0   0   
-9   7   -1   4   -8   0   -2   8   8   7   -13   5   2   0   -4   13   1   5   -1   0   
4   9   0   2   -3   0   -1   7   -1   3   -7   8   -7   4   -1   -3   -2   8   0   8   
0   2   -1   2   -4   11   -3   4   -3   0   1   8   -7   3   1   5   -14   3   -9   0   
2   -3   5   -3   5   -6   4   -4   6   -2   4   -4   3   -4   7   0   6   0   3   -3   
3   0   6   0   8   -5   4   -7   4   -11   0   -3   7   -3   13   -6   6   -5   7   -6   
4   -4   -3   -5   1   0   6   -1   5   0   2   -1   0   1   2   4   4   -1   -3   0   
0   0   1   2   0   0   0   0   0   0   0   0   -2   0   1   -1   0   1   -1   0   
-1   -1   0   -1   -1   -3   0   -4   1   -1   5   0   1   0   -2   -2   0   0   0   -1   
7   5   2   -3   -2   5   -1   -1   2   4   -2   12   0   2   -5   4   4   10   -10   1   
-5   13   -13   9   -14   8   -9   11   -13   14   -14   8   -9   8   -9   2   -5   10   -5   8   
0   2   -1   1   -4   0   -2   1   0   3   -1   4   -4   2   0   4   -1   -3   -6   0   
0   -1   1   -1   0   0   0   0   0   0   0   -1   0   -1   1   -1   0   0   1   0   
-4   5   -3   4   0   5   0   2   4   4   -11   6   0   0   -6   0   0   0   -1   6   
2   -2   -6   -4   -1   -2   1   -2   0   -3   3   -5   0   0   -6   -2   2   -3   0   -5   
6   8   6   -2   1   -7   -2   2   -4   -11   3   0   1   -9   0   -2   -4   0   -2   0   
-1   2   -1   1   -1   3   -1   2   -1   1   -2   0   -1   1   -1   2   -2   2   -1   1   
-9   -6   0   6   -6   1   -1   -2   -3   6   -6   0   -5   1   -9   1   4   2   -9   -5   
-3   8   -3   2   -2   0   -6   13   2   2   -5   2   -6   1   -4   4   -5   5   -9   4   
9   -3   3   -4   10   -2   5   -4   4   -7   7   0   5   -5   9   -5   5   0   10   -4   
-13   6   -14   3   -7   14   -13   5   -15   9   -12   11   -8   11   -8   15   -10   11   -9   7   
0   -5   1   0   -5   10   -1   1   -2   11   0   -7   6   1   -5   0   0   1   -6   0   
1   0   -3   -5   3   11   -11   7   -3   4   1   -2   -7   1   4   5   -6   6   1   4   
-12   7   -13   7   -5   14   -3   1   -7   4   -7   3   -8   10   -5   9   -4   1   -15   6   
-4   9   0   -7   5   1   0   -3   -1   0   1   0   0   3   -9   5   0   3   0   3   
0   -3   1   -6   3   -5   3   -2   0   0   2   -2   4   -3   5   -4   3   -1   3   -5   
-2   0   -1   2   0   1   -2   2   0   0   -1   0   -2   1   -1   0   -2   1   0   1   
1   -2   7   0   6   -4   7   -2   0   0   3   -6   5   0   2   -6   3   -3   8   -3   
-4   7   -10   11   -4   12   -7   12   -11   4   -4   10   -9   2   -4   3   -12   3   -7   11   
2   0   1   -3   0   -4   0   0   0   -2   0   -3   1   0   2   0   4   0   3   -2   
3   0   3   -3   4   -4   6   -2   2   -1   4   -5   6   -7   4   0   7   -1   9   -5   
-4   5   -4   1   -2   2   -2   1   0   1   -2   3   0   1   -1   1   -1   4   -3   2   
-5   4   -2   6   -9   0   -1   4   -7   5   -4   7   -4   2   -10   3   -1   6   -5   1   
9   -2   8   0   -1   -5   8   0   5   -9   6   -6   4   -2   6   -11   9   -7   8   -3   
2   -3   2   -1   1   -1   2   -1   3   -1   1   -3   1   -1   0   -1   0   -2   1   -3   
3   0   0   -4   3   1   -1   3   1   -2   -1   -4   5   -2   -3   0   2   0   4   1   
-2   2   -8   2   -6   -3   -4   5   -1   -1   -4   5   -12   6   -4   2   0   -1   -2   2   
-10   10   -6   8   -5   11   -11   10   -9   4   -9   4   -6   9   -10   3   -7   1   -4   6   
-6   3   -4   6   -4   2   -6   3   -5   6   -5   5   -2   5   -5   6   -7   5   -4   4   
1   -2   3   0   2   -2   0   -4   -1   -3   6   -4   3   -1   2   0   1   -2   1   -1   
-1   5   -4   1   0   5   -5   0   -4   4   -2   5   1   0   0   4   -2   6   -4   4   
-2   2   -2   0   0   5   -6   5   -3   3   -2   3   -4   2   -5   5   -6   3   -2   5   
0   3   -13   7   1   -6   -7   1   -6   0   1   1   -3   12   -5   -2   -8   12   -2   9   
-1   -2   0   -4   2   -7   -1   -1   10   -2   6   -4   2   -6   6   0   4   -4   4   -5   
-8   4   -7   6   -4   7   -9   5   -5   7   3   3   -1   4   -3   2   -8   8   -2   4   
1   -1   1   -1   1   -1   1   -1   1   -1   1   0   1   0   1   0   1   -2   0   -1   
-1   4   -3   4   -6   2   -5   0   -5   4   -3   1   -2   0   -5   4   -5   4   0   1   
-3   7   -2   8   -3   3   -10   0   -2   4   0   1   -2   3   -1   2   -1   10   -4   0   
-8   2   -3   9   -8   8   -4   9   -9   9   -10   6   -9   9   -2   6   -10   3   -7   11   
-4   -2   -3   0   0   -1   -1   3   -2   -1   1   -2   0   2   -1   0   4   2   0   0   
-3   1   -6   1   -4   -5   -4   0   0   1   3   9   -6   -4   -4   2   -1   7   -1   8   
6   -7   5   -8   8   -7   13   -5   12   -15   0   -9   6   -10   0   -5   4   -5   15   -7   
-3   1   -2   -1   -4   0   1   3   0   0   0   1   0   1   -2   0   0   0   0   3   
-5   8   -2   4   -2   -4   -12   6   0   7   -9   3   -11   5   0   -1   -8   5   -10   -1   
-2   0   -7   2   0   5   -6   4   -2   0   -5   6   -4   7   -7   2   -4   2   -11   -1   
0   2   10   5   2   3   8   5   7   -4   -3   0   -4   -2   9   -11   0   0   -7   4   
-4   6   -5   1   -6   7   -4   7   -6   4   -8   8   -9   7   -9   5   -6   9   -10   7   
5   -5   4   -4   5   -3   4   -8   5   -8   7   -3   3   -6   8   -4   6   -5   1   -3   
-1   0   0   -3   -2   -1   0   2   1   0   0   3   1   1   0   5   -1   0   1   -3   
-2   -6   7   -8   10   -2   1   -3   4   -4   0   0   7   -5   -1   0   5   -2   8   -1   
-9   11   -6   5   -5   0   -6   9   -3   0   1   8   -1   2   -5   3   -2   6   0   5   
-5   7   -5   5   -3   3   -7   7   -2   1   -4   1   -5   5   -6   0   -4   4   -6   0   
6   -6   7   -9   3   -6   4   -3   4   -5   3   0   2   0   0   -2   2   -1   7   -4   
-2   -3   5   3   1   6   -7   -2   -2   0   -11   -3   -2   0   -6   11   -2   2   0   0   
-7   2   -4   0   1   11   3   -9   -6   5   -3   0   -9   -4   -7   5   -1   2   1   3   
0   0   1   0   -2   1   0   1   0   2   -1   0   -1   1   0   2   0   1   0   2   
-1   -5   -4   -2   0   8   5   -2   1   -5   -12   4   -1   5   0   3   5   3   0   0   
3   0   3   -2   1   -2   2   -4   0   -4   0   0   2   0   4   -3   2   1   2   -2   
-12   12   -12   10   -4   10   -4   10   -4   7   -9   3   -5   8   -6   10   -7   11   -11   10   
6   -3   8   -1   0   4   5   -8   2   -11   -1   -12   9   2   5   -2   7   0   4   -1   
0   38.4272   22.6158   65.7032   59.6314   49.1192   57.5018   59.048   63.3903   25.2361   50.1059   25   41.4486   62.1774   48.1124   57.9735   66.2864   45.6274   67.3347   57.6437   61.2834   64.3964   36.0312   51.7131   40.0003   52.2099   61.0454   49.7564   65.98   67.6148   40.0217   63.3762   69.2727   43.9317   39.7065   31.083   81.6004   70.7456   37.1421   52.6586   57.2311   41.1421   62.8371   74.0669   39.6093   71.4269   68.7463   75.0239   55.8365   49.1283   56.4708   56.7699   42.4378   46.7347   37.2399   53.0694   60.3113   57.4838   52.2415   56.166   34.8596   42.4951   32.0828   39.647   28.2956   61.2053   69.643   32.0312   43.6531   76.4309   
20.8806   0   32.8114   83.5701   43.2594   38.5097   64.3785   56.7335   84.1461   34.4165   35.8062   41.0667   42.0179   56.1545   66.6683   45.8701   54.9249   33.7703   68.614   47.841   75.2761   57.3024   25   71.2114   48.5345   73.0906   59.909   43.136   81.9345   78.4986   46.6909   55.6479   64.5124   53.9487   36.4929   51.3289   59.1393   81.6293   34.4268   52.8483   52.4708   35.868   53.7699   55.1152   50.4931   87.061   58.4407   92.1722   65.0784   61.3847   69.1725   48.6911   53.3215   55.805   46.7065   70.2178   71.195   40.0278   44.5272   66.6488   22.3852   59.9527   44.9258   27   39.1794   66.6004   75.5235   28.0623   35.9249   88.5603   
7.61577   15.8114   0   72.7986   53.8283   43.3076   61.312   61.5414   71   25.8102   45.6555   28.4018   40.9258   64.3636   53.1402   52.1618   56.5673   36.0238   69.7625   51.832   61.8489   65.2393   30.2195   59.3289   40.3516   59.8257   65.8539   49.1321   71.5847   69.9676   47.6375   63.5848   65.504   47.3452   46.3311   36.1108   73.7282   74.4291   37.3417   46.08   55.8187   28.6158   51.4683   70.9266   43.2843   71.5862   62.9347   78.2944   53.9572   47.249   61.0554   50.9582   44.8568   54.3505   44.8557   58.4081   61.4236   50.2021   52.4641   60.0147   29.048   50.0599   37.1529   31.7631   35.9114   52   62.2832   26.2195   43.8617   72.8243   
48.7032   69.5701   54.5711   0   101.881   95.1908   76.2259   91.8238   31   64.3358   95.72   65.9396   73.8494   95.4257   43.2588   103.293   97.8117   84.5229   93.8139   100.92   58.7206   105.119   79.0807   42.1896   73.6281   40.5913   91.8238   89.5949   57.0151   55.0666   77.9006   106.654   99.2719   56.3198   81.9559   58.6879   124.396   84.2713   76.1365   70.2755   88.7564   75.0776   98.2594   118.437   62.669   45.3178   112.048   37.3889   66.7601   66.8841   49.2866   86.27   57.4683   83.7274   74.9651   39.2594   61.4819   101.105   92.9467   41.0227   80.8032   62.9762   56.72   86.3341   66.0208   54.7185   63.9333   80.7344   92.3563   30.3178   
40.3609   23.2594   37.8021   87.3212   0   49.2779   69.587   49.7936   103.377   52.2884   31.4682   53.6725   47.3766   50.3792   83.7677   55.3576   73.083   34.8045   61.1796   59.0982   96.3019   37.3666   48.2594   92.074   46.7805   92.5708   52.2353   39.0012   91.6466   89.1332   45.2746   30.1555   82.083   77.2081   44.9249   69.0558   45.4984   81.3249   43.2488   76.1077   73.1354   59.1274   68.0949   36.2788   63.573   109.388   63.3964   115.385   88.3378   84.6441   92.4319   69.0947   72.1643   56.2686   51.573   93.4302   85.0212   26.083   37.587   88.6563   45.6446   80.6817   65.607   42.9615   61.3573   89.8021   98.6333   51.305   42.1245   110.617   
32.7567   17.6918   25.318   78.5175   34.0588   0   81.646   71.9054   89.6871   48.7279   39.095   50.0732   59.5304   73.7386   74.5309   33.2195   40.204   42.3804   83.2026   33.7703   72.2649   69.8179   33.799   77.1664   56.7279   79.1678   75.6053   58.5084   96.9027   94.7941   57.1417   64.2143   47.1361   62.5492   49.2001   60.8739   70.932   95.2334   41.9923   50.8024   45.105   44.4197   35.105   67.874   65.7279   89.7128   42   96.9505   70.7942   65.0622   71.8243   43.5913   69.0245   67.3358   55.0299   76.1711   86.7416   45.167   59.8338   74.8859   31.8269   56.1461   54.4708   26.7279   56.8712   75.5489   70.8507   42.088   53.6167   93.4474   
39.4081   50.2494   46.0977   53.2259   53.2353   67.424   0   42.9258   84.2259   55.7598   71.7719   51.6724   38.6763   44.9666   66.01   90.6271   100.627   57.6564   43.6155   90.8764   89.9513   63.2865   62.6498   73.3348   41.4962   75.2151   43.1868   50.2826   48.8494   46.3934   41.6364   67.1152   107.646   68.03   51.7467   52.8973   87.171   37.6015   53.6655   83.7419   95.604   69.7818   96.0707   82.2859   41.6364   93.936   101.43   90.6148   93.5376   88.5365   83.1891   88.5123   45.318   30.8661   40.6271   76.0656   37.8494   78.1664   51   67.0102   69.4004   80.7746   59.1214   75.7039   54.2062   93.4906   92.8024   68.0882   56.6563   83.5438   
42.0476   40.2492   45.2769   75.2861   31.7648   57.4543   26.9258   0   97.275   55.0263   56.2251   51.0557   36.6155   22.6056   79.2934   80.5432   94.2248   43.5296   38.4164   84.2217   99.3579   35.4924   58.8994   84.7994   37.6318   88.3237   31.4721   35.6208   71.0091   68.8516   34.0263   45   104.59   77.0088   41.8087   62.9658   62.2597   60.0555   52.3328   84.7327   92.72   69.3341   91.59   65.1152   43.1548   105.401   92.4003   106.417   97.8841   91.1759   92.6564   85.9603   60.7706   44.6011   40.1794   87.5302   64.4863   57.8478   34.2066   78.4748   61.1397   81.7343   57.7841   61.5068   47.7343   97.2769   107.145   61.2217   36.8087   99.9058   
49.0408   68.7968   53   17   89.3756   74   64.7611   83.2406   0   65.095   95.6729   67.1732   78.5138   100.833   34.6155   93.148   87.9885   87.6225   100.461   89.3127   45.0499   112.212   79.1479   30.7859   80.5189   27.1803   99.2038   95.4826   64.8365   66.1104   83.6108   111.143   88.5829   46.0164   88.1314   54.1672   126.728   89.1284   79.1379   58.7214   79.3215   67.4122   86.5538   121.562   70.1472   37.099   100.88   29.1701   55.8012   56.1947   39.5585   74.541   58.4853   84.2908   77.7998   28.9284   66.0416   103.202   95.7814   45.1207   82.048   47.541   66.8634   84.7631   68.8556   54.0759   43.6356   79.2195   91.4199   22.099   
2.23607   19.4165   7.81025   50.3289   38.2884   32.28   38.4187   40.0125   51.0882   0   47.4377   18.1231   36.9392   59.6059   44.4795   56.8534   64.3776   35.5269   62.2969   59.6423   63.5195   63.1699   36.0333   53.9492   34.1108   54.446   59.1513   48.0416   68.2161   65.5388   38.4573   60.1411   71.5087   46.1678   38.087   32.8924   75.3013   68.6695   27.0416   46.4279   59.4671   36   59.2785   74.5317   37.5333   71.5675   68.4782   75.1644   58.0726   51.3644   58.7068   57.2053   40.3617   44.6586   32.1327   53.2099   58.2352   57.7696   53.1454   53.4006   36.8582   44.7312   30.6158   39.5733   26.2195   59.8102   66.8402   34.0298   45.8892   73.1872   
33.1059   12.8062   28.6007   81.7068   13   21.095   55.9732   39.598   81.5414   31.3847   0   46.0483   52.067   54.4599   75.8642   47.4605   61.299   32.1421   67.4976   54.4003   84.6045   48.176   37.8062   81.1193   51.2901   85.3158   60.9375   46.0728   91.0681   88.6122   49.3645   43.1555   68.231   66.7549   39.2485   63.2031   47.1921   86.2876   37.3961   65.6545   60.1736   48.6742   56.2   45.1549   61.1448   99.8672   58.7215   104.978   77.8846   72.9464   81.9787   54.8121   64.4975   58.1096   49.1448   83.024   80.0681   21.3852   44.6586   77.2656   35.1914   70.4023   57.7321   39.8062   51.9856   79.0737   88.3297   40.8685   46.4165   101.367   
6   20   11.4018   50.9902   36.6197   34.5398   34.7131   36.0555   53.0377   4.12311   31.0483   0   35.2788   55.2046   47.5648   60.2769   67.9691   33.868   57.1741   58.72   64.8743   61.1569   34.9899   53.9517   35.0454   57.5212   55.2426   44.9258   63.964   59.7214   34.0294   60.6988   75.2727   42.5136   36.8157   30.6227   74.03   66.0253   25.7703   47.541   63.2311   40.0175   62.87   72.8985   40.0294   73.8218   70.9949   76.5646   61   55.1283   59.3336   61.0977   39.0263   37.8473   32.0454   55.6202   56.6431   50.4005   44.5136   48.3027   40.4497   48.2404   24.2195   38.3452   30.3427   57.025   70.9633   37.6213   42.6008   74.0803   
22.2036   28.0179   26.9258   57.3847   33.3766   45.4533   22.3607   20.6155   63.5138   20.3961   33.9559   16.2788   0   43.2211   60.2832   71.7053   82.7126   39.9249   44.9258   72.1543   78.7881   51.8114   43.9114   64.5371   26.3852   70.4965   44.0227   34.8114   59.1803   56.3252   28.1231   50.9858   87.7186   56.4302   36.0343   43.598   69.0818   56.3252   34.6918   63.8198   79.3316   52.5399   78.0832   61.6765   25.1803   86.8436   80.437   89.5398   77.2788   71.3319   72.3089   71.2704   41.9317   34.8102   23.3852   68.5955   56.3766   54.11   38.6205   61.278   46.6985   61.2157   37.1948   54.6241   31.1529   73.3038   85.6201   48.8329   31.2627   84.6049   
45.1774   42.1545   48.0937   78.8733   31.6228   59.0593   29.9666   3.60555   86.8332   43.1045   40.4599   39.2046   24.0416   0   82.8989   81.8469   96.1687   45.5802   34.027   83.7711   102.83   39.098   58.4514   88.4049   41.2374   91.9292   25.0828   37.2315   74.6146   72.4572   37.6318   42.2237   104.669   80.4718   41.3607   66.2015   62.7029   55.3275   51.8849   86.7456   94.6101   71.5885   91.1421   53.4833   46.7603   109.006   91.9664   110.022   100.093   94.3058   96.262   86.9966   59.5643   37.2036   43.7849   91.1357   67.8161   57.7058   37.8121   82.0804   60.6917   84.5762   61.2365   61.0589   51.3398   96.2296   103.443   62.4375   36.3607   103.511   
28.4253   48.3735   32.6497   24.0832   68.7677   55.109   50.01   64.622   20.6155   30.4795   61.0574   32.5576   44.2832   68.1542   0   81.3629   73.0554   66.0064   82.1555   78.2361   39.9264   89.4718   60.1896   24.5606   58.9552   25   80.8979   73.7067   59.0756   54.833   62.4925   90.6206   76.0416   33.5331   66.0882   32.0294   105.781   76.1066   57.5211   47.4109   64   52.9492   76.9302   101.062   51.8413   45.1619   90.0071   46.5203   47.8277   50.2324   30.4924   64.9265   40.1794   64.7226   57.8167   27.2915   54.2916   82.4425   75.5944   18.2361   61.4577   38.3848   39.3452   64.4127   52.9061   46.8494   51.9258   58.6293   72.0784   42.7145   
41.1096   26.8701   33.5261   85.0529   41   9.21954   76.6094   66.2873   79.0759   40.8534   28.4605   43.382   54.6717   67.7422   61.2046   0   33.4391   51.5999   92.4221   29   78.0488   76.6365   42.0673   83.702   65.9475   82.2495   84.8249   67.728   105.111   102.587   66.3613   71.0088   44.2947   69.0101   58.4197   68.853   68.1957   104.239   51.2118   56.8469   43.0217   52.1548   36.9284   73.6154   74.0333   95.5707   35.8167   101.4   65.0104   66.2796   77.7454   44.8087   76.7222   76.5553   64.0783   82.632   94.9497   49.8457   69.0534   79.4406   39.2389   62.607   63.6903   35.9475   65.2017   69   80.0702   41.9422   61.4863   101.175   
46.7547   39.9249   39.598   82.3772   58.2151   24.1868   85.6329   80.1124   73   47.3814   45.2769   50.9313   65.215   82.0792   58.4637   18.4391   0   66.5672   106.944   38.0357   64.317   93.4529   55.0638   75.5236   79   77.2893   99.659   82.6952   109.029   104.918   80.0382   88.3706   28   59.8275   73.3869   66.8394   84.6348   114.027   64.2769   43.2746   24.0554   49.5272   32.099   85.2567   82.8823   86.4153   43.6918   95.2573   52.4005   51.7887   69.0848   30.3178   84.0303   88.7786   76   77.208   100.703   66.6621   84.0206   76.6997   52.2353   60.4475   73.8035   50.9147   73.601   70.0454   71.5077   60.3813   75.8498   95.0064   
22.6274   10.7703   21.0238   69.7711   17.8045   28.0179   42.1545   29.5296   71.5891   20.5183   14.1421   18.868   19.9249   31.3847   50.9902   37.0135   50.6952   0   57.2311   54.6742   80.3448   45.0666   28   72.3217   33.4642   74.8374   50.7431   35.8785   79.0079   76.25   33.5529   46.2029   75.1539   58.9958   31.0711   49.2923   55.9625   72.4617   23.4853   63.1475   63.2411   46.6383   61.7357   54.0833   45.1052   92.0858   64.3021   95.4325   74.981   68.2728   77.4649   58.4367   54.1386   49.313   40.0294   73.7282   70.0096   35.5273   34.4642   67.1707   33.1555   65.1225   43.0875   31.6525   46.1359   73.0238   83.307   38   34.2195   92.8131   
49.0306   51.614   53.7587   73.4302   45.1774   69.2026   20.6155   13.4164   83.8153   47.2969   52.4976   43.1741   26.9258   14.3178   67.082   78.2432   90.9175   41.2311   0   94.4637   105.145   44.044   66.313   88.2043   44.9186   91.686   23.9443   45.2537   69.465   67.009   41.313   50.5254   114.644   83.356   49.2053   68.2355   75.6761   45.2982   61.6176   90.7151   104.085   79.4348   102.967   66.788   46.1448   112.221   105.533   110.765   104.174   98.1589   97.5745   98.1653   60.9762   39.0238   50.28   94.3735   58.465   69.2178   43.8395   85.3181   73.6243   88.1415   64.1207   72.8835   58.0788   97.0062   107.022   74.6381   50.2251   103.694   
39.8121   28.0179   32.2025   82.0061   44.4072   10.7703   76.6942   68.0955   75.3127   39.8246   31.5753   42.72   55.1543   69.7711   58.0086   5   14.0357   38.5876   79.6304   0   72.0091   79.7513   43.6125   77.3626   66.631   80.0247   86.3756   69.2787   103.74   99.9698   67.9121   74.5627   42.0357   60.0999   59.9705   66.5077   73.1957   104.273   52.1425   53.6228   38.0911   46.9258   30.2195   74.2228   73.7446   89.5013   35.1655   97.7852   64.2981   57.5899   71.6127   42.1245   74.0083   77.1491   64.3713   81.7982   93.6261   52.9605   70.6041   76.2447   42.4409   61.7732   61.6125   37.4983   62.8719   64.7598   76.5894   39.6125   63.9427   95.0625   
43.9659   58.2495   43.8292   42.0119   81.3019   57.0088   74.6726   85.3288   27.313   46.1736   70.6045   49.7293   64.7765   88.6454   25.632   59.5399   49.2443   64.846   90.05   55.0091   0   107.613   71.3313   43.8273   78.1528   42.7594   101.501   91.5376   84.7076   80.465   81.5082   105.959   66.5099   37.3607   83.6724   55.054   115.093   99.6151   73.2152   43.4974   58.6591   59.0753   63.6488   113.056   75.0279   36   83.2241   48.4006   31.5797   35.4642   30.2309   57.885   63.366   83.1158   76.208   40.8151   79.9236   89.2861   94.201   43.8681   72.6683   38.7274   61.8406   73.8507   71.6236   29.8545   19.4142   70.0488   86.2357   48.311   
49.3964   40.05   50.2195   89.1067   22.4722   54.8179   43.3244   16.4924   95.2103   47.1699   34.176   43.8634   31.8904   14.0357   75.4718   62.6259   78.8543   30.0666   28.0713   65.521   93.3006   0   58.0666   95.9392   46.2063   99.5393   39.1184   32   85.1758   85.3441   42.6007   32.2111   101.954   86.3771   44.8237   73.6686   51.2612   69.3632   53.5519   89.0328   92.4092   71.5685   89.3664   42.0416   57.0708   116.642   85.8686   118.001   103.085   96.3772   103.197   85.3059   71.18   51.2393   51.6711   98.772   80.9787   48.5553   33.6433   89.7166   59   91.8915   68.083   59.2832   63.0434   100.888   112.503   62.0425   47.3776   116.398   
16.2788   5   10.8167   64.846   27.7849   18.868   48.6004   41.4367   63.8122   15.0333   17.8045   16.2788   26.8701   43.6807   43.4166   28.0179   38.9487   13   51.9711   28.2843   53.535   43.0465   0   66.3964   39.0227   66.6972   63.0412   46.7314   79.2426   75   42.3473   57.9404   61.0106   50.9706   36.6815   46.9015   64.1393   76.2471   31.2195   48.6228   54.6979   34.8167   53.9729   59.8292   48.0227   82.4029   59.833   86.174   62.8704   56.1622   66.8846   46.6356   51.2278   48.829   36.0227   64.2195   72.2403   39.1897   47.4642   61.6527   23.8284   53   40.4984   29.0711   41.2528   57.8292   72.8516   24   40.9249   83.6409   
34.7131   54.3783   38.5876   21.1896   75.0733   60.1664   55.0818   70.7743   14.4222   36.7967   67.1193   38.9487   50.5371   74.3236   6.40312   65.7647   61.5224   57.3149   72.7805   62.2896   23.0217   81.8352   49.3964   0   65.3583   20.6056   87.301   80.1098   60.1774   59.1461   68.8956   96.9378   77.815   39.9363   72.4913   38.4325   110.83   78.3178   63.8383   46.249   66.8755   56.3082   74.1078   107.465   58.2444   41.6155   88.4336   41.8035   46.9147   47.9013   27.6015   62.095   46.5825   71.1257   64.1699   26.1623   55.2311   88.5045   81.9975   24.6392   67.6355   35.095   45.7484   70.3506   59.3092   46.7231   42.4359   64.8071   77.482   36.5212   
20.025   25.2389   24.3516   57.6281   31.7805   42.638   25.0599   22.2036   63.0079   18.1108   31.5753   14.0357   2.82843   25.4951   43.4166   51.8556   62.426   17.4642   29.4109   52.3259   63.1506   32.2025   24.0416   49.7393   0   68.4166   41.0208   33.0347   62.0088   59.1536   24.3246   49.6483   85.0523   55.855   30.6491   42.1661   70.7587   58.2244   31.0384   61.5767   73.9464   47.1548   73.4437   64.0977   28.0088   85.242   76.6497   87.029   75.0357   69.1533   71.7587   65.8853   38.5913   30.8062   18   66.8845   54.1283   52.2215   31.6205   61.6527   47.624   62.276   38.2552   44   33.9814   71.0607   79.9531   47.0185   34.0911   85.107   
38.2099   57.6888   41.8808   20.5913   78.5684   62.9365   58.2151   74.3236   11.1803   40.3113   70.4557   42.5206   54.1202   77.8781   10   68.2495   63.1981   60.8276   76.1577   64.6297   21.9317   85.44   52.6972   3.60555   53.3385   0   90.6959   82.5055   63.783   62.2832   70.9386   100.452   79.6117   35.088   76.0882   42.0294   114.435   81.9234   67.3529   49.0161   69.3323   56.4838   77   109.795   61.5412   36.3576   91.3348   39.9545   47.1548   47.4109   28.6301   65.0106   50.1794   73.3624   67.2443   18   58.8366   91.8408   84.959   28.2361   69.4348   38.7006   49.3017   73.6438   62.9061   39.2485   41.3459   66.6063   81.0875   33.2794   
44.0454   43.909   47.8539   74.4043   36.2353   61.2944   24.1868   4.47214   83.1925   42.107   43.8634   38.0526   22.0227   6.08276   65.146   70.214   83.6301   33.2866   8.94427   71.8679   86.7006   20.0998   44.7772   71.1688   24.0208   74.6726   0   32.6918   73.0362   70.5802   38.4984   48.3065   105.788   78.4029   46.2808   64.3599   66.7319   50.249   54.0555   85.5936   96.3798   70.3173   95.0223   59.5661   45.1551   106.963   96.8724   105.241   99.0526   93.1738   94.0505   89.9061   55.7185   34.3848   42.0208   89.4396   62.0362   62.3184   38.2788   81.3308   65.4236   83.1283   59.1782   64.9391   49.1283   91.3175   103.974   65.6938   41.2808   104.378   
32.573   26.9258   34.1321   73.1095   20.3961   43.909   33.0151   13.6015   78.4092   30.3645   26.2488   26.9258   15.8114   15.2315   58.5235   52.6972   66.8506   16.1555   26.2488   54.5894   76.5376   17   28.6356   64.8999   15.5563   68.5055   17.6918   0   74.9917   72.1366   32.0416   32.8045   89.6463   69.4395   33.0499   57.5485   54.4475   63.911   39.6408   74.4668   79.3966   59.6498   76.8466   46.0156   40.9917   100.748   79.4302   102.585   87.9258   81.3811   86.2595   72.3542   54.1476   37.4165   33.5563   82.4408   65.0833   46.4791   22.4142   75.2286   46.0483   75.0681   51.1454   46.7805   46.9643   83.9508   95.5095   49.5576   30.2111   100.416   
49.98   67.897   57.5847   33.0151   77.6466   82.5651   28.3019   55.0091   48.8365   50.2892   77.0584   48.2701   44.2832   58.1808   43.0116   91.0824   95.0158   63.0079   48.2701   89.6939   68.0955   71.1758   64.5368   45.1774   46.0977   47.0106   52.4786   58.6941   0   31.2426   63.3735   91.4986   115.627   73.0377   75.1699   61.1543   113.142   41.4197   74.0404   85.884   103.84   80.3476   107.706   104.71   51   78.333   115.592   70.404   90.8393   90.1388   72.7789   95.7775   46.7321   56.7924   63   63.3011   28   98.3193   77.7182   61.0488   84.8396   77.397   70.7772   86.5891   69.7551   86.2591   87.5097   82.0112   75.5459   63.333   
46.1736   64.4981   53.7587   30.0666   75.1332   78.848   27.6586   53.8516   45.3982   46.5725   74   44.7214   41.7732   57.1402   38.833   87.2812   90.9175   60.0333   48.0833   85.7963   64.0078   69.7711   61   41.1461   43.4166   43.0813   51.614   56.6127   4.24264   0   63.8912   89.001   109.88   67.2116   72.4437   52.0789   110.855   45.6623   70.4917   81.6607   102.833   77.0931   105.227   102.628   49.544   75.3844   114.716   67.4555   86.6606   88.897   68.5894   96.9711   44.9615   55.3364   60.1045   61.0813   26.544   95.1219   70.9732   57.069   81.0332   76.2411   64.8534   82.0661   62.3192   80.6003   83.422   78.2048   73.0359   60.3844   
23.0217   25.4951   26.6833   61.0737   29.2746   43.1393   25.632   19.0263   66.6108   21   30.3645   17.0294   4.12311   22.2036   47.0106   52.345   63.8122   16.5529   27.313   53.1507   66.4906   28.6007   25   53.3385   3.60555   56.9386   21.2132   12.0416   48.3735   45.8912   0   44.8461   86.0106   58.1475   25.198   45.7716   66.4891   59.9102   34.644   64.5704   74.4152   50.7603   74.0762   58.0572   29.3034   87.8241   78.0317   90.6345   78.0294   72.1501   75.0833   69.4908   42.1968   34.4118   21.6056   70.49   57.7339   51.7496   34.4558   65.2467   47.8803   65.2698   41.2489   47.4138   35.2761   74.0544   83.5587   49   35.3858   86.884   
48.3735   36.2215   48.1041   90.9065   16.1555   49.6488   48.0521   22   95.7758   46.1411   28.6356   43.2666   33.6006   20.2237   75.6042   57.0088   73.8241   27.2029   34.5254   60.208   91.7878   7.2111   39.8121   82.0061   33.3017   85.6037   26.0768   17.8045   75.2728   73.5391   29.8329   0   96.7848   85.7802   48.2081   72.6003   41.4764   75.0345   50.6882   88.4348   88.6923   72.0895   84.2431   42.2627   58.7809   117.088   79.5519   119.831   101.3   94.8123   100.833   82.0298   71.8929   55.221   51.3017   98.8868   82.8878   42.2312   37.0278   91.5693   58.6067   87.0068   67.4862   58.8554   63.9318   97.6413   110.387   63.8121   44.7231   116.717   
53.1507   48.3839   46.4004   84.4808   67.1863   33.1361   92.4554   88.3912   73.5527   54.037   54.231   57.8014   72.7186   90.4765   61.0983   27.2947   9   59.1354   98.8383   23.0217   48.0416   87.6641   47.0106   63.3246   69.9714   64.5368   91.7878   75.2728   99.8649   95.6922   71.5891   82.7345   0   63.1231   79.5743   75.8394   93.6348   120.83   70.4263   52.2746   33.0554   58.5272   38.0357   93.2275   89.6847   84.0416   44.6982   94.4308   54.0965   47.3883   72.5314   39.3178   91.2572   95.2229   82.4166   76.745   107.824   72   90.6647   77.3355   58.3847   56.72   77.5862   59.864   80.2566   63.5533   66.0956   59.382   84.3087   95.6517   
21.9317   38.9487   23.3452   37.2156   61.0737   43.0116   53.8516   62.9682   31.0161   24.1661   51.7397   27.5136   42.4264   66.2873   13.1529   48.5077   45.3542   43.8292   68.0074   45.0999   22.3607   71.3092   33.9706   17.2627   40.7922   19.9249   64.3817   54.4243   53.0377   48.7955   44.1475   70.2353   48.3322   0   60.5559   32.1327   97.0734   85.0415   49.5106   40.5529   54   36.4709   60.4422   93.7998   57.2156   50.5319   72.0088   58.8158   43.0416   43.1655   32.6433   48.4006   48.7924   65.361   56.2988   37.9249   67.3526   73.1249   70.0273   31.2971   52.2291   33.4031   42.2354   54.833   49.2746   31   41.7749   49.4006   65.5848   53.1151   
23.7065   17.4929   24.3311   67.9559   19.9249   35   35.7351   22.8473   71.4493   21.4709   20.2485   18.6011   14.0357   25   51.0882   44.0454   57.2713   7.07107   34.2053   45.4863   67.4166   25.9615   18.6815   57.4891   12.0416   61.0737   26.4197   10.0499   58.1378   55.4437   10.198   24.6982   65.5515   45.618   0   49.2237   63.0336   68.0586   26.0454   64.2597   69.9636   49.7911   67.5554   56.0655   39.216   91.4209   70.1219   95.1656   77.9682   71.5801   77.9347   62.4955   50.6329   39.8806   30.0416   74.2213   64.1699   41.6336   32.4641   66.9038   36.1896   66.2016   42.8206   37.4722   45   75.6261   86.6142   42.6815   32   89.2765   
12.083   32.8938   18.1108   36.6879   52.0096   43.0465   38.8973   48.7647   37.4833   13.8924   45.1885   15.5563   28.1603   52.2015   17.0294   50.636   52.8394   34.2053   53.0094   48.5077   37.054   58.6686   28.1603   23.4307   26.9258   27.0185   49.8197   41.6773   42.19   38.0789   30.4631   58.6003   57.8014   15.1327   34.0588   0   89.1938   68.2355   40.934   51.061   61.8039   41.587   63.6588   85.4651   37.0907   62.1913   79.6383   60.9674   56.6437   52.6869   47.5218   56.5876   32.4222   51.0624   43.1758   44.3208   56.3017   65.9569   58.5463   35.2655   46.9427   39.8806   33.4031   49.8738   34.2315   46.1327   56.4682   44.1143   55.0512   59.5823   
62.2013   43.1393   58.7282   109.659   22.3607   47.5395   73.171   48.2597   111.212   60.2163   30.4795   58.8303   55.0818   46.6905   90.6035   51.1957   69.6348   39.9625   61   55.7853   101.045   33.2415   48.0833   96.8297   53.7587   100.265   52.469   40.4475   99.0404   96.7729   50.9608   26.4764   78.4474   82.0366   42.1545   74.0608   0   101.226   63.4478   91.6722   88.6434   75.8764   81.8189   26.2195   80.1076   129.946   77.0357   134.257   106.65   100.015   112.312   82.8186   89.5372   75.0341   68.9473   112.303   102.583   39.807   59.3038   107.133   65.3031   98.8794   83.0498   60.2041   76.7868   105.912   118.213   71.2016   51.9473   131.431   
52.4976   63.8122   59.4138   57.2713   65.307   81.0247   13.6015   36.0555   71.1126   51.6624   69.0797   48.0833   35.8469   38.3275   59.2284   90.2109   99.0051   55.4617   25.2982   90.2718   84.6463   52.345   62.2013   63.5059   38.5876   66.2722   32.249   44.911   26.4197   27.8568   38.9102   58.0345   105.646   65   48.8467   50.5371   84.0536   0   67.2669   95.6243   109.205   83.3833   109.672   90.9266   49.1448   98.7964   115.031   93.6466   102.939   98.9821   89.7208   102.114   58.2491   44.4675   54.2285   80.9259   41.0868   89.1365   60.7379   71.8705   80   86.1758   72.3028   82.5876   66.9998   96   99.8662   81.6896   66.2892   87.5891   
14.1421   10.7703   13.3417   61.7414   26.2488   27.8029   39.6611   32.9848   63.1269   12.0416   20.3961   10.7703   17.6918   35.5106   42.5206   37.0135   48.0208   8.48528   42.9418   37.4833   56.8595   36.8782   9.21954   48.8365   14.8661   52.345   36.0555   21   57.4282   54.1479   15.8114   34.9285   55.9017   35.5106   11.0454   25.807   48.2597   53.2541   0   52.4642   62.0623   35   59.2666   62.5276   42.0384   83.0653   69.0525   85.7615   67.2989   60.5907   68.1539   54   44.1548   42.8447   30.0384   64.8171   63.5296   41.7812   42.9495   57.4997   33.048   55.0789   33.4165   37.7703   34.0333   65.3417   73.3847   33.2195   37.5242   84.8506   
27.6586   35.8469   24.0208   53.1507   59.0931   32.8024   65.7419   69.1158   44.1814   29.4279   47.5079   33.541   49.8197   72.0278   29.4109   35.8469   29.2746   44.1475   76.6877   31.6228   24.2074   73.9797   31.6228   32.249   47.5184   34.0147   71.4493   58.1378   68.884   64.6607   50.2494   71.3092   31.7805   16.5529   48.2597   27.8029   77.666   78.032   37.2156   0   38.6155   39.4642   43.0179   90.9621   63.927   60.2074   65.7551   68.9706   41.2315   34.544   49.1963   41.1245   60.2251   71.3883   61.5606   47.0161   76.8276   68.8931   76.4849   47.647   47.6852   34.1803   45.6356   52.4725   55.6431   40.1555   43.6217   44.8568   67.8826   66.2805   
41.2311   38.4708   34.6699   73.7564   59.1354   25.7099   80.604   77.7946   64.0078   42.2019   46.1736   46.0435   61.2944   80.0812   50   23.0217   9.05539   49.0306   87.7268   18.0278   40.2616   78.4092   36.4005   52.7731   58.5918   54.3323   80.9938   65   87.9204   83.7616   60.4152   74.027   12.0416   37   55.0818   45.8039   73.0548   93.723   44.9444   20.6155   0   47.2029   28   91.3285   77.9541   75.8512   40.5539   85.2374   44.903   38.1948   60.0454   31.0623   75.5483   83.8908   72.3318   67.6317   95.0253   67.5588   81.3073   68.2015   50.4014   48.7805   66.2512   52.4378   68.4214   57.0143   59.6759   47.573   74.3956   86.1068   
14.1421   18.868   7.61577   56.3205   42.0595   22.2036   53.4135   52.6118   52.3927   15   31.241   18.868   34.5398   55.3263   32.9848   29.1548   32.6497   26.6833   61.3514   26.9258   39.4081   56.5685   14.3178   38.2753   31.9531   41.2311   55.3173   41   63.0714   59.0931   34.2053   53.8516   39.0512   21.4709   31.0161   21.587   61.7171   66.6033   20   17.4642   27.2029   0   46.251   73.0199   50.9   71.8287   59.0512   79.0176   50.573   44.9615   54.0246   34.2094   47.6155   56.7153   47.1327   58.2382   68.3385   51.273   60.0798   51.2209   28.6015   38.2132   43.0875   39.3788   41.2195   51.8329   56.6611   33.8353   51.4775   72.648   
42.8019   34.9285   35.4683   80.6226   53.1507   19.105   81.3204   75.1532   72.1734   43.2782   40.1995   46.6905   60.6053   77.0779   56.5685   13.9284   5.09902   45.6946   86.093   9.21954   49.6488   73.7564   34.1321   60.075   57.8014   62   78.7147   61.8466   91.7061   87.6584   59.0762   68.7314   14.0357   43.4166   52.3259   49.6588   65   94.7629   43.2666   28.0179   10   28.8444   0   83.4423   78.716   84.5651   29.6525   93.1236   53.2445   47.5125   67.0416   26.0416   76.434   82.9611   70.1548   75.034   96.8919   61.5847   78.9388   74.7136   50.9319   58.7805   70.1699   45.8329   67.4023   66.566   67.0408   48.832   70.8534   94.2724   
56.5862   39.1152   54.037   102.927   16.2788   46.8722   64.3817   39.1152   105.551   54.4885   27.313   52.6308   47.1699   37.4833   84.9588   52.0384   70.2567   33.9706   51.788   56.2228   97.3499   24.0416   43.8292   91.2853   46.0977   94.7945   43.2897   32.0156   90.7083   88.6002   43.0813   17.2627   79.2275   77.3369   34.9857   68.1175   9.21954   75.0067   42.45   74.7061   72.5672   57.9828   65.3758   0   72.3502   125.515   79.6752   128.211   104.194   99.5705   108.288   82.1251   84.689   69.4321   64.0977   107.267   97.0989   42.3619   53.8659   99.9496   61.4185   95.0603   75.8665   59.2403   72.2533   101.658   112.637   63.1699   47.4138   124.262   
21.4009   34.7851   28.2843   46.669   44.1475   51   18.0278   29.1548   54.1202   20.5183   43.1045   17.0294   11.1803   32.7567   36.1386   60.0333   67.8823   29.0172   31.1448   59.6406   59   42.45   32.2025   42.0595   12.3693   45.5412   29.1548   26.9258   34   31.1448   15.2315   44.6542   74.5185   37.2156   24.3311   22.0907   66.0984   31.1448   24.0416   47.927   62.6259   35.4683   63.7024   58.3095   0   76.6259   88.0243   80.2682   77.2375   70.5293   65.2445   69.6777   29.6619   28.7703   30.3693   63.4301   42   64.4897   40.6271   54.3747   55.6653   61.9713   38.3132   55.3746   31.3137   68.2156   78.0083   53.4322   42.443   76.2193   
54.037   72.2496   56.5862   28.6356   94.1116   74.7061   74.8131   91.3893   11.7047   56.2228   85.0412   58.8218   71.1126   94.9368   26.8328   78.5493   69.8713   76.5768   93.145   74.3303   21   102.215   67.2681   20.6155   70.2353   17.088   91.7606   85.235   60.4152   56.8859   73.8241   102.078   69.029   33.3017   77.4209   43.566   115.313   82   68.1175   42.72   60.8276   54.4059   69.857   110.39   62.6259   0   99.5095   32.1803   48.0147   53.0227   38.8885   74.4935   67.0122   89.4124   83.9746   35.088   74.0339   105.446   101.856   42.9258   83.0074   54.6155   66.1781   87.0069   77.7976   46.463   36.0227   82.7023   97.6901   31   
51.6236   37.5366   44.0114   94.0479   49.3964   20   87.4185   76.4003   86.8332   51.4782   37.5899   54.1202   65.437   77.666   70.0071   10.8167   17.6918   47.4236   88.6172   12.1655   65.192   71.5891   38.833   74.108   62.6259   76.3217   80.4301   62.8013   101.592   97.7394   63.0317   65.5515   24.6982   57.0088   54.4885   60.6383   56.0357   101.02   47.8017   42.7551   25.5539   39.0512   15.6525   58.4209   70.8308   85.1645   0   108.776   68.897   63.165   82.6941   41.6941   86.1739   87.3358   74.8557   89.7712   105.389   54.3363   79.8338   88.2432   50.0555   71.3385   73.778   46.7279   75.0374   76.9253   82.6933   51.778   72.3029   107.228   
57.4891   77.1038   61.2944   21.095   97.8366   81.7068   72.1249   91.4166   8.48528   59.5483   89.8721   61.5224   71.8471   95.0158   29.0689   86.4002   79.2275   80.0562   91.5478   82.4621   31.4006   103.6   72.111   22.8035   71.4003   19.4165   91.2414   86.8332   54.0833   51   75   104.235   79.0569   38.9102   79.9312   45.9674   119.633   77.6466   71.5891   50.9902   70.1783   60.3738   78.7718   114.022   62.2656   11.1803   93.7443   0   59.195   64.2031   46.1725   83.0263   66.9706   91.0359   83.029   37.4137   74.5269   109.39   102.006   47.305   86.7186   56.0263   68.4141   91.5872   76.3075   57.6434   47.2031   83.9714   99.9052   30.5843   
41   51.0784   38.6394   52.3546   74.3236   46.6905   76.5376   83.0241   39.2938   43.0116   62.6498   47   63.0714   86.093   31.8277   48.0104   36.4005   59.203   89.56   43.2666   13.0384   88.8426   46.8188   31.6228   61.0082   31.7648   85.0235   72.6911   74.6525   70.4344   64.0078   86.4002   35.0143   22.8473   62.9682   37.6431   92.6499   87.8465   51.9711   15.2315   27.5136   32.573   37.1618   89.8944   59.439   34.0147   52.8015   44.1814   0   21.7082   43.097   51.2029   65.6916   82.9167   72.9531   44.1548   82.9646   83.846   89.4572   49.9411   61.1745   30.7631   56.4475   67.7041   68.2494   34.0416   32.4526   60.0883   82.5011   59.3847   
35.1283   44.3847   32.249   52.5547   67.624   40.3113   71.8679   77.0065   41.1947   37.054   55.9464   41.1096   57.3149   80.0062   30.2324   42.19   32.249   52.6308   84.0119   37.5899   17.4642   82.3772   40.1622   31.3847   55.1453   32.28   79.1581   66.3702   72.1388   67.897   58.0345   79.8123   32.3883   19.2094   56.5685   33.1059   85.9826   83.6301   45.5412   8.544   23.1948   25.9615   32.28   83.1865   54.4059   37.6563   47.7598   47.0425   6.7082   0   44.2209   47.4709   65.5281   78.9569   69.1868   44.4109   84   77.2345   83.2681   48.4685   54.563   37.4713   52.171   61.0166   63.2736   35.1655   36.8785   53.4008   76.1108   61.2709   
38.4708   55.1725   39.8246   33.2866   77.6209   56.8243   66.1891   78.5875   20.2237   40.7063   67.8823   43.8634   57.9741   82.0061   16.4924   60.7454   53.0848   60.4649   82.3893   56.6127   9.43398   87.7268   50.2494   13.6015   56.6127   12.8062   79.6241   70.7743   58.6686   54.5894   60.0833   86.8332   53.3385   16.6433   62.1772   29.8329   98.3107   75.71   52.1536   25   44.0454   36.8782   52.6118   93.8616   51.2445   17.8885   67.6831   26.1725   19.3132   21.0238   0   56.071   56.6718   75.6604   69.7587   26.6301   68.8325   87.8811   86.6706   34.7285   65.2096   32.9997   55.8377   69.5619   64.0644   24.0554   24.8167   66.044   82.1239   42.3228   
33.3017   31.0644   26.6271   68.593   52.6118   20.5913   72.6223   69.9214   60.2993   34.2053   39.8121   38.0132   53.2353   72.2772   44.5533   20.8087   14.3178   41.4367   79.7057   16.1245   38.9102   71.1126   28.6356   48.0416   50.5371   50.01   73.0548   57.2713   80.7775   76.6616   52.3927   67.0298   19.8494   31.4006   47.2969   38.5876   68.0294   85.7963   37   16.1245   8.06226   19.2094   12.0416   66.7608   54.6717   58.5235   26.6833   67.082   27.2029   21.4709   41   0   66.8248   75.8557   63.8853   63.1406   85.6101   61.1972   73.2383   62.6977   43.5671   45   58.8782   47.3192   57.4166   50.0156   58.3244   40.7386   64.636   82.192   
20.2485   39.0128   27.8568   35.4683   52.9245   52.8867   25.318   40.8167   42.4853   20.6155   49.4975   19.0263   21.9317   44.4185   25.1794   61.3514   66.0303   36.1386   41.9762   60.0083   49.366   53.7587   35.2278   30.8058   22.2036   34.2053   40.7185   37.6431   29.7321   25.9615   25.6125   55.4437   71.5891   28.7924   33.1059   14.4222   75.2396   36.2491   29.1548   42.2019   59.5483   33.6155   62.434   68   11.6619   51.2445   71.8679   50.6063   51.6236   47.4131   41.0122   52.0096   0   38.3607   39.5913   48.541   43.7231   69.4268   52.289   43.4154   54.4833   52.9285   36.2643   57.2966   35.1421   58.2311   65.8288   52.2797   52.5899   64.5843   
28.4605   35.805   34   56.7274   39   53.2635   14.8661   18.6011   64.846   26.9258   41.1096   22.8473   7.81025   22.2036   46.8402   62.482   72.8011   27.313   21.0238   62.9365   69.1158   33.0151   34.6554   52.811   10.6301   56.3028   18.3848   19.4165   39.2938   37.3363   10.7703   36.2491   80.1561   47   20.8806   32.0624   59.8415   28.178   25.4951   56.0446   68.6003   41.5933   68.2495   51.4198   10.7703   73.3894   73.2462   72.9452   68.593   63.1506   61.6604   60.5392   22.3607   0   27.8062   70.3624   42.7924   61.9202   41.8307   63.4866   54.5087   69.0259   45.0051   54.6301   37.4391   78   86.477   56.6431   39.0729   82.3702   
17.0294   23.7065   21.5407   55.8032   32.573   40.8044   26.6271   25.1794   60.6053   15.1327   31.1448   11.0454   5.38516   28.4429   40.8167   50   60   17.0294   32.28   50.2494   60.208   34.6699   22.0227   47.1699   3   50.774   27.0185   17.8045   46   43.1045   6.32456   35.3553   67.4166   37.855   12.6491   24.1661   54.7814   40.2244   13.0384   44.5533   55.9464   29.1548   55.4437   47.4131   12   67.6018   60.803   69.029   58.0086   52.1536   53.7587   47.8853   20.5913   12.8062   0   65.2556   54   52.53   34.6205   57.1468   45.8511   58.9443   34.9941   46.3019   24.9443   68.0704   78   46.0227   36.6478   81.0317   
36.0694   55.2178   39.4081   23.2594   76.3806   60.0833   58.0345   73.1642   13.9284   38.2099   68.0074   40.6079   52.8015   76.6942   8.544   65.307   60.208   58.6941   75.505   61.6604   20   83.863   50.2195   3.16228   51.8845   3   73.6817   66.888   48.3011   44.2832   55.4707   83.8153   61.6117   17.088   59.203   25.2389   97.949   66.6108   50.2096   31.0161   51.3517   38.4838   59   92.6337   44.643   18.3576   73.3348   21.9545   29.1548   29.4109   10.6301   47.0106   33.541   55.3624   49.2443   0   58.3933   89.3925   83.505   26.7801   67.0852   37.025   47.8892   71.1712   59.4704   34.6855   35.4468   65.6277   79.7225   36.0274   
39.8121   57.0701   47.4236   34.4819   66.7533   72.111   19.8494   45.4863   48.0416   39.9249   66.0681   37.6431   33.3766   48.8262   37.6962   80.7775   85.703   52.0096   40.4599   79.6241   63.3246   61.2944   53.8516   41.2311   35.1283   43.7379   43.4166   48.0833   11   8.544   37.4833   65   91.0494   45.8039   47.1699   33.3017   88.295   23.0868   46.5296   60.8276   79.0253   53.3385   82.1523   80.0812   23   59.0339   91.3893   54.5894   68.2642   65   54.0833   71.6101   19.7231   28.7924   35   44.3847   0   87.3499   63.6271   55.9322   70.3205   72.6516   55.9857   74.8769   53.0156   76.8039   78.8999   71.8433   64.6393   61.5184   
38.4838   18.0278   33.8378   87.0919   12.083   23.1948   60.1664   42.0119   86.8217   36.7696   5.38516   36.4005   38.4708   42.45   66.3702   29.2746   47   19   55.2178   33.0151   75.2861   34.4819   23.0217   72.4017   36.2215   75.7166   46.4004   29.1548   82.0061   79.0253   34.7131   28.2312   56   56.8507   24.5153   50.5668   25.807   73.0548   25.7099   51.8652   48.8365   36.0694   42.0119   23.7697   48.0104   90.1388   37.3363   95.1315   66.888   60.208   72.8629   43.0116   54.7449   45.3542   36.0139   73.2393   71.007   0   49.6701   82.6507   40.4129   72.28   59.1264   37.4391   57.2071   80.8509   92.7304   44.4951   44.8473   106.588   
33.2415   28.2312   35.0571   73   21.587   45.2769   32   12.2066   78.6003   31.0483   27.6586   27.5136   15.6205   13.9284   58.8303   54.0833   68.1542   17.4642   24.8395   55.9464   77.201   16.6433   29.8329   65.192   15.6205   68.7968   16.2788   1.41421   57.9741   55.9732   12.0416   18.0278   76.5506   55.0273   11.1803   42.0595   41.3038   43.7379   22.0227   59.0762   66.2193   42.0119   63.1585   32.7567   26.6271   85.5862   64.2028   87.0057   73.5527   67.2681   71.3092   58.4637   37.5366   18.6815   18.0278   67.2309   47.4342   30.5287   0   75.1745   47.37   75.6941   51.7332   48.1947   42.972   81.4463   95.4074   50.9719   31.6023   98.9197   
29.4109   49.6488   34.0147   22.0227   69.6563   56.8859   49.0102   64.4748   19.799   31.4006   62.2656   33.2415   44.2945   68.0294   2.23607   63.1269   60.6383   51.8556   66.4906   60   27.313   75.7166   44.7214   6.32456   43.566   9.84886   64.846   58.8218   41.0488   36.8917   47.1699   76.0592   63.3246   15.2971   51.6624   17.6918   91.6079   57.8705   43.4166   31.6228   52.2015   34.7131   58.6941   85.7963   35.7351   26.9258   72.0278   28.2843   33.9411   32.45   18.0278   46.6905   24.5153   46.4866   41.0488   9.05539   36.0555   67.6018   59.0762   0   63.0627   40.6208   41.5813   65.7778   51.9234   36.9317   42.8444   60.2342   72.7431   40.0217   
18.0278   5.38516   11.7047   66.2193   28.6356   16.1245   51.4004   44.0114   64.4981   17.0294   17.6918   18.6815   29.6985   46.1736   44.2832   25.2389   36.2353   15.1327   54.7083   25.4558   53.0094   45   2.82843   50.1199   26.8701   53.3385   47.4236   31.0483   66.9403   63.3482   27.8029   41.4367   44.3847   34.2053   21.1896   29.6142   48.1664   65   12.0416   30.4631   33.9559   13.6015   31.3847   44.4185   34.8855   67.4759   36.0555   72.7186   45.6946   39   50.2096   26.3059   37.4833   37.4833   24.8395   50.774   56.3205   22.6716   32.28   45.6946   0   49.7131   42.9011   29.099   43.2489   60.6576   70.2625   23.8284   41.31   84.529   
25.4951   39.8246   25.0599   41.9762   62.6817   41.1461   59.7746   67.3647   33.541   27.6586   52.4023   31.4006   47.0425   70.5762   18.3848   45.607   40.4475   46.0652   73.171   41.7732   18.7883   74.6324   35   21.095   45.1774   23.0217   69.0652   57.9741   59.397   55.1543   48.3735   73.0068   42.72   6.40312   48.7032   20.8806   82.8794   71.1758   38.0789   11.1803   31.7805   21.2132   39.0128   78.8162   42.7551   33.6155   53.3385   40.8044   16.7631   12.8062   15.8114   27   34.9285   52.1536   42.19   20.025   52.2015   57.28   58.6941   20.6155   34.7131   0   48.6385   56.823   53.7907   25.9443   38.2025   51.2795   68.9217   52.3275   
6.08276   26.9258   13.1529   42.72   45.607   38.4708   37.1214   43.7379   43.8634   7.61577   39   9.21954   23.1948   47.0744   23.3452   46.5725   50.8035   27.8029   49.163   44.9444   41.5933   52.7731   22.3607   29.7321   21.587   33.3017   45.1774   35.7771   44.7772   40.8534   25   52.4309   56.5862   19.2354   27.8029   6.40312   67.6757   49.6488   19.4165   28.6356   44.5533   18.3576   47.1699   61.7171   19.3132   49.6488   56.921   52.345   40.4475   35.171   35.1141   36.8782   15.2643   28.1603   18.6815   31.4006   34.9857   44.3847   36.2491   24.0832   24.0832   24.0208   0   44.916   33.8353   49.9651   56.4264   38.114   49.7359   63.0106   
23.0868   5   16.7631   71.3092   25.9615   12.7279   54.9181   45.1774   69.3542   22   13.8924   23.3452   32.8024   47.0106   49.2443   21.9317   35.1141   15.6525   56.6127   23.0217   56.8507   44.2832   7.07107   55.0091   30   58.1808   48.8774   31.7805   71.5891   68.0661   30.4138   40.0125   43.6807   38.833   22.4722   34.7131   44.2041   68.5055   15.2643   33.6155   34.1321   17.6918   30.0832   41.1461   39   72.0069   32.6497   77.5242   48.7647   42.0595   54.5619   27.0185   42.2966   40.6079   28.3019   55.5698   60.8769   18.4391   33.1059   50.6952   5.09902   38.8973   29.1548   0   42.8617   63.4236   71.0088   24.6158   40.9249   89.5873   
10.2956   25.1794   16.9706   48.0208   39.3573   40.3113   29.2062   33.7343   51.8556   9.21954   35.3553   5.83095   13.1529   37.108   31.9061   49.1935   56.5685   22.1359   39.3192   48.5489   51.6236   43.566   21.8403   38.2753   11.7047   41.8808   35.1283   26.6271   42.7551   39.3192   15.2315   43.9318   63.2535   29.2746   20   15.2315   61.7171   42.45   15.0333   37.6431   51.4004   24.2074   52.4023   54.9181   11.3137   58.6686   59.9416   60.3075   50.2494   44.7214   44.9222   43.4166   14.1421   18.4391   8.94427   40.3113   32.0156   40.6079   26.9258   32.2025   24.3516   34   10.0499   28.8617   0   59.9443   66.4763   42.3268   44.4156   72.2242   
34.2053   48.6004   34   40.7185   71.5612   48.5489   66.4906   75.8024   29.0689   36.4005   61.0737   40.025   55.3263   79.0759   19.8494   52   44.0454   55.0091   81.0062   47.7598   9.84886   83.4865   43.8292   19.7231   53.6004   20.2485   77.3175   66.7608   62.8013   58.6003   56.8859   81.939   44.5533   13   57.5847   28.0713   91.5478   77.1622   47.0106   16.1555   35.0143   29.8329   43.566   87.6584   50.1597   26.5707   58.6941   35.2278   12.0416   12.1655   9.05539   32.0156   41.2311   60   50.636   17.4642   56.8243   65.8559   67.4463   21.9317   43.4166   8.94427   32.1403   47.4236   42.19   0   29.2631   55.6079   77.8584   51.1679   
44.643   58.5235   44.2832   43.4166   81.6333   56.8507   75.8024   86.1452   28.6356   46.8402   70.8025   50.448   65.6201   89.4427   26.9258   59.1692   48.5077   65.307   91.022   54.5894   1.41421   93.9202   53.8516   24.4131   63.9531   23.3452   87.5728   77.201   69.4622   65.3682   67.2681   92.3093   47.0956   23.1948   68.0074   38.0132   101.213   85.8662   57.3847   24.0832   39.5601   39.6611   49.0408   97.6371   60.0083   22.0227   64.622   32.5576   12.1655   17   10.8167   38.4708   50.4876   70.0643   61   21.4009   64.622   75.4321   77.8845   28.6356   53.2541   19.3132   42.4264   57.0088   52.469   10.4403   0   66.0482   87.6499   49.7252   
16.0312   8.06226   9.21954   63.7887   31.305   17.088   51.0882   45.2217   61.7738   15.2971   20.5183   17.4642   29.8329   47.5395   41.6293   25.9422   35.5106   17   55.4707   25.6125   50.2195   47.0425   4   47.4131   27.0185   50.6063   48.4665   32.5576   65.521   61.8466   28.3019   43.7379   43.382   31.4006   22.561   27.2947   50.9902   64.6607   12.53   27.8568   32.573   10.8167   30.8058   47.1699   34.1321   64.6607   36.7151   69.9714   43.0813   36.4005   47.3814   24.7386   35.9026   37.5366   24.7588   48.0208   55.0273   25.4951   33.7343   43.0813   2.82843   31.8904   22   7.61577   23.2594   40.6079   50.4777   0   43.9871   82.0438   
28.6531   19.9249   28.8617   72.6705   16.1245   36.7151   37.6563   20.8087   76.4199   26.4197   19.4165   23.6008   17.2627   22.3607   56.0803   45.4863   59.808   9.21954   33.2415   47.4131   72.2357   21.3776   22.0907   62.482   15.8114   66.0681   24.8395   7.2111   61.5224   59.0339   13.1529   19.7231   68.3081   50.5371   5   39.0512   37.9473   50.2892   15.5242   52.6118   58.2495   35.2278   54.7814   30.4138   28.1603   82.4197   55.6058   84.8999   67.4685   61   67.1193   50.636   37.5899   23.0868   17   64.2028   50.636   22.8473   8.60233   56.6392   24.3311   53.4883   32.8024   24.6982   24.8395   62.3939   72.8011   26.0768   0   93.2086   
52.4309   72.5603   56.8243   14.3178   92.6175   78.4474   65.146   84.9058   5.09902   54.4059   85.235   56.0803   65.6049   88.5099   24.1868   83.7437   78.0064   74.8131   84.6936   80.0625   32.311   97.4526   67.6018   18.3848   65.2993   15.5242   84.5991   80.8084   47.1699   44.0114   68.884   98.3514   78.6384   35.4401   74.2765   40.6079   114.621   70.5762   66.4003   49.0918   69.029   56.648   77.1038   108.706   55.7584   15   91.6624   7.07107   44.3847   46.2709   25.318   65.192   44.1022   66.3702   63.0317   18.4391   47.5184   90.5539   80.9197   23.0217   68.4251   38.3275   47.0106   73.3485   54.4518   34.1321   33.6155   65.7419   79.2086   0   
