15
30
999999 16 7 16 13 14 9 16 8 17 12 15 11 15 14 10 13 17 8 14 11 8 14 17 8 9 8 17 16 5 
0 4 3 6 1 7 1 10 4 15 10 10 10 2 9 4 3 6 1 2 4 6 6 6 7 3 6 5 5 3 
20
0   0   0   0   0   0   0   0   0   0   0   0   0   0   0   0   0   0   0   0   
-2   -1   2   1   -4   -2   0   -4   4   -7   2   0   2   2   2   4   1   -1   4   6   
-3   5   -5   3   0   3   -3   2   -1   3   -5   2   -3   0   -1   1   -2   5   -2   2   
1   -12   4   -2   -2   -3   7   -11   1   0   5   -8   -1   0   -4   -5   -2   -7   7   2   
-8   2   4   -2   -6   5   -4   2   0   4   -2   0   -5   4   -1   3   -3   4   1   9   
-5   -4   0   1   0   -3   3   -10   -1   -4   1   -2   -1   0   0   6   0   1   -3   3   
5   -4   7   -4   3   -5   2   -9   3   -7   8   -5   4   -7   3   -5   3   -8   0   -5   
12   -13   7   -6   7   -13   6   -5   13   -9   6   0   9   -8   14   -4   0   -11   2   -11   
-1   -3   1   0   0   0   2   0   5   -1   0   0   -3   2   1   0   -4   0   3   1   
8   -12   3   -3   9   -3   7   -3   10   -11   11   -9   13   -10   -1   -14   14   -15   5   -5   
0   5   -3   5   -2   0   -1   1   -6   5   -6   5   0   3   -4   1   -4   1   0   1   
11   -9   5   -9   9   -3   11   -9   11   -6   11   -9   2   -7   2   -7   7   -7   3   -11   
1   1   0   1   1   1   1   2   0   -6   -2   -5   -5   2   0   1   4   -7   1   0   
-1   -4   -1   2   0   -6   0   -1   -11   3   -5   -2   0   0   1   5   0   -9   0   2   
4   -3   5   -6   1   -4   -2   -5   11   0   2   0   2   -4   0   -6   2   0   2   -1   
5   0   6   4   0   -4   7   -5   3   -3   9   -6   7   -5   6   -3   4   -2   3   -5   
0   2   -1   0   3   -7   -6   2   -2   2   10   1   4   -1   -3   -4   0   3   -2   0   
-15   1   -8   7   -1   11   -4   2   -3   7   -12   7   2   5   0   0   6   8   -4   4   
-1   0   -1   1   0   0   0   0   1   0   0   1   1   -2   1   1   -1   -4   0   -1   
-1   -8   14   -11   -3   -9   8   -11   9   -5   6   -3   9   -11   5   -7   10   -5   14   -7   
-2   5   -4   0   0   3   -3   1   1   2   -3   4   -1   3   -4   3   -8   6   -6   7   
0   -4   4   -4   3   -7   4   -1   5   -3   1   0   1   -2   3   -3   2   0   3   -2   
2   1   6   -3   9   -4   -4   0   0   -8   4   -6   10   -12   4   -5   0   -1   1   -1   
9   1   3   -8   1   -12   6   -7   8   -2   0   -4   13   -4   1   -11   2   -1   5   -1   
-4   1   -3   1   -1   1   0   3   -1   4   -2   0   -3   -1   -1   4   3   0   -1   3   
-5   5   -7   0   0   5   -1   1   -2   5   -5   9   -6   0   -5   4   -7   2   -4   0   
5   0   0   0   2   -4   2   -1   -2   1   -2   0   1   0   0   0   0   -1   -1   -1   
-8   8   -4   5   -5   5   -4   7   -7   2   -9   9   -11   3   -12   14   -11   2   0   10   
8   -2   -2   -1   -1   -4   -2   -1   -3   -4   5   -1   0   -1   0   2   7   -2   4   1   
0   -1   0   -1   0   0   0   0   1   0   0   0   1   1   0   0   0   0   1   0   
0   31.6734   67.8059   76.3064   61.4898   68.0711   55.9026   23.0711   75.57   71.8964   57.1096   53.5398   45.3311   68.2024   81.0517   89.6817   68.4968   72.4352   73.9245   68.5371   79.954   49.0689   64.9718   50.0161   32.6918   81.7853   40.1246   54.7151   74.2494   57.72   
12   0   79.8059   79.0574   57.9102   59.618   51.2777   35.0711   60.5982   82.1604   55.6258   46.8537   49.2982   70.3323   70.7746   95.0928   78.5549   56.2173   64.0977   76.4654   76.1461   43.1926   76.9718   37.2485   44.6918   74.037   34.2483   50.9072   71.2217   55.6431   
51.4782   62.2415   0   95.9568   109.268   119.415   68.9351   74.5492   122.84   41.0238   84.1291   96.9295   89.2965   48.1448   126.074   92.6466   45.8087   115.763   109.136   69   119.149   85.0725   25.6056   99.4899   55.1141   121.6   80.4518   101.318   115.311   88.884   
55.7136   61.0574   80.9568   0   72.8652   71.2624   111.395   76.2353   84.0588   116.349   112.823   99.2406   60.8782   65.9902   76.3718   33   114.895   110.795   125.155   61.2884   135.135   102.735   100.492   85.8905   88.4054   49.0588   95.3056   110.429   70.8722   111.944   
45.4533   38.9102   95.268   51.8652   0   24.7082   90.1878   56.4187   34.1529   117.35   92.71   62.0937   51.313   101.694   26.8062   84.8652   113.858   78   87.4463   98.9667   97.1688   81.2495   105.831   48   78.1451   43.2074   73.1584   72.0848   30.544   94.2531   
52.0096   45.618   101.415   53.1507   6.7082   0   94.5725   61   28.8062   123.906   96.2253   68.8019   51.3934   99.739   28.2801   83.9849   120.506   71.6127   86.5672   96.0877   94.3939   78.7611   112.54   45.1496   84.7014   38.6034   79.8663   78.793   22.3246   95.5242   
35.9026   35.2278   53.9351   91.3947   73.0821   79.6994   0   58.9737   90.1207   61.1988   20.4031   53.7315   75.1354   83.6607   98.0929   112.046   57.5933   63.7464   53.7719   97.5684   59.2988   38.8114   78.6308   64.5668   48.7321   109.265   38.0294   49.1579   102.024   29.0333   
7.07107   8.60233   58.3095   53.2353   38.4187   45   40.1123   0   69.2005   78.9675   59.7214   46.45   33.0263   73.0106   65.225   85.7171   75.5679   61.5395   70.6717   73.1413   81.6053   46.5466   72.0429   45.8508   39.7629   69.8197   42.8506   59.5096   67.3246   64.2454   
53.4135   44.5982   104.561   64.846   13.1529   12.8062   76.0263   46.4004   0   124.604   95.0515   66.7406   60.0512   105.233   26.4403   96.7912   121.91   63.5296   81.1981   103.573   83.9242   77.668   118.385   42.5539   86.1053   51.4096   77.7454   72.9711   35.1308   85.5681   
56.8507   65.1153   21.0238   97.3242   102.303   108.853   44.911   63.8905   109.604   0   63.2544   91.7329   96.9168   69.1686   129.11   112.277   22.6056   108.657   98.683   81.6018   104.21   79.3847   44.0868   102.364   60.2046   133.018   72.9711   91.8011   128.832   73.9443   
41.1096   39.0128   59.6657   96.7988   75.71   82.2253   6.40312   44.7214   77.6209   49.2544   0   48.3196   77.7477   90.0638   102.516   118.45   63.9964   61.0396   59.1789   99.8999   60.6079   44.4642   72.5235   69.4976   55.1353   112.551   40.3776   43.3196   104.55   34.4403   
34.5398   23.8537   77.9295   83.2406   48.0937   54   32.5576   32.45   47.0744   74.7329   32.2025   0   65.4004   94.186   73.5147   114.349   88.9108   38   43.6716   100.319   53.2389   38.4929   92.5381   44.1868   62.1242   90.3758   40.5372   28   76.3246   48.6982   
24.3311   25.2982   69.2965   36.8782   27.313   32.7567   59.1354   19.0263   39.0512   78.8923   63.6396   46.4004   0   69.3964   54.1192   68.0104   92.8279   74.419   83.6871   75.0102   89.7166   65.5729   80.7647   43.178   57.0229   56.6228   59.5465   64.4777   47.0689   76.9365   
42.4264   54.3323   31.1448   50.9902   76.6942   81.8596   64.6607   47.0106   88.2326   50.3587   71.0634   76.4003   49.3964   0   103.5   65.5296   68.8365   108.55   111.004   37.2627   117.033   85.875   51.0179   91.5808   55.5106   99.7564   82.551   91.7946   91.4145   93.6939   
58.0517   50.774   108.074   59.6825   12.8062   7.28011   83.9345   50.9902   10.4403   114.865   86.0233   56.4358   39.8246   89.0505   0   88.6604   126.549   73.9699   91.437   100.763   94.3645   83.6222   118.638   52.4297   90.7435   43.2788   85.0223   80.4003   27   96.0085   
62.6817   70.0928   77.6466   15   66.2193   67.897   97.0464   61.7171   79.3095   96.0052   102.883   93.3488   48.0104   46.5296   74.5453   0   112.021   122.429   131.698   56.6757   137.727   107.624   97.5474   91.1884   91.9493   64.0588   98.6801   112.488   75.6604   120.402   
53.4135   61.5549   20.8087   94.8947   98.8585   105.423   41.5933   60.4401   106.066   3.60555   46.0977   71.1758   75.6637   48.8365   111.396   94.0213   0   105.34   95.3652   85.2073   100.892   78.8516   46.4142   98.8033   60.805   120.888   74.3735   88.2892   122.733   70.6266   
50.6952   39.2173   94.7629   94.7945   52   56.6127   46.5296   47.5395   46.5296   90.4765   44.4072   17   58.258   92.9624   56.8859   106.212   86.977   0   33.1172   115.683   37.4165   48.2415   106.439   45.241   75   93.591   56.3113   37.72   78.9373   52.7131   
55.7584   46.0977   92.1358   105.891   67.4463   72.5672   39.3192   54.6717   63.1981   84.1724   35.171   22.6716   69.029   96.0052   73.437   115.966   80.895   17.1172   0   121.174   24.3246   57.7335   107.695   62.3582   77.4368   110.654   55.8497   42.2094   94.8918   48.7386   
50.5371   61.4654   48   38.2884   74.9667   79.0759   78.5684   53.1413   87.5728   67.6018   84.8999   85   49.0102   17.2627   86.3481   30.6757   66.0984   100.658   106.174   0   126.379   96.2009   68.0444   92.1882   65.8365   81.6483   90.6617   105.252   93.7631   104.028   
61.9112   52.0096   98.2497   111.288   71.1688   75.9605   45.0999   60.6053   65.9242   89.8053   40.6079   28.3196   74.411   102.318   76.2955   121.655   86.5794   19.4165   6.32456   112.379   0   60.763   112.519   64.6575   83.72   109.43   62.1743   45.2389   98.2851   47.2655   
27.8029   22.561   62.0725   82.7345   58.2495   64.7611   15.8114   29.5466   60.4152   57.3847   17.4642   17.4929   47.8017   65.307   68.6222   90.4434   53.8516   33.2415   31.0483   76.6094   37.3631   0   76   56.1141   44.3645   94.0592   25.9443   36.5242   82.6201   35.2315   
48.3011   59.2368   3.60555   77.4919   91.8314   97.949   52.6308   55.0727   101.242   23.0868   58.5235   75.5381   65.7647   28.0179   104.637   74.4312   22.3607   92.4392   90.3549   45.0444   96.5194   60   0   94.7879   47.28   120   73.1536   94.1066   111.795   81.6641   
31.0161   20.2485   82.2922   63.8905   24   30.1496   50.5668   24.7386   25.5539   85.1469   52.4976   24.1868   28.178   71.1758   33.5261   76.0066   81.5659   31.241   44.7772   74.9667   49.2443   35.1141   79.2023   0   63.7079   67.2074   54.4967   47.1548   52.4742   70.3456   
17.6918   27.2947   35.1141   65.4905   63.1269   69.6563   29.7321   24.7588   70.9366   39.2046   36.0694   44   40.3113   35.5106   75.743   68.9493   35.805   61   61.4003   48.8365   67.72   30.3645   32.28   47.5079   0   87.8679   46.587   64.2832   83.6757   58.7654   
55.7853   54.037   98.6002   34.0588   24.2074   22.2036   89.202   49.8197   35   110.018   93.0054   69.3758   31.6228   73.7564   27.313   49.0408   106.888   75.591   90.2497   66.6483   94.4299   76.0592   95   45.5412   71.8679   0   88.2853   92.5732   31.2788   105.449   
20.1246   18.2483   54.4518   75.7694   56.648   63.3246   17.0294   23.3452   60.7454   51.9711   21.3776   23.5372   42.2966   56.3649   67.9779   82.6801   48.3735   40.3113   39.8497   67.8012   46.1736   8.94427   52.1536   35.2278   21.587   72.1734   0   37   79.3246   44.1758   
36.7151   26.9072   77.3175   87.2009   53.0848   59   29.4109   35.4683   51.9711   72.8011   28.3196   5   50.4777   77.7946   61.4003   96.8969   69.2892   17.72   19.2094   87.2353   25.2389   15.5242   75.1066   29.1548   44.2832   74.2159   23   0   81.3246   46.1246   
50.2494   45.2217   98.3107   46.8722   8.544   6.32456   80.05   43.4166   18.868   106.832   83.0241   56.3205   29.0689   77.4145   13   61.6604   103.47   60.5392   75.9605   73.7631   79.712   65.6201   94.7945   32.1403   67.6757   16.2788   63.3246   61.2944   0   94.0569   
42.72   37.6431   68.884   97.9439   71.2531   77.5242   15.0333   44.7772   71.5681   59.5399   10.4403   24.6982   62.9365   77.3886   80.604   105.394   56.3205   34.7131   24.7386   90.0278   30.2655   15.2315   67.4685   47.3814   41.8808   90.4489   22.8035   20.1246   79.0569   0   
