15
50
999999 12 5 10 10 9 7 10 12 15 11 11 16 7 7 17 17 12 12 14 9 8 13 9 11 14 7 17 16 8 17 13 10 17 11 8 11 11 17 15 11 8 12 15 10 13 8 12 6 10 
0 7 4 2 9 2 4 4 6 12 7 10 13 1 4 2 12 11 6 9 4 3 9 2 4 2 3 7 10 5 6 4 1 10 9 7 7 1 16 2 6 7 5 2 3 7 6 3 5 2 
20
0   0   0   0   0   0   0   0   0   0   0   0   0   0   0   0   0   0   0   0   
-5   -2   -2   3   -6   1   -10   10   -6   5   -12   11   -4   -1   -9   0   8   -4   -2   9   
-3   2   -2   2   -2   4   -4   3   -3   3   -3   2   -3   4   -3   3   -2   3   -3   2   
0   3   -2   -2   -2   1   -3   6   2   -5   -2   4   0   4   -3   -2   0   1   -1   3   
8   -2   9   -4   7   -6   6   -5   6   0   5   -4   6   -7   3   -3   3   -2   5   -5   
-7   3   -3   1   2   7   -5   8   -7   4   -4   7   -5   8   -7   3   -8   7   -3   5   
-4   2   -3   -1   -6   2   0   3   -2   1   -5   4   -5   0   -1   2   -2   2   -3   1   
-2   3   -5   -1   -1   8   0   -5   -5   0   1   5   -2   -2   -7   0   0   3   -2   7   
-7   -4   -6   5   1   3   -4   1   0   7   0   4   3   0   -9   7   3   -1   -5   -3   
12   1   8   -12   7   -7   1   -14   11   -7   9   -12   9   -7   14   -2   7   -12   14   -7   
-2   -2   1   0   0   -1   0   -5   -1   -2   -2   -2   -4   -6   4   -1   1   0   -1   -1   
6   -7   7   -9   6   -2   3   -1   7   -5   3   -5   1   -7   5   -2   6   -4   6   -4   
-7   3   -8   11   -2   0   -10   12   -6   15   -7   6   -12   0   -6   10   -8   5   -8   4   
-1   1   -3   1   -1   3   -6   0   -3   4   -2   6   -1   0   -3   3   -2   3   -2   3   
-3   7   -3   3   -5   6   -2   4   -5   3   -6   3   -6   6   -5   3   -3   4   -7   5   
-11   5   -6   8   -12   7   -4   7   -12   9   -3   12   -13   14   -6   14   -8   5   -14   12   
7   -8   0   -6   5   -12   3   0   10   -1   5   -6   3   -2   11   0   5   6   5   -8   
4   0   10   0   5   -6   2   -10   3   -8   8   0   11   -8   5   -10   9   -12   11   -4   
4   1   0   0   2   -5   -6   -1   -4   0   -5   -6   -2   1   -2   2   0   3   0   0   
0   -7   3   -14   8   -9   12   -6   12   -1   6   -4   11   -12   6   -10   8   -4   9   -5   
-6   2   -3   5   -6   3   -3   5   0   -3   -1   2   -5   -1   -7   -2   -2   1   2   4   
1   -2   3   -4   0   0   2   -1   3   -3   3   0   0   -1   3   -2   3   0   4   0   
1   2   0   -4   -4   -10   -2   0   0   -1   5   1   0   0   0   0   -1   3   -3   3   
0   2   -2   -2   0   0   -3   0   -7   2   -7   -1   -2   -2   -4   4   -3   3   0   -3   
-3   3   -2   3   0   0   0   -2   0   1   0   3   -1   -2   -1   1   0   5   0   3   
-10   9   -8   12   0   5   -12   14   -3   8   -13   6   -7   9   -4   5   -7   6   -11   8   
-5   3   -2   4   -1   6   -5   3   -5   4   -5   7   -5   3   -5   6   -3   2   -7   5   
4   1   2   -1   0   0   6   -9   3   -8   6   -8   4   -11   8   0   8   -7   6   2   
-8   10   -5   15   -2   0   -8   6   -6   11   -1   0   -7   5   -1   5   -2   11   -7   9   
5   -4   4   -4   2   -3   3   -4   1   -1   5   -3   4   -1   3   -6   2   -2   0   -3   
6   -10   12   -14   14   -3   12   -4   7   -1   7   -5   9   -8   10   -12   12   -8   13   2   
1   0   3   -3   -10   -4   -1   4   -3   4   -4   -2   0   5   -6   9   2   -2   -6   -1   
-2   3   -3   -2   -3   -4   4   5   0   3   0   -1   1   -2   0   2   2   -2   2   -3   
1   -9   5   -7   7   -8   4   -8   9   -5   5   -12   0   -14   2   -8   6   0   4   -5   
5   -2   4   -4   4   -1   1   -4   3   -2   4   -5   -5   1   3   -1   2   -2   -1   -2   
0   -1   3   -3   0   -4   -2   0   1   -2   0   2   -2   3   -2   -1   -1   1   0   1   
4   -7   3   -6   6   -8   3   -3   8   -5   9   -9   4   -5   9   -9   4   -6   9   -4   
6   -3   6   -4   3   -8   2   -1   1   -6   2   -1   3   -1   5   -3   3   -5   7   -1   
5   0   0   2   -11   5   6   4   -6   1   -2   -2   0   -2   0   6   -1   -8   0   4   
-11   7   -3   5   -5   7   -4   5   -6   11   -10   14   0   3   5   11   -6   2   -7   15   
-4   -2   -5   1   0   -2   0   -4   -3   -2   -3   0   -1   1   -2   2   2   0   3   0   
2   1   -4   2   -2   3   -3   2   -1   5   -4   6   2   -1   -3   3   1   2   -2   3   
-1   3   4   -1   2   6   0   0   1   3   -9   0   -5   0   -3   -6   2   5   -2   8   
0   13   -6   4   0   6   3   8   -3   5   0   4   -1   10   -7   0   -10   -5   -8   1   
-4   4   -7   1   -6   -1   -2   -2   -3   0   -7   5   -5   5   -5   0   -3   1   -10   4   
2   3   0   0   -3   1   -5   8   -4   4   -2   2   -5   6   -1   2   1   6   0   6   
5   -4   6   -3   7   -8   4   -3   6   -3   6   -3   2   -4   3   -3   3   -5   3   -6   
6   -6   7   -7   7   -3   -4   -3   0   -5   2   -2   3   0   2   -4   1   1   -3   -2   
0   -1   1   1   2   -4   3   -2   1   1   2   -2   0   -2   3   -1   0   -3   0   0   
-4   -7   2   -1   -6   -2   5   0   0   6   1   -1   0   -1   -1   -2   -1   -1   4   1   
0   67.0098   57.8246   40.1795   63.3735   71.8015   63.8644   70.264   61.3847   61.0623   29.198   52.2348   80.445   84.8034   23.0623   50.1454   43.0623   51.0822   71.0754   32.6433   63.0434   74.8885   26.0623   53.9258   71.0833   39.6982   37.105   49.2053   75.3517   71.607   77.2228   73.0096   52.3275   47.7697   69.175   56.6742   88.0703   57.7732   51.6982   74.4543   61.4683   51   67.4897   57.3553   49.7805   48.3847   48.8537   78.4003   65.3656   58.1545   
51.6624   0   90.0813   77.3486   70.2228   34.6155   112.808   82.0165   96.1326   54.1232   62.1699   97.8022   91.5996   98.6986   63.7648   81.1229   91.5483   95.5001   88.108   67.5001   88.9667   121.564   75.1393   93.6198   33.8062   82.344   57.0813   34.8045   59.5766   85.7008   97.4115   55.6266   96.301   65   22   93.4726   89.7841   34.8995   90.4123   31.083   32   59.9973   94.1836   98.1523   78.3517   81.5894   54.4253   92.2955   30.9284   44.0263   
39.8246   74.7329   0   77.2581   103.198   79.9531   69.2353   110.089   27.3246   100.887   54.2053   69.1613   120.27   53.7131   62.8869   35.2066   47.6254   44.1868   46.025   72.4679   100.173   81.4631   55.2353   49.4631   93.0119   76.8276   52   85.0322   73.0096   102.169   112.205   109.586   84.7744   80.1585   96.7329   84.824   125.117   86.6108   44.4631   102.058   82.6155   85.9839   42.587   84.7738   47.2211   43.6155   77.3263   54.0666   92.0577   97.0608   
20.5913   59.9416   58.258   0   52.1361   81.4075   59.7199   51.6431   77.8608   56.8337   48.6883   39.3238   65.5188   104.006   33.8489   61.0977   52.9928   60.0541   89.2462   23.8489   43.4443   68.8535   41.0227   53.3406   83.0984   20.099   57.6962   60.2031   90.0699   43.4558   58.0694   61.31   35.6155   40.6918   74.9016   40.2483   64.6154   68.1741   50.2053   76.8925   63.8908   45.8035   88.0809   47.6716   70.3718   68.976   49.573   98.9916   66.8989   59.6878   
47.8539   56.2228   87.6584   33.1361   0   88.4509   92.856   26.544   106.221   39.2237   69.6443   72.4599   34.2638   127.706   55.3847   89.5844   79.6201   91.5583   114.654   45.3847   44.8188   101.99   73.9162   81.3702   82.58   53.2351   75.208   65.2156   100.32   41.2132   44.3516   42.9317   62.8284   49   71.2419   60   32.0278   66.6378   83.3413   69.3517   71.6321   50.3196   112.322   72   92.0733   95.0592   65.0488   122.301   59.4267   52.2156   
52.8015   20.6155   63.9531   67.082   72.1249   0   114.342   94.9474   84.214   70.5279   70.9444   99.0929   105.537   81.4116   64.9608   80.9094   93.4043   93.6637   79.6941   74.1546   101.145   125.366   76.5399   96.6223   27.544   87.1811   64.6431   41.4591   40.2788   98.4231   107.859   73.6363   102.698   68.0093   36.2036   102.854   104.153   37.9317   91.6223   51.6986   47.0238   63.0416   77.6118   106.281   66.8246   63.4166   61.0571   75.0085   51.5439   52.2353   
45.3431   96.8762   53.2353   43.0813   74.1485   97.0979   0   90.405   69.8386   97.4595   71.1536   34.3961   98.7925   102.478   66.3289   64.4537   49.4094   46.0689   87.2462   66.9302   78.2894   30.1803   62.8021   47.1896   116.426   61.5216   82.4481   94.5484   111.309   80.054   80.7647   104.391   60.4603   83.7731   114.518   59.054   106.024   103.116   49.9615   116.863   102.94   77.8122   95   50.02   86.2534   85.5859   88.6222   105.295   109.98   102.769   
54.3783   64.4981   94.1541   37.6431   8.544   80.6536   76.1643   0   114.765   47.7678   78.1883   70.0089   29.8167   136.25   63.9287   98.1284   87.3771   96.689   123.198   53.9287   42.9188   101.377   78.6658   87.7249   89.71   54.4833   83.752   73.6138   106.484   39.3132   43.6011   51.4757   60.9762   49.5269   79.7859   61.6232   36.8995   75.1818   86.8401   77.0882   79.4191   52.4005   120.65   75.3517   100.617   102.763   73.5928   130.845   67.0882   60.7596   
44.3847   81.0247   6.32456   61.8547   92.1954   70.214   52.1728   98.4124   0   105.447   57.6232   73.3032   124.83   60.0377   67.4469   39.7631   51.6699   50.5113   46.561   77.028   105.299   82.3531   57.9625   53.6228   94.3217   81.9537   56.0512   86.7612   77.532   105.006   116.365   111.06   88.9341   82.0074   100.565   87.5052   124.223   89.8388   48.6228   107.949   81.7765   84.1863   46.4951   84.2456   48.4631   49.9401   76.131   57.249   98.3822   96.0062   
46.0109   36.8782   83.4326   39.8121   20.2237   54.5619   82.8553   28   88.8426   0   68.7332   79.1359   51.4833   120.313   62.3486   87.1803   87.0848   94.1025   108.236   56.024   57.9629   108.666   70.0848   93.1526   65.679   59.9111   69.3332   51.3848   82.6202   54.3573   60.3847   33   70.2307   46.5372   52.4966   67.4023   52.2515   48.6497   90.0173   51.1948   57.8013   47.0227   103.354   84.2944   83.2039   85.1561   46.5296   119.897   41.1948   38.3848   
10.198   47.1699   34.2053   30.4631   54.6443   44.9444   52.1536   61.8466   39.6232   49.2443   0   60.0386   87.8673   76.4976   31.8661   44.0868   46.7321   58.6184   63.4462   42.8414   73.2415   78.2014   33.8661   45.8904   64.5456   49.8962   24   52.4435   60.7732   73.9189   84.5314   71.109   62.5256   44.6816   64.0207   66.8723   86.6721   53.2947   50.3196   71.4049   45.2324   45.8568   60.1277   64.0999   40.9545   41.0227   49.2036   75.4023   72.5725   68.3525   
31.6228   80.8022   55.0091   23.3238   53.7587   84.309   20.3961   56.0089   56.3028   63.0635   40.7922   0   79.0722   105.493   54.685   62.6923   38.6333   49.3435   91.1866   46.8904   53.108   44.6531   47.1725   36.6155   102.706   37.2485   64.7922   80.828   97.5651   55.0278   63.1482   84.2323   36.8562   54.8044   98.2254   34.0278   77.2851   89.396   47.6982   100.216   86.0246   67.3431   87.8011   34.0711   74.0762   76.3149   72.8968   99.4865   90.2227   83.0116   
64.405   74.3303   104.01   46.5188   19.2354   91.0824   82.0975   10.8167   108.046   37.4833   72.2496   62.514   0   146.862   73.4891   107.617   93.5449   105.618   133.89   64.6201   41.6887   101.589   85.5068   93.626   99.8662   61.1049   94.4434   82.8859   115.185   38.0832   39.9338   55.2504   68.2777   60.3436   89.9799   66.2361   20.2361   85.8732   96.7241   87.9048   90.2202   63.2017   131.467   81.0789   111.309   112.79   80.208   140.459   77.9048   71.451   
67.624   82   34.7131   88.0057   112.699   64.195   87.8237   120.283   36.0139   103.247   58.7282   88.955   130.832   0   87.5935   60.1347   82.3385   76.7362   34.2315   97.5477   128.527   115.84   81.3406   84.1762   88.4431   105.786   66.6918   91.7751   68.0416   127.295   137.904   123.371   117.184   101.87   98.9524   116.22   144.231   93.8609   79.1762   111.322   86.2629   98.893   31.6918   111.462   57.6441   56.8169   93.7835   26.4031   108.477   109.051   
8.06226   46.8615   47.4236   17.1172   40.3113   50.9608   50.3289   47.2017   52.2015   38   14.8661   34.1321   57.4891   73.5935   0   52.4683   51.1245   59.1445   78.3122   32   58.0476   78.7852   34.1245   49.6155   65.078   37.2163   38.8661   45.0689   75.1756   60.5731   74.6611   64.2393   52.7328   34.8114   64.5531   56.0143   72.339   53.827   57.0156   67.56   45.7648   37.0312   74.8681   60.4005   54.6197   55.8888   37.4391   86.4626   57.5664   50.3553   
27.7308   67.0671   12.2066   46.0977   75.5844   59.203   46.2709   81.9878   16.7631   72.1803   23.0868   44.5982   91.8096   44.3847   35.4683   0   43.3129   41.3848   43.1548   60.3742   87.1249   73.3878   47.0832   41.0768   84.2727   66.1967   43.0416   69.7731   68.8775   89.5536   101.809   94.1958   75.5172   67.7684   87.1075   72.6888   107.612   76.2409   43.095   93.7314   68.3192   68.9436   54.7936   65.0784   39.8087   37.4929   64.0111   54.8973   83.7314   85.8236   
25.0599   76.2168   33.6155   32.5576   65.6201   74.4043   23.4094   70.0928   34.6699   68.884   29.7321   21.6333   78.4347   68.0074   31.9531   24.1868   0   34.0111   66.8867   56.4065   72.5071   53.5897   40.9253   22.2361   94.2778   51.8938   53.7321   74.2652   86.0451   73.4617   80.3682   88.8131   51.4833   66.7645   93.7529   55.6611   97.1731   82.8331   24.1623   98.4929   74.9646   68.5395   70.6118   51.6007   56.9762   55.4588   64.8774   79.0841   89.5195   82.3084   
32.3883   80.6226   24.1868   43.9659   76.6877   75.6637   29.0689   81.6088   23.7697   78.1025   33.541   33.3017   90.2497   58.8558   40.1995   18.3848   12.2066   0   61.5395   60.1736   83.3032   59.2492   42.6119   30.8489   97.6492   60.7774   57.541   81.4748   86.6757   83.555   92.5747   99.437   63.6899   70.0091   96.5214   66.2097   106.502   85.1196   25.8489   104.946   78.7735   77.2307   66.0444   55.3609   58.1934   55.7771   77.084   71.231   96.2516   89.0405   
53.0754   74.108   20.025   73.2462   99.2018   58.6941   73.2462   106.527   22.561   91.236   44.6878   73.736   116.932   15.2315   59.4643   29.1548   52.8867   44.1814   0   85.7187   113.955   101.488   74.6038   69.4881   80.2722   90.6094   58.4483   85.7404   59.6807   116.702   126.225   113.579   104.281   89.3695   94.1052   101.452   131.23   84.897   64.4881   105.191   81.3238   85.5612   30.0828   94.2331   45.9294   42.3238   85.7414   31.0499   101.808   96.4474   
16.6433   50.1199   56.4358   9.84886   31.3847   57.5587   50.6063   37.7359   60.8358   32.9848   24.8395   31.8904   47.8017   83.5464   10   44.2945   36.1248   46.1736   69.3109   0   50.311   76.5435   38.587   57   72.3205   29.9479   48.8395   51.6668   84.5369   51.4138   64.8167   53.833   44.3645   30.4868   67.1203   49.8927   63.4125   55.7185   52   67.45   55.7648   30.4536   82.8559   48.2025   64.6197   65.028   47.4391   95.0436   57.45   60.3553   
46.8722   74.9667   84.1724   26.4008   24.7588   87.0919   56.2228   22.3607   87.3212   42.9418   56.4358   37.108   26.0192   114.403   42.0476   72.1249   55.0727   67.2309   99.6393   32.311   0   79.2046   66.1041   69.0091   99.4495   46.4998   80.4358   75.2645   108.135   27.6056   26.2956   64.0435   48.0238   55.1361   90.6662   46.2354   46.1662   82.913   76.606   87.3246   81.0698   54.0512   114.362   49.257   96.6527   95.2569   75.9738   125.272   77.3246   76.9744   
56.2228   107.564   63   51.9711   81.3204   108.227   11.1803   82.3772   61.2944   91.7061   63.2851   28.6531   87.2067   97.2522   60.8112   56.8859   34.5398   39.1152   83.006   60.2163   61.2046   0   64.8262   56.7759   125.889   63.76   87.2851   103.828   120.585   78.3361   84   111.691   55.7612   83.4575   125.075   57.3625   103.33   113.673   58   126.473   106.576   88.6003   105.152   45.3209   91.516   88.4983   98.2503   110.346   116.479   109.268   
8.06226   59.5483   36.2353   22.0227   52.811   59.5399   37.8021   58.6003   39.9625   53.0848   14.8661   26.1725   68.0955   66.888   15.2971   24.0832   17   25.02   51.8652   21.587   48.1041   48.8262   0   39.2361   79.1455   42.1217   38.8661   57.2675   75.6393   65.4786   74.3997   75.42   55.7569   50.1084   77.2372   52.9285   84.8387   65.8355   41.1623   82.5166   60.0985   48.257   63.6488   52.0644   47.541   55.8888   52.7361   77.9016   72.8635   65.6524   
26.9258   78.2432   35.1141   33.2415   66.3702   76.6094   21.1896   70.6116   35.8469   70.214   31.8904   20.6155   78.7464   69.6419   33.6155   26.0768   2.23607   12.7279   54.5711   37.3363   55.0091   32.311   18.868   0   96.4361   53.3406   55.8904   75.0328   88.2811   73.5428   79.2993   91.0492   50.8782   63.6905   95.9112   54.6433   97.857   84.699   26.3983   100.729   77.1229   65.0408   72.8479   42.6586   59.2123   57.6949   67.1135   80.9741   91.1819   83.9708   
54.0833   12.8062   70.0071   66.0984   67.2681   8.544   99.2018   75.71   76.3217   48.7032   47.4236   85   85.8662   72.4431   50.9902   64.1405   77.1557   79.6492   66.2722   56.3205   84.0952   110.209   61.4003   79.3095   0   86.1688   64.2311   45.1868   42.7386   98.507   104.14   66.9902   100.685   68.7615   34.8062   100.221   99.2959   41.0294   97.7255   43.8893   39.3132   63.1276   77.208   103.646   67.8803   71.9606   49.5261   83.5525   43.7346   48.3645   
24.6982   64.846   60.8276   5.09902   34.0588   72.1803   40.5216   37.4833   64.0312   43.0465   34.7851   20.2485   45.5412   91.526   22.0227   48.7955   32.8938   44.7772   76.6094   14.8661   23.3452   48.7545   24.8395   33.2415   71.1688   0   58.7851   65.3022   92.0608   46.0217   48.4215   66.4091   35.9814   45.3529   80.0006   33.1529   65.7773   70.5846   54.9285   81.9915   67.7875   45.3197   88.4883   41.4391   72.3805   72.9017   54.672   102.741   71.9979   64.7868   
19.105   43.0813   33   38.8973   60.208   37.6431   59.9416   67.8823   39.0512   52   9   49.6488   78.5175   52.4976   22.3607   24.0416   36.8917   38.4187   39.4462   32.249   64.405   71.1196   23.5372   39.1152   41.2311   43.4166   0   46.0689   59.9848   82.3531   90.7006   71.732   71.4325   53.6816   62.9444   75.7792   92.2357   53.3111   59.3196   70.0999   45.2488   50.405   53.2295   73.0999   33.8661   34.1245   36.8035   70.496   60.0999   58.1096   
34.2053   17.8045   62.0322   42.5441   44.9444   27.4591   79.2086   53.4883   68.1175   29.0689   31.0161   63.0079   64.0781   76.0592   29.0689   52.7731   59.0762   64.4748   65.521   32.6956   60.0083   89.8276   42.2019   61.0328   24.1868   47.5395   29.0689   0   61.622   73.4347   82.5674   53.3017   77.06   43.296   33.105   76.3253   76.9722   31.0623   73.9313   42.7697   32.2111   37.2132   75.0406   79.7504   54.7922   59.4166   25.6301   87.857   38.0312   36   
51.3517   35.7771   52.0096   69.1158   80.9506   16.2788   92.3093   89.4427   58.0086   65.6049   41.7732   82.5651   100.185   48.0416   52.0384   49.8197   68.942   67.6757   43.6807   60.531   92.1954   103.47   56.5155   71.1758   24.7386   74.0608   32.9848   36.6197   0   107.146   116.437   84.4262   103.006   76.7323   52.4824   105.006   112.978   54.2105   84.6408   66.8601   55.4109   71.0833   51.6431   105.873   49.0689   56.5576   57.4969   58.0465   66.7055   67.1041   
45.607   71.7008   83.6301   25.4558   21.2132   84.214   58.0345   19.3132   87.0057   39.3573   54.9181   38.4708   24.0832   113.23   40.3113   71.5052   55.4617   67.5352   98.5951   30.4138   3.60555   63.5059   47.4236   55.5428   81.0247   23.0217   62.6498   57.0088   89.7385   0   28.6301   56.4382   50.0868   45.4138   89.2499   48   41   84.0833   72.7062   85.9083   82.2401   55.2215   111.072   52.8626   94.931   93.9917   68.6488   124.007   75.9083   73.4288   
56.2228   79.0569   94.1754   36.0694   24.3516   92.9139   65.7647   18.6011   97.4526   44.3847   65.4599   47.1275   18.0278   123.847   50.774   82.0731   65.3682   77.5242   109.225   40.8167   10.2956   70   58   65.2993   89.1403   33.4215   73.0616   65.4905   99.3277   10.6301   0   64.2385   52.5941   56.044   94.1581   54.1204   38.2638   90.9894   83.3363   93.7033   89.2585   64.3469   121.649   59.5526   104.367   104.607   74.9406   134.623   83.7783   76.5672   
52.0096   38.6264   89.2693   45.31   21.9317   57.4543   88.3912   28.6356   94.7259   6   55.109   68.4471   37   108.407   44   78.0897   74.8131   84.0952   96.6644   38.833   46.0435   97.0464   59.0762   76.1183   50.9902   48.3011   57.5847   33.3017   69.4262   42.4382   46.2385   0   74.8164   50.1006   54.9473   73.4023   53.9595   50.805   90.833   51.1448   56.8174   44.0179   108.342   82.3702   88.0938   91.1561   52.5296   120.256   41.6982   37.4009   
38.3275   80.1124   69.6348   20.6155   41.6293   87.6641   35.2278   41.9762   71.7008   55.2268   48.5077   17   47   102.421   37.1214   58.3095   37.4833   49.5782   87.2353   30.3645   21.0238   40.4475   36.0555   36.8782   86.6833   15.5242   57.4282   62.9682   89.0056   23.0868   30.5941   59.8164   0   56.7151   95.5171   24.8284   64.0868   86.083   57.3113   97.508   81.4463   60.8181   99.7043   27.4403   83.5965   86.7122   70.1885   112.607   87.5144   80.3033   
23.7697   43.6578   63.1585   17.6918   25   54.0093   59.9416   32.5269   68.0074   23.5372   29.6816   40.8044   43.1856   87.7838   15.8114   51.264   45.3982   55.0091   74.2024   9.48683   33.1361   69.3397   30.0666   46.6905   51.4782   22.0227   35.3553   27.2947   59.4811   30.4138   39.8497   29.4279   36.7151   0   60.3997   55   57.0278   52.9445   60.0977   63.134   51.1013   24.0828   86.1931   57.6893   69.2096   67.0882   38.2354   96.3941   53.414   46.2029   
53.1507   2   76.6877   60.9016   56.0803   22.2036   98.2904   64.2806   82.9759   36.4966   48.8774   82.0061   73.9797   83.9524   48.1664   68.9493   77.801   82.365   76.1052   51.1077   75.3127   108.931   61.0737   79.8123   14.1421   65.7647   44.9444   19.105   37.5766   72.0069   79.1581   37.9473   80.9568   44.3847   0   93.2943   86.8779   29.4018   92.2006   32.2956   33.7883   54.4838   89.2196   98.8554   73.8971   78.5216   44.7351   94.2955   32.9284   33.0263   
36.6742   77.4726   69.2026   18.2483   39   85.3288   37.054   39.6232   71.5052   52.4023   46.8722   18.0278   45.0444   101.597   35.0143   57.6888   37.6431   49.8197   86.4523   27.8927   19.2354   42.7551   34.9285   37.2022   84.2021   13.1529   55.7315   60.407   87.0057   21   29.1204   57.0088   2.82843   34   78.2943   0   61   83.6112   56.3609   92.262   80.779   58.0828   98.5773   30.2687   82.4695   85.059   67.8213   110.713   82.2685   75.0574   
64.0703   72.5672   103.774   46.6154   18.0278   89.5377   83.0241   9.89949   107.912   35.6931   71.7008   63.2851   2.23607   130.177   57.0088   91.586   78.7464   90.4765   116.387   47.4342   27.1662   88.3629   68   79.1202   84.2021   45.8803   77.7817   62.6498   98.8838   25   19.6977   35.0143   48.0416   42.4264   72.1803   46   0   84.3428   96.7396   86.1591   86.7782   62.3   127.539   75.482   109.75   109.515   73.0762   138.794   76.7125   70.2433   
41.7732   9.89949   66.6108   50.5668   50.448   21.9317   86.977   58.9406   72.8354   32.6497   37.5899   71.0282   69.2604   77.1622   37.0135   58.2409   66.4003   71.1196   67.897   40.7185   67.1863   97.6729   49.679   68.4105   17.0294   55.5428   34.2053   8.06226   33.9706   64.0703   72.111   35.805   70.9366   34.9285   11.4018   68.352   67.6757   0   80.4599   37.1108   32.0623   44.8617   76.1691   87.8126   62.8544   67.0106   33.6924   88.1688   32.4164   36.4222   
24.6982   75.213   30.4631   34.2053   67.082   72.6223   25.9615   71.8401   31.6228   69.4622   28.3196   24.6982   80.4114   64.846   32.0156   21.095   3.16228   9.84886   49.7293   37   57.4543   37   16.7631   5   75.6637   34.9285   35   58.3095   66.6408   57.7062   67.7422   75.4255   40.3113   46.0977   76.844   40.3609   80.6536   65.4599   0   97.9178   73.552   65.0201   73.0501   46.6228   58.2938   56.6742   65.3011   75.9923   87.9178   82.371   
57.4543   12.083   84.7172   61.8466   51.3517   32.45   101.671   59.0762   90.934   31.1448   54.7814   84.1487   68.0661   93.8616   51.4004   76.1577   82.4924   88.2383   85.4751   52.4023   72.7324   111.946   65.5134   84.3801   24.2074   66.4003   52.1728   23.7697   47.8539   69.2604   75.3127   31.1448   80.9938   44.4072   10.2956   78.2304   66.1211   18.1108   81.8841   0   43.1725   60.9829   94.2799   100.504   78.5619   83.1863   49.3999   104.379   33   41.2047   
35.4683   17   58.5491   46.8402   52   21.0238   80.8084   60.5392   64.7765   36.2353   30.2324   65.8635   71.1758   70.0071   31.7648   50.2892   59.5483   63.6318   60.208   37.108   66.0681   91.6788   43.1393   61.6198   19.3132   51.923   26.2488   7.2111   29.4109   63.1981   72.0069   40.3113   67.4463   33   18.7883   65   69.7782   8.06226   58.4123   26.1725   0   44.4243   69.5711   85.3104   50.0555   60.3733   32.8412   87.4574   40.4787   33.4165   
24   37.6962   61.9839   22.8035   28.3196   48.0416   63.8122   36.4005   67.1863   22.0227   27.8568   45.3431   47.2017   84.6463   16.0312   50.448   47.5395   56.2228   71.5612   13.4536   39.0512   73.6003   31.257   49.0408   45.3982   27.4591   32.2025   21.2132   54.0833   36.2215   45.3542   28.0179   42.4853   6.08276   38.4838   39.8121   46.2277   28.8617   47.8539   39.0512   27.0185   0   85.432   61.4533   66.0686   66.327   33.6015   102.4   49.0689   43.9317   
50   68.1836   21.587   70.4557   95.1315   52.6118   74   102.65   25.4951   86.3539   41.0366   72.8011   113.172   17.6918   55.9017   28.4429   52.6118   45.0444   6.08276   65.8559   96.8349   84.1487   49.6488   54.4518   60.208   74.0945   35   60.0833   37.6431   95.6033   106.212   91.6788   85.4927   70.1783   70.1783   84.5281   112.539   62.1691   49.4975   79.6304   54.5711   67.2012   0   93.5213   37.2485   46.105   70.8243   32.4018   94.5855   87.9875   
35.3553   82.1523   61.7738   22.6716   50   87.2812   25.02   51.3517   63.2456   61.2944   45.0999   7.07107   57.0789   95.462   36.4005   51.0784   28.6007   40.3609   80.2309   32.2025   31.257   31.3209   31.0644   27.6586   87.3212   18.4391   54.0833   64.4981   86.7006   33.0151   41   66.3702   10.4403   40.3113   83.2166   12.0416   58.0086   72.5603   31.6228   84.5044   68.0294   45.4533   79.0569   0   78.6055   83.386   71.1202   105.889   89.5705   82.3594   
31.7805   51.3517   24.1661   52.3259   75.0733   39.8246   65.2534   82.7345   30.4631   66.1891   21.9545   59.0762   93.3488   37.6431   36.6197   20.8087   41.9762   38.9487   25.0799   46.6154   78.3901   76.243   33.541   44.1475   45.8803   56.4624   14.8661   40.7922   29.0689   76.8505   87.367   71.5891   69.3758   50.2096   53.3385   68.0074   92.6337   44.0114   39.2938   62.0081   36.0555   47.0106   20.2485   64.4981   0   29.6056   51.6696   46.241   74.4358   69.472   
31.3847   54.5894   20.6155   51.9711   76.0592   43.4166   62.5859   83.5464   26.9258   68.0294   22.0227   57.3149   94.0691   36.7696   36.8782   17.4929   39.4588   35.7771   23.3238   46.8615   78.2304   73.4983   32.28   41.5933   49.3964   55.9017   16.1245   43.4166   32.5576   76.844   87.4185   73.5391   68.3081   51.0882   56.5685   67.0671   93.4345   47.0106   36.6742   65.0692   39   48.2597   19.105   62.9682   3.60555   0   52.928   49.8465   76.2244   72.4165   
23.8537   28.4253   55.3263   32.573   41.0488   35.0571   68.6222   49.3964   61.131   29.5296   22.2036   52.4309   60.208   73.7835   18.4391   45.0111   48.8774   55.0273   61.7414   22.8035   52.345   79.2086   31.9061   50.774   33.5261   37.6431   22.8035   10.6301   40.4969   49.6488   58.9406   34.9285   53.1601   19.2354   29.7321   50.6952   59.0762   18.6011   48.3011   33.6155   14.3178   13.6015   56.8243   54.1202   36.6742   38.6264   0   82.9152   43.4465   36.2354   
61.4003   76.2955   30.0666   81.8413   106.301   59.0085   83.2947   113.899   32.249   96.8969   52.4023   83.4865   124.459   6.40312   67.2681   38.8973   62.8172   54.231   10.0499   77.2334   108.227   93.0215   60.9016   64.5368   67.1193   85.44   46.0977   69.857   43.0465   107.005   117.614   102.083   96.6075   81.3941   78.2624   95.7131   123.794   71.1688   59.6657   88.0738   63.9062   78.2432   11.4018   89.8888   31.241   30.4138   67.4166   0   103.585   97.3227   
48.3011   13.9284   78.0577   51.8556   43   33.4215   92.0054   51.0882   84.1487   23.1948   46.5725   74.2496   60.6712   90.4765   41.8808   68.7314   73.3553   79.712   80.8084   42.45   63.3246   102.176   56.356   75.1798   26.4197   56.4004   45.0999   16.0312   47.0106   59.9083   66.4831   24.6982   71.0211   34.4093   13.3417   68.2642   58.8558   13.4164   72.9178   10   20.6155   29.0689   75.1864   74.5185   56.4358   59.2115   24.6982   84.4334   0   28.2111   
42.1545   19.0263   74.0608   44.6878   37.2156   36.2353   85.2115   45.5412   80.0062   18.3848   41.4367   67.2086   55.5428   89.0505   35.3553   64.1249   67.1193   74.0405   78.4474   35.3553   56.5155   95.268   50.1597   68.8767   30.3645   49.2037   41.1096   13   48.1041   53.1507   60.1332   21.4009   63.8122   27.2029   19.0263   61.0574   53.8516   14.4222   66.8506   17.2047   19.4165   21.9317   73.0548   67.3573   53.6004   56.0892   19.2354   82.8553   7.2111   0   
