15
50
999999 12 13 12 8 12 8 7 5 7 16 16 16 9 6 17 13 10 7 6 5 14 10 9 5 16 12 6 9 16 6 5 13 15 16 11 10 14 9 14 11 6 17 6 5 6 7 12 17 7 
0 7 8 11 2 6 4 2 1 4 5 9 9 6 1 15 12 8 3 4 2 3 1 1 2 3 5 3 6 5 3 4 7 9 8 9 2 13 5 1 3 4 3 4 1 4 1 6 12 2 
20
0   0   0   0   0   0   0   0   0   0   0   0   0   0   0   0   0   0   0   0   
8   -6   10   -6   6   -8   8   -11   9   -2   7   -4   11   -7   9   -11   7   -5   11   -5   
-8   13   -7   9   -6   4   -3   -3   -9   5   -3   2   -3   5   -6   3   0   12   0   0   
4   -10   7   -6   10   -1   9   0   1   -7   3   0   5   -4   4   -11   4   2   9   -3   
-2   5   -4   5   -5   5   -3   2   -2   3   -4   3   -4   6   -3   4   -6   1   -4   3   
8   -7   5   0   1   5   6   -7   5   -5   5   -1   8   -4   9   -6   6   -5   3   -3   
-3   2   -2   3   0   0   -2   -1   0   1   -2   0   -2   0   0   2   -3   -1   0   -1   
-6   2   -4   4   -4   6   -4   5   -5   6   -3   3   -3   3   -2   5   -3   4   -6   3   
2   -2   1   -2   2   -2   1   -1   1   -3   1   -2   0   -2   2   -1   1   -1   2   -1   
3   -1   1   -3   2   -3   2   -1   3   -4   4   -6   2   0   3   -4   0   -2   2   -2   
0   4   -4   9   -11   11   0   13   -12   9   -6   2   -2   6   -11   13   -12   10   0   6   
9   -3   6   2   5   -2   11   -6   5   -7   7   -7   9   -1   -1   -6   9   -3   14   -13   
0   -6   7   -8   10   -4   12   2   -3   3   9   -7   4   -3   2   4   6   -5   2   -4   
4   0   3   -6   0   4   0   -6   2   -3   0   -2   0   -9   6   3   6   -2   5   -1   
-3   2   -3   0   0   -1   0   1   -2   0   -3   0   0   0   -2   -1   0   2   0   2   
0   5   -10   10   -13   15   -9   11   -8   9   -10   4   -11   9   -10   5   -11   8   -7   3   
-8   8   -3   6   -8   12   -5   9   -2   12   -8   10   -2   12   -5   3   0   6   0   5   
-4   2   -2   6   -5   9   -8   1   -4   8   -2   1   -7   4   -8   3   -8   2   -5   5   
0   -1   -1   1   -1   0   1   -2   -2   1   -1   0   1   1   0   1   -1   3   1   2   
2   -5   -1   0   0   -1   0   0   -1   0   2   0   1   -1   2   -1   3   -1   4   -1   
0   0   -1   1   1   0   0   1   0   0   0   -1   -1   -2   0   0   0   -1   0   1   
1   1   2   4   -5   3   -10   -2   2   9   -7   6   -4   8   -3   11   -5   3   0   8   
3   -8   5   -4   7   -5   4   -6   5   -6   7   -3   1   -8   8   -5   6   -4   6   -10   
-5   6   -4   4   -7   7   -2   0   -4   1   -3   5   -4   4   -5   1   1   3   -3   3   
-3   4   -2   2   -1   2   -3   4   -1   2   -3   3   -3   3   -3   2   -3   4   -2   3   
-6   6   0   4   -1   4   -7   5   -5   5   0   6   1   4   -7   1   -9   1   -2   3   
-9   9   -1   10   -8   5   -10   11   -12   9   -10   6   -9   7   -4   3   -6   7   -9   8   
0   3   -1   3   -2   2   -3   3   -4   2   -2   3   -1   0   -3   1   -1   1   -1   2   
-2   2   -6   7   0   0   -2   0   0   1   -4   3   -5   -1   0   1   -5   0   -5   -1   
-5   1   -6   6   2   2   -9   1   -3   5   -3   3   -6   5   -8   7   -10   -1   -11   6   
5   -6   4   -1   3   -4   2   -3   3   -3   2   -2   2   -3   1   0   2   -2   0   -4   
2   0   2   -1   3   -1   1   0   2   -2   2   -1   1   -1   2   -1   2   -1   1   0   
-4   7   -4   7   -8   10   -5   11   -11   5   -10   7   -8   10   -8   6   -9   8   -3   2   
-14   6   -4   10   -14   7   -13   5   -13   10   -10   3   -14   -1   -12   10   -5   11   -12   2   
-5   5   2   4   -8   6   -4   5   1   8   -4   4   2   8   -4   0   -7   1   -3   9   
-6   4   -4   5   -7   2   -6   5   -7   0   -4   4   -4   4   -4   3   -4   4   0   7   
8   -2   10   -1   6   -1   8   -4   8   -10   3   -2   10   -8   7   -9   7   -3   2   -10   
-5   10   -9   10   -1   11   -8   2   -4   -1   -10   9   -6   6   -8   7   -2   0   -4   8   
-7   2   2   -2   0   7   0   5   0   2   -3   4   0   2   3   6   -4   5   1   3   
-10   8   -12   5   -12   7   -8   6   -11   6   -9   9   -11   9   -10   9   -7   13   -11   12   
6   -5   5   -8   8   -5   3   0   9   -2   2   -8   4   -7   6   -6   3   -5   11   0   
0   -1   -2   -1   0   2   -2   -1   0   0   0   0   -2   -1   -1   0   2   0   -2   0   
-1   7   -5   -3   5   7   -7   -4   2   5   -1   -3   0   4   1   9   -5   -5   4   4   
1   0   -1   -3   2   -3   2   0   3   0   1   -3   4   0   5   -4   6   -3   5   0   
-1   2   0   0   -1   2   0   0   0   0   0   0   -2   1   0   0   0   0   0   0   
-2   1   0   -4   0   -3   3   2   4   -1   4   -1   4   -2   -1   -2   3   -1   0   2   
3   -4   2   -1   3   -2   3   0   4   -2   3   -2   -2   1   2   -1   1   -3   5   -4   
2   -10   6   -2   4   -5   5   -5   6   -3   1   -3   11   -4   1   -5   3   -1   7   -8   
5   -10   -4   0   9   -14   4   -4   0   -15   6   0   1   -11   8   -3   6   -6   9   0   
6   -5   4   -3   3   -6   4   -1   2   -2   4   -3   4   -5   4   -1   2   -4   5   -1   
0   69.9071   48.102   62.618   64.0918   34.8661   63.93   59.4849   42.2485   70.9089   62.1774   67.9001   67.8691   46.946   56.0694   49.8859   34.0312   58.0512   49.9292   67.8722   67.0471   61.7551   55.7094   29.3137   50.0156   47.5539   62.7027   55.9487   47.5707   70.2782   69.1962   67.7772   33.2462   64.1045   68.8389   61.8543   82.6526   54.4692   78.9016   30.4536   65.448   70.4023   45.4138   47.2982   44.105   92.0357   82.9682   89.6553   58.566   63.634   
47.8017   0   38.6982   108.142   111.893   65.2382   93.7094   78.8973   54.6586   64.5643   77.751   36.6918   109.895   85.7248   87.2999   64.0894   81.8329   48.0185   77.4138   29   67.3667   40.3776   66.0106   64.4166   83.3238   74.7043   100.434   95.4072   53.8973   114.44   72.9406   55.598   78.3927   107.167   94.5782   100.8   54.3509   68.6727   50.2278   74.6154   54.5296   101.467   59.6173   87.6384   59.4072   53.0526   116.443   51.0606   82.0364   109.973   
25   24.6982   0   87.618   89.0918   42.4131   81.8431   68.6816   30.2195   56.9751   67.5354   53.5136   92.8691   64.0435   75.7255   44.6853   59.0312   44   52.609   42.8473   58.025   32.7883   50.5088   40.7883   63.9197   63.1299   80.0004   77.9839   43.6816   88.8241   62.6842   58.5933   53.1603   89.1045   82.5059   78.5862   69.3104   49.2686   72.0768   55.4536   58.6232   89.8923   40.2132   72.2982   47.8329   77.7508   96.3095   73.7695   52.054   86.2873   
45.618   93.0484   68.9638   0   44.7883   80.2014   78.561   81.082   80.7951   100.842   88.793   109.25   51.3824   55.6356   68.7844   84.9346   57.6497   100.801   63.7214   108.077   91.3692   97.863   82.7314   66.448   61.6807   68.5612   49.609   59.4444   87.8781   29.0333   89.8947   99.8646   64.8044   41.0868   64.8365   53.2053   125.041   91.7765   124.52   57.5261   111.066   83.6504   86.0079   50.7567   84.0517   137.654   90.3348   132.615   87.2193   45.2485   
49.0918   96.3379   74.0608   18.7883   0   71.9272   65.6687   72.7719   85.3246   118.888   81.3259   103.042   35.7809   67.2106   53.0288   97.857   52.5593   96.0252   76.6975   112.32   108.804   105.137   101.52   77.6581   77.8014   60.1175   68.3973   41.6271   79.4344   47.8216   107.894   95.7265   67.9353   25.4853   61.3553   71.4411   122.301   98.896   119.488   61.6079   106.321   65.2719   94.5056   42.313   77.5428   130.018   80.9741   126.119   97.6241   54.9487   
14.8661   41.0122   24.4131   57.2014   56.6127   0   58.5206   48.5291   38.6525   76.959   50.5143   55.4614   67.0377   57.8634   51.311   57.3823   46.6982   45.6125   56.8191   62.3038   74.5435   57.2014   63.2058   36.2036   64.8817   39.128   77.5687   54.3192   33.0505   83.5282   77.6083   43.9666   45.0868   71.5908   59.002   76.7203   69.9073   61.9655   70.2764   45.3197   57.7967   64.1699   52.9102   52.0621   23.831   73.8511   74.1543   67.448   73.4321   78.5001   
49.93   78.5493   66.8431   63.561   50.0899   42.5206   0   33.1245   73.8222   119.247   43.1948   82.8321   54.4935   89.1112   39.1462   99.8159   63.2508   74.3667   96.6606   98.1233   116.402   99.6314   105   78.7242   95.1202   51.4131   101.426   41.0856   57.8121   92.5943   119.126   71.0111   76.9017   58.1545   31.8661   100.012   95.2809   104.399   91.2604   75.0273   78.0762   25.544   95.3438   55.1321   53.0135   94.5381   28.0384   98.1126   108.496   103.057   
41.4849   63.0714   53.8145   67.082   57.3847   30.5287   16.1245   0   67.5068   107.488   24.6023   61.1275   65.7973   81.4854   44.799   87.8263   54.3192   53.3631   87.3478   79.8845   104.987   86.6028   93.6498   66.7323   88.9932   40.1108   102.47   50.1448   51   95.4114   108.052   48.0172   69.8365   71.9183   47.9906   101.056   71.7235   92.4095   67.6004   71.9386   65.0116   41.6685   83.3542   52.5398   46.6982   75.0167   44.1629   77.3263   100.051   102.31   
20.2485   27.6586   9.21954   65.7951   68.7314   15.6525   57.8014   44.5982   0   60.8722   58.4185   49.2074   82.6902   64.2597   66.9635   52.6324   54.2797   39.7697   57.2166   41.074   65.3839   42.0078   56.855   36.6011   59.9535   54.7805   78.6637   69.9717   42.5913   90.0539   67.3927   51.0147   44.807   82.6585   74.6544   77.2495   67.9305   57.2156   67.1534   50.7021   61.5398   79.7694   48.1603   63.0116   39.4834   66.6972   85.8398   64.3249   61.2736   79.8559   
55.2178   45.0111   37.7359   86.8332   98.3717   60.959   103.247   91.214   46.8722   0   105.271   78.0339   118.884   73.3123   104.907   42.1359   85.4041   80.146   57.1905   62.651   40.0384   45.1868   41.0907   60.6001   59.1814   96.9388   75.0381   110.314   81.4176   100.289   39.4391   94.8332   68.7898   109.705   114.413   75.6912   99.362   37.0907   95.2389   74.3889   88.1803   123.768   41.4951   99.7559   81.7083   98.0637   131.286   96.0717   46.561   98.1665   
45.1774   59.3633   53.535   74.793   65.7951   32.28   23.1948   8.60233   44.4185   91.2688   0   60.4985   71   89.6982   44.3196   89.6623   62.9114   50.6497   89.0992   80.6117   106.556   86.1783   95.1542   68.4836   93.2245   41.6982   104.773   58.7471   43.8537   103.826   109.888   48.3607   69.0377   79.3149   52.7567   105.627   65.1597   94.2456   61.0977   74.2268   63.4966   48.7388   85.1902   61.1422   52.6833   71.4135   51.2332   65.0104   103.743   107.023   
42.8019   17.6918   27.5136   87.983   87.9204   31.3847   63.0635   47.1275   24.2074   59.0339   42.4853   0   98.1865   85.0928   76.6493   67.9711   73.9017   35.8489   80.1226   34.8087   85.0585   58.0694   75.8034   60.8085   84.1609   64.0537   97.8339   84.7567   45.02   113.08   84.0643   41.2951   69.0144   94.3758   83.9277   96.4197   41.5325   74.5631   37.4094   73.2555   27.1529   88.6075   65.5077   74.7289   48.7567   48.7638   91.1019   42.3607   79.5676   104.063   
49.4773   94.0053   73.9797   32.7567   15.0333   53.0377   36.6197   46.4004   67.1863   102.883   55   83.1865   0   69.0209   45.9258   96.0264   53.9612   90.1864   81.4105   108.26   111.642   106.768   100.96   76.1597   83.5184   57.8657   81.3789   36.6525   79.4637   61.79   112.275   87.0902   66.1597   27.2956   43.6274   85.9619   116.687   97.5132   113.887   59.7772   100.433   47.9666   94.8911   43.3311   75.4876   119.485   61.3244   113.082   108.043   69.982   
29.0689   70.7248   46.0435   28.6356   42.72   43.8634   69.4262   66.0303   45.9674   58.3095   71.5681   70.0928   51.6624   0   68.7368   53.2732   42.1662   81.7105   33.7037   86.0165   62.9658   74.8705   55.3084   45.095   29.2315   67.0481   33   64.6588   69.8801   54.4465   68.3461   87.8301   35.095   65.7253   73.2451   35.0333   111.262   52.2215   107.502   36.4924   94.0569   83.6222   58.3553   61.7351   61.4342   112.665   97.4646   110.292   62.6431   44.2485   
36.0694   72.1803   56.356   48.7032   37.6431   32.311   16.1245   19.799   47.927   90.9065   28.3196   59   26.9258   53.3667   0   85.9553   46.5707   65.7778   75.6643   89.001   102.557   89.1443   91.4199   63.3814   79.2355   32.6491   83.3112   26.4018   49.0147   77.7365   103.644   67.8162   55.0488   50.2062   23.2801   81.897   91.5225   90.5386   87.3994   59.3954   74.4637   38.4012   81.4832   43.0278   54.8927   91.1622   44.1629   93.33   94.6354   80.1981   
34.6554   43.909   25.02   65.192   76.243   43.382   84.2021   73.8241   32.3883   22.1359   75.3923   51.9711   80.9506   37.0135   70.7248   0   64.9772   69.0091   36.2132   61.2231   35.2327   43.7588   23.831   39.3452   40.0416   77.8164   61.0464   90.6041   68.7016   79.5153   39.2235   83.403   52.7668   88.6154   94.0049   61.6995   93.3095   23.099   89.1864   58.3659   79.1241   102.046   25.4721   81.2495   67.213   96.9616   112.241   94.3318   31.0416   69.3173   
16.0312   63.1506   41.0122   32.6497   33.2415   24.6982   42.45   39.3192   35.5106   69.3542   45.607   55.9017   33.8378   27.1662   26.5707   47.7074   0   68.2195   52.6699   76.514   80.0312   73.8005   71.0094   45.3449   51.1214   38.2132   59.1045   50.4962   54.6554   61.683   83.082   66.4976   37.6433   49.074   49.8508   62.1995   92.6056   68.8197   91.8284   40.0384   81.4792   64.9719   61.445   35.6301   48.5291   95.4031   70.4884   89   72.4518   66.4969   
39.0512   27.0185   30   82.801   81.0247   25.6125   53.3667   37.3631   23.7697   65.146   32.6497   9.84886   75.1864   67.6757   50.1597   55.0091   50.2195   0   76.2448   43.6985   88.025   62.7883   78.0333   55.6293   82.4831   55.833   96.4125   76.5615   37.7631   109.141   90.1578   32.0384   68.5767   92.3591   73.0351   98.0062   43.8819   74.0333   39.7588   69.5049   30.4018   78.9107   70.2132   72.7122   46.4951   47.1448   80.3246   47.8395   82.0298   102.685   
28.1603   59.4138   35.609   44.7214   57.6975   42.0476   76.1577   69.4262   38.4838   42.19   73.3348   62.2656   64.8151   16.1245   60.8276   21.2132   34.6699   62.0322   0   70.7274   49.3124   64.1686   39.0998   44.4721   19.4721   70.5686   47.2603   78.9217   73.4006   67.4033   51.2243   86.0142   38.6155   75.4707   84.1077   46.4009   103.798   35.0998   99.675   40.6333   88.0068   92.026   42.2485   70   65.0106   105.181   104.196   102.809   45.9317   57.2053   
46.8722   4   22.8473   91.7061   95.7549   41.3038   80.1124   64.8845   27.074   41.0122   61.6117   20.8087   94.0479   68.6003   73.0068   40.4969   62.514   29.6985   56.7274   0   70.4773   38.4642   61.382   62.6293   76.1996   76.4152   99.5167   95.623   57.8973   111.671   69.0818   59.5206   71.8809   104.654   96.287   98.1025   55.6596   63.5959   54.2278   77.3258   47.9616   100.377   62.4187   85.0071   63.4072   57.0526   105.302   52.054   68.4296   103.837   
51.7397   53.3667   40.025   77.3692   90.471   60.4152   101.4   90.9175   48.3839   13.0384   92.1954   65   96.566   48.7647   87.7838   17.2047   64.0312   69.5845   32.8938   49.4773   0   52.0288   25.4018   56.5499   49.7414   93.077   63.5259   104.154   83.7066   89.2293   30.831   98.6183   64.928   102.266   110.284   64.3959   105.137   34.1803   102.409   65.8652   92.1529   119.251   37.6333   92.2495   84.2462   106.419   129.439   101.531   27.1803   79.0312   
42.7551   21.3776   18.7883   83.863   91.1373   43.0465   85.2115   71.5052   27.4591   24.1868   70.1783   34.9285   92.1954   57.8705   75.1332   24.7588   58.6941   41.6293   43.8292   17.4642   32.0156   0   48.5898   59.5766   61.5079   81.9182   85.8052   96.7722   62.4699   101.331   51.6431   73.6677   68   101.44   98.4133   86.4584   71.1402   47.8579   71.6054   65.0392   62.0814   107.216   48.8537   90.0533   66.6212   74.3043   113.25   69.5183   55.6699   93.6209   
40.3609   47.0106   30.0666   68.7314   80.6536   49.1935   90   79.6492   37.855   18.1108   81.1542   56.4358   85.9593   40.1995   76.4199   5.83095   53.0094   60.0333   24.0832   43.382   11.4018   26.6271   0   45.1762   43.5553   82.3536   58.8642   92.2694   73.7482   84.1333   40.5602   88.6599   50.4005   94.4464   99.7   57.45   97.7672   27   93.8452   63.1825   83.5888   107.877   31.3031   83.6003   73.0244   100.063   118.038   95.436   33.0623   74.4282   
11.3137   43.4166   18.7883   50.448   57.2189   22.2036   61.0328   51.6236   18.6011   44.1022   54.3415   42.8019   59.4643   27.6586   47.3814   23.3452   25.632   41.6293   20.6155   41.6293   40.4599   34   29.0689   0   40.0877   53.6197   56.9625   66.8688   52.0151   71.6154   57.2798   66.1703   25   73.1728   70.6615   56.6611   82.5055   46.4443   80.2113   38.1172   69.9548   81.7024   42.105   58.6119   46.0346   85.2983   89.0712   78.8999   46.6497   67.8017   
32.0156   63.6396   40   43.6807   57.8014   46.1736   79.1202   72.9932   42.9535   44   77.1622   66.7308   65.8559   15.2315   63.561   24.0416   37.1214   66.4831   4.47214   60.8769   33.7343   47.5079   26.0768   25   0   72.7853   41.2047   75.8547   75.9718   55.1096   54.311   90.1402   41.1868   78.5666   86.5846   44.4929   107.505   39.5719   104.14   42.1661   92.479   96.4981   45.7065   72.7516   69.4828   109.651   107.159   103.9   47.561   55.4006   
25.5539   59.6825   43.909   50.4777   43.8292   19.6977   24.4131   18.1108   35.3412   79.2465   24.6982   47.1699   36.4005   48   12.6491   59.8164   21.2132   38.833   52.4976   60.4152   77.0065   62.6498   65.6049   36.6197   55.7853   0   78.4221   39.0509   40.2036   79.511   93.8995   55.3593   47.9531   53.5106   35.9292   77.0079   82.7149   80.0231   78.5918   56.0075   69.2347   49.9571   70.9677   42.8045   38.2971   85.9778   52.4515   86.6725   83.2693   84.4003   
43.9659   80.6598   56.6392   35.609   53.0754   58.8218   85.1587   82.0244   58.5235   58.8558   87.4643   82.662   64.3506   16   69.0507   40.7185   43.1045   81.4125   21.2603   77.9872   47.0956   64.6607   41.7612   39.9625   17.2047   64   0   80.6588   85.5195   43.9181   62.0454   102.788   51.095   75.7795   89.2451   24.4142   122.468   56.36   120.071   50.249   109.267   99.6222   55.8167   74.1957   77.4342   125.221   113.197   118.862   59.3456   33.72   
38.9487   80.2247   61.9839   39.6232   26.6271   39.3192   24.0416   31.1448   54.3415   94.0319   39.6989   68.3593   15.6525   49.6588   11.4018   72.8011   25.4558   60.0167   59.8164   80.6226   89.3756   80.6536   78.2432   49.93   61.8547   21.2132   64.5136   0   60.4165   68.6565   105.521   76.5725   59.8688   33.3576   25.2195   83.8761   100.168   91.874   96.4174   57.2968   82.9638   47.025   82.8186   33.8661   52   102.564   52.08   104.709   96.5796   81.5757   
26.5707   38.8973   29.6816   67.2681   64.405   11.7047   39.8121   25   20.5913   67.4166   23.8537   25.02   58.4637   55.5428   34.0147   52.2015   34.6554   16.7631   53.3385   40.3113   68.7095   46.669   57.8705   33.0151   57.5587   22.2036   70.5195   43.4166   0   91.4661   87.984   40.3576   56.7915   74.7683   57.2948   85.758   60.1305   73.6702   56.3794   54.3573   42.9258   65.3561   64.6149   55.1214   31.2195   63.8722   67.8505   64.6025   78.561   87.2462   
53.1507   98.4886   73.8241   15.0333   33.2415   66.5282   78.0897   80.4114   72.4224   85.0529   87.7268   95.901   47.676   28.4605   62.8172   64.7765   43.2666   91.9239   43.566   96.6023   74.108   86.3308   67.1863   55.0727   41.1096   63.0714   27.8927   54.3323   77.4661   0   85.5984   109.764   60.6154   56.1201   79.5519   40.6833   135.803   77.6583   131.683   58.4033   118.599   95.6426   77.561   65.79   88.6961   138.67   105.368   132.267   77.198   24.198   
53.8238   58.9406   44.4072   75.8947   89.8944   63.561   103.73   93.9149   52.3927   18.4391   95.6347   70.0643   96.8349   47.5395   89.6437   20.2485   65.0692   74.2428   32.249   55.0818   5.83095   37.6431   14.5602   42.72   32.311   79.3221   44.0454   90.5207   72.4224   71.5681   0   103   64.9608   102.664   110.671   68.4596   108.783   35.1245   107.474   67.4976   97.2172   122.294   43.4643   89.6902   87.3919   111.947   131.769   105.934   33.0113   77.7655   
44.7772   39.598   41.5933   84.8646   80.1561   29.9666   45.0111   29.0172   34.0147   77.8332   22.3607   21.9317   72.0902   73.8241   45.5412   66.2722   52.4976   13.0384   70.6116   42.5206   81.5843   54.5619   71.5681   50.01   74.9533   36.3593   88.6002   56.4624   18.3576   95.6033   85.9884   0   70.4976   89.8199   68.8213   102.023   44.1204   87.0717   44.5958   72.7062   31.1421   70.5551   81.8065   71.4341   43.2029   55.6228   73.0495   53.4764   93.6473   105.604   
8.24621   52.3927   28.1603   40.8044   47.2652   23.0868   55.9017   48.8365   25.807   52.7731   53.0377   49.5177   50.1597   21.095   41.0488   31.0644   16.6433   46.6154   20.6155   50.9215   47.5079   44   36.4005   10   24.1868   31.9531   35.7351   41.8688   34.7851   46.6154   48.8365   52.9245   0   58.6807   64.3289   53.6807   90.4974   53.3017   86.3743   22.2801   73.6942   77.4282   47.2947   52.2735   46.9177   92.5042   83.9401   87.9366   56.6497   54.3113   
43.1045   89.56   68.0661   23.0868   8.48528   49.2443   42.1545   48.9183   62.1289   94.7048   57.3149   80.3617   10.2956   41.7253   29.2062   72.6154   27.074   73.1642   55.4707   89.202   87.7097   85.7088   77.3886   52.1728   56.2228   35.5106   54.0833   18.3576   56.4624   38.1182   87.6641   71.8679   42.45   0   43.5771   76.2921   115.988   90.5705   112.842   57.4005   99.3882   58.2623   87.2892   38.6469   69.7598   116.883   70.1929   116.074   92.1751   62.3163   
42.5206   79.4292   63.5059   48.8365   35.3553   39.5601   14.8661   24.1868   55.1543   97.6166   32.7567   66.0303   22.6274   57.2451   7.28011   77.1038   31.3847   57.0351   66.0379   80.2808   94.0479   82.2922   82.7345   53.8145   68.4763   19.9249   72.5328   9.21954   41.1096   63.5059   95.6713   51.6624   46.8615   27.313   0   89.1771   95.7828   96.9731   91.7871   64.4185   81.7438   25.4018   87.9178   43.0856   58.2219   98.4423   41.0799   96.1025   100.464   87.4782   
43.3244   80.7217   56.5862   34.2053   51.6624   58.1893   84.0119   81.0555   58.2495   59.6825   86.5794   82.4197   62.9682   15.0333   67.897   41.2311   42.0476   81.0062   21.4009   78.1025   48.0416   65   42.45   39.6611   17.4929   63.0079   1.41421   63.2456   69.8928   26.6833   45.0999   88.0227   35.1141   52.6972   71.3092   0   122.167   56.5007   119.736   51.5257   106.282   96.7109   57.2309   66.01   76.4675   124.947   111.104   118.561   60.7598   35.1343   
67.2086   36   53.3104   111.041   108.301   53.9073   73.3348   57.7062   49.93   81.0062   50.1597   25.9422   101.02   95.4254   74.6324   77.201   78.4092   28.3196   88.193   40   88.8144   57.1402   81.2527   68.5055   92.6607   64.8845   108.453   85.44   44.1022   120.216   94.2019   29.1204   74.5185   100.185   80.7775   108.167   0   96.28   25.5366   96.7986   33.2047   98.8789   91.45   99.2236   71.2541   18.8284   96.0999   26.6056   105.364   128.83   
37.8021   48.7647   30.0666   64.7765   76.896   47.5395   87.6584   77.8203   37.2156   22.0907   79.712   57.0701   82.4924   36.2215   73.7564   5.09902   49.8197   60.0333   20.0998   45.2769   14.2127   29.0689   4   26.6271   22.0907   63.2456   37.9473   75.1665   56.7539   63.1981   16.1245   71.1758   33.3017   73.7902   79.9312   38.6005   82.28   0   94.2855   55.5818   84.2231   105.333   25.0554   78.4401   71.3704   101.108   115.697   97.3309   26   71.4603   
63.7809   35.2278   50.9215   107.299   104.317   50.2494   69.2604   53.6004   47.0106   80.0562   46.0977   23.4094   96.933   92.2009   70.5195   75.1864   74.6525   24.7588   85.4225   39.2046   87.367   56   79.4292   65.5134   89.8944   60.8358   105.475   81.3449   40.2244   116.675   92.6553   25   71.218   96.1769   76.6551   105.152   4.12311   80.2808   0   93.4981   37.3278   94.8044   88.9171   91.1751   67.4065   22.9515   92.1643   23.8284   102.976   125.529   
13.4536   59.6154   35.4401   33.5261   40.6079   27.7849   55.0273   50.04   32.7567   58.3095   55.2268   56.0803   44.7772   16.4924   39.3954   36.2491   13.0384   52.4976   21.6333   58.1893   51.8652   51.0392   41.1825   17.1172   24.1661   32.249   32.249   38.2884   39.3573   39.8246   52.4976   57.7062   7.28011   36.4005   44.4185   31.4006   80.6598   37.7359   77.2334   0   78.9016   69.8202   48.8938   46.4307   50.0161   99.4539   83.0657   95.2167   58.8688   52.2053   
50.448   29.5296   39.6232   93.8616   91.2414   36.7967   59.0762   43.0116   34.5398   72.1803   36.4966   13.1529   84.4334   79.0569   58.4637   64.4981   61.2209   11.4018   73.0068   33.1059   78.0256   48.0521   69.1809   52.7731   77.4726   48.1041   92.6607   68.9638   26.9258   103.247   83.006   14.1421   58.0086   83.1925   64.9384   92.2822   17.2047   69.5845   13.4536   63.8905   0   84.6202   74.8276   82.0472   57.3451   35.2956   87.1146   28.8924   91.6772   112.32   
52.4023   85.0706   71.5612   59.3043   44.2719   47.1699   8.544   24.0208   62.7694   106.963   31.5753   70.214   29.9666   68.6222   16.4012   87.046   42.4853   60.6712   77.026   86.3771   104.139   90.2109   92.7631   63.7024   79.6053   27.8029   83.9345   20.025   46.1736   74.1687   106.042   53.0377   57.4282   36.8782   11.4018   82.7103   81.6149   90.1388   77.5242   55.4707   67   0   96.7587   48.8938   61.5575   99.0375   33.0357   95.8924   110.352   94.1643   
30.4138   41.6173   21.2132   63.0079   73.2462   38.9102   79.8123   69.3542   28.1603   25.4951   70.9366   48.5077   77.3886   35.3553   66.468   4.47214   43.909   51.0882   20.2485   38.4187   21.6333   23.8537   10.2956   19.105   23.7065   55.4437   40.8167   68.8186   47.8017   63.561   24.6982   62.1289   27.2947   69.2892   72.9178   41.1825   74   9.05539   71.8401   32.8938   60.8276   82.7587   0   77.712   59.7214   90.5506   107.851   89.7201   35.0554   73.7894   
25.2982   70.1783   49.6488   32.7567   27.313   29.6142   34.1321   34.5398   43.0116   79.7559   42.0595   60.7289   24.3311   35.7351   18.0278   58.2495   10.6301   53.7122   45   70.0071   74.6525   67.9117   63.6003   35.7771   47.1699   17.8045   51.1957   14.8661   37.1214   45.8803   75.6902   53.4135   27.2029   19.6469   21.5407   50.01   81.1234   60.4401   77.1751   23.4307   64.0078   32.8938   54.3783   0   53.4451   98.863   62.1705   92.9003   82.2996   70.0783   
19.105   44.4072   29.8329   58.0517   55.5428   5.83095   37.0135   24.6982   20.8087   66.7083   26.6833   32.7567   50.4876   47.4342   27.8927   49.1935   25.4558   25.4951   47.0106   45.1221   66.242   48.2597   55.0091   27.6586   51.0098   15.2971   62.8172   36   9.21954   68.4105   69.3542   27.2029   27.2947   47.7598   35.171   62.0967   53.2541   53.3104   49.4065   31.0161   36.0555   42.0595   44.7214   28.2312   0   71.3511   65.0519   64.948   74.3083   81.606   
70.0357   38.0526   55.9464   113.851   111.018   56.7274   75.5381   60.0167   52.6972   83.0542   52.345   28.6531   103.619   98.2344   77.1622   79.6994   81.2158   31.1448   90.9175   42.0476   91.0824   59.3043   83.678   71.2811   95.3834   67.5426   111.221   88.0227   46.8722   123.045   96.5091   31.6228   77.3369   102.883   83.2406   110.941   2.82843   84.7703   6.7082   83.4865   20   83.863   76.5506   83.863   56.0357   0   98.8725   28.4031   108   131.648   
62.9682   89.4427   79.3095   73.3348   57.9741   55.1543   13.0384   26.4197   70.1783   116.043   31.0483   73.1642   43.3244   81.7435   28.4605   97.2008   55.0273   63.3246   89.0505   91.3017   114.403   97.4526   103.005   74.0608   91.9239   37.4433   97.2934   34   51.3128   88.2043   116.765   53.3667   68.884   50.8035   25.0799   96.1041   80.0999   100.688   76.1643   67.7791   67.4685   14.0357   92.8009   46.0977   49.5177   82.0244   0   94.3135   120.71   105.089   
63.6553   33.0606   49.7695   107.615   105.119   50.448   71.1126   55.3263   46.3249   78.0064   48.0104   22.3607   98.0816   91.8314   71.8401   73.7631   75   24.8395   84.5991   37.054   85.5862   54.037   77.8781   64.8999   89.0674   61.8466   104.848   82.5409   40.8167   116.692   90.934   26.4764   70.9366   97.0464   78.1025   104.561   3.60555   78.848   2.82843   77.1038   13.8924   79.3095   70.5195   77.8974   49.93   6.40312   78.3135   0   101.615   125.248   
43.566   55.0364   37.054   66.2193   79.6241   54.0833   93.4933   84.1724   44.1814   22.561   86.3308   63.9531   86.267   37.6431   79.2023   12.0416   54.4518   67.0298   21.9317   51.4296   11.1803   34.6699   8.06226   32.6497   22.561   69.1158   36.3456   79.9062   63.561   63.0317   10.6301   78.1601   38.2884   77.1751   85.1469   37.2156   89.0225   7   87.0976   41.8688   76.531   95.6033   16.0312   65.0692   59.808   91.4822   106.532   85.6154   0   70.0656   
47.634   90.9725   66.2873   20.2485   38.9487   61.8547   79.0569   79.3095   65.8559   75.1665   86.0233   89.8053   52.2015   20.2485   63.1981   55.3173   40.4969   86.6833   34.2053   88.8369   64.0312   77.6209   57.4282   47.8017   31.4006   61.4003   17.72   56.1427   73.2462   10.198   61.4003   91.586   40.3113   42.0595   65.0308   16.4924   114.769   53.4603   111.396   34.2053   98.0816   76.1643   54.4059   45.3982   64.4981   117.593   90.0888   111.198   53   0   
