15
30
999999 5 7 17 15 7 12 17 8 10 16 13 17 12 15 7 10 11 5 16 15 12 5 13 12 14 14 11 14 13 
0 4 4 1 2 4 11 4 7 8 14 2 12 8 8 4 8 5 4 12 5 1 3 11 5 5 1 5 6 12 
20
0   0   0   0   0   0   0   0   0   0   0   0   0   0   0   0   0   0   0   0   
-3   3   0   2   -5   3   -1   2   -1   2   -1   4   -3   2   -4   2   -3   3   -2   4   
-1   2   -1   2   -2   -1   -5   0   -2   0   -3   3   2   0   -3   4   1   6   0   2   
3   -9   0   -6   10   -3   -1   -1   15   -6   3   0   -1   2   3   2   5   -5   0   1   
4   -3   3   2   1   0   2   -2   4   -1   0   1   7   8   -5   -5   -1   -10   4   -6   
0   2   0   1   -5   0   -2   -1   1   0   -2   6   -2   3   0   -1   -1   2   0   0   
-10   4   -2   5   -10   12   -4   9   -7   1   -11   7   -6   8   -3   0   -7   6   -6   7   
-2   -2   7   -2   1   0   -1   -3   -6   6   -2   1   2   5   0   0   2   -4   -2   4   
-6   0   -3   5   -3   2   -3   2   -4   3   -5   6   -2   7   -6   1   -2   6   -1   1   
-6   0   1   1   -1   5   -3   4   -2   7   -4   4   -1   3   -6   3   -2   -2   -6   0   
-2   12   0   8   -6   13   -12   10   -5   3   -7   6   -7   14   -5   7   -8   14   -8   7   
-5   -8   -3   0   -5   4   -2   2   -3   3   -1   4   -4   0   -4   1   -2   4   -7   -1   
-12   4   -15   0   1   3   -8   10   -3   0   -9   5   -9   11   -6   4   -6   11   -1   6   
-4   7   -6   5   1   1   -6   6   -3   6   0   -2   -6   0   -3   7   -11   2   -8   3   
-4   4   0   3   -8   2   -3   0   -5   6   2   3   -8   13   -6   -1   -5   3   4   7   
0   2   -1   1   0   0   -1   0   -5   2   -1   -3   -1   -1   0   3   -2   3   -3   -1   
0   6   0   1   -1   3   -2   3   -6   4   0   8   -4   0   -3   2   -4   0   0   3   
6   -2   0   0   7   2   3   -3   2   -7   4   -4   6   -6   2   -3   1   -3   0   -5   
1   2   0   0   -1   0   0   0   -1   0   0   0   0   0   0   0   0   0   0   0   
-4   9   -8   3   1   2   -3   6   1   7   -12   7   -7   0   -10   7   -9   6   -8   3   
-3   9   0   8   -9   1   -11   7   0   7   -7   9   -3   0   -12   7   -3   6   1   13   
-4   3   1   6   0   11   9   -1   -1   4   -4   -1   -9   1   1   3   -4   -1   1   0   
-3   4   0   2   -4   3   -1   2   -3   3   -3   2   -1   4   -1   2   -1   2   -2   2   
1   -1   7   -3   0   -2   0   -5   2   -5   -1   -1   3   -2   3   -4   7   -1   -3   0   
-1   4   -7   7   -6   5   -6   11   -6   6   -8   9   -2   11   -9   4   -8   5   -8   3   
-8   0   -6   9   -7   6   -2   6   -4   1   -1   -3   -8   6   -1   0   0   2   -3   14   
8   -9   0   -6   9   -5   0   -6   -3   -9   3   -2   4   -7   8   -9   2   -4   0   -6   
-9   4   -4   6   -3   5   -5   5   -7   3   -3   9   -5   8   -8   0   -10   -1   -6   2   
3   -1   0   -1   5   -3   6   -9   5   -4   8   -1   6   -4   1   -5   4   -4   4   -2   
-6   -13   8   -1   6   -5   7   -7   2   -5   3   1   12   3   1   -9   10   -1   8   -6   
0   62.2784   58.4367   76.8014   69.9373   40.7778   76.6117   30.9326   67.964   62.1742   58.2019   64.9395   51.9428   57.4186   56.4475   70.8684   25.1623   51.0694   53.7033   52.0527   56.3275   40.2036   20.1623   55.1825   79.1692   73.7695   62.0476   54.9249   56.4631   74.203   
44.3847   0   56.6788   115.191   48.0156   46.0729   67.5184   50.176   92.1625   88.6109   40.095   101.532   57.8808   52.2066   28.831   45.2746   61.7551   41.4307   90.2961   85.6612   28.8102   80.5248   56.7551   49.9706   60.0595   101.22   106.432   78.561   51.4591   72.4209   
41.4367   40.3113   0   112.317   36.8637   46.7805   98.7082   58.7871   58.6704   55.1188   71.275   74.7505   27.8102   22.9443   56.0119   40.1247   59.7082   31.8885   68.6697   90.343   56.5551   72.3173   58.7871   20.7082   45   112.181   99.1557   45.0689   66.8867   111.769   
57.8014   100.185   95.268   0   127.739   97.6116   119.005   86.3702   96.6814   92.0988   111.521   79.8395   107.618   114.333   112.274   128.67   82.8547   108.871   73.6597   53.5296   110.038   60   77.9637   112.984   129.769   55.1548   40.7883   94.3901   104.492   109.873   
54.6717   32.0156   21.2132   111.759   0   52.3071   99.4292   64.2818   78.4152   75.1555   72.1106   92.0021   42.321   32.3916   56.3456   28.4721   66.6704   33.868   82.357   99.7903   57.1214   87.4704   68.2344   30.1555   26.2956   125.247   111.493   66.2821   81.4518   104.437   
22.4722   22.2036   31.7805   79.6116   36.7696   0   66.6972   32.4536   73.6826   67.8516   40.9072   79.3699   43.0689   44.1548   43.105   52.7151   32.8885   38.4391   72.9902   72.2195   42.2627   62.6758   42.6155   45.0179   63.0652   83.2012   84.5198   72.2277   45.1896   75.0088   
61.6117   47.5184   83.1925   96.0052   79.4292   52.6972   0   69.8061   123.604   120.549   46.5136   125.142   95.7661   95.4559   59.9561   92.7343   75.4999   82.4182   113.97   91.5891   57.72   97.2023   80.4445   97.489   105.725   96.7209   114.822   114.75   49.5576   44.8045   
11.0454   34.176   40.1123   66.3702   49.2443   13.4536   52.4023   0   71.4546   65.6236   51.4014   73.6849   54.1283   57.6084   46.8947   66.1687   29.0828   49.4138   62.2832   52.8917   44.6586   51.249   31.2076   58.4715   75.5399   81.0833   73.093   65.9703   38.2485   79.3546   
49.6488   77.0779   42.0476   78.1025   63.0079   59.0762   109.604   57.3149   0   31.831   99.9835   49.3238   54.6742   61.1736   96.4159   82.1723   68.8017   72.0818   40.0217   85.518   94.1798   67.4072   63.8017   62.7558   76.8558   107.464   77.8415   36.6015   95.1038   123.852   
43.8292   72.45   39.1152   74.0405   60.2993   53.8516   103.966   51.6236   5.83095   0   94.7589   41.2132   56.0606   62.0595   88.5891   79.2399   65.0119   71.0038   41.4391   72.226   94.214   54.1152   60.0119   59.8234   71.0088   106.219   80.5428   35.0499   89.8721   118.032   
42.2019   21.095   55.9464   90.5207   52.345   26.9072   27.5136   31.3209   85.8021   80.4487   0   103.737   69.9761   68.4338   38.5331   66.3696   54.0952   55.3954   92.5657   76.9894   36.2971   78.3877   59.0398   71.0656   78.6406   86.1616   94.4251   93.345   28.1529   60.3363   
45.1774   83.6002   56.921   56.3205   77.8845   62.3699   106.532   55.5428   23.3238   21.2132   86.7295   0   71.7293   79.8653   101.625   97.0457   70.3397   79.192   37.4018   73.5188   100.201   56   65.3397   77.6292   91.1577   84.214   60.0512   51.6816   93.5844   119.38   
34.9285   41.8808   7.81025   87.6185   28.1603   29.0689   81.6333   35.1283   36.6742   33.0606   55   49.7293   0   27.4403   58.7883   47.582   50.1321   33.7883   63.3113   77.6709   56.7253   64.634   45.7805   28.1655   52.8029   98.4334   91.4262   50.1948   68.1597   104.078   
41.1461   36.0694   4.47214   96.3328   17.72   29.1548   79.7057   38.6394   46.1736   43.0116   52.3259   60.1664   10.4403   0   57.0384   41.6526   60.2173   32.0384   65.6952   88.1112   58.083   74.5685   56.2208   22.2361   33.4391   106.874   96.492   49.541   71.3588   104.164   
40.4475   5.83095   42.0119   95.2733   36.3456   19.105   43.1741   29.8329   76.4788   71.5891   16.0312   81.3941   42.5206   38.0132   0   49.0147   49.6127   40.9342   84.4856   79.7971   16.2361   78.6498   60.1152   52.0555   62.6412   95.6419   95.6088   84.3919   37.6333   70.1507   
55.8659   29.2746   25.02   113.358   4.47214   36.7151   76.7919   49.6488   67.0075   64.1249   50.04   81.2527   31.5753   21.2132   34.0147   0   69.6014   36.799   86.8292   102.54   50.2508   91.9425   72.7065   34.6276   30.7678   119.916   115.4   70.0889   70.1507   101.695   
5   39.5601   40.025   61.8547   51.614   17.8885   57.6281   6.08276   52.6308   46.8615   37.3631   49.6588   34.1321   39.2173   35.5106   52.4976   0   48.8024   54.4708   48.6497   48.3766   42.1662   25.1623   56   72.6564   71.8845   63.6154   59.9249   44.3312   79.203   
36.0694   23.4307   17.0294   93.6056   18.868   18.4391   66.8506   30.4138   55.0818   50.9902   39.3954   65.192   18.7883   13.0384   25   19.799   32.8024   0   78.3819   81.0692   41.2361   74.9686   51.2415   26.1803   45.1636   100.38   96.4179   62.0983   52.1182   93.4479   
34.1321   72.3395   47.8539   55.6597   68.352   50.9902   95.6922   44.2832   23.0217   18.4391   75.3923   11.4018   40.3113   50.6952   70.0357   71.4703   38.4708   54.5894   0   61.025   86.2718   47.1359   50.541   68.4768   84.1343   88.7765   57.108   43.6008   82.5316   108.335   
29   70.6612   68.9638   29.5296   83.6301   50.2195   71.5891   36.8917   62.514   57.2189   61.9839   46.5188   61.7171   69.3397   65.7951   84.8646   32.6497   65.0692   40.025   0   81.0263   42.1108   49.1623   84.1825   102.779   44.02   37.2483   72.2151   75.1402   75.7414   
38.3275   7.81025   41.6173   93.0376   37.1214   17.2627   42.72   27.6586   75.1798   70.214   15.2971   79.6241   41.7253   37.7359   2.23607   35.0143   33.3766   24.6982   68.2495   63.561   0   75.5428   58.4898   50.8785   63.4171   96.7317   96.9921   75.9112   38.7231   70.0384   
22.2036   66.4906   55.3173   40   72.6223   44.3847   79.2023   33.0606   44.4072   39.1152   63.3877   30   47.634   56.5685   62.6498   74.6324   27.1662   55.2268   22.1359   18.1108   60.531   0   42.3659   75.7995   89.9667   62.1308   47.9317   65.7368   70.8035   93.8522   
3.16228   42.7551   38.2753   60.4401   51.7397   20.6155   62.6259   10.7703   47.8017   42.0119   42.0595   44.7772   31.7805   38.0132   39.1152   53.0377   5   33.2415   33.541   31.8904   37.054   23.7697   0   58.3448   71.4522   73.9245   59.2945   58.0872   49.0188   77.3653   
41.1825   33.9706   6.7082   96.9381   16.1555   28.0179   78   38.0789   48.2597   45   50.5668   61.8466   12.1655   2.23607   36.0555   19.4165   39   11.1803   52.2015   69.6348   35.8469   57.3149   38.0789   0   35.6752   109.11   97.3733   51.0143   63.2986   103.027   
59.1692   42.0595   20   114.769   10.2956   43.9318   89.2693   55.3624   58.8558   57.0088   61.9839   76.1577   27.8029   18.4391   46.0977   14.2127   56.7979   25.4951   67.6018   87.6584   46.6905   74.9667   56.0803   18.0278   0   125.313   114.931   65.0689   77.6133   114.48   
49.7695   84.22   91.1811   29.1548   103.247   67.2012   69.7209   54.0833   87.4643   82.2192   69.9714   70.214   84.4334   90.8735   78.6448   103.73   51.8845   84.3801   64.7765   25.02   76.4853   43.1045   52.9245   90.802   108.674   0   57.8378   97.2351   73.0086   80.0091   
42.0476   86.0349   77.1557   18.7883   94.4934   64.4748   89.822   51.8652   59.8415   55.5428   79.404   39.0512   69.4262   78.492   81.6088   96.4002   46.6154   76.844   37.108   18.2483   79.404   21.9317   44.2945   79.2465   96.8762   33.8378   0   74.6154   86.2722   93.9897   
39.9249   63.561   29.0689   78.3901   50.2494   46.2277   97.7446   46.0435   13.6015   10.0499   73.1095   29.6816   23.1948   33   63.1348   54.0833   42.0595   41.4849   23.6008   58.2151   61.9112   40.6079   37.5766   35.0143   47.1275   83.0963   59.6154   0   80.192   114.128   
30.4631   27.4591   52.8867   77.4919   54.4518   21.1896   32.5576   20.2485   77.1038   71.5052   13.1529   75.5844   50.1597   50.01   21.6333   53.1507   25.9422   38.1182   64.4127   48.8365   19.7231   50.8035   30.8869   48.6621   63.0317   58.0086   66.2722   65.192   0   61.9026   
59.203   58.4209   88.7694   82.8734   89.0056   57.0088   17.8045   52.3546   108.812   103.005   37.3363   101.98   85.703   85.9069   53.1507   87.0517   56.3028   73.8241   91.9239   61.7414   52.0384   72.8011   61.0328   84.5281   98.1835   55.0091   79.4796   98.27   35.9026   0   
