15
40
999999 7 15 9 7 14 16 5 5 11 7 13 6 13 12 6 17 5 16 17 12 7 13 17 13 13 8 9 6 13 13 12 12 16 10 14 12 11 16 7 
0 6 1 7 1 2 11 3 3 9 1 11 3 3 4 1 6 3 2 1 4 6 1 4 3 4 7 1 2 7 4 5 11 9 9 12 5 7 15 3 
20
0   0   0   0   0   0   0   0   0   0   0   0   0   0   0   0   0   0   0   0   
4   -1   0   -2   2   -5   3   -3   1   -1   4   -5   2   -5   3   -2   -2   -3   0   -3   
-7   9   -13   10   -9   12   0   4   -6   4   -7   0   -8   8   6   13   -11   4   -14   -4   
0   1   -1   3   -6   2   -3   0   -1   3   2   0   0   -2   -3   6   0   -2   -1   2   
0   0   -4   5   1   2   -6   6   -4   5   -3   6   -3   2   -3   5   -3   1   -3   5   
0   0   2   6   -3   6   -8   0   -5   3   -3   5   -4   5   -6   0   -2   0   -3   0   
-2   -2   4   -2   -4   0   5   0   2   -1   -5   -2   0   -2   1   0   -3   3   0   -5   
1   0   0   -1   1   -1   2   -1   1   -1   1   0   1   -2   0   0   1   0   0   -2   
-2   1   -1   2   -1   2   0   1   -2   2   -2   4   -2   3   -1   1   -3   2   -2   4   
2   -5   1   -4   7   -2   3   -4   1   -2   2   0   3   -6   4   -6   7   -4   4   -3   
-4   1   -1   6   -4   3   -4   4   -6   3   -3   3   -4   1   -3   1   -5   -2   -1   5   
-9   3   -9   11   1   7   -2   12   -9   5   -10   10   -8   6   -8   7   -9   9   -8   4   
-2   3   0   2   1   1   0   1   0   2   1   -1   0   2   3   3   0   -1   -1   2   
-8   5   -4   3   0   7   -4   3   -6   0   -13   4   -11   0   1   7   -5   9   -1   7   
10   -5   10   -4   10   -7   3   -9   8   -12   9   -3   5   -7   9   -5   3   -5   9   -3   
6   1   1   -4   -3   1   -1   0   -1   0   0   1   -1   0   -1   2   0   4   -2   0   
-7   3   -7   13   -3   10   -10   2   3   11   -8   13   -6   7   -5   7   -1   9   -6   6   
-3   2   -4   3   -3   2   -3   1   -2   2   -3   2   -2   3   -3   3   -1   2   -2   3   
7   -13   12   -5   1   -11   11   -7   6   -8   5   -10   12   -2   11   -15   0   -13   11   -9   
6   0   3   3   9   -8   -7   -1   -2   -1   -1   4   3   6   -5   0   -6   -3   1   0   
2   -3   8   -1   4   -9   4   -3   8   -8   8   -3   0   -2   -3   -3   9   2   -4   -2   
-5   3   -6   2   -6   3   -4   5   -4   4   -7   6   -4   5   -4   3   -5   3   0   1   
0   0   -1   -1   0   0   -1   0   -5   6   -5   1   -3   3   2   -1   -3   -3   -2   3   
-9   4   -11   9   -10   5   0   15   -15   0   -4   15   -14   9   -14   9   -12   2   -2   7   
8   -11   5   -3   6   -9   1   -1   0   -13   2   -12   8   -6   3   0   7   -7   9   -7   
-5   0   -5   7   -1   1   -10   5   -5   3   -7   0   0   2   -4   5   -2   3   -5   5   
-2   4   0   3   -2   0   2   2   -3   1   4   0   -2   1   0   -1   4   2   2   0   
4   -3   4   -4   1   -3   5   -8   3   -4   4   0   4   -2   8   -6   9   -8   5   -2   
0   2   0   2   0   -1   -3   1   -2   0   0   1   -1   2   -3   1   0   -2   1   -3   
-9   11   -7   7   -1   0   -7   6   -5   2   -2   8   -2   0   -8   10   -5   4   0   2   
5   0   3   -1   3   -2   4   2   4   -3   -3   0   1   -6   -1   -7   -8   3   9   -4   
11   -1   1   -5   6   -4   12   -6   0   3   0   -7   3   -6   5   -7   1   2   8   0   
1   2   -1   -1   -1   -1   -2   6   3   3   -2   4   -3   0   0   -1   2   4   -1   -2   
7   -6   8   -7   14   1   11   -5   9   -9   10   -11   6   -10   5   -5   12   -6   14   -11   
-6   5   -6   10   -6   4   -4   3   -7   2   -10   10   -6   3   -4   1   -4   5   -7   2   
-12   14   -4   5   -11   6   -10   8   -11   2   -10   14   -6   6   -9   6   -7   6   -10   5   
-8   9   -6   2   -1   8   -8   12   -2   7   -11   4   -4   3   -10   7   -9   5   -8   5   
-5   3   -4   3   -1   4   -2   0   -5   5   -4   3   -6   2   -1   5   -1   2   -6   0   
-5   7   -5   7   -7   -8   -4   -4   -5   -2   1   -7   0   5   1   -2   1   9   -3   6   
2   -4   4   -4   3   -4   3   -4   2   0   0   1   2   0   3   -4   1   0   4   -1   
0   61.634   40.3607   49.6469   34.6155   67.2635   62.4166   49.9249   78.0058   57.4557   36.3607   67.9258   70.4072   53.8537   50.0832   60.9102   63.5261   65.4683   53.3452   64.6791   64.7214   51.0684   37.1374   67.2015   56.8688   75.7393   57.0366   58.2312   67.7732   30   67.191   60.0588   59.0463   66.2616   41.0185   26   32.0384   57.1283   55.1496   57.3275   
47.3814   0   74.6941   89.6154   52.2354   114.645   33.6491   95.5934   27.4018   33   55.9531   35.6155   116.721   81.6055   77.6946   92.1395   109.194   97.4326   82.9697   83.1193   54.2312   52.1361   54.8121   38.1623   78.2141   108.164   79.4651   77.4753   111.04   75.6746   35   102.268   50.7321   111.04   58.7131   72.3847   49.7131   48.0644   50.1448   49.2843   
22.3607   58.6941   0   28.9284   52.1855   68.736   75.5761   39.6155   86.0959   65.7149   46.8328   82.3647   68.1935   34.4492   66.8615   76.258   51.8024   47.6708   30.2066   47.3645   61.3456   71.8705   48.0624   87.5325   40.0876   90.4017   38.7631   33.7631   74.3043   36.6619   84.3702   78.3667   81.2054   61.5366   63.3792   45.8035   48.1448   51.4795   46.4795   76.2151   
33.3766   72.6154   13.9284   0   66.0316   55.8121   86.7805   31   100.017   79.0646   58.7185   96.2931   56.025   31.1555   70.0305   81.4016   33.8494   41.1245   31.3693   51.0974   73.5862   84.445   61.9908   98.6055   44.7312   95.3923   42.4951   40.4722   77.4549   34.6469   95.446   68.2353   92.106   47.9422   74.3952   50.9666   59.0454   64.8292   59.8292   90.1435   
20.6155   27.0185   33.541   47.2969   0   87.879   43.4951   64.9902   54.4203   46.2354   30.8167   51.0147   90.227   56.1995   56.2347   65.646   80.4748   74.075   60.0116   64.5668   47.7665   50.1454   28.1231   54.1774   65.6183   81.7687   64.2938   59.2938   84.5465   49.1811   51.0151   75.7743   54.8938   83.2309   41.1081   45.8911   23.2195   37.4709   37.2047   51.313   
53.2635   100.568   48.7545   39.8121   73.5935   0   110.26   46.1204   125.946   107.253   86.8419   118.846   25   70.7853   77.6236   79.9174   39.5547   62.5569   69.5713   86.4493   107.61   101.088   87.0522   120.465   82.4685   80.9474   82.3072   79.8246   47.8869   58.4166   117.846   53.9559   108.52   31.4924   94.282   70.6005   85.3019   100.234   95.234   109.102   
43.4166   12.6491   59.0339   72.7805   25.4951   96.2601   0   90.4853   40.0509   38   53.0147   27.9443   112.421   81.6946   71.7083   78.1774   104.538   99.5701   85.5067   89.2131   53.8021   38.099   50.5128   30.1065   82.8469   92.1354   80.6108   84.1981   106.741   71.3753   26.9443   97.9685   37.088   106.741   45.53   68.0854   45.4138   60.7136   60.1386   33   
33.541   77.5242   20.6155   11   50.9902   29.1204   75.9605   0   104.56   82.424   67.3502   98.2406   51.4109   42.1555   74.3085   84.8014   32.6015   39.6008   38.1948   61   81.9611   84.6094   67.5605   100.743   55.7312   87.7677   53.4951   51.4722   73.0106   38.9249   100.732   64.8292   92.5873   42.9706   74.5595   53.074   65.5794   72.095   67.095   90.8686   
58.7282   11.4018   69.7782   83.672   38.4187   111.946   19.6469   88.8369   0   44.4018   61.9535   39.0396   127.699   89.7508   89.0963   97.8243   117.521   108.834   93.7218   94.5211   59.2278   57.7459   56.7732   36.8035   89.6158   111.782   88.4262   83.4262   122.442   87.0764   44.1948   113.67   56.7349   121.65   65.1768   83.7864   61.1149   59.4662   61.5466   52.6469   
39.6611   12   47.8853   61.7171   19.2354   91.9674   20   67.424   22.1359   0   41.095   45.6816   109.462   64.8582   75.4701   84.8813   95.5665   86.0464   68.7037   69.1605   36.8045   51.2491   47.3585   50.1065   63.2546   100.054   64.2354   61.5197   103.782   67.7173   46.9443   94.7775   54.249   101.118   55.3657   65.1265   42.4549   33.105   33.2354   48.249   
22.3607   31.9531   26.8328   40.7185   10.8167   71.8401   34.0147   46.4004   42.9535   21.095   0   61.8314   92.7679   49.0644   66.3735   75.9794   74.568   68.788   53.5702   56.876   39.9283   54.6611   38.652   64.1213   49.5991   92.1021   48.2746   43.2746   90.1339   52.3607   60.959   82.4195   61.0132   81.2535   51.4415   48.3607   33.5529   30.0623   25.0623   55.0132   
49.98   20.6155   67.3647   80.895   34.0147   101.71   9.84886   83.2406   23.3452   29.6816   43.2897   0   117.71   89.0616   72.0803   74.0333   111.88   108.09   92   97.4923   62.6154   35.2354   50.3657   18.2361   90.5252   89.1642   90.4597   86.5643   105.196   78.3618   16   98.6598   35.3693   116.242   45.53   75.98   55.2627   62.7866   62.917   33   
54.037   101.316   49.1935   40.025   74.3303   1   97.0824   29.4109   112.699   92.6553   72.4707   102.577   0   71.1805   72.6118   77.89   39.3311   63.5569   67.6057   87.4493   107.239   102.006   86.6811   120.813   83.4685   79.3246   81.5134   79.3618   48.7648   58.0454   118.408   51.9285   109.52   32.4924   94.4853   65.4072   82.0075   99.3772   95.673   110   
33.6006   62.3699   12.2066   16.1555   40.1995   55.7853   65.0077   26.6833   72.8011   50.6952   31.0644   74.0608   56.0446   0   73.2373   84.6084   50.0049   43.1896   27.2426   35.6522   56.4382   81.0522   57.8121   91.0263   29   98.5991   27.0499   26.3246   86.5109   37.8537   89.0616   82.846   86.5672   64.0977   74.6191   58.0101   60.3514   48.541   52.6228   86.0776   
27.8568   63.6946   46.8615   53.0094   42.107   51.6236   54.7083   47.4236   73.7902   60.208   48.3735   56.7274   52.6118   59.0339   0   31.4018   80.0251   85.0652   73.7288   91.9769   87.696   53.4833   56.0526   74.9635   84.7256   40.5707   83.4895   78.6148   50.2415   50.3836   72.7274   44.0832   65.2602   74.5788   47.2324   42.0832   58.0151   77.4003   73.4358   61.7732   
38.9102   70.0928   58.258   64.0312   51.1566   58.0086   59.808   57.8014   79.3788   68.1836   58.4637   60.0333   59.0085   70.4344   11.4018   0   86.3507   96.4669   85.1306   103.379   95.6819   54.3113   66.5254   76.7022   95.779   37.1245   94.8913   90.0166   49.1811   61.7854   73.5399   39.9615   68.1774   78.2884   53.4401   53.4849   61.4264   85.3863   82.4906   62.1774   
47.0744   90.824   32.8024   19.8494   64.4748   24.5153   89.5377   13.6015   102.083   80.455   59.3633   96.8401   24.3311   35.5106   58.2409   67.7791   0   49.0217   46.3847   68.4657   91.9488   98.1428   80.1618   114.276   62.0019   92.1395   59.8634   55.6773   70.9029   51.5261   112.84   63.679   106.121   27.0623   88.0929   64.05   76.4811   84.0516   79.2819   104.402   
48.7647   83.4326   27.1662   16.1245   60.075   47.3814   85.3756   23.6008   93.9628   71.8401   51.788   94.0851   47.2652   21.1896   69.0652   80   23.0217   0   31.4642   43.7849   77.6278   99.0367   75.2286   112.216   41.7312   109.636   39.4951   44.5539   88.2353   50.7714   110.085   83.424   105.351   50.0644   89.7833   67.0652   75.1699   69.7306   73.6457   103.381   
34.4819   65.9697   12.2066   12.3693   43.0116   52.1728   68.1175   23.1948   76.5376   54.4059   34.3657   77   52.3927   4.24264   58.7282   70.0928   31.3847   17.4642   0   39.7553   60.6154   84.0274   56.2966   94.0063   33.2426   99.2988   31.1529   30.5672   85.9117   42.0964   93   76.9682   90.8099   56.0789   75.5004   49.6554   60.3514   52.7837   52.4683   88.4217   
49.5782   67.1193   29.9666   32   50.5668   71.4493   72.7805   43   76.0592   55.1453   39.9249   82.4621   71.5681   18.0278   76.2758   87.6584   48.7647   27.7849   20.2237   0   62.5933   94.586   67.1616   100.698   28.8102   116.286   30.6023   27.6015   104.271   55.8815   98.4621   97.192   100.938   75.827   86.0211   67.4786   73.4779   56.0555   53.6742   94.9381   
44.7214   28.2312   44.0454   56.5862   28.4429   92.1141   37.8021   64.6607   35.2278   17.8045   22.3607   47.4342   92.6499   42.4382   70.0286   79.511   76.3675   63.1348   46.6154   41.5933   0   69.0536   53.9907   65.6702   61   110.212   62.5899   57.5899   110.567   68.3479   63.2312   104.217   72.0535   101.748   69.551   70.7214   51.6625   35.2956   33.8661   66.0535   
37   33.1361   57.8705   70.1783   28.8444   85.0882   21.0238   70.2567   40.4475   36.2491   39.6611   19.7231   86.0058   67.0522   37.4833   40.3113   83.6002   85   69.1231   79.177   52.6972   0   43.8993   37.9592   87.3349   72.0833   86.2309   81.2309   87.1767   65.0621   35.7231   77.9572   34.099   98.0296   24.0499   59.7379   51.9258   66.3153   64.7233   28.099   
16.9706   30.4138   32.0624   45.5412   4.12311   70.1783   27.5136   48.4665   41.7732   23.2594   12.8062   35.3553   70.9366   39.8121   38.0526   47.2652   62.0322   59.0085   42.2966   51.4782   32.249   27.7308   0   53.5914   59.8846   78.6233   58.5601   53.5601   84.7438   46.9706   51.3553   77.0293   51.8772   78.4127   33.8494   42.9706   27.099   39.6982   37.8685   53.9258   
52.2015   21.2132   69.4622   83.0241   36.0555   103.942   11.4018   85.44   22.8035   30.8869   45.1774   2.23607   104.809   76.0263   58.7963   61.9112   99.0404   96.1301   79.0063   84.1724   48.5489   21.6333   37.4833   0   92.7612   91.4003   92.0126   88.452   107.432   80.5979   18.2361   99.5905   37.6054   115.896   45.6832   78.2015   56.8156   63.9919   63.5395   34.0294   
41.8688   61.0082   23.0868   27.6586   43.0813   67.4685   65.9242   38.4708   70.4557   49.0102   32.573   75.505   67.6831   12   68.7968   80.1561   46.0977   27.5862   15.2971   7.81025   37   71.5542   43.8292   77.2787   0   109.367   29.2361   31.3246   97.3911   49.8537   90.5252   91.4003   92.3847   71.3759   77.6786   64.9525   66.1259   50.1496   46.0666   86.3847   
54.4243   85.3288   72.4017   76.4199   67.2681   62.3618   74.4648   68.7677   94.1116   84.0536   74.5252   73.5391   63.3246   84.5991   26.5707   16.1245   76.8505   91.9348   83.8153   102.215   95.6347   54.0833   63.3877   75.2396   94.8947   0   109.648   104.688   54.68   76.7454   88.1642   45.4605   79.327   90.0069   69.5646   65.7393   77.5509   101.511   98.5651   78.3019   
41.0366   62.0725   21.5407   25.4951   43.3244   65.307   66.6108   36.3456   71.7008   50.0899   32.9848   76.1183   65.5134   10.0499   67.6757   79.0569   43.8634   25.4951   13.1529   8.60233   38.6264   71.5891   43.8634   77.9295   2.23607   93.6483   0   27   95.845   47.9036   90.9222   90.1212   93.998   64.9215   77.7129   62.8084   63.2769   51   46   87.998   
36.0694   59.4138   16.7631   22.4722   39.2938   62.0967   63.1981   32.9848   69.4262   47.5184   29.2746   72.5603   62.3618   6.32456   62.6817   74.0608   41.6773   25.5539   10.2956   13.6015   37.5899   67.2309   39.5601   74.4312   6.32456   88.6848   5   0   89.8024   44.1783   87.2064   87.0928   89.7668   63.3322   73.4095   59.9511   56.7063   47.2843   42.2843   84.2877   
50.9608   95.0158   59.3043   57.2451   70.3847   30.8869   87.2009   47.0106   105.688   89.5545   73.2462   89.8721   31.7648   70.214   33.2415   34.0147   50.448   70.2353   67.9117   88.0738   95.5667   70.7248   66.3099   91.9674   82.0366   33.0606   80.2309   75.8024   0   63   103.299   25.2195   95.1546   62.3793   77.1269   57.7732   77.327   100.703   97.8084   89.9667   
14   58.2495   11.6619   19.6469   31.3847   43.4166   56.0803   19.9249   69.6348   48.8365   28.4253   63.3246   44.0454   23.8537   35.3836   46.7547   33.5261   35.4683   23.3452   41.5933   49.1935   51   28.6356   65.521   34.5398   60.7454   33.1059   28.2312   49   0   79.3246   64.3725   73.0463   51.8469   55.0185   30.3137   44.9615   55.9102   53.4876   68.2398   
49.0408   20   66.3702   79.9062   33.0151   100.846   8.94427   82.28   23.1948   28.8444   42.2966   1   101.71   73.0616   56.0803   59.5399   95.8801   93.086   76   81.4923   46.6154   19.2354   34.3657   3.16228   74.5252   73.1642   75.1332   71.5681   89.1964   62.3618   0   95.0798   35.1655   111.499   41.1725   75.0408   54.3581   61.9494   62.0798   34   
42.7551   85.9593   53.3667   53.2353   61.6847   33.9559   78.0064   43.8292   96.566   80.7775   65.1153   80.6598   34.9285   64.846   24.0832   25.9615   49.679   67.424   62.9682   82.8613   87.4757   61.5549   57.5847   82.7587   76.4003   28.4605   74.7262   70.0928   9.21954   42.4264   79.9812   0   86.0928   65.4483   71.3156   51.0588   68.5547   95.1775   90.1775   85.7647   
44.2832   29.7321   64.195   77   32.8938   93.5201   17.088   77.7817   35.0143   35.609   43.4626   12.3693   94.4299   72.5672   46.0109   48.2597   91.2414   91.351   74.9667   83.3847   53.0754   8.60233   32.7567   13.9284   75.9605   61.327   76.2168   72.1249   79.2465   58.2151   12.1655   70.0928   0   106.632   32.6522   68.3402   52.0606   68.714   68.5249   26   
48.4665   94.0319   37.5366   25.9422   67.2309   16.4924   91.7061   16.9706   105.394   84.2021   63.2535   98.4327   16.2788   42.0476   55.5788   64.2884   8.06226   31.0644   38.0789   56.2939   81.5659   83.9524   64.4127   100.658   53.1413   72.0069   50.9215   48.3322   43.8406   35.8469   97.4987   44.1022   91.9239   0   89.485   65.2616   80.5049   89.0162   84.0162   104.087   
27.0185   34.7131   48.2701   60.2993   22.0227   75.5844   24.5967   60.208   44.0114   34.3657   32.5269   26.9072   76.4853   57.9396   30.2324   35.4401   73.5527   75.3127   59.7746   71.0211   48.8467   10.0499   19.8494   29.0689   63.2851   50.636   63.1348   58.5918   63.1269   41.0122   26.1725   53.9073   18.0278   73.9797   0   48.7343   35.8885   59.2666   57.5892   32.53   
10   57.28   22.8035   29.9666   30.6105   43.6005   52.6972   27.074   68.593   49.6488   31.6228   58.6003   44.4072   35   24.0832   35.4683   40.05   46.0652   34.6554   52.4786   53.8516   43.7379   26.9072   60.8358   45.1774   49.7393   43.909   38.9487   41.7732   11.3137   57.6975   34.0588   51.6624   40.2616   33.7343   0   40.6716   60.9318   56.685   66.2642   
13.0384   34.7131   31.1448   44.0454   9.21954   66.2193   30.4138   45.8803   45.9674   28.2312   16.5529   37.3631   67.0075   40.1622   33.0151   42.4264   59.4811   58.3095   42.2019   53.2541   37.1214   26.9258   5.09902   39.5601   45.4863   58.5491   45.2769   40.7063   61.327   25.9615   36.4005   52.5547   33.0606   61.327   17.8885   22.6716   0   44.7972   41.6152   44.074   
35.1283   31.0644   33.9706   46.8615   21.4709   81.8352   37.6962   54.5619   40.3113   19.105   13.0384   47.5395   82.3772   33.541   61.4003   71.3863   66.5282   54.626   37.5899   36.0555   10.2956   48.7955   24.6982   49.0408   30.1496   87.4757   31.4006   29.4109   85.703   38.9102   46.6154   77.7817   50.8035   71.5052   43.2666   43.9318   29.1204   0   25   60.0977   
30.1496   31.1448   30.4795   43.8292   17.2047   77.666   36.1386   50.9117   41.2311   19.2354   8.06226   45.8803   78.2368   31.6228   56.4358   66.4906   63.2535   52.811   35.4683   36.6742   14.8661   45.3431   20.1246   47.5395   30.0666   82.5651   31   28.2843   80.8084   34.4819   44.9222   72.8354   48.0208   67.8823   39.2046   39.0512   24.3516   5   0   63.0754   
38.3275   28.2843   58.2151   71   27.313   88.1022   16   71.8471   35.3553   32.249   38.0132   15   89   66.7083   41.7732   45.1774   85.3288   85.3756   69.0507   77.8781   49.2037   5.09902   26.9258   17.0294   70.3847   59.1354   70.5762   66.4078   74.9667   52.2398   14.4222   65.7647   6   86.1278   12.53   45.8803   27.074   46.0977   43.0116   0   
