15
70
999999 6 10 14 11 6 8 5 15 6 14 14 7 7 10 14 7 12 7 7 15 12 10 8 7 14 12 17 9 10 17 6 5 12 16 14 9 17 11 11 11 13 13 7 15 17 16 6 5 9 12 17 12 14 16 11 14 6 15 15 8 12 12 8 14 15 17 5 15 14 
0 2 1 2 5 3 1 2 5 1 9 13 2 4 2 11 3 1 4 1 3 2 5 5 6 1 7 8 2 4 10 3 4 6 6 6 1 13 1 8 1 1 12 5 2 4 2 4 3 1 3 12 9 2 7 3 12 4 5 1 4 3 5 4 4 7 8 1 3 5 
20
0   0   0   0   0   0   0   0   0   0   0   0   0   0   0   0   0   0   0   0   
2   -4   5   -2   0   -3   2   -3   5   -4   6   -5   4   0   3   -5   2   -1   0   -1   
4   -9   1   -5   0   -7   -3   -5   2   -2   6   -2   6   0   6   -3   7   -6   7   -5   
0   -8   0   -8   2   -8   4   -8   1   -8   12   -4   14   -2   13   -6   6   -8   6   -7   
2   0   2   0   -3   1   -4   4   2   2   -4   4   -4   6   2   8   1   -1   0   0   
3   -1   4   -2   2   -5   2   -1   -1   -5   3   -3   0   0   4   -2   4   -5   3   -5   
-1   5   -2   2   -4   5   -5   2   -2   1   1   0   -2   2   -1   -1   -1   5   -4   -1   
0   2   0   0   -1   2   0   2   0   1   -1   1   -1   0   -1   0   0   0   -1   2   
12   -13   10   -6   11   -4   1   -3   8   -6   9   -9   6   -7   11   -8   11   -4   5   -7   
2   0   0   -3   0   1   3   -1   5   -4   0   -2   0   1   0   0   2   -5   -1   0   
-6   7   -7   7   -10   3   -9   10   -6   4   -7   13   -10   9   -4   3   -11   6   -1   12   
-9   7   -4   11   -10   6   -8   11   -7   8   -5   2   0   7   -2   8   -4   -1   -6   3   
3   -1   2   -1   2   -2   -2   0   -3   2   0   0   0   -2   2   -2   0   0   0   0   
-1   1   0   1   1   0   3   2   -2   4   1   3   0   -1   -1   2   -1   0   0   2   
-4   5   -3   2   -9   3   -8   6   -5   7   -2   7   -1   4   -3   1   -3   5   -4   3   
-8   5   -2   2   -9   9   -3   3   -6   3   -9   4   -6   0   -7   5   -7   2   -3   -2   
0   0   1   0   0   1   0   0   -2   0   -2   3   0   3   0   0   0   1   0   0   
0   6   -3   2   -5   9   -7   3   -7   4   -5   8   -4   1   -8   2   -11   6   -9   2   
-2   2   -3   3   -1   2   -6   0   -1   3   0   6   0   6   -3   3   -3   3   -4   7   
0   3   -2   3   -2   3   -4   5   -5   4   -6   6   -2   2   -3   3   -5   -1   -6   5   
-5   2   -2   9   3   5   -6   9   0   6   -2   -1   0   8   1   2   2   -2   -1   5   
-3   -4   3   -2   3   3   0   1   -1   -2   9   1   -6   0   4   -3   -4   1   -1   -1   
0   -3   -3   -2   -1   1   -9   -1   -5   4   -1   5   -3   2   -1   -1   1   0   0   2   
1   2   0   3   -3   0   -4   2   0   1   -1   1   -2   4   -2   2   0   1   -2   2   
-1   3   -5   5   -6   4   -1   7   -4   4   -3   1   -7   5   -4   2   -2   6   -6   4   
-5   2   4   -1   -2   7   0   4   2   0   -1   4   -14   5   -3   10   -1   2   -1   0   
-8   9   -2   -1   -7   6   -6   5   -9   3   -10   12   -6   5   -3   5   -3   5   -5   0   
-4   -5   4   -8   0   -1   11   -5   7   -4   4   -5   6   -6   6   -4   -1   -8   7   -7   
2   -3   3   2   3   0   1   -4   9   -6   0   -3   -2   0   2   -1   0   -3   -3   -4   
7   -10   9   -1   4   -7   8   -7   8   -7   3   -5   6   -7   6   -3   5   -6   7   -5   
8   -10   13   -8   12   -6   2   -4   2   -7   9   -9   2   -4   5   -5   6   -8   -4   -10   
-2   2   -2   0   -2   2   -2   0   1   1   -1   4   -3   3   -2   3   1   0   -1   1   
-1   0   0   0   1   -1   0   0   0   0   0   0   0   -1   0   0   0   0   -1   0   
9   -9   8   -3   11   -3   5   -8   3   -8   1   -9   5   -5   1   0   0   0   -1   -1   
-12   12   -12   3   -1   10   -1   6   -7   7   -3   2   -1   8   -5   9   -1   9   -13   12   
-9   6   -11   7   -6   12   -12   7   -12   12   -10   13   -12   10   -12   5   -11   14   -9   10   
-2   -3   0   -8   6   -9   0   -6   1   0   6   -2   7   -5   7   -1   0   -3   2   -3   
-11   12   -5   15   -9   11   -7   13   -13   14   -12   14   -14   8   -10   6   -11   5   -6   15   
-10   4   -4   8   -5   6   -11   4   -7   4   -10   0   -10   3   -7   8   -8   1   -8   6   
0   -3   1   3   -4   -1   2   1   -3   2   0   -5   0   1   1   0   4   2   -2   1   
6   -6   0   -7   5   -6   10   -11   2   -7   6   -2   10   -7   7   -5   3   -5   7   -5   
-3   1   -4   7   5   0   -9   3   -7   5   -6   10   -5   4   -3   7   0   8   5   9   
3   -2   -5   4   2   0   -6   4   0   -4   -4   0   2   0   3   -3   -5   8   -6   1   
-2   -2   0   -1   0   0   1   -3   1   0   1   1   0   -1   3   -3   0   -3   -1   -1   
-6   4   -7   11   -9   7   -2   8   -6   3   -11   13   -4   3   -8   7   -9   -7   -2   -6   
0   1   3   -6   7   -13   6   1   0   -6   13   -2   7   -6   1   6   -7   -4   -6   2   
-7   9   -7   6   -8   6   -13   0   -5   11   -7   8   -2   5   -1   10   -6   2   -11   10   
2   -2   3   -4   0   -3   2   -1   0   0   0   -2   3   -3   3   -1   4   0   4   -2   
-1   0   0   1   0   1   -1   2   0   0   -1   0   -1   2   0   0   -2   1   0   0   
2   -2   -1   -2   0   -2   5   -3   0   -4   6   -2   0   3   1   -1   -3   0   3   -6   
2   -8   6   -3   3   -4   0   0   4   -3   -6   -9   3   -6   3   -3   1   -1   5   -1   
-3   -2   9   6   2   -4   -8   -4   0   -4   -3   6   -6   -2   -4   0   4   -5   -3   1   
-6   5   -7   4   -6   12   -8   8   -11   10   -8   5   -2   7   -3   4   -3   9   -1   8   
-11   2   -2   0   -2   8   0   0   -3   5   -5   7   1   10   4   4   -3   6   -8   5   
0   3   -3   1   11   0   2   -3   10   7   1   7   -9   -2   6   9   -7   0   2   3   
-2   8   -5   10   -6   0   -2   5   -6   1   -7   0   -3   7   -5   4   -10   3   -2   -2   
2   -4   5   -13   10   -10   4   -10   12   -8   6   -7   4   -4   9   -4   13   -4   4   -11   
2   -2   3   0   1   -2   -1   -1   3   -3   1   -1   1   -4   0   0   1   -4   1   -1   
7   1   6   -2   -2   -1   1   -3   -3   -9   4   -1   -1   -4   0   -3   0   0   0   1   
3   -7   2   1   4   -2   8   -10   10   -1   1   -5   7   -8   6   2   1   -4   7   -1   
2   -1   0   -1   1   1   1   0   5   -2   5   -4   1   0   1   -1   3   -1   0   -2   
6   -9   2   -6   8   -10   9   -3   10   -8   3   -6   11   -7   8   -11   2   -5   7   -9   
-5   3   2   0   -8   0   1   4   2   -1   0   0   -3   -2   -5   0   -6   -3   5   -4   
-3   0   -4   6   -5   2   -5   1   -3   4   -4   4   -3   5   0   6   -4   5   -6   5   
-5   4   -6   9   -12   8   -11   5   -12   10   -9   9   -7   10   -13   7   -9   9   -12   4   
-1   -3   -4   4   -5   7   -9   6   -3   10   0   -1   -1   3   -9   2   -8   7   -4   3   
1   4   -13   7   -1   9   -7   0   -1   5   -7   4   -6   1   -3   -4   -6   7   -9   2   
2   -2   3   -3   2   -1   1   0   3   0   1   0   2   -1   2   -1   3   -3   2   -2   
11   -5   -2   1   -6   -6   3   7   5   -4   6   0   2   1   12   -5   5   1   -4   -10   
0   1   -11   10   -5   8   -3   6   -13   9   -6   12   -2   7   -7   7   -3   4   -5   10   
0   59.9739   30   57.7805   65.0098   41.0333   63.3631   66.8613   68.5271   68.488   73.8991   35.3848   59.6719   52.1248   58.3957   43.2036   56.2361   72.0803   36.8661   47.1896   28.8661   55.4136   82.8559   52.28   21   54   70.7506   63.8402   41.6502   55.4625   67.9883   64.2969   49.9615   48.9285   44.7356   52.257   69.9732   34.0278   77.0647   36.6525   55.2244   23.2111   35.8806   66.2019   66.3982   32.1172   66.8167   73.8853   26   63.3104   68.2259   74.0091   41.7697   50.5153   46.2488   40.5602   57.2558   56.8707   52.0438   58.3275   59.5601   62.47   73.4236   58.2415   57.541   40.6125   72.9902   46.6586   63.1152   72.0392   
45.5412   0   51.2679   102.216   26.8102   85.4691   107.799   106.902   42.0768   52   116.348   75.6053   30.083   66.0816   37.1246   79.714   89.8195   61.0476   55   91.6254   54.3553   59.0595   61.2046   31.8062   63.5725   87.8218   74.8727   78.0574   46.2947   83.791   68.811   67.7397   73.0273   30.1803   88.4075   70.538   105.198   49.0889   107.681   71.4457   97.84   58.4585   72.1011   38.095   19   67.3161   98.8165   55.3401   70.4358   58   34.2788   96.6919   42.0179   66.6063   47   47.1448   85.1193   53.2753   97.585   86.2681   86.1891   108.011   46.074   53.6197   88.8151   86.1537   102.428   92.1998   87.9366   56.4838   
13   32.7567   0   70.7805   56.857   54.0333   76.3631   78.6153   62.747   55.9341   86.8991   48.3848   47.45   54.3633   55.5894   52.2298   66.5371   60.9332   36.4018   60.1896   28.4018   47.5662   75.0156   41.4927   34   64.622   65.4951   63.7704   35.1803   60.7147   60.8912   61.1108   59.0156   38.4722   57.7356   59.3553   79.2993   33.799   90.0647   41.4131   68.2244   32.0623   46.5862   56.6497   51.7567   45.1172   79.0088   60.1741   39   48.2686   56.8808   81.0081   26.7279   41.2982   32.4222   30.1231   61.4187   43   65.0438   63.0476   68.8039   70.0892   50.0555   40.4951   58.0789   53.6125   75.8014   59.6586   73.3814   64.9444   
42.0595   87.3212   54.5711   0   107.069   38.6964   41.4155   45.3235   109.895   100.145   41.4722   56.4833   101.142   84.453   100.455   50.726   52.2066   102.057   77.1001   40.9235   70.9256   83.1766   117.373   91.6958   59.4169   49.9706   90.9872   79.9184   78.8238   61.4166   92.8863   97.0639   70.038   90.988   37.1245   75.8507   73.0638   70.3758   72.0088   48.0151   54.9994   65.2706   56.7131   100.259   102.677   53.2099   66.9028   102.818   48.7805   88.2618   110.285   79.7887   81.299   68.5932   84.192   71.6127   54.6155   86.0075   32.035   62.5452   73.8317   19.8284   99.0119   79.7765   57.4462   44.2237   59.5899   40.7648   65.7695   113.238   
51.0098   8.48528   38.0132   92.0706   0   91.4172   112.498   109.781   50.5621   47.7523   119.06   84.0906   38.5683   74.4054   45.6099   82.5138   93.4163   56.4722   63.4853   96.2192   61.2675   57.7187   68.1294   40.2915   65.3517   91.3419   72.0519   75.9649   53.2053   88.2627   65.6488   76.225   78.7694   38.6656   90.9623   79.0233   113.684   51.6431   116.166   75.6781   106.234   59.2769   76.7454   46.5803   27.4853   73.9732   105.694   63.8253   77.0098   52.6197   41.2036   105.177   50.5031   71.3546   49.5136   55.6301   87.3181   61.7606   100.15   91.7362   90.3034   108.102   40.4722   62.1049   88.3702   91.6223   108.822   97.6684   96.4219   62.5296   
26.0192   71.4493   39.0128   18.4391   77.026   0   47.7065   55.6879   91.6084   90.6108   55.6611   35.105   82.7532   64.4353   81.2309   44.5539   52.3275   92.4502   59.9473   31.434   51.9473   73.4811   97.604   76.2092   47.0192   55.9895   83.211   75.0727   62.3542   62.8292   82.4334   73.8164   56.2025   74.9477   33.1421   55.833   58.3847   57.957   62.8402   40.0217   50   47.1403   47.5862   82.3911   90.3757   50.8444   54.4966   84.192   42.0333   78.0956   94.2452   66.01   64.6621   52.6005   71.435   59.3113   55.7988   74.6004   33.7082   61.5441   63.4279   37.868   89.0683   70.626   60.7359   39.1555   65.1774   30.099   55.3657   92.814   
48.0521   92.0489   60.8276   24.0416   98.4124   23.7065   0   68.0744   107.892   114.317   65.5138   56.4657   104.409   72.3803   101.345   62.572   73.3222   116.157   76.7478   40.2788   75.6539   97.1877   109.257   99.4639   64.3356   71.8179   106.918   96.6046   81   79.7764   106.14   83.7537   58.72   96.9806   48.9706   64.1882   53.5215   81.6635   55.9453   63.4441   34.105   70.8469   67.047   99.3772   106.087   69.2138   45.1548   98.9675   57.8958   101.802   116.278   70.7772   87.5555   76.3071   88.2159   83.0178   68.8145   84.6418   36.5183   81.5128   63.7754   43.8701   110.883   94.3325   76.4138   56.4833   80.327   45.6125   55.7131   107.462   
51.6236   92.5905   61.6117   23.1948   95.462   36.6879   47.0744   0   119.827   98.6712   32.1803   70.2236   108.345   98.2367   109.229   43.2947   40.2361   94   88.4897   60.2242   80.4897   78.4475   128.61   94.6913   70.6982   38   78.1691   69.8035   86.0262   53.2985   81.3758   110.504   83.5145   99.2112   44.6982   90.1888   94.7782   77.8853   95.2036   61.9683   76.1354   74.6004   55.8855   107.815   107.443   63.8246   86.1758   113.407   62.4072   84.3664   117.764   101.659   83.3522   60.6807   83.0294   78.8151   51.6833   99.1204   52.0079   51.0624   91.5449   43.0233   98.5843   79.7676   48.1448   53.2488   44.0278   46.6228   88.9643   123.663   
54.2033   26.0768   44.5982   94.8947   32.9848   76.922   92.8924   105.646   0   75.2801   127.293   73.4643   36.6924   58.1123   28.6301   93.2475   106.792   84   58.8469   95.4347   56.0328   80.6348   30.8114   50.9026   71.4013   104.583   98.7897   97.6745   47.9706   101.92   93.4904   50.5398   73.6376   53.5707   98.4975   70.6765   94.5047   68.9753   98.7231   83.6708   95.6551   67.3259   87.2532   39.0416   45.0768   82.413   95.1803   42.6433   80.2033   79.3482   34.1803   83.857   61.9395   84.3897   58.7772   56.0122   97.9759   53.4138   104.516   107.646   79.933   114.687   68   79.6965   102.677   94.8158   120.4   99.1311   84   36.6433   
52.4786   34   41.8688   86.1452   28.6356   75.6108   99.1615   82.4924   60.0333   0   107.293   86.772   61.3983   92.0987   67.8051   72.5493   76.0049   25.2195   74.3683   99.2586   68.557   34.2318   90.8447   42.9778   67.3597   74.6739   46.7484   52.478   62.3314   66.7758   40.3452   95.1063   90.5482   50.6879   84.918   90.9276   121.168   53.0122   126.26   69.0577   107.703   61.2769   66.2407   69.1713   49.3569   63.3088   114.858   88.4261   78.4786   29.1327   66.5698   118.325   46.9866   56.4039   44.9134   60.9232   71.1827   79.6318   94.3617   68.1957   102.046   104.459   23.2801   37.3776   65.3517   85.9242   92.6419   97   112.196   90.4838   
58.8218   101.637   69.8355   22.4722   105.005   39.6611   44.0114   11.1803   113.004   93.2631   0   73.6008   116.732   101.614   116.753   54.475   51.4164   105.104   92.5684   63.3957   87.6878   87.1567   134.504   105.067   71.0803   49.1803   89.3495   78.4841   93.3221   61.4264   91.452   113.477   86.8917   107.237   49.6105   93.566   95.3571   84.018   94.481   62.618   75.9406   76.7738   62.3959   118.425   117.789   66.0408   89.1661   119.311   67.088   92.2278   126.716   102.261   90.3308   68.3036   93.4056   89.9955   51.2156   102.498   54   61.1109   94.9222   42.3006   106.707   87.6347   56.0119   56.2866   48.6356   50   87.2357   125.19   
18.3848   58.3095   29.0689   37.4833   65.1153   19.105   34.1321   54.5619   59.4643   70.4557   58.6003   0   68.8926   42.7269   67.4531   55.35   66.4805   88.6454   40.7697   40.9737   38.0868   72.6947   78.0323   64.2892   39.2036   64.2576   88.4129   79.1349   50.1448   67.7343   86.0197   55.3378   36.4164   63.8566   47.0832   34.1246   56.8982   52.4125   59.6357   46.6586   41.3607   41.5959   47.7343   65.5077   73.4209   47.9531   49.721   63.2213   40.1529   74.1082   81.372   55.0331   55.7968   68.1461   59.7393   43.4605   57.0465   46.0167   46.4951   68.6286   41.0208   56.9729   79.1244   65.6236   63.5296   45.8329   78.6825   45.6008   38.5407   71.0392   
43.8634   12.083   32.45   85.7963   20.2485   68.6804   87.367   94.0479   15.2971   45.2769   102.215   53.2353   0   58.5986   26.0623   81.0075   94.8608   70.0833   49.0167   86.5012   45.4717   67.2892   46.1084   39.6155   60.8401   93.1673   85.9769   87.6081   37.4094   90.027   80.1942   58.3113   66.0161   36.6619   86.0069   63.055   94.7823   53.5366   97.2066   72.8981   92.0633   56.4969   79.0362   33.2195   31.083   75.6717   89.3559   47.4008   69.0833   66.0521   28.434   87.5239   54.1009   73.7482   53.0167   50.5296   88.0357   45.7924   95.554   88.7794   71.2451   102.539   58.157   63.0114   83.6804   84.4759   108.107   90.1688   81.8172   41.4008   
36.1248   51.0392   37.3631   65.192   59.4054   47.0106   56.356   82.365   40.1123   75.7166   86.6083   28.0179   41.1461   0   50.0011   75.7132   90.954   97.4886   36.2931   60.6878   44.0689   84.9292   53.8802   64.0084   57.1248   88.848   102.858   96.5055   45.4878   91.5873   98.2543   26.8062   38.8661   55.8062   72.4758   34.6023   56.4475   64.8588   59.2818   66.9902   53.8073   59.3359   72.0054   48.0195   65.6392   68.242   49.3671   42.8806   52.6264   85.6317   62.1616   50.3082   64.091   74.0333   64.7536   50.8271   84.4685   26.8062   68.1507   92.6835   34.0294   83.0692   83.8186   77.8582   87.5845   73.8507   106.7   68.614   38.1868   44.6833   
43.8292   20.1246   33.9706   84.9706   28.3019   67.2309   84.3445   95.1315   10.6301   52.7731   102.65   50.448   8.06226   34.7851   0   83.7077   96.6884   77.9926   41.6833   84.4463   44.7849   72.7315   40.3452   44.0185   61.8615   95.0435   89.2572   89.8775   38.4307   93.3217   83.4744   46.6497   58   34   87.4557   55.4708   89.9162   56.8246   92.4321   73.5862   84.0298   57.3113   77.208   17   36.0238   73.6392   82.739   37.4009   69.8292   69.3323   28.1655   85.0933   52.7696   75.2688   54.7851   55.4138   89.3464   47.1948   91.5991   95.1665   68.8144   102.025   62.5412   70.4773   91.7427   84.4417   109.772   86.214   71.5587   36.3848   
26.4197   65.2993   34.7131   28.7924   68.352   25.5539   47.3814   27.2947   79.196   58.1378   36.6879   36   67.0075   61.131   68.593   0   39.2971   77.0217   63.2858   53.3946   55.2858   58.9084   105.261   71.393   42.7713   37.6934   61.7476   50.6788   65.0345   35.2066   61.618   87.9373   63.3735   73.1853   32.0226   70.1246   83.9385   49.8752   88.394   32.6985   69.0091   46.6158   26.6158   85.593   84.2665   37.53   80.0504   90.4497   44.0868   62.4853   91.5939   86.9932   60.6993   38.0278   59.8534   61.1838   34.0375   73.2451   44.8701   33.3056   77.0208   48.6208   73.2354   54   28.2066   27.8995   51.6982   40.0227   74.5407   98.4589   
41.2311   75.8024   47.8017   34.6554   77.5242   38.3275   57.1402   21.095   92.3147   61.9839   32.249   51.0882   79.196   76.4003   81.6884   15.2971   0   73.361   78.0971   62.4384   70.0971   55.7732   117.548   80.0997   52.6742   23.2361   55.2464   43.8449   75.8395   24.198   68.2832   103.207   78.6706   82.9412   39.3516   85.2128   96.7122   60.2364   101.168   43.9264   81.5951   57.5032   38.6143   97.5561   94.0072   42.2389   92.8241   105.747   57.434   68.4462   104.682   102.29   66.5492   44.522   69.624   69.6359   27.434   88.5421   54.5766   37   92.109   54.4833   77.6847   63.72   38.1803   42.3607   34   55.3198   89.6288   112.746   
56.0803   43.0465   46.8615   86.1278   37.855   77.3692   101.074   80   69   9.21954   91.022   74.411   54.0833   82.365   61.4003   57.4891   59.0339   0   81.1405   99.5862   75.2633   35.8638   99.8114   52.1974   69.1836   72   43.4722   52.6857   71.3546   68.4079   37.5529   102.793   95.8733   59.9074   84.214   99.7286   126.054   54.9723   131.214   69.626   111.305   65.4203   67.8728   78.3908   58.5765   64.9408   119.872   97.6456   80.9843   30.7648   73.2115   125.853   56.2053   61.8497   54.133   70.1427   68.3323   84.6824   99.069   73.0416   110.617   102.6   32.4997   43.0217   71.0918   82.0984   82.7647   97.1577   112.952   95.484   
21.4709   37   19.2354   59.3633   44.7772   41.1825   57.7062   72.3464   35.8469   57.8014   78.5684   23.7697   30.0167   18.3848   26.6833   47.8853   62.6498   64.1405   0   62.0278   35   66.2593   58.5025   49.8502   42.4709   74.5308   83.477   79.5344   29.0416   76.9334   79.565   44.5976   32.0278   41.4008   65.169   43.7495   67.3723   44.5598   69.0091   51.1214   64.1856   41.8379   57.3515   43.6833   56   53.5882   60.195   43.4197   45.3196   67.1984   54.8489   65.5071   45.7885   59.9351   46.803   30.5242   73.3104   26.4868   65.8853   74.9406   52   75.0333   69.2909   59.7305   76.0918   62.0834   92.45   62.6542   49.0147   48.8329   
31.7805   76   44.5533   21.9317   82.2192   9.43398   16.2788   43.4166   78.4347   83.2586   44.3847   18.9737   71.8471   44.6878   69.3758   34.9857   47.4342   85.5862   42.72   0   57.0605   82.9151   97.0059   83.2628   51.2415   62.2807   92.645   83.1974   68.0918   68.2353   91.8674   71.4941   52   80.709   39.6468   53.0983   50.6202   65.8083   53.4196   49.4557   40.1245   54.9916   51.7967   83.4463   92.3946   58.7409   42.0179   82.195   41.1896   85.1351   94.604   62.3492   71.2813   62.0345   75.9741   62.4342   59.1384   64.9903   26.0454   68.2913   48.4819   41.7601   94.6089   76.6498   63.1923   42.4951   74.6114   39.533   45.8568   89.3711   
14.8661   35.2278   11.4018   55.4617   42.2019   37.9473   57.0088   66.468   39.6611   51.6624   73.4098   23.0868   30.8058   25.9615   29.5296   41.0488   55.4707   57.4282   8   41.1947   0   58.8406   60.4004   45.178   35.8661   68.7995   74.6383   72.1174   32.0623   67.4509   72.1656   50.3734   36.0227   42.1868   59.6017   42.4131   73.3707   38.587   76.1082   46.9254   62.643   30.5242   50.7467   46.5296   54.2278   46.9833   66.1935   49.4673   40.8661   59.6703   53.8497   71.5056   38.1297   52.7   41.2074   26.0623   63.0652   32.2627   61.1037   68.2445   55.3836   71.5299   61.4573   51.7696   69.2553   55.4786   87.2031   55.7185   55.0132   54.3593   
39.0512   42.0595   32.311   67.1863   40.4599   58.6686   82.365   62.2896   65.521   20.2237   73.1095   57.3847   50.2892   69.5701   56.0892   38.6394   41.7732   18.9737   51.2445   67.1193   43.6578   0   96.0767   48.7321   55.3553   56.2464   34.0278   46.2094   56.9462   48.2844   31.3417   91.8421   79.4336   58.6441   65.2445   81.5426   109.024   41.8825   114.015   50.7976   93.6892   52.2436   48.5853   72.7315   61.0595   44.9666   102.678   88.7864   61.8615   30.099   74.7754   109.283   40.2132   36.8806   41.1044   49.7351   56.0483   75.311   83.5094   46.0483   97.0922   84.6419   36.5913   26.0711   53.1448   66.5389   71.6488   78.6621   95.9253   89.111   
61.2209   41.5933   54.1202   99.0202   48.7647   80.604   93.1075   112.61   15.8114   75.326   118.828   61.8547   30.0666   37   23.0868   87.4185   101.548   84.1487   40.3113   80.2621   46.4004   79.0759   0   66.2494   80.0435   114.371   112.015   112.964   58.6545   113.851   106.561   43.2557   64.6287   56.1995   102.65   59.6017   90.2396   78.6683   92.1038   91.3899   89.6626   76.2462   96.0136   40.0868   56.5793   91.465   86.217   30.8167   82.8167   92.4191   46.9258   79.0079   75.8563   95.0449   74.5886   65.6701   107.182   46.0769   101.201   111.742   68.1064   113.403   82.1836   90.0087   107.581   100.744   126.527   98.573   75.1868   24.8167   
35.0571   13.4536   22.0907   75.8024   16.2788   61.0082   82.8734   79.6241   35.9026   26.9258   88.955   50.2892   20.6155   49.679   27.0185   52.3927   62.426   34.9285   32.6497   66.6108   28.178   29.7321   50.0899   0   49.1283   75.4881   61.9964   65.5592   43.8087   71.2152   55.5933   73.3129   63.93   29.0499   76.1594   70.5911   100.022   36.8599   101.659   59.2195   90.2815   46.0784   59.9034   44.0185   32.4536   55.1224   92.8447   64.4194   61.0571   43.4591   42.178   92.7464   29.8242   52.2744   26.6619   44.8403   74.2313   55.2022   82.0298   69.8145   79.6259   92.1799   35.6977   42.7065   68.4004   73.7539   93.0069   81.7157   81.6644   62.0163   
5   46.5725   13.9284   40.7922   51.3517   26.3059   49.3356   48.2701   57.3847   50.0899   56.0803   22.2036   46.1411   41.1096   46.8615   22.2036   36.6742   53.0094   26   33.2415   18.868   35.3553   65.215   35.1283   0   48.8112   65.2443   56.0595   38.5219   49.6127   62.2017   67.9159   50.8058   50.5459   42.4311   56.3282   74.9732   30.8994   78.6259   25.4018   60.2244   20.0828   36.1555   61.6433   63.7078   37.1172   71.8167   68.3353   31   57.4187   70.8092   77.2367   36.3607   45.6469   46.3506   32.6433   44.313   51.1306   49.0156   47.3766   63.2244   60.6206   63.9839   51   49.6356   45.6125   60.5296   49.0185   60.7443   73.2273   
39   73.8173   45.607   33.9706   75.6637   36.6879   56.0357   22   90.1388   60.6712   33.0606   49.0408   77.0779   74.2159   79.511   13.1529   2.23607   58   60.4152   45.8803   53.2353   40.4475   99.3227   60.4649   34.4384   0   55.8972   44.4957   70.6176   24.8489   59.566   101.022   76.5265   81.8509   41.5877   83.002   95.0432   56.4065   99.2999   39.4403   80.6847   53.2861   33.3576   92.4065   90.3476   38.0217   87.8981   102.458   51.2215   67.5412   102.355   100.146   63.8039   44.3238   67.8262   63.4065   29.2111   85.498   56.2353   34.198   90.0616   53.7967   77.0388   64.1096   33.4868   41.0524   30.2066   52.311   87.2604   107.595   
53.6656   58.8727   49.2443   72.9452   55.9464   68.6222   91.6788   62.1691   83.1986   29.6985   73.3485   71.3442   67.9117   86.5852   73.9797   44.6542   41.2311   22.4722   68.4471   77.7817   60.6383   18.0278   97.0155   47.2969   49.2443   40.8044   0   25.4018   74.541   48.9118   31.4031   109.87   95.3095   73.573   76.5086   99.5703   122.724   56.8114   127.87   64.0109   108.89   65.5395   64.0366   90.0306   75.0037   62.9944   119.8   106.008   79.6656   36.9249   89.4749   122.674   55.1421   54.9084   56.0333   67.7629   56.6757   92.2443   85.4533   46.6757   110.107   92.7736   49.8378   41   58.541   72.4059   60.0435   80.0681   109.661   107.139   
46.8402   61.0574   45   61.9112   59.6657   58.7963   81.3941   50.8035   83.5703   36.7151   61.9839   63.561   68.542   81.6149   73.6817   34.0588   29.8329   31.3209   64.0703   68.1175   56.0803   19.2094   96.3016   48.3011   42.0595   29.4109   11.4018   0   72.5244   41.6469   37.1327   106.111   89.3738   73.9166   64.928   93.8781   114.344   56.0571   120.154   56.0927   99.8277   57.5933   52.1769   89.1635   80.0574   50.3717   108.817   104.118   68   42.3452   90.4788   116.39   53.108   40.4722   57.8973   68.9445   45.3032   88   77.8769   44.5712   104.331   81.6623   55.0512   45.2804   39.4722   61.9583   52.0143   74.0815   102.102   108.32   
20.5913   27.1662   11.1803   62.3939   34.2053   45.3542   65   71.7008   33.9706   45.8039   79.3221   31.1448   23.4094   30.0167   23.4307   45.2769   58.8218   52.3546   12.0416   49.0918   8.06226   40.6079   42.9418   20.8087   23.4307   56.6127   58.3095   55.2268   0   71.895   69.9418   56.6392   43.1548   41.1245   65.3269   50.4754   79.4139   38.2237   81.0507   48.8325   70.7053   38.5864   55.4187   37.9317   46.1662   52.7085   70.9017   54.3883   46.5913   56.9571   51.5963   77.0517   35.4165   52.4786   43.6025   29.2111   64.4065   38.5284   69.166   70.3433   63.4459   79.5922   56.5064   51.6754   65.2443   61.2038   83.9603   63.7808   61.0563   57.8378   
40.4475   69.3542   44.2832   43.4166   70.214   43.8292   64.6607   31.257   87.9204   52.6308   42.4264   53.4603   74.027   76.531   77.3886   18.3848   10.198   49.163   61.131   53.2353   53.4509   32.573   98.387   55.9017   35.5106   9.84886   31.0483   19.6469   55.4617   0   49.6127   101.746   79.2678   76.5436   45.8058   85.2433   102.214   50.6454   104.721   40.3193   82.8945   51.9712   34.2638   90.3306   82.8394   37.4493   94.0692   100.995   54.7068   52.3747   97.0445   105.378   55.8593   33.4407   58.6625   62.3338   26.1803   84.6466   58.7555   16.2361   94.4811   63.245   66.9245   50.4819   28   41.7849   40.0554   55.9625   89.5252   104.157   
51.3128   52.811   45.5412   74.3236   49.6488   68.4105   91.8368   65.3758   77.4661   23.3452   76.531   69.4046   62.1691   82.8613   68.469   45.618   44.2832   16.5529   64.56   77.3369   56.921   13.3417   91.5478   41.5933   47.2017   43.566   6.40312   15.1327   53.9351   34.1321   0   105.184   92.5363   65.3577   73.7303   94.8842   121.286   51.2075   125.828   61.1315   105.823   61.5686   55.0488   82.2901   66.221   58.3083   116.019   99.4864   75.2032   28.1421   83.7713   122.488   49.5382   50.2223   50.4294   63.0768   60.271   87.5672   88.6724   50.3682   106.417   94.152   41.4591   35.3961   54.4401   73.5175   66.4466   83.2873   107.945   102.453   
47.2969   51.7397   46.0435   77.9872   60.208   59.8164   68.2642   95.0158   34.5398   80.5295   99.4032   40.8044   40.3113   12.8062   32.6497   73.0548   88.2326   88.0227   27.0185   57.3149   35.0143   77.2787   27.074   53.6656   52.1728   86.0233   94.8947   91.022   36.6742   87.6641   90.6091   0   43.6586   64.3842   85.2821   46.2132   64.0172   71.5784   64.9909   77.5745   65.1715   65.5385   83.1775   48.8976   68.6735   79.4142   59.6814   28.6491   65.4327   92.3692   57.566   50.1248   72.0907   86.8396   73.8215   57.5427   95.1202   39.6125   80.957   99.5494   41.5707   94.2164   89.3633   86.5386   100.391   83.3181   112.702   78.405   50.993   45.4391   
25.9615   55.0273   32.0156   50.3289   62.7694   32.2025   42.72   67.9779   50.636   73.5391   71.8471   13.4164   47.5184   14.8661   43   48.3735   63.6396   78.8733   18.0278   30   22.0227   63.6318   50.5371   49.93   30.8058   61.5224   79.3095   72.8011   29.1548   65.0077   76.4788   27.6586   0   59.4285   60.4996   31.7082   50.4821   56.5972   53.2195   56.2076   46.0768   45.7805   61.1507   56.437   73.3624   58.0788   41.9258   52.4284   42.318   79.6255   69.0364   48.6169   58.7435   66.448   61.9674   48.085   70.4629   35.2237   52.2884   78.1825   39.8924   70.0704   82.0711   71.1402   76.5801   59.2493   91.3354   59.0173   32.1245   56.8121   
34.9285   11.0454   22.4722   76.922   18.3848   60.6712   81.0247   83.5284   26.5707   36.6879   92.1303   47.2652   11.6619   41.7732   17.1172   56.3028   67.9412   44.911   26.4008   65.0077   24.1868   39.0512   40.1995   10.0499   36.4005   65.8559   56.8859   57.0088   16.1245   62.482   51.3517   44.4185   44.3847   0   76.3939   58.4185   93.6175   41.1725   95.4098   60.5296   86.8298   53.4631   64.8262   34.1172   29.1803   65.1723   86.3105   54.5182   60.9285   53.5089   36.5183   86.3591   39.8741   59.1856   36.7118   42.3961   77.8982   49   82.9711   78.7181   70.0803   92.5614   45.7476   51.573   78.28   75.541   96.0625   77.5859   75.4155   53.0627   
28.3019   72.4224   39.9249   16.1245   76.6877   14.1421   33.9706   24.6982   82.4197   70.0357   30.6105   30.0832   72.0069   57.7062   72.111   13.6015   24.3516   70.214   48.0833   23.0868   42.8019   51.2445   88.3912   60.4152   26   22.8473   58.2495   47.634   48.8774   30.8058   59.0593   70.3278   43.4626   62.3939   0   64.2078   72.4677   56.8994   74.8916   43.2761   53.0512   46.0828   37.6815   86.3276   88.8487   40.0907   65.1046   88.8783   34.8494   72.7853   96.5279   80.1521   61.3897   50.3645   72.3471   58.6433   45.8494   74.5701   27.6015   46.907   71.104   33.4391   83.1863   67.6015   41.808   30.1231   45.0644   28.4868   64.0937   96.9161   
31.257   54.5619   35.3553   56.8507   62.6498   38.833   47.8539   74.686   47.0425   75.9276   78.492   20.1246   45.8803   8.60233   40.4475   54.7449   70.0357   81.8413   18.4391   36.1248   24.4131   67.5426   45.31   51.0882   36.2215   67.897   83.8153   77.8781   30.4138   71.0282   80.6226   21.2132   6.7082   44.4185   50.1597   0   49.7851   62.4856   55.3363   61.6233   52.785   52.4887   67.1376   54.4759   72.0957   63.3742   48.634   43.1548   49.0262   83.6239   68.613   41.6586   62.0833   73.1562   64.7288   48.45   77.1711   33.2627   58.9966   83.5982   30.6619   76.6392   85.4109   75.8504   82.9514   65.9575   95.2242   65.7255   38.8327   53.2857   
55.9732   89.1572   65.2993   55.0818   97.0824   44.3847   33.5261   78   80.5047   107.168   76.7919   37.6431   80.6536   40.4475   74.9533   69.2892   82.7103   111.732   52.3259   35.5106   56.3028   95.0158   75.2396   84.3801   59.8164   81.0432   108.724   100.344   63.6318   87.6641   107.005   48.1664   34.4819   78.721   58.4637   34.7851   0   89.5391   28.8284   77.9566   35.4165   79.1843   84.0119   87.1362   104.756   82.6317   34.6023   76.8155   63.3964   111.751   101.278   40.8924   92.0272   93.2304   96.4493   81.1036   92.0834   65.923   60.2709   102.067   47.5372   74.9102   115.355   103.267   97.4628   75.4401   103.269   67.0306   40.3576   85.1308   
18.0278   34.4819   10.198   55.0818   37.6431   41.9762   65.146   58.1378   51.3128   34.4819   67.4166   36.2353   37.5366   47.5395   40.8167   30.8707   41.7732   38.2099   29.4279   49.0408   21.587   22.3607   62.3939   21.5407   15.8114   39.6989   39.0512   35.0571   20.2237   36.6197   35.4683   56.1427   41.3401   26.1725   39.3192   45.1885   73.5391   0   90.4709   41.2131   73.2521   28.8167   43.9094   56.8246   53.4819   41.3848   79.0692   68.0869   44.0278   48.6117   62.6908   86.8471   27.0711   32.2047   31.198   29.0357   52.8024   53.198   64.827   52.4093   75.8504   72.0088   52.7321   41.8114   48.1448   58.6403   66.6236   61.19   73.4646   75.1424   
58.7963   91.7878   68.1175   57.0088   99.7447   46.8402   34.9285   80.025   82.7345   109.986   78.5175   40.4599   83.1685   42.7551   77.3692   71.8679   85.1645   114.56   55.0091   37.855   59.0762   97.8366   77.1038   87.1321   62.6259   83.5225   111.503   103.078   66.3702   90.2497   109.809   50.04   37.2156   81.3941   60.8769   37.3363   2.82843   76.3675   0   80.242   37.8403   82.0074   86.8403   89.9647   106.195   85.4602   34.4018   78.6891   66.2248   114.568   104.107   30.8661   94.8455   96.0589   96.4621   83.9204   94.1202   68.7514   63.0994   104.896   47.9615   76.0818   118.173   106.083   100.074   78.2685   105.941   69.4198   43.186   87.4384   
15.6525   56.0803   24.4131   33.0151   59.9083   23.0217   46.6476   37.2022   68.6222   53.6004   45.618   27.6586   56.8595   50.9902   58.0517   10.8167   25.632   54.626   37.1214   31.8904   30.2324   35.7771   76.6094   43.6807   11.4018   23.4094   46.0109   36.8917   34.6554   26.0192   45.4533   62.6418   39   46.5296   17.0294   45.0999   63.5295   22.3607   66.242   0   65.2217   31.4845   26.831   72.5872   70.7136   21.831   70.0091   77.5295   39.5602   55.1156   81.2939   82.6917   47.7624   29.6205   53.5587   44.0451   33.4924   62.4951   44.6309   38.1253   68.6795   50.4685   67.5154   48.28   33.0263   34.1529   50.3412   41.5407   66.1993   83.5733   
40.2244   79.6241   51.4296   36.6742   86.8332   25   19.105   59.1354   76.6551   92.6499   58.9406   22.3607   73.171   38.2753   69.029   50.1597   63.3246   96.2133   43.1856   16.1245   44.643   78.5684   75.2728   72.45   43.2782   61.6847   91.0494   82.0975   52.6308   68.542   89.8721   49.6488   26.0768   68.6586   39.0512   30.0832   19.4165   58.2495   21.8403   45.2217   0   63.3609   67.9213   82.5138   95.7816   67.0526   30.0416   73.238   49.8277   95.7314   95.1132   48.2029   78.1575   74.8422   82.1   65.8212   74.4586   61.3006   42.0185   81.2681   40.6008   56.5027   101.485   87.2462   76.1691   57.8207   84.1157   45.6142   33.6205   82.8889   
7.2111   40.5216   8.06226   46.8722   45.2769   32.1403   54.8179   53.6004   52.3259   45.2769   61.7738   25.4951   40.4969   40.1123   41.7253   26.8701   40.4969   48.9183   23.3452   38.6005   15.5242   32.2025   61.0574   29.0689   6.08276   38.2753   47.5395   41.5933   18.4391   37.9473   44.7772   50.2494   31.7805   30.4631   31.9531   36.4005   62.9682   10.8167   65.7951   16.4012   47.4342   0   39   56.3708   58.2616   36.2643   73.7063   64.9915   33.2111   53.6554   64.943   77.8968   34.7902   41.025   40.4845   29.3137   49.8936   47.7869   52.4457   53.4594   61.618   62.8719   58.1178   46.1725   48.3847   47.8236   66.6123   47.0606   63.905   69.8835   
20.8806   57.7062   27.5862   34.7131   60.7454   27.5862   50.8035   34.8855   72.1803   51.4782   44.2719   33.7343   59.6657   56.7186   61.5549   7.61577   20.5913   51.5461   42.1545   36.7967   34.8855   32.573   80.9938   44.7772   16.1555   18.3576   41.0366   31.4006   38.4187   20   41.0488   68.1542   45.0111   48.8262   18.6815   51.0392   69.3181   23.2594   72.0069   6.08276   50.774   20   0   75.241   74.6547   23   76.0919   82.8283   41.6155   54.1998   84.467   87.5681   50.0832   28.7047   50.2415   46.241   33.1803   65.6236   44.5287   34.0278   74.7551   52.1206   69.1643   51.1496   34   35.5153   48.5641   39.2389   72.2749   89.1969   
42.2019   21.095   32.6497   83.1865   29.4109   65.3911   82.3772   93.6056   12.0416   53.1507   101.02   48.5077   9.21954   32.8938   2   67.1789   80.4301   61.6604   24.7386   67.4463   27.7849   55.7315   23.3452   27.0185   45.3431   78.2432   73.6817   73.0821   21.9317   76.3217   68.2642   31.1448   41   17   70.4557   38.4708   73.0068   39.8246   75.4321   56.5862   67.0298   40.3113   60.208   0   38.0238   71.4008   81.7533   37.72   67.4782   68.1479   30.1655   80.1294   54.7696   72.0293   52.2053   45   86.3382   39.2132   88.0902   91.0945   66.9232   99.3148   62.7162   68.573   87.176   82.8144   105.873   83.5034   71.0805   31.72   
45.3982   1   32.5576   87.0976   7.81025   71.3442   92.0869   92.1303   27.074   33   101.237   58.4209   13   51.614   21.0238   64.846   75.213   42.0476   37.3363   76.0066   35.3553   41.1825   42.5793   12.8062   46.3249   73.2393   57.9396   60.208   27.2947   68.6804   51.8652   52.4976   55.3624   11.1803   72.1249   55.0091   89.5545   34   92.1954   55.7136   79.8311   40.2616   57.2451   21.9545   0   67.9287   96.28   56.3401   71.3982   56.0789   32.2627   96.6677   42.6304   65.0806   39.4682   48.1448   84.5733   54.2753   91.6466   80.6033   81.2606   102.647   44.0768   54.6197   81.2028   86.0107   100.624   87.3222   86.351   53.6745   
17.1172   52.7731   22.6716   38.2099   55.9732   28.8444   52.4786   39.8246   67.2681   48.0521   49.0408   31.9531   54.6717   53.2353   56.6392   12.53   25.2389   48.8467   37.9473   37.6431   30.4631   29.9666   76.3217   39.9249   12.1655   23.0217   40.4599   31.7648   33.6006   23.3452   39.6989   64.3273   42.2966   43.8292   22.0907   48.0416   68.6003   18.3848   71.3442   5.83095   50.6063   15.2643   5   55.3173   52.3259   0   75.84   79.9304   35.2354   56.3946   79.5524   84.8928   42.2982   30.8995   49.5828   44.578   31.8114   62.7258   46.6956   35.5914   72.9739   55.5298   66.5579   51.6833   30.4924   34.0278   53.2283   44.2389   70.4937   83.6483   
47.4236   81.9329   57.0088   48.6621   89.6939   36.4966   29.1548   71.1758   75.0267   98.8585   70.8308   29.0689   73.9797   35.0143   68.7314   61.0328   74.7329   103.276   44.9444   28.0179   48.3735   86.4523   71.1969   76.5376   51.225   73.0068   100.125   91.7878   55.9017   79.3788   98.4073   44.3847   26.9258   71.3092   50.636   28.2843   8.60233   65.0692   11.4018   55.0091   12.0416   54.4518   60.8358   66.7533   82.28   60.0333   0   71.439   56.8167   103.177   95.9622   34.6525   83.7367   84.6296   88.8082   72.5294   83.3081   61.5469   54.0601   93.1344   35.1108   66.0744   107.064   94.6925   88.0354   69.8623   95.7004   57.6558   37.1803   79.6976   
47.8853   41.3401   43.1741   83.6301   49.6488   65.192   76.9675   98.4073   21.9317   72.4224   104.005   46.2277   29.4109   20.8806   21.4009   74.3034   89   80.5233   26.4197   64.3506   33.6155   72.0278   16.1555   45.607   52.3259   86.764   90.0056   87.5728   32.3883   86.977   85.1469   12.6491   34.4819   35.7351   73.8783   29.1548   60   52.6118   62.0322   63.5295   59.1354   49.0408   68.4471   20.2485   42.19   64.0781   55.4437   0   71.037   86.627   47.8701   62.7739   67.8048   84.4723   65.04   56.9439   95.8895   36.2047   86.7703   99.6695   54.2198   101.453   79.146   83.0077   94.5705   86.2011   112.855   89.0739   59.0674   21   
11   56.4358   24   31.7805   62.0081   15.0333   37.3631   44.4072   63.2851   62.1691   50.2494   13.1529   54.0833   38.6264   53.2353   23.0868   38.3275   64.8999   28.3196   21.1896   23.7065   46.8615   68.593   46.0435   12.083   36.2215   59.4054   51   30.6757   40.3113   58.0517   50.9902   25.318   45.7056   19.8494   31.7805   49.3964   27.8568   52.1536   14.5602   31.8277   17.4642   20.6155   51.4782   56.3205   19.2354   40.8167   54.037   0   67.2195   77.5563   67.9608   48.4437   43.8444   53.8782   44.318   48.0526   54.8064   38.4732   52.6855   54.1738   48.8994   74.0555   62.8402   47.5865   32.3576   64.9014   33.088   51.6936   75.037   
41.7253   39   33.6155   71.8053   36.6197   62.6099   86.3134   67.3647   63.3482   15.1327   78.1601   60.1082   48.0521   70.3847   54.3323   43.4166   46.8722   14.7648   52   70.8308   44.7214   5.09902   77.4145   27.4591   38.4187   45.5412   19.9249   23.3452   40.8044   37.6431   14.1421   77.3692   65.4599   37.2156   55.7853   68.9638   97.6217   24.2074   100.449   39.9249   81.6884   34.6554   37.108   54.1479   38.0789   34.176   89.1067   71.3442   50.2195   0   69.6371   109.577   36.6274   41.5116   36.587   50.6742   56.0122   74.6581   80.8716   51.1474   93.5064   89.2244   35.8114   22.4853   58.2438   67.6624   73.7083   76.3468   97.5844   85.868   
53.2259   16.2788   41.8808   95.0789   22.2036   77.7946   95.8853   103.47   11.1803   50.0899   111.647   61.8142   9.43398   46.8402   12.1655   76.4003   88.4138   59.2115   38.2099   80.604   39.8497   57.7754   26.9258   28.178   55.5698   86.3134   74.9466   76.4788   32.6956   82.9759   68.9638   43.566   55.0364   20.5183   81.4125   52.6118   87.0976   46.669   89.4986   66.2873   81   49.93   69.029   14.1421   17.2627   64.0312   80.895   31.4006   63.3246   55.0273   0   93.6908   57.2311   77.7024   54.8399   59.1421   94.3095   53.3553   100.953   95.8084   78.561   111.38   61.3395   69.8985   93.1144   93.8384   113.293   95.5683   83.7209   45.8622   
55.0091   81.6333   62.0081   63.7887   89.8888   50.01   44.7772   85.8429   69.857   103.325   86.1278   37.9473   72.0139   30.8707   65.5515   72.9932   87.4643   108.853   46.0977   42.4264   51.6624   93.4933   63.0079   78.7464   59.5063   85.5862   108.674   101.39   58.0517   91.0055   106.174   36.1248   30   71.8471   64.0078   27.6586   13.8924   71.2811   14.8661   65.521   27.2029   61.4003   71.5681   63.6946   82.1523   69.8928   15.6525   48.5077   50.9608   95.4411   77.4919   0   88.736   94.8052   89.8222   76.1086   94.9938   57.6769   68.4718   103.646   42.2788   81.3618   112.064   101.14   98.5473   83.3183   109.072   72.0364   42.4924   69.4518   
23.7697   28.0179   12.7279   62.1289   30.6757   48.6621   71.5681   64.8845   46.9574   29.2062   74.3303   41.3401   32.45   48.8467   36.7696   37.6962   47.8017   34.2053   30.4631   55.3624   23.3238   21.2132   59.203   14.7648   22.3607   45.8039   39.0512   37.108   19.4165   41.7732   34.5254   56.0892   44.6878   20.8087   46.3897   47.7074   77.9872   7.07107   80.8084   29.4279   63.6318   16.7631   30.0832   36.0555   27.4591   25.2982   69.6563   51.0098   34.2053   21.5407   41.2311   74.6525   0   39.2757   30.1623   32.2643   53.1152   55.5865   69.2088   54.6232   77.4123   79.0798   41.7065   28.1421   55.2159   59.326   73.6947   63.8236   74.1082   67.7756   
24.5153   50.6063   25.2982   46.3249   52.3546   38.6005   62.1289   43.6807   68.5055   40.1123   53.9351   41.1461   54.6717   60.0333   57.9828   18.0278   25.2389   39.8497   43.2897   47.5079   35.3553   20.8806   79.2023   37.2022   19.6469   23.3238   30.6105   22.4722   36.4005   19.4165   29.8329   70.2567   50.448   43.1856   30.3645   55.7315   78.2304   17.2047   80.9938   15.6205   60.4401   20.025   11.7047   56.9386   50   9.89949   69.6419   68.4105   28.8444   25.4951   63.7024   78.924   22.6716   0   46.6125   46.2403   40.088   67.618   56.2334   35.6526   81.643   63.8035   57.4719   39.0263   37.2127   43.9273   53.5304   50.9436   79.6867   88.6586   
26.2488   25   14.4222   65.192   27.5136   51.4782   74.2159   68.0294   44.7772   27.5862   77.4919   43.4166   30.0167   49.1935   34.7851   40.8534   50.8035   33.2866   30.8869   57.9741   24.2074   22   57.4891   11.6619   25.1794   48.8262   40.0125   38.8973   19.3132   44.5533   35.1283   55.7853   45.9674   18.3576   49.4975   48.6004   79.6492   10.198   82.4621   32.5576   65.7647   19.4165   33.2415   34.2053   24.4131   28.4605   71.4003   50.04   36.8782   21.587   38.6005   75.8222   3.16228   25.6125   0   35.4266   56.2775   56.4701   71.8622   57.7855   79.2623   81.0671   44.8688   31.3044   55.8246   62.4883   76.8217   66.477   77.2705   65.9253   
14.5602   31.1448   4.12311   56.6127   37.1214   40.3113   61.2944   64.8151   41.0122   43.8406   72.7186   28.4605   29.5296   33.8378   30.4138   38.1838   51.614   49.4065   15.5242   45.0999   8.06226   35.7351   50.1199   21.8403   16.6433   49.4065   52.9528   49.0102   7.2111   48.3322   49.0408   42.107   29.6985   20.3961   42.4853   32.45   63.6003   14.0357   66.4003   27.6586   50.6952   11.3137   31.241   29   31.0644   26.4008   55.4707   39.0512   25.318   36.6742   38.9487   59.5483   15.2643   29.4109   16.2788   0   58.2121   40.3249   60.6905   61.9922   60.2782   74.1856   54.1786   43.4065   56.8932   55.1727   76.6117   58.3743   61.823   55.8534   
31.9531   67.1193   38.4187   33.6155   69.3181   32.6497   53.8145   26.6833   82.9759   56.0803   37.2156   43.0465   70.0357   67.4685   72.3464   7.28011   9.43398   54.3323   53.3104   42.0595   46.0652   36   92.1141   53.8516   27.313   7.2111   39.3573   28.3019   49.4065   11.1803   41.1096   79.1202   55.1453   58.8982   19.8494   61.4003   76.5506   32.8024   79.1202   16.4924   57.3847   31.0644   11.1803   71.0634   66.5733   15.8114   68.3081   79.6241   30   41.0122   79.3095   80.2309   39.1152   17.088   42.19   42.2019   0   76.804   47.4509   27   84.0673   53.2885   70.9285   51.6931   26.831   34.6433   37.4177   47.3028   81.5871   98.0553   
30.8707   38.2753   28   67.0075   46.6154   48.6004   62.6418   81.2158   30.4138   63.6318   86.977   30.0167   28.7924   12.8062   23.1948   57.2451   72.0902   70.6824   9.48683   48.7545   17.2627   59.2284   32.0156   37.2022   35.4683   69.857   76.7919   73   18.6815   70.6045   72.5672   18.1108   20.2237   29   56.7274   17.2627   51.923   38.0526   54.4059   46.5188   46.2709   32.7567   51.6236   21.2132   38.833   47.4342   45.5412   17.2047   36.8782   59.4811   35.3553   43.4166   38.0789   52.6118   37.9473   24.0208   62.7694   0   72.2178   82.8449   43.4605   82.424   72.8999   66.221   77.9266   69.2357   95.9979   69.9662   50.993   38.2047   
32.249   77.7817   45.1774   12.0416   83.1505   6.7082   20.5183   32.3883   83.6301   80.3617   34   25.4951   75.2861   53.1507   73.9256   26.8701   37.5766   81.5414   47.8853   11.0454   44.5982   62.6498   87.2009   67.0298   32.0156   36.2353   71.218   60.8769   51.923   44.4072   71.5612   65.9469   38.2884   67.082   13.6015   44.8219   46.2709   47.3814   48.5077   26.9258   27.0185   38   30.5287   72.0902   77.6466   32.6956   39   71.7008   21.3776   66.8506   84.4334   53.4603   54.231   42.0595   57.1402   46.6905   33.4215   55.2178   0   59.4166   58.7772   30.2066   90.6877   75.2058   55.0766   39.9706   58.6659   32.3852   55.6005   92.7008   
38.3275   67.2681   42.0476   43.0116   68.2422   42.5441   63.7809   32.0624   85.703   51.1957   43.1856   51.6236   71.8401   74.4312   75.1665   17   11   48.0416   58.9406   51.9711   51.2445   31.0483   96.1509   53.8145   33.3766   10.198   30.6757   19.3132   53.2259   2.23607   33.3766   85.5102   63.0317   60.3075   29.8329   69.0072   86.1626   34.4093   88.7694   24.0832   67.1193   35.7351   18.0278   74.0945   66.6033   21.2132   77.8332   84.7585   38.4708   36.1386   80.8084   89.2693   39.6232   17.2047   42.4264   46.0977   10   68.4105   43.4166   0   90.5547   62.2891   67.6396   51.7218   20.099   44.021   38.7883   57.0227   90.1643   101.951   
39.5601   66.1891   45.8039   56.356   74.3034   39.8497   42.638   76.5376   57.1402   87.046   78.721   24.0208   57.2451   17.0294   51.4198   60.0083   75.0267   92.6175   30   34.4819   35.3836   77.5242   53.1507   62.6259   44.2719   73.0068   93.1075   86.3308   41.8688   77.4145   90.3549   26.5707   13.8924   56.0803   52.9528   11.6619   23.5372   55.2268   25.9615   51.4782   23.6008   45.618   57.5587   49.4773   66.6483   55.3173   18.1108   37.3363   37.1214   79.3221   63.561   16.2788   58.4123   63.8905   59.5483   43.2782   67.0671   28.4605   44.7772   75.5381   0   74.8167   95.8594   85.0326   84.5044   69.479   98.0173   65.5211   26.0623   57.2897   
43.4166   88.8426   56.0892   2.82843   93.771   18.868   21.587   25.4951   95.7131   88.459   23.7697   37.6431   86.977   65.0692   85.9069   31.3847   37.4833   88.6002   60.0333   21.095   56.4624   69.6419   99.4032   77.5242   42.4264   36.7967   75.6637   64.6607   63.5689   46.2277   76.9675   77.8332   50.2096   78.339   18.4391   56.6392   53.2353   57.0088   55.0818   35.1283   35.171   48.5077   37.108   84.0952   88.6454   40.4475   47.0744   83.8689   32.8938   74.2159   96.2081   62.3618   64.0312   48.7647   67.0671   57.9741   36.3593   67.424   12.2066   45.8039   55.5698   0   101.625   82.605   59.5913   47.0522   54.3113   36.8114   66.9518   104.869   
47.4236   27.074   36.0555   83.2947   22.4722   71.5681   94.8683   81.5843   53   7.28011   92.0706   65   38.1182   68.8186   45.5412   56.0803   61.6847   16   51.0882   78.7718   45.2769   20.5913   68.1836   19.6977   45.5412   60.1664   33.8378   39.0512   39.0512   52.9245   27.4591   73.3485   67.2681   29.4109   67.1863   69.3542   101.213   29.7321   104.019   50.3587   87.3212   40.3113   49   45.8912   26.0768   45.0999   93.0054   65.146   57.5847   15.8114   43.2897   96.8762   23.7065   38.2099   21.6333   37.6431   54.9181   56.6039   76.6877   51.264   80.6102   85.4751   0   38.2967   71.363   79.1276   87.0071   87.3718   97.8148   77.6112   
33.2415   36.6197   25.4951   64.7765   36.1248   54.626   78.2943   62.3699   59.1354   21.3776   72.8354   51.6236   44.0114   62.6259   49.4773   37   42.72   23.0217   44.2719   62.6498   36.7696   7.07107   72.3671   23.7065   30   41.1096   25   24.5967   33.541   34.4819   20.3961   70.214   57.1402   32.573   48.6621   60.8276   89.1403   15.8114   91.9674   32.28   73.2462   26.1725   30.1496   49.0306   35.805   26.6833   80.6226   65.0077   41.8808   8.48528   51.8845   87.0919   14.1421   19.0263   15.0333   28.7924   35.6931   52.1728   59.1354   32.6497   71.0211   67.082   19.2354   0   45.6228   60.7111   66.4296   69.3885   88.2504   80.7506   
33.541   64.8151   38.0789   39.4462   66.3702   37.7359   59.4138   31.1448   82.201   51.3517   42.0119   46.5296   68.6804   69.5845   71.6101   12.2066   11.1803   49.0918   54.4059   47.1699   46.8188   31.1448   92.1792   51.4004   28.6356   9.48683   33.541   22.4722   49.2443   7   35.4401   80.8084   58.0086   57.28   25.4558   64.0312   81.1542   31.1448   83.7735   19.0263   62.1691   31.3847   13   70.4557   64.2028   16.4924   72.8011   80.4114   33.3766   36.2215   77.7946   84.1724   36.8782   14.2127   39.8246   42.0595   5.83095   63.8905   38.9487   5.09902   70.4557   42.19   50.6952   31.6228   0   40.1061   36.6155   52.2293   85.0702   97.9129   
25.6125   68.9493   36.6742   20.2237   73.0068   16.1555   37.4833   26.2488   79.8123   65.9242   33.2866   29.8329   68.9638   56.8595   69.4046   9.89949   22.3607   66.0984   46.0977   25.4951   40.3609   47.1275   86.3713   56.7539   22.8254   20.6155   54.4059   43.9318   46.0435   27.7849   55.0727   69.3181   43.0116   59.0931   4.12311   49.6488   60.4401   35.5106   62.9365   13.1529   41.1096   28.6356   14.5602   67.8012   68.6222   18.0278   52.3927   72.2011   18.3576   51.6624   78.3901   65.192   42.5793   26.2488   45.7056   39.4462   16.6433   55   16.9706   26.6271   53.3385   22.561   63.1269   44.5533   22.0227   0   49.1876   28.2066   68.2168   93.2011   
50.9902   85.4283   57.8014   37.5899   86.8217   45.1774   61.327   18.0278   102.303   69.6419   28.6356   59.6825   89.1067   85.7263   91.6788   24.6982   10   65.7647   72.45   53.7587   65.3682   49.6488   111.517   72.0069   46.5296   12.2066   46.0435   35.0143   68.8186   17.088   50.0899   97.7394   72.5672   77.7946   31.0644   79.0759   89.2693   51.6236   91.5915   35.3412   69.8713   50.4777   30.5287   90.4268   84.8116   35.2278   81.6149   98.8383   47.2969   54.7083   98.2904   95.0474   57.4891   34.8281   60.4401   61.6117   19.4165   81.8596   43.1741   18.7883   83.3847   40.3113   70.0071   51.4296   20.6155   30.0666   0   58.2731   95.1581   117.465   
27.6586   73.1642   40.4475   14.7648   78.3135   5.09902   25.6125   31.6228   80.1311   75   35   23.6008   71.1688   51.614   70.214   22.0227   33.8378   76.1577   44.6542   13.6015   40.7185   57.2713   84.5044   62.1289   27.0185   32.311   66.0681   55.8659   47.7598   39.9625   66.2873   64.405   36.8917   62.5859   9.48683   43.566   49.0306   42.19   51.4198   21.5407   29.6142   33.0606   25.2389   68.4251   72.9932   27.313   41.3038   69.3109   17.088   61.4654   80.4114   55.0364   49.0918   36.7151   52.0384   42.2019   28.8444   52.4976   5.38516   38.833   44.9222   15.8114   71.3863   53.7587   34.2053   12.2066   40.3113   0   59.4582   90.3109   
39.1152   70.9366   47.3814   49.7695   78.7909   34.3657   34.7131   70.8308   64   89.1964   72.2357   21.5407   62.8172   24.1868   57.5587   56.5685   71.1758   94.1116   34.0147   27.8568   38.0132   78.0064   60.8769   66.0379   43.4166   69.2604   92.6607   85.0882   45.2769   74.5252   90.4268   34.5398   16.1245   60.4152   48.0937   17.1172   18.3576   56.0803   21.095   49.0408   15.6205   45.8039   55.0818   55.5788   71.3092   53.4883   11.1803   44.911   34.4819   80.2808   69.7209   16.4924   60.1082   62.6498   61.6198   45.4533   63.7887   34.3657   38.6005   72.7805   8.06226   48.7545   83.0963   71.8401   67.6831   49.0102   79.0063   39.4588   0   65.352   
51.0392   38.4838   44.9444   88.2383   46.5296   69.814   82.4621   102.176   16.6433   70.8308   108.19   51.0392   26.4008   26.6833   18.3848   77.3886   91.7878   79.2465   29.8329   69.4622   36.3593   72.111   10.8167   44.4072   55.2268   89.5545   90.1388   88.459   33.8378   89.1572   85.0059   18.4391   39.8121   34.3657   77.8332   34.7851   66   53.8516   68.0294   66.5733   64.846   51.4296   71.1969   17.72   39.3954   66.6483   61.4003   6   58   71.007   26.8701   54.4518   51.4782   70.2282   50.1597   40.8534   82.365   21.2603   76.4003   86.9253   43.2897   88.6002   63.561   65.192   82.7647   75.9276   101.71   73.7564   50.8035   0   
