15
30
999999 12 10 14 15 12 5 15 7 6 8 16 6 15 14 6 8 14 6 16 14 11 15 16 17 14 14 14 10 13 
0 1 3 2 9 6 3 8 2 2 5 14 2 13 12 2 4 7 2 4 7 7 9 13 5 11 5 7 8 11 
20
0   0   0   0   0   0   0   0   0   0   0   0   0   0   0   0   0   0   0   0   
-7   7   -3   0   -2   0   -6   -4   -5   3   -3   1   -7   5   -4   7   0   3   -3   1   
3   -2   0   -1   1   0   0   -2   -3   3   0   -2   2   -3   -1   -1   3   -3   4   -2   
-5   1   -1   6   0   4   -1   8   -1   0   -6   3   -8   3   -11   6   -7   9   -11   3   
-3   11   -6   9   -4   3   -15   13   -12   8   -10   5   -7   10   -10   8   -12   9   -10   8   
5   -4   11   -6   1   -3   3   -1   0   4   -2   -2   -5   -2   0   -7   11   -4   4   1   
0   0   0   0   1   0   0   -1   0   -1   1   -1   1   0   1   0   1   -2   0   0   
-15   11   -5   10   -9   10   -9   11   -14   12   -15   10   -13   8   -11   3   -15   13   -4   7   
-1   3   0   3   0   0   -4   1   -1   2   -7   2   3   3   -1   1   -1   7   -4   0   
3   -4   0   -1   2   -2   0   -1   0   0   3   -3   6   -1   3   -1   0   -2   2   -3   
2   -3   3   0   3   -6   2   -5   4   -2   3   -4   0   -3   3   -3   4   0   0   -5   
-2   0   -6   5   0   -4   -3   7   -13   13   -7   5   -6   4   -5   4   -3   7   1   7   
0   -2   0   0   3   -2   3   -1   2   -1   1   -4   2   -3   2   -3   2   -3   0   0   
10   0   9   1   8   -2   10   6   9   -8   7   -9   0   -7   4   -1   8   -6   5   0   
-5   -1   4   -2   9   5   2   -2   6   -1   1   1   0   -7   5   -2   3   2   0   1   
-1   0   3   -1   0   -1   0   0   0   -2   0   2   2   -1   3   0   0   0   3   -3   
1   0   0   2   -1   -1   3   2   2   -2   -1   -1   2   0   2   -1   0   0   0   -1   
8   -10   4   -7   0   -11   9   -8   7   -2   11   -6   1   -2   1   -3   8   -3   7   -4   
-1   1   -4   2   -3   3   -1   0   -3   3   -3   5   0   2   0   2   -2   3   -4   1   
-3   3   0   7   -1   0   -6   -1   0   11   1   2   -7   0   -1   0   -6   13   -3   4   
-4   11   -7   10   0   13   -8   2   -9   8   -8   3   -4   6   -8   13   -7   13   -5   11   
3   -1   5   0   11   -3   2   -3   4   -4   9   0   6   -7   4   -6   6   0   8   -2   
-5   0   -8   4   0   5   0   0   1   0   -1   1   0   -8   -5   0   -1   -6   6   -3   
-7   1   -3   1   -9   0   -7   -2   -11   -5   -9   -6   -5   0   -12   2   -7   7   -8   0   
0   3   7   -7   8   2   5   0   2   -4   0   -7   5   0   -3   -4   3   -1   -2   -9   
0   2   -6   8   -7   4   -7   9   -10   3   -7   7   -7   3   -8   9   -3   7   1   9   
-5   0   -4   -3   -1   8   -14   7   -4   3   -13   8   -6   8   0   -1   -5   6   -1   8   
-11   11   -1   9   -4   1   -6   8   -5   0   -11   4   -2   0   3   1   1   7   3   2   
-3   8   -8   7   -2   1   -1   3   -5   0   0   0   -1   2   -7   2   -8   3   0   1   
-1   3   1   -5   2   0   0   -6   2   2   1   -7   0   1   7   0   -1   -4   3   1   
0   58.5298   62.4398   63.2114   86.8729   43.53   40.2074   60.5412   31   73.6972   39.2389   54.1059   38.5242   34.1555   62.3847   76.0086   52.2053   72.9464   64.634   71.0754   55.108   49.1281   55.6431   56.7732   70.2494   42.8035   64.4004   51.1283   32   60.8246   
39.6232   0   43.6531   35.8494   98.5225   56.1995   79.8307   96.7816   54.1618   87   66.6624   87.4666   56.1141   41.2389   99.4125   73.6941   25.3246   92.0492   25.544   86.5529   83.4463   71.0893   70   58.4649   32.1803   64.7647   80.0076   46.8062   69.6154   30.8062   
43.0465   28.6531   0   64.5025   122.005   73.3487   76.6847   86.6222   63.1649   64.1956   79.1624   88.512   63.3081   42.2843   105.431   102.347   44.8395   111.785   48.6356   55.5933   94.3095   84.4937   55.5296   86.3855   51.1386   78.1691   107.447   73.8556   74.0384   58.8044   
42.3792   19.8494   47.8017   0   85.2809   49.2324   80.7419   102.92   49.8378   100.734   60.6005   96.4851   51.8058   57.0147   91.4853   59.2616   40.0217   83.6948   39.0799   97.0061   77.9552   64.0982   80.7343   43.613   37.2237   60.2311   71.6909   31.083   69.1411   29.0711   
72.1249   83.5225   106.005   65.9242   0   73.8262   95.7147   123.603   78.3653   139.197   68.634   107.051   75.203   96.8812   82.514   52.0192   97.5703   45.0832   105.004   143.2   64.5982   66.2041   126.659   69.1475   103.148   70.5782   52.9258   74.3205   90.0681   89.8053   
25.4951   40.1995   57.9396   30.2324   48.8262   0   60.103   84.565   27.53   93.2319   35.4536   70.0848   25.6301   52.0644   60.6905   56.4138   57.0526   54.2099   65.7435   93.27   45.6531   33.7648   76.7171   41.2483   66.4437   33.4018   44.4764   35.4391   50.0868   51.311   
24.2074   63.6553   61.6847   65.7419   78.7147   42.19   0   42.2029   47.573   73.6063   53.3639   38.0454   50.7362   58.3629   48.1204   85.7209   74   73.2014   88.8415   80.7814   51   52.1386   64.2832   75.9371   91.411   51.5682   67.8941   71.9249   34.9249   83.8122   
45.5412   80.4984   68.6222   87.5557   105.603   68.1175   27.2029   0   74.7759   61.0139   80.5669   43.5529   77.9392   79.6967   74.5177   112.924   97.7465   99.498   101.954   58.4166   77.2944   79.3416   65.6773   102.314   112.679   78.7711   95.0971   95.6226   62.1278   103.119   
13   37.1618   49.0306   33.8378   60.3075   12.53   32.573   57.0351   0   84.7869   32.1245   57.0629   27.1623   36.8806   62.3842   62.9418   56.2415   63.7295   62.7058   82.437   49.1448   36.4165   67.5177   52.1548   64.3249   32.1529   57.0064   45.3516   26.6491   50.2415   
52.6972   71   48.0833   85.3288   124.197   78.032   50.6063   36.0139   65.5134   0   91.9361   66.2217   85.6018   75.923   98.7268   127.635   86.0308   123.397   96.4312   34.6023   101.606   97.0695   47   109.47   96.1542   91.7811   113.673   101.169   75.1378   101.806   
25.2389   51.6624   65.1153   43.6005   47.634   13.4536   33.541   60.6383   16.1245   76.5768   0   62.1814   32.0357   51.9559   53.3553   52.2215   63.5412   48.3019   75.28   93.6637   36.6815   24.3246   78.4401   46.7924   74.8595   18   36.2603   48.8927   42.7736   60.1774   
33.1059   71.4003   65.3682   75.3923   89.0505   53.0848   11.0454   16.5529   42.9535   45.2217   44.5533   0   60.0977   67.2614   59.1658   95.7527   85.0454   84.2468   96.7464   73.8035   62.0454   63.0744   62.4166   86.9824   102.456   62.5533   78.9395   82.9702   45.9702   88.8972   
15.5242   35.1141   48.7647   30.8058   59.203   10.6301   35.7351   60.075   3.16228   67.6018   17.0294   46.0977   0   40.0429   63.391   54.8167   46.5753   61.6511   59.6578   81.2012   46.7172   34.3602   70.68   51.8784   63.909   28.0357   53.2897   41.1896   29.8114   49.4795   
16.1555   25.2389   28.2843   34.0147   79.8812   31.0644   39.0512   55.5428   20.8806   51.923   36.8782   46.2277   21.0238   0   78.4738   75.8405   35.2094   81.5746   50.7829   69.6588   66.0882   54.2616   55.1059   63.8808   57.4192   49.0595   72.4624   55.3847   42.7386   56.0451   
44.3847   81.4125   86.977   76.4853   62.514   46.6905   29.1204   49.5177   44.4185   79.2023   33.3017   34.6699   46.8722   60.4401   0   77.6396   92.4125   57.3932   105.653   105.717   35.1896   57.6262   89.1642   80.094   105.736   51.3017   61.4588   79.0538   50.7351   92.201   
55.9017   58.6941   83.2346   40.2616   26.0192   30.4138   69.7209   96.6902   42.9418   108.407   36.2215   80.7527   40.8167   59.4643   63.6003   0   79.6111   57.1015   79.3415   122.018   57.45   55.0147   106.608   46.2354   77.4854   54.2215   45.0599   56.7648   69.4976   63.4866   
34.2053   6.32456   24.8395   23.0217   83.5703   38.0526   58   74.2428   33.2415   65.0308   48.5077   65.437   31.5753   19.2094   76.9675   59.5399   0   91.4233   31.8686   77.5974   78.2925   65.9355   61.0444   63.3113   35.4642   59.611   79.3817   53.1308   55.6773   37.1308   
55.9464   78   95.3362   64.3273   24.0832   38.2099   57.2014   83.3547   46.4866   105.475   30.8707   66.888   46.5725   67.3573   38.4708   33.2415   76.2365   0   101.052   122.737   36.2036   46.313   109.311   65.3244   98.6017   48.8707   38.0416   73.649   65.2597   83.469   
47.634   8.544   28.6356   25.0799   90.471   48.5077   71.4493   86.954   45.6946   74.4312   60.1664   78.7464   43.6578   32.5576   89.8944   65.146   13.4536   86.0523   0   84.2289   89.9616   77.6046   74.498   64.3402   28.6158   71.28   88.5516   52.6815   69.131   36.6815   
53.0754   66.3702   41.5933   82.0061   125.176   77.801   54.7814   43.4166   65.437   8.60233   77.8332   50.8035   67.2012   49.6588   83.8153   107.898   60.6712   107.615   69.0072   0   105.781   97.3941   40.5529   109.849   92.7319   94.1916   113.086   100.025   77.5483   97.1764   
37.108   67.4463   79.3095   58.8303   44.5982   28.6531   35   61.2944   31.1448   83.8689   15.8114   44.7772   32.5576   51.0882   21.1896   42.45   64.1327   22.2036   75.9605   86.5332   0   40.0061   91.4049   61.5206   89.9686   33.6815   40.0263   64.0922   46.4605   74.8358   
28.8444   54.1295   68.4471   44.9444   44.2041   14.7648   36.1386   63.3246   19.4165   80.0562   3.60555   47.0744   20.025   40.2616   33.0151   34.0147   51.2445   27.313   62.5859   81.3941   13.8924   0   82.0456   50.3979   75.6847   21.6056   39.8658   50.2039   46.0656   63.783   
37.6431   51   29.5296   65.7343   109.659   61.7171   44.2832   41.6773   49.5177   20   62.8013   43.4166   51.0882   33.1059   73.1642   91.6079   45.0444   93.1933   54.5894   16.5529   72.8972   66.4003   0   91.0048   76.2046   74.4401   99.0616   78.4748   64.9444   81.8062   
41.7732   39.5601   64.2028   22.0227   44.1475   18.2483   60.407   86.0058   29.1548   92.7038   29.9666   71.2531   26.3059   41.8808   62.6817   19.2354   40.3113   43.3244   46.3249   91.3017   42.5206   29.6816   74.793   0   57.7914   47.7924   45.7805   38.53   55.8039   42.6586   
50.2494   11.1803   36.1386   20.2237   86.1452   47.1275   74.411   91.6788   46.3249   81.1542   59.6154   82.4197   43.909   36.3593   90.7359   60.4152   17.4642   83.6002   7.61577   76.0263   75.3923   61.6847   61.2046   42.19   0   71.8595   87.6723   47.0644   72.974   38.1327   
22.8035   48.7647   62.1691   41.2311   49.5782   11.4018   33.1361   60.0167   13.1529   74.6525   3   44.1814   14.0357   33.9559   35.3553   36.6742   45.5412   33.6155   57.28   75.6637   18.6815   6.32456   60.4401   28.7924   56.8595   0   39.2603   45.6985   37.6433   62.7127   
46.4004   66.0076   84.119   52.3927   26.9258   26.4764   51.8941   78.924   35.7771   97.6729   21.2603   62.3939   35.4683   56.4624   39.4588   25.0599   64.3817   12.0416   74.027   99.0858   19.0263   17.6918   84.0238   31.7805   71.5681   23.6008   0   61.9155   61.2442   74.4391   
35.1283   27.2029   51.8556   12.083   56.3205   18.4391   56.921   80.6226   24.3516   83.1685   31.8904   67.1863   21.1896   31.3847   65.0538   31.7648   27.7849   52.6118   34.3657   81.0247   46.8722   33.0151   64.4748   12.53   31.0644   29.6985   40.6079   0   51.0007   31   
9   46.6154   52.0384   46.1411   66.0681   23.0868   19.9249   45.0444   12.6491   58.1378   18.4391   30.4138   15.8114   24.7386   35.7351   52.4976   41.6773   48.2597   54.9181   59.5483   28.4605   21.9317   44.9444   41.0122   56.7274   16.6433   39.598   37   0   62.8907   
39.8246   12.8062   40.8044   7.07107   71.8053   32.311   63.8122   84.119   33.2415   79.6304   45.1774   72.8972   30.4795   29.2746   77.201   46.4866   16.1245   68.469   18.6815   75.9276   60.8358   47.0106   59.8415   27.6586   15.1327   42.5441   56.4358   16   44.8219   0   
