15
30
999999 13 12 13 17 13 10 8 10 9 16 7 6 14 7 13 7 7 10 11 8 14 10 13 11 14 15 10 12 7 
0 5 4 4 7 3 9 4 2 6 7 6 2 13 3 5 5 4 4 2 2 9 1 2 3 1 8 4 1 2 
20
0   0   0   0   0   0   0   0   0   0   0   0   0   0   0   0   0   0   0   0   
0   -4   4   -8   2   3   8   1   -4   -5   2   0   4   -2   0   -8   0   -1   0   -5   
-1   0   -6   5   -5   -4   -10   0   -3   4   -4   8   0   1   -3   -3   3   -10   3   4   
-3   9   -9   5   -10   -2   -3   9   -2   12   -10   9   -9   7   -2   6   -2   3   -11   5   
-2   5   -8   1   0   1   -4   0   0   5   -5   3   -5   8   -14   8   -7   -3   -11   2   
-5   -1   0   5   -7   2   -7   0   0   2   10   2   3   4   1   -2   5   -7   4   -2   
-2   2   -2   3   3   2   -3   2   0   -1   1   -1   0   1   -2   -1   -3   -9   6   4   
-1   -3   2   -4   3   -5   2   -4   4   -3   4   0   4   -3   0   -2   3   -2   1   -5   
3   -2   1   -7   7   -3   5   -2   1   -6   3   -1   0   -3   2   -1   2   -3   5   -3   
-2   0   0   3   -5   7   -7   5   1   4   -5   7   -3   4   -7   1   -2   5   -5   3   
4   4   8   -7   3   1   12   -5   3   -10   3   -7   8   -3   9   -12   9   -13   11   8   
-5   4   -7   5   -7   2   -6   6   -4   5   -6   4   -5   5   -4   4   0   6   -7   4   
4   -5   2   -1   -2   0   0   -1   1   -2   3   -6   4   -3   2   -2   2   -2   1   0   
5   -2   -3   8   -4   3   -6   3   -6   0   -1   3   2   2   -9   -3   -4   -4   -2   3   
-4   1   -3   3   1   4   -7   1   -5   0   0   0   -3   1   -2   2   -6   0   -2   2   
0   -8   -3   0   4   -6   4   -4   4   0   4   3   -2   -4   3   -5   5   0   9   -13   
0   -2   -6   0   2   3   -2   3   -1   0   -1   -1   0   4   0   3   0   1   0   3   
2   -2   2   -5   2   -4   3   -2   0   0   5   -2   0   -4   4   -3   7   -7   2   -1   
-3   5   -3   6   -5   5   -7   4   -2   8   -3   1   -4   4   -8   4   -4   0   -5   1   
7   -2   3   -5   0   -1   3   -3   0   -5   1   -5   4   1   4   -1   1   -6   3   -5   
2   -1   6   -2   4   -1   5   -2   3   -2   -1   0   1   -2   2   -4   2   -6   3   -3   
9   -3   1   -6   1   -3   9   -8   3   -2   -8   -3   -6   -4   7   -3   0   -5   -8   -1   
-2   3   -6   7   -8   4   -9   9   -7   7   -7   8   -7   8   -3   1   -6   5   -10   6   
-5   -2   -6   2   3   -1   8   0   2   0   4   0   -1   1   2   -11   6   -7   6   0   
7   -3   7   -5   5   -4   3   -4   9   -2   5   -9   6   -1   3   -6   5   -9   10   -6   
9   -7   10   -4   7   -4   6   -9   8   -5   11   -7   8   -3   9   1   11   -12   11   -5   
-3   0   -15   12   -7   -2   -10   2   3   8   3   13   -3   0   -14   -1   -3   0   2   0   
2   0   -2   -1   3   2   8   -1   4   -4   6   1   5   -1   8   3   3   -3   2   -1   
-4   6   -3   0   -4   3   0   3   -5   6   -6   3   -8   12   -9   9   -5   -3   1   5   
0   0   0   0   1   -4   2   0   1   -1   -1   0   0   -2   2   0   3   -3   2   0   
0   65.8365   83.3817   69.923   84.6242   57.0512   71.9094   62.0384   67.1995   49   49.4093   53.0512   62.7214   69.0389   65.4557   51.6098   36.0238   58.3847   38.8035   68.4004   82.3817   66.6624   63.1041   67.98   62.4342   92.8378   52.1248   74.2195   73.2451   67.9444   
48.8365   0   100.726   44.0768   93.2382   105.821   18   78.2268   97.3449   65.5964   98.2458   101.888   111.558   55.6773   33.105   46.0227   53.0521   44.434   47.9531   30.434   99.7257   115.499   72.3415   116.816   71.1152   45.8254   56.1152   50.5539   38.5529   72.0351   
65.0692   83.863   0   119.375   24.2956   110.694   97.7718   123.097   62.5933   111.372   90.7608   114.377   120.255   64.8539   85.1959   83.7805   70.6656   78.1249   76.7754   96.1025   24   105.505   54   86   52   120.34   70.911   119.843   122.416   133.014   
51.923   23.6008   101.833   0   109.079   97.6884   41.6008   59.7063   104.554   68.111   101.332   104.645   101.024   79.2782   56.7058   63.2492   69.8204   58.638   64.7214   54.0348   119.533   118.585   94.0139   119.903   92.0139   54.1152   79.3847   29.1623   29.0416   59.8497   
62.8013   75.9276   10.2956   95.0789   0   109.482   91.3378   119.153   62.0435   106.115   94.7107   109.655   112.671   61.0301   74.1332   72.0273   70.2203   75.3117   71.3395   89.0618   28.8167   111.726   45.5372   91.6018   43.5372   105.053   54.6962   122.341   114.481   130.746   
40.1622   86.267   89.6939   81.6884   91.4822   0   103.752   60.8188   71.2636   62.2244   44.4307   30   24.8102   107.914   105.618   91.7719   76.186   98.5469   78.9657   108.563   102.769   40.1794   100.096   66.9625   102.596   126   89.6726   103.025   104.51   77.8867   
50.9117   3   83.4865   26.0768   75.3127   88.7525   0   81.2268   97.5022   68.5964   100.321   103.963   112.302   58.6773   36.105   47.3065   53.2049   42.0711   48.1059   28.0711   97.7754   117.574   67.7587   116.478   67.788   35.2485   59.1152   50.178   41.0278   75.0351   
38.0132   55.2268   102.825   40.7063   99.7246   46.8188   58.2151   0   90.6108   31.0384   78.0339   58.0813   59.7772   100.479   88.3318   79.6127   73.4309   83.5368   76.6063   85.6608   120.395   86.9982   98.2712   105.16   96.2712   93.4636   82.2309   58.968   69.7479   22.2801   
40.1995   81.3449   41.5933   90.5539   46.0435   49.93   82.4621   75.6108   0   78.9365   44.8328   69.2015   74.7402   78.0312   90.8441   81.3825   64.3847   84.5338   69.3964   98.284   65.5933   61.0512   69.0208   44.1359   67.0208   116.729   63.9183   114.275   113.445   97.891   
25   50.5964   89.9389   41.7253   87.1149   40.2244   53.4509   13.0384   62.9365   0   66.2597   62.0135   59.3113   87.8401   78.5059   62.3814   58.7063   73.0803   63.5601   76.0701   107.275   76.3514   88.1041   89.0298   87.4342   88.6994   77.1248   57.9487   70.7669   35.3185   
34.4093   83.0963   67.72   85.0882   70.7107   23.4307   85.0412   59.0339   26.8328   48.2597   0   40.1725   48.241   98.1202   96.8734   86.0191   70.4331   89.8024   73.2128   98.8646   91.72   37.0278   79.9242   38.2354   84.2873   120.29   83.327   104.006   107.654   81.314   
39.0512   84.0595   91.2853   78.6448   92.6553   4   86.6083   43.0813   52.2015   37.0135   26.1725   0   28.8102   108.09   104.507   88.6528   75.075   97.4359   75.8466   107.452   106.769   44.1794   99.3847   64.4079   98.2166   121.857   91.176   94.9622   107.686   65.3614   
44.7214   88.6848   97.17   82.0244   98.6712   7.81025   91.3017   44.7772   57.6888   40.3113   31.241   6.08276   0   112.635   110.177   94.7356   79.6201   103.106   81.9293   113.122   110.58   47.3209   105.467   69.4764   104.299   126.55   96.8461   93.2086   111.066   67.0573   
54   41.6773   47.8539   64.0312   38.2099   92.9139   40.2492   82.0792   64.0312   71.8401   79.1202   92.4392   98.326   0   49.4094   53.0768   57.7725   47.4009   58.8916   51.6155   63.5085   112.773   33.4929   100.147   31.4929   72.0106   42.2483   85.192   72.1808   104.359   
50.9902   19.105   69.0072   42.5206   60.1332   91   17.2047   68.593   74.8866   61.0328   82.801   89.5377   94.8683   23.4094   0   33.5579   47.9434   24.0711   42.8444   34.2956   86.9179   114.802   56.9023   117.434   54.9023   48.9615   53.9258   61.2041   57.6579   85.8053   
34.9285   22.0227   62.3699   40.2492   55.0273   75.0267   22.3607   56.6127   60.8276   47.3814   66.8431   73.6817   79.1202   26.0768   16.1245   0   33.0294   26.4868   34.8062   43.2354   81.1856   101.591   53.1076   102.243   51.4642   54.1152   36.4642   66.8167   60.5757   78.8928   
21.0238   37   53.6656   49.4975   48.6004   60.6383   38.0789   52.4309   44.3847   40.7063   50.2195   59.8415   65.6201   33.0151   32.6497   17.0294   0   43.5162   30.099   51.0555   70.2259   87.2473   50.1675   84.2209   48.5242   71.1446   33.5242   76.0306   67.2494   73.258   
44.3847   20.6155   64.1249   42.638   55.7315   84.5044   19.6469   64.5368   67.9559   56.0803   75.8024   83.1685   88.6002   21.4009   7.07107   9.48683   25.6125   0   41.9545   28   79.2647   111.047   49.249   101.371   47.249   54.8953   40.6155   67.2946   52.1618   86.3081   
22.8035   31.9531   57.7754   44.7214   52.1536   62.9365   33.1059   50.6063   49.3964   39.5601   54.037   61.8466   67.4685   32.5576   28.8444   12.8062   5.09902   21.9545   0   49.9545   71.3847   89.4659   55.2665   88.8027   53.6232   66.9215   38.6232   59.3847   67.1774   72.8864   
51.4004   9.43398   78.1025   33.0151   69.5845   90.4268   7.07107   63   80.0625   57.0701   84.8646   88.5494   93.5201   33.6155   10.2956   19.2354   36.0555   14   31.4006   0   93.0577   118.063   63.249   115.371   61.249   42.3195   50.3657   56.9857   47.9869   81.4691   
64.3817   83.7257   1   101.533   10.8167   88.7694   83.3847   102.176   40.6079   89.2749   66.7608   90.377   96.2549   48.0521   69.029   62.1691   53.2259   64.0703   57.3847   78.0577   0   97.1246   44.0167   77   51.0156   115.87   65.5128   116.769   116.232   124.456   
51.6624   100.499   80.5047   100.722   85   25.1794   102.552   70.214   39.0512   61.3514   18.0278   29.1548   31.3209   96.7729   100.802   84.8116   68.2422   93.8136   72.0069   102.65   79.511   0   97.952   39.1246   102.315   137.801   96.1581   113.412   124.907   92.4941   
48.1041   54.3415   30   73.8241   21.587   83.0963   53.7587   82.4197   47.0106   70.4911   65.9242   83.3847   89.4539   19.2354   39.0128   33.6155   30   34.2345   32.5269   48.1664   30.0167   82.7103   0   91.1466   27   85.4981   43.6433   91.9116   86.3963   103.258   
49.98   96.8969   62   101.833   67.6018   39.9625   98.4784   78.1601   22.1359   67.0298   19.2354   43.4166   47.4342   85.1469   93.4345   78.2432   61.2209   86.3713   65.8027   97.2008   61   20.1246   68.8767   0   83.7711   132.358   83.884   116   123.225   100.44   
47.4342   52.3927   32   72.0139   23.5372   83.0241   51.788   81.2712   48.0208   69.4622   66.2873   83.2166   89.2749   17.4929   37.0135   31.7805   28.8444   32.249   31.1448   46.1736   32.0156   83.2406   2   69.7711   0   83.514   40   90.5295   84.4108   102.102   
70.8378   22.8254   94.3398   39.1152   85.0529   109   20.2485   76.6877   99.8499   73.1642   104.661   106.85   111.508   47.0106   25.9615   39.1152   56.0357   32.311   51.4004   20   94.4299   122.348   64.4981   117.201   62.514   0   67.811   63.4274   48.2947   94.8605   
36.1248   39.1152   44.911   57.3847   37.6962   74.6726   39   67.2309   48.9183   55.9464   61.327   74.2428   80.1561   18.2483   26.9258   17.4642   15.5242   20.6155   16.6433   34.3657   44.7214   79.1581   16.6433   68.884   15   52.811   0   76.028   72.7773   88.7822   
50.2195   25.5539   101.843   3.16228   95.3415   79.0253   28.178   37.5899   89.2749   38.9487   83.006   75.9276   79.2086   65.192   44.2041   40.8167   49.0306   43.8634   44.3847   34.9857   101.514   98.4124   74.2428   100   72.4707   42.0476   57.6975   0   32.2039   52.6879   
57.2451   16.5529   99.8248   12.0416   92.1792   90.5097   18.0278   52   93.6216   51.4004   91.4166   87.7268   91.5478   58.1808   35.2278   37.4833   50.2494   37.1618   45.1774   25   99.6393   107.898   70.6045   107.019   68.6804   27.2947   54.9181   15.1327   0   67.8206   
44.9444   57.0351   109.481   39.8497   106.075   52.8867   60.0333   7.28011   82.8734   20.1246   66.1211   49.0408   50.1597   86.764   71.8053   60.9262   58.258   68.3081   56.0357   65.3758   108.853   76.7919   88.2383   85.2877   87.0057   77.5242   72.6705   36.6879   51.6624   0   
