15
40
999999 9 14 6 16 15 5 16 5 5 10 12 10 11 9 5 13 16 9 15 14 14 14 7 6 9 14 10 17 7 8 5 11 11 7 15 7 9 13 7 
0 7 1 2 4 9 2 4 4 1 4 4 3 10 1 3 6 1 7 12 7 2 4 2 2 3 6 4 9 3 3 2 8 8 3 9 6 8 3 5 
20
0   0   0   0   0   0   0   0   0   0   0   0   0   0   0   0   0   0   0   0   
-1   -2   1   1   2   -1   0   -1   0   -3   -3   0   5   1   -2   -2   3   4   7   1   
-5   2   -4   8   -7   -3   -3   10   -9   2   -3   10   -13   0   3   9   3   4   -5   1   
0   -2   1   1   4   0   1   -3   1   0   3   1   0   -2   0   0   0   1   0   -4   
0   2   -4   -3   -5   1   3   5   3   -3   -7   7   -5   7   -7   4   6   1   -2   0   
3   0   -6   -2   6   -2   9   2   2   -9   4   -8   5   -4   0   4   0   3   -4   0   
0   1   -1   0   -1   2   -3   2   -3   3   -4   0   -1   2   -1   3   0   1   0   1   
2   0   -15   -5   -2   1   -4   2   9   6   -11   0   0   -2   -5   6   0   3   -7   2   
-2   2   0   2   -1   2   -2   1   -1   0   -2   2   -1   1   -1   0   -2   1   -1   1   
-2   4   -1   0   0   0   -1   1   -2   0   0   2   -1   0   -2   0   -2   0   0   0   
-3   1   -2   0   0   -1   4   -4   -4   0   0   0   -3   2   0   -3   1   -1   0   2   
5   -4   6   -8   10   -7   7   -12   5   -6   8   -5   10   -7   7   -7   5   -9   0   2   
-5   1   0   2   1   0   0   7   -1   2   0   4   0   3   0   5   -7   3   -1   3   
-4   5   -3   9   -1   3   -5   8   -5   7   -3   2   -3   8   0   5   0   5   -3   4   
-3   0   2   -2   -4   -3   4   1   -3   0   -1   0   -1   -4   4   0   0   -7   3   -1   
-2   1   -1   1   -1   1   -2   1   -1   2   -2   3   0   0   -1   5   -2   0   -1   2   
-3   3   1   -2   3   1   4   3   -10   -4   -4   -6   7   3   0   3   -3   1   -2   0   
-1   2   0   -6   1   -4   0   -3   -4   -8   2   -8   9   -1   4   2   -1   -2   5   -10   
-8   6   -8   9   -5   1   -1   3   4   5   -9   7   -6   9   -5   0   -3   5   -3   6   
-14   13   0   10   -1   4   -14   2   -4   1   -10   13   -5   9   -5   14   -9   15   -14   14   
-1   3   -5   6   -5   11   -3   0   -5   -3   -1   9   -11   0   -7   4   -6   5   -8   3   
1   2   -4   12   -3   8   -4   11   -2   11   -10   3   -9   7   -5   2   0   1   -3   6   
3   -5   4   -5   12   0   5   0   4   -5   -4   -8   7   4   2   -3   9   -7   4   -1   
-5   2   -4   0   -5   3   -3   6   -5   0   -6   2   -3   3   -1   3   -4   7   -5   4   
2   -3   3   -4   2   -1   2   -2   3   0   5   0   4   -6   3   -1   1   -2   3   -3   
-5   0   -1   2   3   -2   -3   2   -5   0   0   2   -3   0   -8   0   2   1   -1   5   
-3   -2   -2   4   0   1   -5   1   -7   3   -9   2   -7   1   -4   5   -7   8   3   5   
6   -9   9   -7   0   -4   2   -7   5   -6   5   -1   7   -1   4   -8   4   -9   7   -3   
-4   2   -12   6   2   3   1   0   -14   4   -3   0   0   2   -2   -2   -5   -1   2   -6   
0   0   -2   1   -3   1   0   2   -1   3   -6   1   -2   0   0   1   2   0   -3   0   
-4   7   -4   4   -7   4   -7   6   -6   6   -6   6   -4   4   -6   6   -5   5   -6   5   
0   0   0   0   0   -1   0   2   0   0   1   0   0   0   1   0   0   0   -1   -1   
-9   8   -2   7   -4   9   -10   2   -2   4   -9   8   -4   4   -7   7   -6   3   -8   6   
0   7   -4   8   -2   6   0   7   -9   4   -2   1   1   1   -1   1   -2   8   -1   1   
-2   0   -5   4   0   4   -2   5   -5   2   -4   2   -6   3   -7   2   0   3   -2   5   
0   -5   2   -3   -1   0   -12   0   2   -3   -7   -1   6   -2   0   -6   3   -4   -4   -3   
5   -1   1   -6   6   -2   1   0   -1   -2   5   -1   5   -2   3   -5   3   -1   0   -4   
-6   4   -5   1   -6   0   -7   7   0   3   -5   7   -3   1   -7   9   0   5   -2   5   
-2   10   -12   5   -1   8   0   12   -4   9   -7   0   -1   7   -8   4   1   0   0   7   
4   -4   4   -5   2   -3   3   -4   4   -3   4   -3   2   -7   4   -3   3   -5   4   -5   
0   77.2456   64.2121   64.5165   61.5395   61.0977   68.8102   57.4108   26.8489   63.0135   64.6063   53.8246   48.074   67.8651   46.6816   48.0799   66.2494   43.8102   58.4838   55.2109   53.0848   51.8469   74.7068   89.8378   23.8102   69.7731   73.1699   66.2144   63.1045   53.4081   48.1321   63.93   57.0161   72.4707   32.6569   57.9535   53.3954   76.4243   50.7771   54.3017   
63.2456   0   101.168   82.2766   124.785   39.7231   90.2608   44.7321   86.8401   52.8329   127.852   114.409   68.8035   127.864   93.555   103.846   92.1864   66.93   88.0074   69.8577   105.195   111.483   100.475   118.064   87.0558   50   89.4874   129.022   54.2053   116.654   109.43   107.908   109.428   100.6   83.8186   54.1321   105.498   53.2491   114.023   88.8131   
48.8774   82.5409   0   45.0227   88.4585   84.3246   39.3576   78.3143   59.4172   91.1925   86.8167   60.8309   87.7324   79.9646   92.036   86.1242   31.6023   57.1376   103.695   55.28   32.8877   55.9663   120.484   134.858   57.7697   79.7979   111.708   74.9796   69.4665   65.0212   85.7249   23   43.5367   118.307   63.5526   100.843   25.8167   110.193   78.6498   103.179   
48.0208   61.9839   23.3452   0   103.186   64.0114   24   62.025   65.7598   81.8738   101.461   74.8276   86   94.3095   91.6981   88.9452   32.8924   49.8395   96.7587   39.8661   47.5261   70.5788   122.728   133.593   67.7063   53.7351   108.139   92.505   49.0713   80.3817   95.1601   42.0227   65.033   120.492   66.6588   82.0074   47.313   102.12   97.5527   102.322   
47.5395   110.145   73.0548   85.2877   0   108.637   102.722   98.72   56   95.8413   26   49.2324   80.3506   33.2315   62.9222   57   95.2808   88.0361   73.963   98.3491   70.6597   50.541   80.9531   90.0634   68.4931   117.313   81.948   40.5967   107.535   48.5231   43.0278   89.9466   64.6039   84.307   60.6286   102.22   82.1655   110.85   30.1655   62.3011   
46.0977   19.7231   63.3246   44.0114   93.6216   0   67.0096   33.1803   71.1411   42.4709   110.704   99.2973   60.7922   111.904   84.0671   91.6201   75.0312   54.1558   86.4755   49.6837   77.2851   94.6694   96.3788   112.399   61.6542   33.1421   81.0781   110.425   34.0312   99.5058   94.2298   86.0341   87.9469   101.738   72.4296   52.241   79.8358   54.4081   96.8748   82.2806   
52.6308   69.8713   18.3576   8   86.3134   52.0096   0   61.8539   65   88.6205   99.4642   74.4867   87.5612   93.0078   97.535   92.1359   23.0623   57.8395   104.759   46.561   51.2453   69.2005   123.124   138.352   63   61.7351   116.139   89.2891   57.0713   78.0078   98.5517   39.6433   56.0476   120.888   68.535   90.0074   44.1742   106.418   89.9533   104.633   
34.9285   29.7321   56.4358   40.025   82.4621   11.1803   47.8539   0   59.0874   39.4929   99.5348   87.2437   48.6956   99.85   77.0351   79.1453   70.0392   43.1896   76.3927   46.318   74.1295   82.6157   90.0139   106.102   49.6006   35.6155   78.0084   101.143   38.5563   88.3366   83.0606   72.2228   69.8032   90.6612   64.2492   42.6531   72.4976   64.2173   85.7056   81.109   
9.84886   71.8401   43.9318   47.7598   41   53.8516   51   42.72   0   65.8442   61.0813   54.0167   57.4966   67.0488   55   49.6008   66.2017   45.1548   66.8044   57.8875   45.0689   49   79.2962   94.0074   26.4868   72.8218   75.7293   67.45   67.5077   56.8329   48.5941   62.2769   48.2036   79.3181   26   67.8023   51.6006   86.2731   50.8617   56.4708   
37.0135   29.8329   71.0282   56.921   81.8413   21.4709   64.56   17.4929   46.6154   0   101.62   90.8381   39.095   101.267   64.7293   65.7695   87.5321   60.0571   54.4588   63.8108   83.5134   88.8604   74.8488   90.077   60.8238   53.1084   60.72   103.228   53.8024   90.4216   85.1456   89.7156   82.622   72.6127   58.638   33.1803   86.3758   48.3607   87.7906   65.1774   
50.6063   113.741   71.0634   85   7   96.6023   85.3756   85.4225   43.0813   86.0523   0   44.4549   87.3506   25.2195   65.1899   61.1955   97.3548   87.5681   80.963   99.9554   72.2763   49.1913   85.859   97.0634   68.5547   115.843   88.948   39.6011   110.589   40.1359   44.1661   89.0068   68.4166   88.1803   64.1774   108.56   82   117.717   37.1655   69.3011   
39.8246   100.409   44.5533   60.8276   30.2324   81.4678   60.0333   70.7248   30.0167   76.5506   26.9258   0   84.4599   36   69.0416   63   68.042   66.6972   88.3647   75.0083   48   30.0554   98.3516   107.83   56.5035   100.535   97.2365   33.8062   89.7186   21   50.3412   61.5296   41.4391   101.922   55.4384   97.7345   50.0143   110.021   48.0217   79.075   
27.074   50.8035   72.7324   65   64.3506   40.7922   71.5612   32.6956   36.4966   21.095   69.4262   65.4599   0   93.0781   53.1548   57.2324   89.5044   57.2244   41.6977   65.9902   76.3939   78.9209   55.3149   70.5431   50.8842   68.3111   40.4951   90.8843   71.2519   78.0781   73.8615   91.0039   74.0775   53.0789   52.5753   43   80.4694   44.4109   77.8511   46.0832   
49.679   112.801   63.7887   79.3095   15.2315   94.8736   79.0063   83.7616   41.0488   86.267   9.21954   19.2354   71.2811   0   64.2984   60.3039   87.2774   85.5894   85.3222   93.6259   63.1403   40.0554   91.285   100.764   67.5356   113.871   93.2546   35.434   105.706   31   43.2746   80.7649   53.0135   92.3135   63.5511   107.418   69.2497   115.692   33.088   77.5327   
29.6816   79.555   76.5768   77.6981   38.9487   67.0671   82.201   57.0351   32.6497   49.7293   45.1885   51.3517   29.1548   49.7293   0   31.3246   95.931   73.4919   39.0238   84.8925   77.7185   76.2195   47.8302   63.0584   53.4919   92.6506   48.1337   76.5685   91.2315   72.3517   43.0238   93.6116   73.1662   45.5941   46   69.7647   83.0771   73.5656   54.7567   28.4868   
25.0799   79.3788   70.7672   72.9452   35   65.6201   77.1038   55.1453   26.8701   49.7695   40.8167   45.1774   30.2324   44.5982   6.32456   0   88.9298   67.6697   42.6952   79.2087   71.9389   58.9318   52.4005   68.5699   47.8204   90.7608   49.5254   65.9902   84.3702   62.8712   41.0294   87.6416   65.767   51.9187   38.6008   66.2195   78.4707   74.6433   44.5136   31.0333   
50.2494   75.1864   10.2956   13.8924   80.2808   56.5685   8.06226   51.0392   47.2017   66.9104   78.9177   53.0377   71.5542   72.1734   79.3095   73.8783   0   58.1599   108.733   46.0768   43.1834   66.2619   124.956   136.083   68.0654   65.8167   112.049   85.2753   55   74.0377   90.0263   31.6023   53.8323   122.72   73.2017   93.6923   36.1123   110.977   83.2604   103.672   
25.7099   49.93   36   24.8395   70.0357   30.2324   31.3847   21.1896   29.1548   35.0571   71.5681   52.6972   40.2244   68.1542   54.626   50.5964   32.28   0   80.9828   35.083   52.121   70.4342   95.5393   110.767   45   46.9413   80.7195   81.3956   36.1246   68.5894   73.842   59   58.0694   93.3032   51.0689   63.8427   50.3209   72.3149   76.487   80.0116   
38.4838   68.0074   87.2353   82.7587   59.9416   60.1664   88.7299   52.3927   45.607   39.4588   66.2118   70.0643   19.6977   70.5195   21.0238   25.9615   87.6584   57.9828   0   85.6879   90.6759   84.8933   39.0866   54.3763   62.294   88.0083   23.0554   90.9025   82.1193   88.3647   62.0476   102.414   89.6831   38.6011   64.5624   58.2345   91.8792   64.1086   70.4751   34.6619   
37.6431   49.6488   32.8938   14.8661   80.3057   30.5941   22.561   25.318   40.05   42.0595   81.2158   60.0083   50.9902   76.922   66.7083   62.6259   26.0768   12.083   69.4262   0   58.0867   69.2124   106.305   121.533   46.4006   45.4691   91.4853   89.301   34.6525   78.0822   85.7752   55.8938   56.0595   104.069   63.1519   67.9711   51.0156   84.398   88.1836   91.9447   
36.1386   83.006   17.4642   33.5261   55.6597   63.2851   32.0624   54.1295   29.0689   65.5134   53.9351   28   62.3939   47.0956   61.2944   55.2178   25.0799   33.121   74.3303   36.1248   0   40.0868   107.361   122.072   53.2746   75.5224   97.3857   60.9466   64.9902   48.1403   71.0485   40.4642   27.7703   105.338   51.6155   91.5453   34.0711   105.436   59.1885   84.5352   
35.8469   95.483   40.025   55.5788   33.541   76.4199   55   65.7647   26   72.2011   31.0483   5.38516   62.0967   24.0208   50.2195   43.9318   48.1664   47.4342   68.0294   54.626   23.0868   0   96.3323   109.114   52.4868   93.2304   91.0848   37.8616   83.5588   25.0554   55.7264   63.025   33.1529   95.8136   48.6757   93.8004   55.1496   106.508   51.7588   74.9651   
55.8032   85.4751   104.561   101.863   63.9531   79.3788   107.517   72.0139   61.2944   58.2409   70.859   81.2158   39.3573   77.1622   30.0832   36.4005   105.891   77.2334   19.7231   88.8651   90.3549   80.2808   0   30.1245   79.6135   107.629   31.0312   100   101.842   94.0265   63.0104   119.733   98.4621   18.2361   75.0014   77.9576   109.199   67.345   78.0082   47.8254   
70.8378   100.449   119.202   117.593   71.0634   95.2733   123.045   88.1022   75.452   74   78.0577   92.3472   55.4707   85.4751   43.0465   49.2443   121.083   93.086   35.8469   104.809   104.307   92.1141   16.1245   0   94.6481   123.337   47.1557   111.66   117.966   102.323   79.1349   134.768   112.771   34.3606   87.8451   90.4906   124.233   83.4695   93.6116   60.5366   
7.81025   63.0317   41.1825   40.7063   50.448   44.6542   45   33.6006   9.48683   39.3573   52.5547   37.6431   33.1361   50.2494   37.2022   32.249   42.45   20   46.0652   31.4006   29.2746   33.0151   63.6003   78.6448   0   66.9413   69.1206   70.8768   56.1246   58.0705   55.9423   56.19   39.7099   80.281   32.2195   65.7637   53.9531   76.6941   56.3275   62.1119   
52.7731   27   57.7062   35.7351   99.7246   14.1421   43.4166   20.6155   58.8218   35.2278   101.843   83.5284   53.1413   98.8989   77.3175   75.0067   49.3964   30.8869   72.8011   25.6125   61.5224   78.2304   92.3093   108.337   49.3356   0   91.3692   112.283   37.8167   99.4763   100.905   77.7579   81.672   106.22   75.4891   63.2686   76.6281   68.5503   103.55   96.4228   
47.1699   69.4622   95.7079   90.1388   67.624   64.0781   96.4002   57.4543   54.5711   42.72   74.0945   79.0253   25.4951   78.848   29.1204   34.5254   95.7183   65.2993   9.05539   76.3806   83.1685   77.0584   16.0312   31.3209   54.626   77.3692   0   99.9579   88.6705   96.2365   71.103   110.816   94.3359   34.2673   69.7293   62.3553   100.565   58.6742   79.039   43.7173   
51.8556   114.022   58.0345   75.505   24.5967   95.4254   74.3303   84.5044   42.45   88.8651   18.6011   14.8661   75.591   9.43398   56.5685   50.9902   67.0671   67.2309   76.9025   74.8465   42.2966   20.2485   85   94.0479   50.9902   98.1122   85.5102   0   103.356   35.8661   52.7085   75.0333   51.2415   101.747   68.2277   109.809   64.8804   120.002   42.522   82.0235   
43.1045   34.2053   48.4665   28.0713   89.4986   16.0312   36.0555   15.5563   48.5077   32.8024   91.3947   72.7186   47.5079   88.2383   69.2315   66.3702   41   20.1246   67.1193   15.6525   50.9902   67.4166   86.8332   102.956   39.0512   10.8167   72.6705   87.3212   0   88.714   91.2366   70.0941   71.712   100.587   67.5184   58.2094   66.6681   70.4393   93.3692   88.6222   
39.4081   101.237   49.0306   64.3817   25.2389   82.6196   64.0078   71.7008   29.8329   76.4003   22.1359   5   64.0781   15   48.0416   42   57.2189   54.5894   67.3647   62.6259   32.1403   9.05539   77.6466   88.3233   38.2099   85.4751   76.2365   12.8062   74.7061   0   51.5105   66.5296   42.2083   93.6358   55.8329   96.9878   55.0143   108.489   38.3576   73.0333   
34.1321   94.4299   70.7248   78.1601   18.0278   79.1202   80.7775   68.1542   30.5941   65.3682   24.1661   35.3412   46.8615   29.2746   21.0238   17.0294   76.0263   59.0762   42.0476   70.4557   53.6004   36.0555   48.0104   57.4891   39.1152   86.8332   49.98   37.0135   77.2334   31.0161   0   91.4382   63.5913   66.2465   52.0167   83.2489   78.9083   91.2724   29.1529   45.4631   
49.93   81.9085   2   22.0227   74.9466   62.8172   16.6433   56.2228   45.2769   71.1126   73.0068   46.5296   73.3894   65.7647   77.8974   72.1388   8.60233   36.0555   88.193   32.28   19.3132   41.9762   105.683   120.42   42.19   56.7979   96.6023   60.0333   47.7598   50.9902   72.4017   0   45.5367   120.307   65.5526   98.8759   27.8167   108.37   78.5017   101.748   
31.0161   85.4283   28.2312   42.4264   44.9222   65.9469   42.0476   55.8032   22.2036   64.622   43.4166   18.4391   58.0775   37.0135   52.7731   46.5296   35.5106   36.0694   67.6831   42.0595   10.7703   13.1529   82.4621   95.7706   25.7099   66.4003   76.6877   33.2415   55.6058   22.0227   43.2782   30.0832   0   98.3672   48.2036   88.9696   41.72   102.404   56.4384   77.5629   
55.4707   83.6002   104.307   101.119   65.307   77.8332   106.888   70.6612   61.2699   56.6127   72.1803   81.8841   38.0789   78.3135   30.5941   36.8782   105.423   76.4199   18.6011   87.9659   90.3383   80.8084   2.23607   17.4642   63.2456   90.8735   14.1421   86.0233   85.5862   78.4092   49.0918   105.394   82.6378   0   72.9794   66.4975   108.866   69.5811   78.2447   38.8473   
5.65685   68.8186   47.8017   49.6588   42.3792   51.4296   53.535   40.2492   5   42.638   45.1774   34.4384   31.5753   44.0454   29   23.6008   50.3289   29.0689   40.8044   40.6079   33.6155   30.6757   56.9386   71.4003   9.21954   57.4891   49.7293   46.2277   47.5184   33.8378   30.0167   49.0408   27.1662   56.8243   0   63.6103   51.7359   75.6154   46.4631   54.6341   
42.9535   34.1321   81.3019   68.0074   84.22   31.241   75.5844   28.6531   52.8015   11.1803   89.1067   82.7345   20   90.4268   48.7647   50.2195   77.666   45.5412   34.2345   53.1413   74.5453   78.7909   51.3517   66.4906   46.8402   45.3431   35.3553   94.0319   43.8292   81.9878   66.8431   81.4985   72.5328   49.4975   48.3011   0   95.8621   26.0416   93.7306   58.3792   
39.3954   80.4984   10.8167   27.313   62.6418   60.8358   25.1794   52.4976   33.6006   65.3758   61   35.0143   64.5368   54.1479   66.2193   60.3075   18.0278   31.3209   77.8781   32.0156   7.07107   30.1496   94.6678   109.041   31.9531   57.6281   86.539   49.163   47.4342   39.2046   59.9083   12.53   17.72   94.5145   37.7359   75.0267   0   101.068   66.2596   85.8679   
54.4243   36.2491   93.1933   79.1202   93.4345   39.4081   86.8332   39.2173   64.2573   22.3607   98.7168   94.0213   29.4109   100.688   56.2228   58.6941   89.2693   57.3149   38.4838   64.2884   86.5794   90.2497   52.345   66.0303   58.6941   53.4135   36.6742   104.809   53.6656   93.0215   75.6637   93.3435   84.4038   50.2494   59.6154   12.0416   87.0517   0   99.2021   70.4208   
35.7771   98.7927   62.6498   73.5527   12.1655   81.8596   74.9533   70.6824   28.8617   71.0634   15   23.0217   54.8179   17.088   32.7567   27.5136   69.2604   57.8705   53.4509   68.1836   45.1885   24.7588   61.0082   70.6116   38.3275   87.6413   61.8466   24.0208   77.3692   18.3576   13.1529   64.4748   34.4384   62.0081   30.4631   74.3303   52   84.2021   0   58.5469   
33.3017   74.8131   81.8413   80.4301   48.3011   64.2806   85.6329   55.109   38.4708   45.1774   54.626   60.075   24.0832   59.203   9.48683   15.0333   83.5464   56.3028   11.6619   68.2642   67.5352   58.5491   22.8254   37.5366   41.1096   75.71   19.6469   65.9242   68.6222   57.0088   30.4631   83.006   59.808   22.8473   34.1321   42.3792   71.8679   48.5489   42.2019   0   
