15
50
999999 6 14 6 15 15 15 15 17 12 6 6 5 8 16 7 14 14 10 16 11 12 10 14 14 8 12 10 14 15 10 16 15 14 5 17 7 5 11 8 15 12 6 12 6 11 11 14 7 13 
0 5 4 4 1 2 4 11 14 1 4 5 2 1 10 4 3 5 8 7 7 1 2 9 4 1 8 3 5 11 1 9 6 4 1 7 1 4 3 7 6 1 1 9 2 5 7 12 6 1 
20
0   0   0   0   0   0   0   0   0   0   0   0   0   0   0   0   0   0   0   0   
-4   5   -3   6   -4   3   -6   5   -1   6   -5   5   -3   4   -4   0   -5   4   -2   0   
3   -5   10   -2   1   -6   10   -6   6   -3   4   -9   4   -9   2   -5   1   -5   12   -7   
-5   -2   -3   3   -4   5   -1   5   -3   5   -3   5   -2   3   -3   1   -1   3   -4   2   
2   3   -2   3   -3   5   0   1   -6   2   6   -10   0   -2   5   1   0   2   -5   3   
3   -5   9   -3   11   -11   11   -13   13   -6   6   -12   6   -13   6   -4   6   -13   10   -14   
2   12   -8   6   -14   4   -6   6   -4   6   0   2   -5   1   2   8   0   8   6   3   
6   -9   7   -8   7   -10   2   -15   10   -13   9   -5   15   -4   6   -10   6   -8   14   -7   
-8   8   -7   12   -14   1   -8   4   -14   13   -15   8   -13   6   -9   10   -11   2   -6   10   
3   0   1   0   8   -5   0   4   -3   1   -2   -4   -4   2   1   0   -2   -4   4   -2   
0   1   -2   2   -5   -1   0   1   -2   1   0   0   -2   3   -1   2   1   3   -1   -1   
-4   5   -1   6   -2   3   -1   0   -5   3   -2   5   -5   5   -2   1   -2   0   -5   2   
-3   2   -3   2   -3   2   -3   3   -3   2   -2   2   -3   2   -3   3   -3   3   -3   2   
3   -3   4   0   1   -1   5   -4   2   -2   2   -7   1   -7   4   -3   4   -2   8   -4   
-9   9   -1   5   -15   10   -11   7   -7   9   -8   13   -10   10   -7   8   -12   10   -1   12   
-1   0   0   2   1   -2   -3   0   0   1   0   -1   2   0   1   1   2   0   -2   2   
-3   4   -6   5   -7   10   -5   8   -4   6   -7   4   -8   6   0   9   -6   11   -4   9   
-7   7   -2   8   -1   2   -2   9   -2   3   -7   0   -9   8   -7   8   -1   -5   -6   9   
5   -5   4   -5   5   -4   7   -4   9   -5   4   -5   6   -3   4   -3   6   -4   4   -1   
-1   7   -3   1   -11   7   1   2   -7   8   -5   4   -11   6   1   11   -6   12   -1   6   
-7   6   -1   7   -5   9   0   7   -5   1   0   4   -3   3   -6   0   -8   4   -7   5   
4   2   0   3   -6   3   -1   12   -2   5   -5   8   0   4   -1   5   1   0   0   2   
-10   0   -7   6   -2   9   0   5   -8   5   -10   2   -1   6   -7   2   -5   9   -6   4   
-1   3   2   -3   -5   0   -5   0   1   2   0   -2   2   -5   5   0   1   -6   -2   1   
-7   6   -10   7   -5   3   -8   8   -11   7   -7   7   -7   14   -5   9   -8   14   -9   7   
2   -2   2   -4   3   -1   -1   0   2   0   3   -2   0   -2   0   -2   4   -2   2   -1   
0   3   -4   9   -9   3   -8   3   -4   2   -2   4   -1   9   -11   5   -1   4   -2   3   
-4   4   -5   7   -7   4   -3   4   -9   5   -6   9   -7   7   -1   0   -9   1   -6   3   
-5   1   2   8   5   -1   4   4   -2   -6   -1   10   0   5   0   -1   -3   -1   1   7   
9   -9   -1   -8   -1   -6   0   6   -5   -1   0   -5   15   -2   4   -4   2   0   0   -2   
0   2   -2   4   0   6   1   0   -5   0   -1   -3   0   3   -1   0   -2   0   0   5   
-4   4   -8   12   -11   6   -12   8   0   -1   -3   10   -1   4   -15   5   -8   2   -8   9   
-1   0   -1   7   -6   0   0   1   -11   4   -2   6   -11   9   -9   -3   -6   5   -3   4   
5   -2   2   0   4   -7   -1   -11   8   0   0   -11   3   -5   5   -1   0   -6   2   -3   
-3   4   0   1   -1   3   -5   1   -2   2   -2   3   -2   3   -4   3   -4   1   -4   2   
-5   -1   -2   7   -5   7   1   9   -11   8   -9   3   -10   4   -6   8   5   11   -10   15   
1   -2   1   -3   3   -2   5   -3   1   -5   4   0   1   0   6   -3   2   0   1   -1   
0   -1   0   0   0   -1   0   -1   0   1   0   0   0   1   -1   0   0   0   0   -1   
0   3   -3   4   0   5   -4   0   -2   6   -9   2   -4   5   0   0   -6   1   0   3   
1   -2   0   1   0   0   1   1   0   -2   -1   1   1   2   0   0   2   0   1   0   
0   -3   5   -1   4   -2   -4   -8   0   -1   8   2   3   0   5   -2   1   -5   4   6   
-11   5   -7   0   -1   5   -11   8   -2   1   -9   9   -6   8   -5   0   -10   2   -8   11   
2   3   2   0   -3   1   0   1   0   1   0   0   -3   -4   -1   -2   1   1   1   0   
3   1   4   -10   4   -1   8   -7   -3   0   3   -3   5   -2   -5   -5   4   0   2   4   
4   0   2   -1   1   0   5   -2   1   0   3   -1   4   0   -3   0   0   -5   4   -4   
-6   5   -9   7   -5   7   -7   0   -3   9   -9   3   -7   11   -11   9   -1   9   -6   4   
-7   8   -5   4   -11   11   -9   3   -9   6   -10   6   -9   6   -5   7   -10   9   -10   8   
-5   7   -13   11   -14   10   -9   7   -8   10   -6   5   -13   6   -3   7   -14   8   -7   9   
1   -1   0   1   -1   -2   0   2   2   0   1   2   0   -1   2   -3   -1   -1   2   0   
-5   1   0   -1   2   0   0   3   -2   1   2   -4   -5   -1   -3   -1   -6   0   1   -3   
0   46.2036   55.4384   44.5862   47.3847   39.5493   61.0197   62.854   63.2046   62.1699   72.701   47.7535   56.3894   58.8281   71.4453   61.6648   64.4969   60.3897   53.4462   53.9666   66.4489   69.5905   50.4384   66.9528   42.4122   63.153   77.0754   46.0907   33.4868   64.9902   76.8238   24   61.8091   61.3343   37.3132   65.1729   68.0416   56.8121   57.486   65.6543   61.0465   68.2494   54.2415   70.6624   54.609   60.541   62.0106   37.7883   60.618   38.9737   
28.4429   0   70.6526   42.4311   75.8276   61.0114   85.8242   88.8999   39.9283   75.5483   99.4724   72.2228   47.3311   46.4951   88.2227   85.2604   33.4165   75.4479   37.5229   46.3209   93.2203   70.5895   70.4375   94.1601   62.0999   59.1007   56.5441   51.5477   39.9249   92.1601   91.0294   44.2154   36.105   31.8661   63.0435   50.2415   96.4846   69.6443   45.1359   60.5533   70.854   95.1081   63.7074   66.2778   51.6449   46.178   56.0156   31.0294   87.3894   32.0499   
37   56.5685   0   51.3533   44.6008   55.1947   75.5619   49.178   87.9229   95.1581   58.4833   64.0116   63.2546   93.6442   91.214   58.6878   78.0494   30.53   85.9065   90.9666   53.0156   37.3503   21   77.208   62.3363   50.9422   111.877   33.105   60.9625   76.8698   39.0238   61   76.9147   86.5137   67.4264   101.732   68.6236   90.1758   67.6952   49.2415   28.8062   93.4251   91.2415   105.6   52.7131   90.9903   99.0106   54.6232   55.6497   66.8035   
27.5862   25.2982   35.7771   0   63.4975   64.0565   88.606   74.0083   59.8246   88.2917   88.3316   75.3397   36.5397   64.6952   95.492   82.1022   45.7507   56.5062   58.4367   71.6191   82.2587   47.3027   53.4837   94.539   64.2675   31.7635   81.8423   34.2483   38.095   92.5764   74.8009   50.8182   41.5166   57.1643   64.8994   75.5398   95.6279   81.4344   32.2971   34.2649   51.5215   95.8356   74.3633   85.3542   23.2195   65.2544   77.9743   31.4018   84.0082   50.0799   
31.3847   59.4811   28.6007   49.4975   0   37.2036   51.3838   28.53   94.5893   72.968   43.5053   46.3948   80.9045   90.2129   62.5077   32.2788   89.2462   59.1307   84.6612   82.3549   37.2485   65.951   48.6008   45.8277   41.0535   69.6656   108.46   54.573   59.5601   46.8471   47.0624   55.3847   89.0643   91.3472   35.9545   96.5576   38.6008   65.4773   81.7945   73.8243   57.4069   56.4969   73.2385   97.9274   67.4509   77.8276   93.3953   67.1736   31.4222   70.3584   
17.088   44.0114   41.1947   43.8292   22.2036   0   41.9426   50.7336   76.2944   53.0167   64.9265   28.6764   69.448   68.5619   52.3682   42.5877   77.4279   71.7246   70.5342   61.4533   59.2726   76.4168   56.3543   52.3682   23.3351   73.6717   86.1086   53.2866   46.3963   50.3764   68.2015   40.0907   74.8677   74.9547   18.2361   71.8066   59.249   45.0167   70.5446   75.258   70.0009   55.6006   45.318   77.6972   66.9902   62.2046   68.6443   50.8469   53.6258   56.0617   
42.9535   68.2495   59.4811   69.6419   31.6228   25.9422   0   56.0139   101.629   53.8638   61.9222   38.6015   95.0625   88.3173   33.2483   45.105   100.4   90.0069   88.0274   76.7204   63.4374   95.6111   80.2236   33.2643   49.2773   93.3027   103.423   71.28   68.6236   32.6015   78.6852   64.0977   100.81   97.2431   44.1783   89.1056   38.3576   47.4253   96.4869   101.2   88.2873   35.9443   48.9666   82.0574   92.8615   70.3173   86.6045   76.7891   63.045   81.2495   
43.8634   71.7844   32.7567   60.0083   12.53   33.9411   36.0139   0   107.068   84.0294   30.8924   49.4631   86.0069   102.503   68.1479   33.0294   101.776   61.0454   97.1865   93.3095   25.067   69.0303   47.4673   45.7321   45.4795   81.3328   120.05   62.2826   70.8652   43.7321   44.5136   67.8634   99.8914   102.13   48.4845   105.748   42.3229   78.0072   92.3054   81.9982   60.4863   59.1022   73.4358   101.215   79.9809   90.3576   102.585   75.8705   19.2361   79.7694   
46.5725   18.3848   73.8783   39.8246   77.7946   61.2944   84.214   90.1388   0   85.7711   117.857   88.8322   50.8312   39.6513   98.4808   102.072   40.0278   91.3464   29.6015   52.7131   111.605   87.1273   88.8223   112.545   77.8865   71.5882   47   69.9324   54.0604   110.545   109.414   54.8242   37.3776   30.0623   78.6725   53.0689   108.78   84.5434   56.7321   74.0895   86.3464   103.107   79.0042   72.0855   63.0442   51.9857   53.6816   49.4142   105.774   42.6586   
47.1699   59.5483   79.1581   73.0616   57.2713   38.0132   34.0588   66.1287   69.7711   0   95.4351   54.7351   95.2033   69.9285   47.6155   75.114   92.9648   106.67   73.3994   57.108   89.183   111.004   91.0267   65.3814   59   103.6   81.9938   86.6804   67.2069   63.3814   104.334   57.72   94.5684   78.8543   55.0135   67.6918   72.4163   32   98.3964   105.285   103.284   52.6228   31.9284   57.5941   96.2812   51.9285   64.5296   80.1289   83.352   78.6624   
57.6975   85.44   41.2311   72.2496   26.4197   47.5079   44.9222   13.8924   103.817   77.3692   0   58.9144   99.4271   115.242   78.1704   43.4008   112.916   67.4656   111.079   107.202   21.3246   77.6853   55.3142   59.0361   59.2041   89.1797   133.318   70.1295   80.5714   57.6246   53.083   81.6975   109.818   113.899   62.3742   119   50.1698   88.0092   103.188   90.4726   69.1413   72.9946   85.7516   115.107   90.589   102.156   116.152   86.3114   27.083   93.6619   
29.7321   56.2228   47.7598   56.0803   22.0227   12.6491   13.6015   30.4631   73.0274   35.7351   42.4382   0   82.0971   81.211   46.8498   40.0294   89.5557   78.0339   79.5219   69.2353   55.5301   81.5779   63.0116   44.4849   32.6015   86.3209   97.5356   65.9357   58.5456   43.7869   69.0852   49.0588   87.5168   85.5343   30.8852   83.2337   35.5407   49.2312   83.1937   87.9072   73.0339   40.9317   42.4008   73.28   79.2998   70.4236   80.0714   63.496   49.6992   63.1736   
37.2156   24.3311   46.8188   12   61.4003   54.1202   80.0625   72.0069   33.6155   79.8123   84.214   66.6408   0   63.1011   102.961   91.1864   38.6963   64.6173   53.0512   70.5428   94.16   55.4833   64.5077   104.168   74.3104   43.7635   80.3723   46.1496   48.2062   102.206   81.7791   52.4833   34.4536   51.5106   72.3563   72   100.001   90.6744   31.2426   43.8254   59.6173   105.465   83.6033   88.965   35.2195   68.8652   80.0803   42.6011   91.243   48.6531   
44.5982   25.4951   79.0569   50.6952   74.8866   54.5619   72.9932   87.367   21.6333   51.923   101.242   64.195   49.0102   0   89.3517   95.2309   51.9067   100.943   24.0499   35.8661   111.047   96.0846   91.6209   103.376   77.897   82.4587   44.3801   77.0428   58.2046   101.376   116.524   59.8281   58.0454   32.8661   72.798   30.0623   99.7357   70.5576   64.0435   84.9601   96.3491   96.1378   65.0185   46.2843   73.9147   38   33.0623   56.5245   105.216   53.3019   
50.9117   71.1126   74.9466   78.492   48.5077   36.0555   18.2483   54.1479   84.4808   20.6155   63.0635   27.2029   87.4586   69.2604   0   55.3363   104.529   102.707   88.8053   69.0091   79.215   108.781   85.214   46.5287   56.9487   109.727   98.3941   88.3397   73.9646   50.6708   95.5702   64.4777   107.218   94.7168   54.2916   87.0686   56.0555   46   106.6   111.314   100.237   33.2066   42.5153   67.9608   101.712   72.544   85.1451   86.9024   73.384   82.7738   
41.0122   69.2604   44.6878   63.6003   16.2788   25.9615   19.105   17.0294   86.977   51   26.4008   17.0294   75.1864   80.2309   37.3363   0   100.147   75.2178   94.4584   86.2647   38.831   82.0381   61.2312   31.5563   49.2966   85.9445   111.083   70.8518   72   34.2127   59   65.0122   99.4417   99.8084   44.1976   96.7647   33.6158   64.1022   95.1186   90.1031   73.4941   41.074   59.4301   90.3094   83.7297   87.0078   94.6058   75.4209   33   79.4138   
44.4072   19.4165   63.0635   27.2947   73.2462   61.1882   86.4002   84.8528   18.0278   78.8733   97.8621   73.7564   17.6918   37.6431   90.3549   85.1469   0   82.3091   42.4604   63.6736   105.835   73.1751   80.4821   111.36   76.5141   59.0582   65.0278   61.543   51.7041   109.397   99.4709   60.4905   26.2426   36.8035   79.1528   67.7053   106.839   89.0608   34.4536   60.2244   77.3091   110.038   83.1239   83.9273   50.5142   65.5945   68.5412   41.074   104.089   51.4664   
46.3897   61.2944   12.53   37.4833   41.0488   52.9528   72.0069   44.0454   77.2334   90.6697   50.5668   60.1664   46.6154   85.4225   87.3155   57.0088   64.0312   0   91.5603   98.7972   65.5456   27.544   33.53   86.8764   66.4342   41.1359   117.838   40.3776   61.4342   87.7776   40.0799   70.3897   73.8179   90.2811   70.3415   106.846   79.6496   97.9695   64.8039   42.3452   19   97.5457   98.2708   117.052   57.2866   99.4711   106.078   61.4185   63.2815   79.2713   
39.4462   16.1555   71.7008   41.4367   70.6612   51.923   73.0274   83.1865   13.6015   56.3649   97.0618   62.8013   39.0512   10.0499   71.8053   77.8845   27.8568   77.1751   0   43.2132   105.895   86.745   86.593   100.579   72.6994   72.0213   43.4008   67.7032   56.0804   99.7407   107.185   57.4631   46.8329   31.6569   67.6004   40.1108   98.3419   72.0286   55.0139   74.5226   87.0095   94.2334   66.4894   51.6197   63.4773   39.4709   43.1121   47.1849   100.064   48.2054   
39.8246   31.3209   76.5572   54.0093   67.1789   45.4533   60.4401   79.3095   34.7131   37.108   92.957   53.2353   55.5428   14.8661   55.0091   69.9714   48.0208   84.7703   21.2132   0   104.377   101.312   90.263   89.3894   68.4995   85.7728   41.5136   77.4811   56.3631   87.3894   107.493   47.9666   66.1935   42.8701   63.4004   28.3603   88.776   58.3281   68.4509   88.2742   100.871   82.6576   51.257   34.1555   77.2288   33.4031   25.198   62.3503   98.5456   53.0172   
51.4296   79.1202   36.0555   66.1211   20.2485   41.7253   41.5933   7.81025   97.4987   73.0068   6.32456   37.5899   78.1025   95.1315   59.8415   22.561   91.5915   46.1411   90.824   87.1149   0   72.8226   47.0156   48.0241   53.2898   83.2873   127.834   65.0104   78.6755   47.3261   43.807   75.4296   107.119   109.94   56.203   113.532   39.0799   85.7257   98.4182   85.2971   64.8618   63.635   78.8122   109.025   87.6994   98.0761   110.37   83.6808   27.0463   87.5797   
46.3897   55.5428   21.095   30.4138   48.7955   56.4624   78.2368   53.8516   69.8928   92.8924   61.6847   65.5134   37.4833   80.6536   92.1303   65.0692   55.1725   12   71.6938   82.0366   56.8595   0   41.2358   94.6232   70.9415   35.1585   112.087   40.3311   66.9606   95.0492   52.0799   70.3897   65.9313   87.4088   74.1808   102.932   87.3963   101.479   58.4788   31.5529   23.544   101.092   100.631   111.255   46.0832   94.6127   103.133   56.5601   73.0877   71.3667   
34.4384   56.0803   5   37   23.6008   37.0135   54.5619   28.178   73.8173   75.0267   37.4833   43.0116   48.5077   77.6209   70.214   39.6989   64.0781   17.4929   70.7248   74.2428   32.0156   25.807   0   69.4285   57.0606   54.8277   110.194   38.105   59.4187   70.4479   38.6155   58.4384   78.5166   85.9389   54.1182   98.5067   62.2017   82.0302   69.2971   54.2415   32.6918   80.0978   81.0725   99.703   55.1214   87.765   96.449   59.4081   47.4141   63.5782   
52.9528   80.1561   60.208   77.6209   31.8277   36.2215   15.2643   30.4631   97.0206   48.7955   35   24   88.8651   87.3212   30.5287   15.5563   97.3242   72.4707   86.5794   75.2728   33.541   80.6226   55.2268   0   53.9443   98.5991   116.786   78.406   80.0167   20   71.9851   73.0345   111.089   109.534   53.3581   103.633   22.9443   62.6897   105.802   105.652   87.9186   39.3576   64.231   97.28   99.2786   85.5816   100.471   87.0684   47.9531   87.1736   
17.1172   45.0999   37.3363   42.5441   18.4391   4.12311   27.2029   30.4795   62.8013   42   44.2041   13.6015   53.3104   57.3062   38.9487   24.1868   61.5224   49.2443   54.0833   48.8365   38.2884   53.2259   33.0606   35.9026   0   69.6332   90.2317   47.6105   45.1725   54.4995   64.0833   41.1172   77.4609   76.966   22.3592   75.9297   49.1421   49.1398   73.1378   72.9017   65.7524   51.3836   43.4279   71.6039   65.7636   62.5206   72.7674   53.4401   49.7156   56.0909   
40.7063   41.9762   31.0161   17.0294   53.6656   54.6717   79.2465   61.6847   54.5894   87.7268   71.8471   65.7647   21.4009   67.4685   90.6035   69.4622   39.0512   26.9258   57.9741   71   66.2873   16.4012   34.3657   84.5991   52.345   0   98.5203   47.0227   53.4005   97.9277   67.0057   63.4878   55.8546   72.9115   72.9078   92.2177   92.2665   97.5183   48.2358   29.6056   39.9452   101.681   91.3927   100.221   30.544   80.1211   90.6439   44.0713   78.0967   59.0119   
62.9365   42.5441   97.4166   67.7791   92.8009   71.8679   87.9318   105.209   32   62   119.038   80.5295   64.3273   18.4391   81.3941   97.0618   50.01   103.446   26.4008   27.5136   113.004   98.0867   96.0469   102.786   74.8866   84.119   0   94.0918   73.6281   114.903   132.266   68.4778   69.3776   47.8617   87.2227   34.6265   116.046   77.4751   81.4146   100.923   113.398   103.822   72.9009   52.0798   89.878   47.1167   31.4642   73.5735   123.554   71.741   
22.0907   37.4833   19.105   18.2483   32.573   33.2866   57.28   42.19   54.8179   68.6804   54.0833   43.8634   30.1496   60.5392   69.3397   47.8539   44.9444   25.2982   52.8015   59.4811   48.0104   24.3311   19.2354   62.7694   30.6105   22.0227   78.7718   0   46.1359   77.7079   57.8509   46.0907   55.1096   66.345   49.2278   81.1775   69.4617   78.3033   50.5453   45.926   43.3776   80.7951   74.0383   90.5322   34.8806   70.4358   79.1428   42.5183   61.4261   46.249   
9.05539   19.9249   39.9625   21.095   39.5601   25.9615   51.6236   51.8652   38.2753   51.9711   65.5515   38.6005   29.2062   39.2046   58.258   50   35.3553   47.4342   32.6497   37.3631   59.2368   45.0999   38.4187   61.9839   26.1725   36.4005   57.6281   22.1359   0   74.0456   72.7282   24.4868   47.9848   50.7624   44.1976   63.1041   74.1412   61.3464   52.3279   55.3599   65.5135   77.3048   54.2753   68.1566   44.3146   52.5885   59.9418   32.6301   68.4883   28.4018   
50.9902   78.1601   58.8982   75.7694   30.4138   34.2345   13.6015   29.7321   95.0211   47.3814   35.0571   22   86.977   85.3756   29.5296   14.2127   95.352   71.218   84.5931   73.3894   33.2415   79.196   53.9073   2   33.9559   82.9277   100.901   61.0574   60.0167   0   73.2127   71.0588   108.002   107.534   52.1403   101.75   24.9443   60.0119   104.779   102.267   86.5991   41.3576   62.5681   95.28   95.938   83.9187   98.5874   85.0814   47.2127   85.1736   
53.8238   76.6942   21.0238   56.7979   32.0624   52.2015   62.514   27.5136   94.4034   89.1067   28.3196   54.0833   67.7791   97.8366   80.1561   44.1475   84.0773   25.0799   91.2195   93.4933   25.807   37.054   20.6155   57.9396   48.0833   50.636   116.276   39.6611   58.7282   57.2451   0   77.8238   94.7707   106.006   68.0169   118.997   64.0408   97.2182   88.719   67.4251   44.0799   85.0211   91.5111   119.687   73.7369   108.381   115.834   75.647   46.7497   84.1937   
10   22.2036   46.6154   30.4138   40.3113   22.0907   46.0977   52.8394   39.2046   42.72   66.7308   34.0588   37.4833   34.8281   50.4777   47.8539   40.4969   55.3173   30.4631   29.9666   60.5392   54   44.2945   58.0345   23.7697   45.8803   53.0754   30.2655   9.48683   56.0357   63.8201   0   55.9102   54.0697   40.3268   56.1758   69.5994   54.2772   61.1142   64.6787   68.6236   71.2015   47.2062   62.5793   53.6334   45.7697   53.0135   41.4165   70.618   35.1655   
41.9762   19.105   59.0339   23.2594   70.0643   58.9406   84.4334   81.4985   21.3776   78.5684   94.3663   71.5681   13.4536   39.8121   89.1852   82.3893   4.24264   59.8164   29.8329   49.1935   88.1192   50.9313   60.1664   94.921   59.0339   34.8281   53.1507   41.1096   32.9848   92.9624   80.0562   38.9102   0   41.0461   77.1767   64.7017   104.677   88.7493   28.2195   51.9154   69.172   110.112   82.8124   81.307   40.8701   65.283   61.5395   43.0208   97.7345   50.4591   
41.2311   14.8661   71.4213   39.3573   72.6154   54.9181   77.026   85.0882   8.06226   61.7171   98.8989   66.2722   35.5106   14.8661   76.6551   80.8084   22.8035   76.0263   5.65685   26.8701   92.6121   69.7711   70.8378   90.1998   56.7539   55.3624   28.8617   52.345   33.6155   88.2043   91.4385   32.9848   25.1794   0   73.1542   37.8035   101.813   74.4835   53.3989   73.6222   85.2811   99.8903   68.9443   57.2765   62.5769   41.9258   36.8473   45.8904   101.849   46.9159   
19.3132   46.0435   42.4264   46.0435   21.9545   2.23607   23.7065   33.3017   63.1981   37.0135   46.6905   10.4403   56.356   55.9464   34.1321   24.3516   63.3482   54.3415   53.6004   46.4004   41.0366   58.1808   38.1182   34.1321   5.09902   56.7274   73.0616   35.2278   28.1603   32.1403   52.6308   24.0208   61.131   56.7186   0   74.0427   45.981   46.8097   72.7807   74.3075   70.4976   51.372   39.7386   76.3241   69.2263   56.2244   70.8804   53.083   51.4683   56.562   
49.679   33.2415   85.235   58.2495   78.8733   57.6888   73.7631   91.214   29.0689   49.366   105   66.2118   57   8.06226   68.0294   82.7647   45.607   92.1954   18.1108   13.3417   99.0202   87.9318   83.4865   88.5438   60.803   75.1332   14.3178   67.082   45.2769   86.6487   103.407   39.6989   47.8539   22.8035   58.8303   0   101.752   67.0408   72.1057   91.7817   102.853   92.9539   64.5987   41.4722   81.469   39.7883   29.1623   63.9642   110.236   49.9285   
48.0416   76.0592   51.6236   71.1688   23.6008   32.249   18.3576   21.5407   93.5361   52.2015   27.2947   21.5407   82.7103   85.703   36.0555   7.61577   92.3472   63.7809   83.9524   74.686   25.0799   72.2496   46.669   8.94427   31   77.026   102.044   55.4617   57.0789   8.24621   49.0408   54.3323   89.6772   87.1321   30.4138   87.7268   0   65.7829   99.9294   97.4251   79.3609   45.5153   63.9414   94.8207   90.3423   86.6382   99.884   83.0367   38.0868   84.7142   
39.8121   54.6443   71.1758   66.2873   49.4773   30.0167   28.4253   58.6941   66.4831   8   70.3278   28.2312   73.6614   50.3587   19   44.1022   74.0608   82.7345   53.4509   36.0139   65.7419   85.1645   67.0298   43.6005   34   80.4984   62.514   61.0328   45.2217   42.0119   81.2158   36.2353   73.4098   58.5235   29.0172   49.0408   46.0109   0   87.5391   99.992   97.7437   42.8568   23.0711   55.1059   88.9466   53.5576   61.2119   77.6004   77.1022   67.0977   
38.4838   22.1359   50.6952   15.2971   64.1249   55.5428   81.4371   75.0267   29.7321   79.3977   87.4643   68.1542   4.24264   46.0435   88.0057   77.4661   13.4536   50.8035   36.0139   53.4509   81.3019   41.7253   52.2015   90.802   55.0273   25.6125   60.8276   33.541   30.0167   88.8876   71.6938   37.6431   9.21954   32.1403   57.7754   54.0833   84.9294   73.5391   0   41.9258   59.8039   106.411   81.8541   87.0861   38.5166   66.9897   68.9876   43.6977   92.1052   42.8029   
44.2945   44.5533   33.2415   20.025   56.8243   58.258   82.7587   64.5136   56.3649   91.2853   74.3303   69.2965   22.8254   70.0357   94.2019   72.7186   40.2244   27.8927   60.4152   74.027   68.884   16.5529   36.8782   87.9204   55.9017   3.60555   86.4002   25.4951   39.8497   86.267   52.2398   49.3356   36.0555   57.5674   60.3075   77.7817   80.2621   84.0773   26.9258   0   40.0969   105.287   94.125   103.36   31.0454   83.2604   91.9937   46.257   81.7023   59.0999   
43.0465   56.6039   12.8062   32.5576   41.1096   50.9608   71.3442   45.4863   72.3464   88.2836   53.1413   59.0339   41.6173   80.9568   86.0058   57.3149   59.0339   5   72.5603   80.7775   48.3322   8.544   17.6918   72.8629   47.4342   22.1359   98.8838   21.3776   43.4166   71.5052   29.0172   51.6236   54.8179   71.2811   52.4976   87.8465   64.3506   80.4114   45.8039   23.3452   0   97.6065   90.6726   108.202   49.3019   91.8134   100.52   63.8958   61.2769   67.6266   
50.2494   74.0405   68.4251   77.4209   40.4969   33.6006   8.94427   44.1022   89.1067   31.6228   51.788   21.9317   87.4643   76.1052   12.2066   27.074   92.6984   80.9506   77.2334   62.6498   49.0918   87.0919   63.5059   18.3576   35.3836   87.6812   89.822   65.7951   58.5918   17.4642   71.0211   52.2015   91   81.6149   31.4006   75.9539   24.5153   27.8568   88.5889   91.2195   80.2621   0   50.9278   74.9262   100.591   72.1378   87.8479   84.4475   60.074   82.195   
33.2415   47.7074   66   59.3633   46.2385   25.318   29.9666   56.4358   60.0833   13.9284   68.8186   26.4008   66.6033   45.0111   24.5153   43.1856   67.1193   77.2334   47.2969   31.257   63.8122   79.0759   62.0725   45.1774   29.4279   73.8241   58.4637   54.8179   38.2753   43.4166   77.3692   29.2062   66.4003   52.2015   24.7386   44.5533   46.2277   7.07107   66.468   77.3886   74.6726   31.4006   0   55.4006   82.5828   50.0185   56.455   66.6004   75.6719   61.0512   
51.6624   47.4342   88.6002   69.3542   74.8866   52.6972   61.0574   86.2148   49.679   30.5941   99.2472   57.28   71.5681   28.2843   50.9608   74.2765   64.0078   97.8621   36.6197   16.1555   93.8616   96.2549   85.703   76.3217   56.6039   86.209   32.5576   72.8354   51.1566   74.6257   103.788   42.5793   65.307   42.2019   53.0094   22.4722   77.6209   33.1059   69.5701   89.3588   94.2019   60.9262   31.4006   0   92.5737   36.0998   39.6155   76.1378   104.478   65.2832   
35.609   33.541   34.7131   9.21954   53.4509   50.9902   76.4003   62.8013   46.1411   81.8841   74.0608   62.8013   13.4536   59.0339   86.3713   68.542   31.1127   33.2866   49.4773   63.0714   68.1836   24.0832   37.1214   83.1865   49.2037   8.544   75.5844   20.8806   29.9666   81.4125   55.3624   39.3954   26.8701   46.8188   53.1507   66.7533   76.1577   74.9466   17.6918   11.0454   28.3019   84.5044   68.0955   78.5175   0   74.474   83.6661   40.6213   82.0373   54.2345   
33.541   28.178   70.3847   49.2544   60.8276   39.2046   55.3173   73   34.9857   34.9285   86.6833   47.4236   51.8652   18   51.3517   64.0078   46.2277   78.848   21.4709   6.40312   80.8084   76.531   67.9779   69.9214   42.5206   66.1211   33.1059   53.6004   31.5753   68.0074   87.1321   23.7697   46.8722   26.9258   40.2244   18.7883   68.942   32.5576   50.1597   69.2604   74.9533   58.1378   27.0185   20.0998   58.4209   0   31.6012   54.2224   91.0733   40.1868   
47.0106   32.0156   82.8553   56.7186   75.9276   54.6443   70.6045   88.2383   29.6816   46.5296   102.005   63.0714   56.0803   8.06226   65.0077   79.6492   45.5412   90.0777   17.72   10.198   96.0469   86.1278   80.9938   85.3815   57.8014   73.6817   17.4642   64.8845   42.9418   83.4865   100.802   37.0135   47.5395   22.8473   55.7584   3.16228   84.5813   46.0109   53.3385   76.4199   85.7963   72.8354   41.4367   20.6155   65.3758   15.6525   0   61.5725   106.726   53.0908   
18.7883   17.0294   39.6232   11.4018   46.1736   35.8469   61.7414   57.8705   34.4093   62.1289   71.0634   48.4665   18.6011   41.2311   68.884   58.4209   27.074   44.4185   32.7567   43.0465   64.7611   39.5601   39.4081   71.3092   35.4401   28.0713   59.0593   20.5183   10.6301   69.3758   60   19.4165   24.0208   31.8904   38.0789   48.3839   65.7647   55.6058   19.6977   31.257   39.8246   68.9638   48.6004   58.1378   20.6155   38.0526   46.5725   0   77.1066   39.0319   
45.618   73.3894   32.6497   61.0082   14.4222   36.0694   38.0526   2.23607   91.7606   68.352   12.083   32.6956   73.0068   89.3085   56.2228   19   86.1452   43.6005   85   81.3941   5.83095   53.7122   28.2312   31.9531   32.5576   62.0967   107.201   43.0465   53.4883   31.3209   26   54.7083   82.7345   86.8159   35.4683   93.2363   23.0868   60.9262   76.1052   64.846   45.2769   46.0435   58.6686   88.4081   63.5059   75.0733   90.2718   59.2284   0   81.8901   
18.9737   10.0499   50.8035   25.0799   50.3289   34   58.2495   62.7694   27.6586   51.6624   76.5572   46.1736   28.6531   28.3019   61.7738   59.4138   28.6356   57.2713   21.2603   29.0172   70.2638   53.3667   49.5782   70.1142   35.2278   42.0119   46.6154   32.249   11.4018   68.1175   70.0071   12.1655   27.4591   22.3607   36.0139   34.9285   66.1211   46.0977   27.8029   45.0999   52.9245   64.195   39.0512   44.2832   34.2345   24.1868   32.8938   14.0357   64.4748   0   
