15
60
999999 5 10 13 6 11 15 13 14 8 10 16 16 5 15 8 6 13 5 17 13 6 7 13 10 13 11 6 17 7 7 14 8 7 14 13 11 15 5 9 14 13 10 15 6 7 17 10 5 9 15 12 13 11 14 10 11 10 7 14 
0 2 8 11 1 7 3 4 11 6 4 2 11 3 2 3 4 6 1 10 5 3 5 1 5 4 9 3 6 6 4 7 2 4 9 6 4 6 3 1 7 5 1 12 3 5 13 6 3 2 3 8 1 5 9 6 6 2 3 7 
20
0   0   0   0   0   0   0   0   0   0   0   0   0   0   0   0   0   0   0   0   
-1   3   -2   1   -2   3   -2   3   -4   4   -3   3   -3   1   -3   3   -1   2   -3   1   
3   -3   3   1   2   -5   0   -1   3   0   -1   -1   -3   0   -1   0   0   0   -1   0   
-6   7   4   4   -3   1   -4   -2   -3   0   0   3   -5   5   3   2   -3   0   3   1   
-3   4   -3   1   0   1   -2   0   0   -2   0   -2   -3   0   -2   4   -4   0   0   1   
-6   7   -6   9   -11   4   -6   6   -6   10   -3   10   -8   8   -7   7   -9   5   -8   5   
-4   13   -15   7   -7   14   -9   6   -14   7   -3   12   -15   9   -15   8   -12   13   -8   8   
-10   10   -10   13   -10   10   -7   4   -9   12   -6   13   -12   4   -4   7   -13   8   -11   11   
4   -5   6   6   0   -3   4   -3   5   0   0   1   -1   -4   0   -6   7   -2   5   -3   
-2   7   -3   4   -3   3   -4   1   -4   3   -4   3   -7   1   -6   2   -6   3   -6   3   
0   0   3   -2   6   1   0   2   -3   -2   2   -1   4   -2   0   2   -1   -2   4   -2   
-3   12   -11   5   -3   10   -5   0   2   2   -11   7   -10   -2   -5   5   -10   1   -12   7   
-15   10   -2   10   -9   9   -6   6   -10   9   -12   7   -5   9   -12   13   -15   3   -10   10   
0   -1   0   0   0   0   0   0   0   0   0   0   0   0   0   0   1   0   0   0   
9   -8   2   -2   6   -3   -6   1   7   -8   3   -3   4   -2   -2   -13   -1   2   9   -2   
-4   3   -5   4   -4   4   -6   5   -3   3   -3   7   -4   4   -7   0   -4   4   -7   5   
0   2   0   0   -1   3   -1   4   -2   -1   -1   3   -4   -1   1   5   2   4   0   3   
-12   6   -2   0   -1   -3   -8   7   0   1   0   10   -11   2   -13   0   -2   6   -8   2   
0   0   0   0   -1   0   0   1   -1   0   0   0   0   0   0   0   0   0   0   0   
5   -5   9   -13   5   -2   3   -11   8   -13   0   -8   10   -11   0   -8   3   -10   10   0   
6   -1   3   4   3   -3   0   0   5   -4   7   1   -7   -3   5   -3   4   -4   7   4   
0   4   -5   4   0   3   -3   3   -6   2   0   3   -3   4   -2   3   0   2   -3   4   
-2   4   -2   0   -5   2   0   0   -1   4   -2   2   0   5   -2   1   -1   2   -3   0   
-8   10   3   6   -7   11   -8   10   -2   7   -8   5   -5   4   -3   10   -13   6   -2   13   
-2   0   3   1   1   1   0   1   7   0   -2   0   1   3   0   3   4   -3   0   2   
1   -7   -2   0   7   -4   -1   -4   3   -1   4   -4   3   0   7   -9   4   -9   8   -4   
7   0   -5   -5   0   0   -2   -1   2   0   1   -3   6   0   0   1   1   2   0   3   
-3   1   0   -2   1   0   -3   0   0   0   -1   -3   0   1   0   4   0   0   -1   0   
-11   5   -9   15   -14   15   -5   11   0   14   -15   5   -2   6   -12   13   -9   10   -12   15   
-1   4   -2   0   1   0   -2   0   -6   5   -3   2   -3   4   -4   2   0   3   0   3   
-3   2   -2   1   0   0   -2   2   -4   0   -3   5   -5   1   -1   3   -3   1   0   3   
12   -7   12   -7   7   -11   14   -5   -1   -11   3   -7   6   -2   10   -5   3   -9   7   -13   
3   -5   4   -3   2   -4   3   -2   1   -4   4   -6   4   -4   3   -4   5   -3   4   -6   
4   -6   6   -1   1   -2   4   -1   4   -2   1   -3   1   0   2   0   2   -2   1   0   
-5   0   0   0   0   -1   -6   4   0   0   2   -7   -4   8   -10   3   -5   5   0   5   
-4   5   0   5   -7   5   -3   9   3   1   -11   7   -3   9   -8   -3   -2   5   -9   8   
-5   -3   2   3   2   4   0   3   -3   -2   -1   -2   -4   0   1   5   0   0   0   1   
-4   0   6   -8   0   -4   8   -8   0   -2   4   -3   1   3   0   -2   -3   0   -3   -4   
0   -1   0   0   2   0   0   -2   0   0   2   -2   2   -2   1   0   1   -1   1   -1   
-2   4   0   7   0   -3   0   7   0   1   -3   3   -4   4   -1   -4   0   2   -2   2   
-7   2   -3   9   -10   4   -9   7   -3   9   -10   6   -12   6   -4   13   -4   7   0   8   
-3   11   -8   0   -9   12   -6   9   -8   4   -10   3   -4   13   -5   5   -11   13   -1   9   
-2   -1   6   -1   0   1   1   -1   0   1   0   -3   3   -1   -1   -7   0   -3   5   0   
7   3   6   -8   15   -11   0   -10   12   -9   5   -1   3   1   1   -5   7   -12   3   0   
-4   1   0   0   -3   3   -3   0   -2   2   -3   0   -3   2   0   3   -2   3   -2   6   
-1   1   0   0   -1   0   -3   -1   -1   3   0   1   0   2   -2   1   -3   0   -6   2   
-7   10   -4   4   -9   13   -14   7   -7   15   -9   13   -14   14   -15   7   -12   9   -4   7   
-7   7   -9   9   -7   8   0   10   -8   3   -7   9   -1   6   -7   5   -10   9   -10   3   
-2   0   -3   3   -2   2   -2   1   -1   1   -2   2   -3   1   -1   2   -3   3   -1   0   
-7   3   -9   5   -8   6   -6   0   -5   6   -8   1   -7   9   -6   3   -2   1   -8   6   
12   -2   6   -5   5   -3   6   -6   6   -6   7   -8   10   -9   14   -11   6   -8   12   -8   
-5   6   -9   8   -8   6   -7   11   -6   9   -3   5   -6   6   -5   12   -8   3   0   8   
-7   9   0   9   -7   4   -6   4   -10   7   -6   10   -9   7   -11   6   0   10   -2   1   
4   -4   4   -1   5   -4   0   0   3   -4   7   -4   6   -8   4   -6   7   -3   7   1   
12   -9   3   0   7   -12   5   -6   8   -3   1   -3   5   -9   4   -2   7   -3   10   0   
-2   6   -6   9   -5   5   -7   9   -6   3   -7   5   -7   8   -6   3   -10   9   -7   2   
-5   2   -2   0   0   0   0   6   -6   0   -6   0   -3   5   -2   5   -6   0   0   0   
-5   2   -7   7   -6   5   -1   4   -8   3   -5   5   -7   9   -6   -1   -7   1   -4   8   
-3   0   -5   1   -3   2   -3   1   -5   3   -1   5   -4   2   -4   2   -3   7   -5   7   
1   2   -1   -3   1   -5   7   -8   7   4   1   -2   0   4   -6   -1   1   3   3   5   
0   54.1321   54.2678   47.9358   57.9318   31.4642   63.5206   28.2127   66.3784   47.1361   68.9762   54.8378   55.7374   43.587   70.5403   68.2504   63.1405   71.1793   40.2132   60.4929   45.8107   43.4109   26.6158   30.8924   49.6243   59.7505   47.0611   62.1041   48.7851   62.2353   33.7289   58.3363   47.3883   58.4166   65.3294   35.0416   76.6117   59.1461   32.0278   39.6015   61.1393   70.7156   74.2228   56.2289   61.6493   61.6937   46.9258   35.1803   72.2062   46.3059   64.7162   26.1623   50.0832   48.6757   56.0143   48.2062   54.9236   46.8277   49.28   31.4929   
34.1321   0   88.1141   65.2646   27.5946   65.5963   26.2631   56.6759   74.601   38.9752   72.1995   16.4142   83.6419   73.0364   104.672   48.6833   82.8522   79.8664   74.3453   65.4888   49.4228   37.4107   60.3252   54.4983   52.2753   75.5392   60.5543   96.2362   81.1968   29.099   48.0096   76.146   50.8014   84.3873   85.7805   56.8186   95.0514   64.7115   63.952   53.6563   40.0384   99.8772   41.6833   72.1808   94.0263   77.7887   34.2485   61.3828   76.2268   30.3178   84.1125   56.0504   29.1803   77.0737   76.9016   61.2652   35.0554   75.1536   83.4121   46.4138   
39.9625   74.0945   0   62.7699   97.6065   36.8035   97.6323   51.8021   86.7482   87.0986   93.2787   87.7835   26.4721   36.6155   31.1529   105.679   64.2243   80.3693   43.4573   89.3093   79.2896   80.8578   54.4407   58.2598   73.0169   62.6558   59.9103   26.0416   48.4213   93.4886   67.7647   61.2982   74.9183   58.609   64.9698   54.1722   75.216   74.171   46.8876   56.8488   99.3145   37.1421   108.795   56.0029   38.7386   68.4169   79.6328   49.1947   83.8584   84.4825   50.7209   56.5899   81.3784   44.2982   60.8469   60.9091   88.6824   58.3847   26.3693   69.448   
33.4215   50.636   48.7647   0   68.916   49.3766   67.9813   39.0711   99.7999   76.2944   102.398   64.702   60.8912   48.5461   72.4721   66.2024   38.5601   36.4709   59.3271   93.9144   79.2322   45.1449   54.531   36.799   28.8661   86.8102   26.0711   74.6383   77.766   66.4682   64.169   85.5787   34.088   88.6584   41.397   39.0117   46.6757   37.2835   38.5601   35.8494   69.2445   79.1783   77.8218   81.4805   55.8814   36.3382   52.314   44.7959   45.2132   68.6838   39.3607   54.7738   54.2616   74.1029   82.5704   24.2426   70.7587   21.4721   60.4005   64.9144   
43.9318   11.7047   83.6002   54.0833   0   75.0644   25.2111   63.2469   83.4625   48.2867   81.476   25.8102   93.4203   78.2461   109.793   34.7585   86.0069   83.2362   79.1949   74.8361   58.2832   41.0208   64.9496   58.4981   57.7129   86.6562   65.8557   106.036   90.0525   21.8102   59.7143   87.8507   56.6198   96.092   93.668   64.9395   100.759   69.9791   72.0729   61.7772   21.6056   108.22   32.1327   83.8855   99.6085   84.1211   45.3452   66.6236   70.0833   42.0225   91.5459   63.7195   36.8494   88.7784   88.6063   72.9699   36.2237   75.5554   93.2118   58.1185   
17.4642   51.4782   22.8035   33.3766   60.803   0   73.6572   33.7466   77.8703   64.163   81.5487   67.8924   39.4391   24.3852   53.9565   85.4474   58.1511   68.4751   35.0623   72.9464   58.7214   60.6512   36   38.0238   53.9642   54.1355   42.0717   48.8451   40.9266   67.2541   47.3902   52.7213   55.674   51.3637   60.3401   35.2846   71.6366   58.0545   27.0384   38.6977   78.535   58.249   91.687   47.0644   41.0185   57.4626   62.6074   35.2956   72.037   60.4168   53.1448   32.5242   62.0488   36.8035   54.7648   48.0666   66.7032   50.8329   35.1327   48.9571   
42.5206   10.4403   82.201   53.0377   1.41421   59.4054   0   63.0106   84.0701   47.0161   82.6398   26.8545   93.8445   78.7336   110.032   34.7585   85   79.2534   79.7024   75.9291   59.6974   37   65.4975   59.7571   58.6056   85.9795   67.0778   104.625   89.6324   23.2245   56.7063   86.5863   56.6198   94.8276   88.7647   62.5993   96.3893   64.8035   70.8396   60.9155   21.6056   105.86   30.2788   82.6211   99.2851   82.192   44.6888   66.6416   71.4975   40.7581   87.0967   61.3091   34.4391   87.514   87.3419   64.2494   37.638   74.5099   91.0616   56.8541   
14.2127   41   37.8021   19.7231   48.3322   16.7631   47.0106   0   78.5368   61.3488   83.0341   55.2616   53.8378   41.1482   67.8054   66.4023   54.3593   56.194   44.3311   74.5236   59.793   43.5862   36.0926   23.0198   36.3607   64.7517   34.4118   63.8437   57   59.5529   43.4109   63.3375   42.8188   66.2398   51.3593   24.7678   66.3988   49.4623   31.9012   21.6056   65.2814   62.7545   75.8014   57.6807   50.3412   55.5579   44.4008   32   62.6394   59.5132   47.4429   31.6205   52.8329   53.5666   65.1221   38.6525   67   40.6918   51.8958   45.7055   
50.6063   58.0345   67.72   84.0238   69.029   57.4282   68.0074   64.5368   0   56.1794   38.083   73.0762   83.8107   81.0165   96.4075   102.179   112.538   119.209   69.3546   37.7703   43.1794   90.4704   63.3814   78.405   97.7345   47.0799   91.2468   80.8037   61.8058   81.3882   54.7151   49.1725   95.4984   61.8223   115.07   76.482   127.218   107.06   82.6341   79.2028   89.5779   77.1981   98.2862   49.8058   98.4371   112.3   87.3081   79.397   122.812   62.2832   104.408   75.9183   81.4891   61.45   52.3883   98.8125   69.0102   97.434   92.561   61.8855   
33.1361   21.3776   69.3758   61.2944   32   49.163   31.0161   45.607   37.054   0   53.2415   37.7918   79.0002   68.3323   96.4621   64.2652   92.415   96.0795   63.4773   45.074   40   55.3976   50.2215   59.7386   69.5375   59.2041   71.1306   88.7358   69.271   46.0045   34.6155   66.5203   68.6727   73.07   95.2519   61.4166   105.741   80.8151   65.1638   58.3244   52.6217   90.45   61.2949   60.8634   90.1815   90.1931   52.2353   61.2832   88.4218   26.8995   91.9797   58   42.2074   74.9893   65.6905   77.2451   34.3693   75.327   78.2806   42.9737   
54.6717   54.5711   77.2787   87.6926   64.6297   64.405   63.7887   68.884   12.083   33.2415   0   70.9853   91.0635   88.4231   103.805   96.6657   117.812   122.562   81.1319   33.6023   38.4131   85.1623   70.5941   82.8971   96.201   51.1248   95.6226   92.8867   69.0488   75.6657   54.7194   61.054   95.8413   63.6621   119   81.8942   131.283   109.096   86.6995   82.9628   84.607   89.2811   94.0675   57.0488   103.811   115.237   82   80.7145   115.607   60.141   110.668   69.5713   72.3649   72.345   62   98.4507   62.607   101.499   98.4833   52.4833   
33.8378   1.41421   73.7835   49.4975   11.1803   51.1077   9.84886   40.2616   59.0762   22.561   55.7853   0   84.3397   74.4506   103.279   43.3185   84.2665   79.6607   70.8821   64.4975   50   38.0238   56.4599   55.6931   53.6895   76.9535   61.9686   95.9419   82.611   29   49.4238   76.5392   52.2156   85.8015   85.5762   58.2328   95.8311   64.3964   62.8402   55.0706   30.1655   101.291   40.1277   73.595   90.6028   79.2029   35.6627   62.797   70.8516   31.732   84.1863   57.4646   30.5946   78.4879   78.3158   62.6794   26.198   70.9696   83.1179   47.828   
35.5106   69.6419   4.47214   45.8912   79.2023   18.4391   77.801   33.8378   64.5136   65   73.7564   69.3397   0   31.6433   35.6251   100.24   66.5077   80.252   31.5242   86.1468   74.1378   77.2438   46.5466   54.6164   69.8329   56.7716   56.3792   30.5137   42.6008   85.6932   60.3847   55.3573   74.1131   59.555   63.5077   53.7237   78.802   75.6807   45.4775   53.2022   96.3449   39.1245   106.521   52.0147   38.3848   68.0865   75.4643   53.6669   85.6807   76.5392   54.2053   50.9633   80.4878   48.7704   50.121   61.6807   85.1423   60.5933   30.8415   67.0034   
21.587   55.0364   20.6155   31   63.8122   5.38516   62.434   17.2047   62.6817   54.037   69.7782   54.5619   16.6433   0   49.6228   83.6069   57.8174   67.4709   26.6619   76.5292   64.1065   60.7635   32.1108   38.3666   53.5653   56.6801   41.738   46.6571   46.3118   72.6393   52.7754   55.2658   55.3403   56.7489   57.1152   34.9509   66.2195   57.7208   26.7047   38.8102   81.0199   47.9531   90.411   49.609   36.0227   60.8497   60.1393   31.2066   71.0865   65.802   52.1725   37.9093   67.4339   42.1887   58.0555   53.1603   66.8867   49.074   32.7703   51.2215   
52.3259   86.3539   13.1529   55.4707   95.4149   34.8855   94.0319   48.1664   79.8311   82.4621   89.8053   85.9593   17.4642   31.6228   0   114.569   65.6236   84.8706   48.9884   98.2982   91.602   91.7526   63.7335   69.9894   81.2012   72.2659   73.0633   36.6205   57.3631   102.14   77.8489   70.8516   86.2026   65.618   67.1728   66.0408   76.0762   83.9998   58.3275   69.7397   112.467   44.2094   121.947   69.0306   35.4642   72.7798   91.7621   62.3477   91.9702   94.0035   52.855   67.1597   94.5314   57.4512   67.5852   72.3783   98.5094   71.5376   39.5223   82.6009   
52.1536   26.0192   89.8276   52.2015   15.8114   67.3573   16.4924   52.4023   84.0536   47.2652   80.2309   25   85.6329   69.2965   100.568   0   88.4766   79.0085   88.3424   88.3303   73.1549   44.3348   75.6989   62.5734   56.3363   100.569   67.4784   114.258   100.939   37.6216   71.7418   100.115   55.1141   107.408   85.8053   66.6676   95.4092   69.5296   74.1877   63.976   34.1529   114.412   34   98.2   102.573   84.9104   41.1725   72.3149   72.0977   54.05   91.4313   71.2268   50.9315   97.2982   102.921   72.5668   51.198   73.5428   101.434   72.433   
48.0104   68.7314   49.2544   18.1108   72.0069   41.8808   71   33.8378   97.591   78.3901   102.616   67.6018   47.8539   37.5899   51.6236   68.884   0   33.9758   64.2518   108.041   93.6309   63.2557   65.2096   50.7696   46.9768   94.2699   38.0416   75.296   82.0762   83.2025   77.2487   92.8557   49.2345   92.5133   27   56.4657   38.6015   37.3344   53.195   53.9602   84.842   83.4975   90.6942   87.1989   54.2345   21.8102   65.0918   60.4118   50.3196   85.2892   34   63.0408   72.3724   77.9531   95.6454   42.187   88.8695   37.088   58.855   79.5033   
54.6443   65.7951   66.0681   21.4709   65.9697   54.1202   65.2534   41.1825   105.209   80   108.301   64.4748   64.0078   50.9902   69.857   59.0085   18.7883   0   77.2066   114.201   99.0085   59.4626   73.0949   54.8044   49.5694   105.105   42.3823   92.1097   95.0469   80.7287   83.3945   103.811   50.0024   105.484   43.2485   57.0467   45.0238   40.1529   56.4396   55.1744   80.7494   97.0577   83.2378   98.309   70.3927   35.1655   62.618   61.6898   30.1529   87.4809   52.7883   70.6183   75.7326   90.9237   99.9939   39.5539   90.6728   39.3516   73   86.1372   
21.2132   55   19.9249   41.4367   65.1153   8.06226   63.7024   24.3311   52.3546   49.4773   60.407   54.8179   15.5242   11.6619   32.9848   73.0068   49.2443   62.0967   0   73.2015   60.9119   64.6241   37.4222   46.0861   60.6917   45.1464   50.134   42.9072   40.4391   73.4835   47.8617   43.7321   63.7363   45.4109   68.4023   42.7888   77.8814   66.1168   35.1007   45.9366   80.3506   48.2488   91.3369   41.2415   44.4109   65.5249   67.6091   36.4642   76.0725   63.6235   61.2071   40.5864   61.2769   41.8661   38.4131   53.1182   70.0249   58.8951   38.088   46.5941   
46.0977   48.3735   69.5845   79.196   59.0339   55.9464   58.0775   60.3075   10.7703   27.074   8.60233   49.4975   65.9242   61.327   82.2982   74.3303   94.0213   99.905   52.2015   0   34.5529   78.0408   64.1439   76.397   91.9419   50.2201   89.1249   84.3291   61.0977   69.4613   48.1127   48.8058   91.0587   60.0116   111.427   78.6015   122.709   104.718   78.1255   80.6525   75.2046   81.8146   88.3564   53.1321   96.6088   107.698   75.0824   76.1803   110.549   53.9735   106.093   65   63.0408   59.0111   51.3456   93.9533   55.3192   92.9254   90.2895   53   
31.7648   33.0151   62.2896   63.8905   44.2832   44.7214   43.1856   45.793   25.1794   13   24.4131   34   58.1378   50.01   75.4255   59   79.6116   84.1487   43   16.5529   0   63.0257   47.4286   59.7316   74.9687   50.8277   72.4571   84.2866   60.4259   54.2253   31.5539   55.8277   74.9358   59.6618   97.0942   58.7287   108.375   85.9305   63.7925   59.7973   62.0832   81.2278   73.4645   53.0563   85.7399   93.0987   59.8634   57.549   92.201   39.105   88.0119   46.4058   52.573   61.0445   50.2278   75.2852   40.0832   78.3586   75.3178   29.3178   
29.4109   22.3607   65.192   30.0666   24.0208   43.0116   23   27.5862   71.4703   39.2046   71.1196   21.0238   61.0737   44.5982   75.743   24.8395   48   43.4626   49.2443   63.561   47.0106   0   56.0267   42.4558   30.7963   83.0274   44.1166   91.2336   78.1959   44.273   52.2215   87.123   28.5602   87.8275   67   44.2039   76.7423   45.4605   51.3373   41.0416   41.2132   89.1665   50.5287   81.5224   77.9274   60.2966   26.1623   57.8024   50.0151   48.7227   69.4273   55.573   42   78.0866   81.7887   51.4591   42.3196   51.5387   72.4885   57.4833   
7.61577   40.6079   34.0147   37.5899   50.9117   13   49.4975   17.8885   47.3814   36.2215   53   40.4599   29.5466   18.1108   46.8188   59.6825   50.2096   59.0593   14.4222   44.4185   32.0156   37   0   37.4165   53.2099   48.4626   49.7741   57.3295   41.2029   60.4208   36.3382   47.0483   55.004   59.5053   69.1527   35.0736   79.6416   60.4866   39.105   37.1246   67.483   62.671   79.6003   51.3059   54.0185   64.0939   51.5554   32.6525   74.2831   47.0161   63.1015   21.4721   52.1448   47.0868   50.0713   52.541   51.6742   49.2278   48.1327   38.1108   
13.8924   36.4966   42.638   19.799   43.4626   21.0238   42.1545   5   64.405   42.72   67.897   35.6931   38.6005   22.0227   53.1507   47.4236   35.7771   40.8044   28.1603   59.397   44.2041   22.6274   19.4165   0   37.4392   65.8622   30.2205   68   60.1774   51.6879   45.7338   64.448   38.6274   71.2398   55.4274   20.5765   66.2916   45.271   27.7098   17.4142   55.5933   67.7545   66.8016   61.7056   55.3412   51.4215   35.4009   31.7703   63.5563   57.9559   52.4429   35.1555   51.318   57.8273   66.5734   39.5563   58.1214   41.2711   51.8904   45.3853   
31.7805   38.2753   58.5918   14.8661   40.05   39.0512   39.1152   22.3607   80.5295   52.4976   82.201   37   55.0364   38.6264   67.2012   37.3363   32.1403   27.7849   46.6905   74.0608   57.8014   16.2788   38.2099   19   0   84.8622   28.4536   84.6334   79.1271   52.9026   63.3446   83.448   23.2361   88.6005   51.1283   38.1873   58.5456   26.53   45.3206   35.025   51   85.1152   63.9659   80.0413   70.7475   50.0768   39.0278   47.2746   34.4165   59.638   54.2267   53.9812   54.1548   75.8548   85.1036   34.6015   58.5984   36.3382   70.8904   61.6508   
38.4708   60.5392   43.4626   69.4622   72.2357   38.0132   70.9366   49.98   25.0799   44.2041   36.1248   61.0983   40.7063   42.638   55.0818   84.8999   79.8812   90.8735   31.1448   30.0832   31.8277   66.0681   32.28   51.6624   70.214   0   79.9682   55.72   31.72   81.5238   48.4974   18.4142   84.859   38.2776   98.3532   66.7872   108.858   92.7666   65.0516   69.0766   88.5266   58.1611   101.215   26.0711   75.5557   95.4758   77.1269   60.4626   104.63   63.5188   87.2228   53.7522   69.3173   35.3576   30.6158   81.5515   67.7731   81.5079   67.0106   55.3645   
26.4008   45.0999   45.6946   7.07107   49.6488   28   48.5077   13   77.0065   54.5619   80.6226   44.0454   42.3792   26.4764   53.8238   49.6488   24.0416   28.3019   36.0139   72.1249   56.8507   25.9615   30.8707   12.7279   13.4536   62.9682   0   71.7362   68.4921   59.4167   56.4109   76.3375   31.5563   79.2398   41.3437   32.9685   51.3683   30.8284   29.0333   29.8062   62.1865   72.2409   72.7065   70.6807   55.1168   34.8562   41.3059   37.6469   40.8284   64.7555   39.6757   44.6205   53.5027   64.8035   74.427   16.8284   68.2811   25.0711   58.541   57.8936   
48.1041   81.8352   12.0416   60.6383   92.0217   32.2025   90.6091   48.3735   66.3702   74.3236   77.026   81.6884   14.8661   31.305   15.6205   99.4887   61.131   78.1025   26.9072   70.0643   65.521   75.213   41.2311   53   69.857   41.3038   57.2451   0   44   99.4566   68.1202   54.1995   86.6453   47.6757   75.4003   66.2138   86.6116   86.2126   58.0097   68.0682   107.22   25.6056   118.244   52.0227   49.1603   80.4585   88.4009   61.2363   95.9   88.2472   62.7625   62.7032   88.1842   40.318   55.0588   72.9507   92.9053   70.4263   38.4109   73.5014   
34.7851   64.8151   25.9422   59.8415   76.0263   26.4764   74.6324   42   42.5793   53.2541   53.0377   65   23.6008   29.7321   37.3631   86.3134   67.1193   80.5233   18.4391   46.0977   42.9535   64.195   27.2029   45.1774   64.1249   17.72   54.231   24   0   85.9234   53.6197   34.4924   81.3154   26.1803   83.4251   61.2279   95.9517   84.475   53.4588   60.1022   94.1036   37.095   104.911   30   61.9856   83.5701   78.7583   54.9033   94.3057   67.3259   71.7083   48.6751   76.563   27.1231   33.198   71.0594   74.8144   74.2939   50.241   51.3836   
36.2353   5.09902   76.0263   49.0918   7.81025   53.2541   6.40312   41.4367   63.0714   26.4764   59.6657   4   71.6101   56.4358   87.983   21   67.1863   62.9682   57.3847   53.4603   38   19.6469   43.1393   36.6879   35.9026   64.846   44.0454   84.2912   68.2422   0   53.1086   80.5392   48.2071   89.4863   84.1972   57.2644   93.1108   62.4326   62.1041   54.1021   26.2462   97.502   36.6819   77.2798   91.7779   75.8486   32.1108   64.129   69.662   35.4168   83.7212   52.9487   34.2794   82.1727   82.0006   60.8739   30.198   69.1165   82.1193   51.5128   
15.2643   30.5287   48.7647   48.0833   42.0595   29.0172   40.7063   29.4109   36.7151   20.6155   39.6232   30.8869   44.3847   34.1321   61.8466   54.1202   63.2456   68.884   28.8617   31.1127   16.5529   36.2215   16.0312   28.2843   43.8292   30.8058   41.0122   54.1202   34.6554   34.4384   0   47.9682   58.8634   58.1986   80.5937   47.647   91.876   70.3592   47.2921   45.6985   59.9865   67.9483   70.9851   46.021   70.0357   75.8684   52.6017   46.4673   78.1348   32.6918   75.4624   35.3241   43.4154   45.1448   48.7647   57.8406   41.6668   62.092   61.0114   18.2361   
37.3363   60.0083   42.1545   68.1542   71.6938   36.6197   70.3847   48.7032   26.1725   44.0454   37.054   60.5392   39.3573   41.2311   53.8516   84.2021   78.492   89.5545   29.7321   30.8058   31.8277   65.123   31.0483   50.448   69.0507   1.41421   61.6847   40.1995   16.4924   64.2573   30.0832   0   84.7246   32.7585   96.2122   66.122   105.4   91.5349   63.6581   67.8622   87.3599   53.5874   100.663   26.153   73.9763   94.0823   77.2013   61.6521   102.513   60.0652   85.3326   52.5205   70.7315   34.1412   23.3246   78.5131   69.1873   80.2762   61.607   48.3193   
32.3883   36.7696   60.4152   17.088   38.1182   40.5216   37.2156   23.7697   80.4984   51.6624   81.8413   35.4683   56.7979   40.3113   69.2026   35.1141   34.2345   29.0689   48.0521   73.7835   57.4282   14.5602   39.0512   20.0998   2.23607   70.859   15.5563   71.5891   65.2763   34.2053   43.8634   69.7209   0   90.0096   53.2156   40.4233   60.7817   28.766   44.5896   37.2611   53.2361   86.5242   65.0889   81.4504   70.6732   50.4125   40.7225   49.5106   36.6526   61.8741   55.2321   53.2278   53.0179   77.3251   86.4652   32.3848   55.8808   37.5913   62.5489   59.618   
43.4166   70.3278   35.609   70.6116   81.8841   37.3631   80.5295   52.2398   37.1214   55.8659   48.6621   70.7107   33.9411   40.8534   45.618   93.4077   78.2943   91.4822   29.4109   43.0116   44.0454   72.5672   36.1248   55.0091   74.0068   13   64.7765   30.6757   11.1803   74.2428   39.8246   12.53   75.0067   0   94.6055   67.9128   107.073   95.4176   64.4015   69.9638   96.2922   48.2754   110.808   32.2624   70.3259   94.7504   84.3945   64.5763   105.483   72.5164   82.8887   54.3113   82.3173   33.5602   29.434   81.605   80.7731   85.3526   61.4213   58.0607   
50.4777   71.7008   49.6488   21.095   75.0067   43.6005   74   36.3593   99.7647   81.1542   105   70.5762   48.5077   39.1152   51.2445   71.8053   3   20.2485   50.774   96.4002   82.1523   51   52.4023   38.4838   35.1283   81.6088   26.9258   61.4003   68.4251   70.1783   65.7343   80.2122   37.2156   79.6053   0   57.1754   30.3137   40.3344   55.3017   54.0132   86.1283   79.0308   93.6942   88.7242   48.0147   24.8102   66.0865   56.4599   45.6105   88.111   37   66.0408   75.3567   80.404   89.1871   43.7543   89.4648   40.088   61.6005   81.9706   
12.0416   39.2938   38.2884   21.6333   46.9574   16.5529   45.618   2.23607   62.482   43.4166   66.7083   38.6005   34.2053   17.6918   49.0408   51.6236   36.0555   43.0465   23.7697   58.1378   43.566   26.9072   16.1555   4.47214   23.0868   48.3839   14.7648   48.5489   41.0488   39.9249   27.2029   47.1275   24.3311   51.0882   38.5876   0   66.1331   45.5933   23.2462   21.8863   60.0654   64.8687   71.2737   57.6681   51.7696   49.621   39.8731   22.3246   55.025   49.2278   48.5941   27.6015   46.1603   53.3565   60.7379   31.5933   59.0128   37.799   44.8029   43.5345   
61.6117   81.0247   59.203   30.6757   83.2947   54.8179   82.3893   47.4342   111.072   91.7061   116.211   79.8311   58.5235   50.2195   59.0762   78.4092   13.6015   21.0238   61.8547   107.615   93.1933   59.5399   63.7024   49.2443   43.2897   92.8009   37.1618   70.6116   79.2591   79.0759   76.844   91.4002   45.1774   90.4268   11.3137   49.6488   0   50.9359   64.5982   63.8774   94.2897   90.3445   100.923   99.8285   59.3284   35.4117   76   67.7736   47.8378   98.8766   47.6015   76.6423   84.9374   91.3217   100.268   53.9902   100.778   49.4138   67.8467   93.1045   
41.1461   50.6952   60.1664   11.4018   51.6236   44.0454   50.8035   28.8617   91.2688   64.8151   93.723   49.3964   57.2713   42.107   66.6408   46.5296   22.8473   15.2643   52.0865   85.4283   69.4262   28.4605   46.4866   27.313   12.53   78.7464   16.1245   72.0347   70.3491   48.0833   54.6443   77.4919   13.9284   80.895   25.632   30.3645   32.0156   0   45.1578   42.8568   63.53   88.3654   76.4959   86.5424   66.5409   37.5242   45.4631   52.689   33   70.0995   46.1448   57.9659   55.6773   80.8489   87.9797   32.9529   69.8092   32.8739   71.8023   72.6389   
18.0278   47.5395   31.9061   20.3961   55.0364   13.0384   53.7122   6.7082   66.4831   50.8035   71.8471   46.8402   28.178   11.7047   41.7253   58.8982   31.1127   41.4367   21.095   63.2456   49.6588   34.0588   19.105   11.6619   26.9258   49.6488   15.0333   42.9535   39.4588   48.1041   33.1059   48.3011   28.6356   50.2195   33.3017   8.24621   44.5982   31.0161   0   28.3138   67.2552   59.6578   78.4635   60.1029   44.6356   48.3847   47.0628   29.2111   55.8617   57.474   48.4094   35.8477   52.4005   49.8419   59.5081   31.8617   62.0956   40.088   34.5183   49.5206   
13.6015   37.6563   41.2311   19.8494   44.7772   19.6977   43.4626   3.60555   64.2028   43.3244   67.9412   36.8782   37.2022   20.6155   51.7397   48.8365   35.3553   41.0488   26.9258   59.4138   44.4072   24.0416   18.6815   1.41421   20.025   50.9608   12.8062   51.6236   44.1022   37.9473   28.3196   49.7293   21.2132   54.037   38.0132   3.16228   48.8774   27.8568   10.2956   0   57.0075   66.36   68.2158   59.7191   53.9467   47.4671   36.8151   25.4868   53.3631   52.3901   50.4896   29.6525   46.4764   56.5012   63.9001   29.6347   59.5356   32.6011   44.8139   45.0943   
43.1393   13.0384   82.4621   51.2445   3.60555   59.6657   3.60555   46.5296   71.007   34.1321   67.082   12.1655   78.1025   62.426   94.0479   13.1529   69.0652   62.5859   64.3506   61.2046   46.0435   21.2132   50.3289   41.5933   37   73.0548   47.0744   91.2195   76.0066   8.24621   42.5441   72.45   35.0143   82.2922   72.0625   45.2769   80.1561   48.3735   53.2353   42.9418   0   105.748   33.8844   85.2192   96.8708   81.0317   40.357   67.6015   65.5964   43.3562   86.7502   61.1949   38.0446   87.6889   89.94   63.9028   38.3636   70.7587   87.7536   59.4522   
47.4236   80.8084   14.1421   61.9839   91.2195   32.249   89.8053   48.7545   63.1981   72.45   74   80.7217   16.1245   31.9531   19.2094   99.2018   63.3877   80.0062   26.2488   67.1863   63.2456   75.1665   40.3113   53.2353   70.5762   38.1182   58.2409   3.60555   21.095   83.4506   52.4786   37.054   72.2357   27.2029   63.7887   48.7647   73.2462   73.3485   43.6578   51.8845   90.5539   0   117.586   48.0606   52.7658   82.559   87.2393   61.5441   98.0006   85.1704   64.863   61.7834   87.5257   43.9235   47   75.0513   91.9855   72.5268   40.5115   70.7146   
56.2228   26.6833   94.7945   58.8218   15.1327   72.1249   16.2788   57.8014   84.0952   47.0425   79.3095   25.9615   90.5207   74.411   105.891   7   75.71   66.0076   77.3369   74   59.4138   30.5287   63.6003   52.8015   43.9659   86.977   55.9464   104.062   89.6939   22.1359   56.4624   86.3771   41.7612   96.1769   78.6448   56.8507   85.3756   53.4603   64.405   54.2033   13.9284   103.586   0   98.8641   108.143   88.6031   48.1725   77.2896   68.0848   56.7585   95.6221   75.0846   50.7179   101.607   102.816   72.7748   50.3553   79.3525   98.9233   73.0971   
33.0151   58.1808   37   62.9682   69.7711   31.0644   68.4251   43.6807   30.8058   43.8634   41.0488   58.5918   34.0147   35.609   49.0306   81.5966   72.9452   84.309   24.0832   34.1321   32.45   61.5224   26.3059   45.7056   64.4981   7.07107   56.6127   36   12   62.1691   27.7308   5.65685   65.2763   12.2066   74.6324   42.2019   85.8021   72.5328   42.9535   44.911   70.2638   33.0606   84.1724   0   68.4941   88.5271   76.1498   57.2469   96.2253   60.4227   83.5699   46.0666   69.9642   31.7047   26.8284   73.4411   67.0392   75.5337   62.1712   44.7849   
43.4166   75.8947   17.4929   38.833   83.672   27.0185   82.3468   35.3412   81.4371   76.0592   89.8109   75.2728   18.3848   22.0227   17.4642   86.8389   34.2345   52.3927   29.4109   81.6088   71.5681   62.1289   40.0125   40.2492   51.6236   58.5235   38.1838   28.1603   41.8688   76.6942   56.0357   57.1402   53.7401   52.3259   34.0147   36.7696   42.5793   49.7393   28.6356   38.9102   81.8413   31.0161   92.6499   51.6236   0   56.0447   75.6502   53.2293   75.5113   85.9974   36.3961   59.107   80.846   54.2244   67.824   55.0122   88.9094   51.4093   31.3693   72.0775   
46.669   63.7887   54.0093   13.8924   66.1211   43.4626   65.192   32.5576   97.0824   75.1798   101.237   62.5859   52.0865   39.8497   57.7235   61.9839   7.81025   12.1655   51.264   92.6984   77.6209   42.2966   50   33.4215   26.0768   81.0062   20.8087   66.0303   69.5701   61.8142   61.6198   79.6492   28.0179   80.6536   10.2956   34.6554   17.2627   15.5242   31.3847   33.3017   63.0317   68.0074   68.884   74.2428   40.2616   0   60.9873   55.1637   36.5183   80.9548   41.8102   62.2569   68.1541   80.2661   89.6771   33.0278   83.8986   32.8661   61.0476   78.1619   
26.9258   20.2485   63.6553   31.0161   23.3452   41.2311   22.2036   26.4008   68.3081   36.2353   68   18.9737   59.4643   43.1393   74.5185   26.1725   49.0918   45.618   47.1699   60.4152   43.8634   3.16228   34.5398   21.4009   18.0278   63.1269   26.3059   73.4098   61.6847   18.1108   33.1361   62.2013   16.5529   69.857   52.0865   25.4951   61   30.4631   33.0151   22.8035   20.8806   73.2393   31.4006   58.6941   61.4003   43.7379   0   47.8197   52.4442   40.4638   65.9816   50.0832   26.0416   74.5847   81.9008   43.1343   45.1717   51.377   67.5334   51.3722   
11.1803   43.0813   32.5269   26   51.6236   10.2956   50.2494   7   59.397   44.2832   64.6375   42.5441   28.3196   12.2066   43.8292   57.3149   38.2099   47.4236   17.4642   56.0357   42.5441   32.8024   12.0416   10.7703   29.2746   43.4626   19.6469   42.4382   35   44.2945   26   42.1545   30.5941   45.2769   40.4599   6.32456   51.7397   35.6931   7.2111   9.48683   50.2195   42.5441   62.2896   37   32.9848   38.0132   31.1448   0   60.4753   54.054   54.4429   28.1803   52.4848   47.0991   55.8774   36.4753   56.5933   42.0879   41.7294   42.6732   
50.3289   55.2268   69.857   21.2132   54.0833   54.037   53.4883   38.6394   99.8499   71.4213   101.607   53.8516   67.082   52.0865   75.7694   46.0977   28.3196   13.1529   62.0725   93.4773   77.201   33.0151   56.0446   36.6879   19.4165   88.3233   26.0768   81.7863   80.3057   51.8845   63.1348   87.0919   19.8494   90.7965   30.6105   40.025   33.8378   10   41.0122   37.3631   50.5964   83.1865   53.0848   82.2253   58.6003   20.5183   35.609   45.5412   0   76.0728   56.1448   67.0156   61.6506   90.8405   97.9797   41   75.2209   42.6853   75.5305   79.4674   
26.3059   14.3178   65   51.8941   25.9615   43.4166   24.7386   37.3363   44.2832   9.89949   42.1545   15.1327   60.5392   47.8539   77.8332   40.05   69.2892   70.214   45.1885   35.171   19.105   29.4109   31.0161   33.9559   42.638   46.5188   45.31   71.3442   52.3259   19.105   17.6918   46.0652   41.7732   56.8595   72.111   35.2278   82.4621   55   43.0465   34.7131   27.2947   69.8928   41   44.6542   69.7209   65.7419   26.4008   37.054   61.5224   0   83.8219   46.8927   31.4222   62.8366   66.4565   62.1385   24.4031   67.3142   75.5859   35.9279   
41.4367   68.1175   35.3553   21.6333   73.5459   31.1448   72.3671   28.4429   88.4081   73.9797   94.6678   67.1863   34.2053   26.1725   37.855   73.4098   14   32.0156   37.6431   86.093   73.0068   50   41.6773   32.0624   36.2353   68.7677   24.0416   47.1699   54.7083   67.6018   56.4624   67.3573   38.4708   65.8635   14.3178   30.5941   24.5967   31.1448   23.4094   31.1448   71.0634   49.4975   79.8499   61.7171   20.3961   19.9249   50.2195   30.4631   39.1152   65.7647   0   58.1956   75.8099   67.9483   76.0562   39.8473   85.505   35.8885   45.3516   72.9296   
3.16228   36.6197   37.5899   35.2278   46.6905   15.5242   45.2769   15.6205   48.9183   34   53.6004   36.4005   33.121   20.0998   50.1597   55.2268   49.0408   56.6039   18.4391   45   31.3847   32.573   4.47214   16.1555   34.5254   35.6931   28.3019   45.3431   31.6228   38.9487   14.8661   34.5254   35.2278   40.3113   51.4004   13.6015   62.6259   43.4626   18.3576   15.6525   46.0109   44.5533   59.203   30.0666   42.107   48.1664   30.0832   11.1803   52.811   27.8927   41.6293   0   45.8701   49.5136   47   45.1304   52.2958   48.2536   50.6569   33.1021   
24.0832   11.1803   63.8201   40.2616   19.8494   41.0488   18.4391   29.8329   57.4891   24.2074   56.3649   10.4403   59.4054   44.2945   75.8024   29.7321   58.2495   56.9386   45.2769   49.0408   32.573   15   31.1448   25.318   29.1548   55.3173   34.3657   72.1803   56.9386   12.2066   24.5153   54.5711   28.0179   63.6946   61.1882   28.1603   70.8802   41.6773   36.4005   26.4764   19.2094   71.4213   32.7567   51.8652   64.846   53.7587   12.0416   32.2025   47.5079   14.4222   57.0351   26.8701   0   69.6601   71.4243   51.1941   32.8924   59.0775   70.9188   42.7514   
30.6757   61.0737   25.2982   56.0892   72.2011   22.8035   70.8025   38.0132   42.45   50.2494   52.345   61.2209   22.3607   26.4008   37.4833   82.2982   63.9531   76.922   14.8661   45.0111   40.4969   60.0833   23.0868   41.1096   60.075   18.3576   50.3587   25.318   4.12311   64.405   31.1448   17   61.2046   14.5602   65.3682   37.0135   76.3217   66.4831   35.6931   40.05   72.111   22.8035   85.7555   11.7047   40.2244   66.1287   57.5847   31.0161   76.4199   48.8365   51.8652   27.5136   53   0   32.8167   66.6118   72.1725   72.3146   51.6675   49.3809   
35.0143   60.9016   35.8469   64.195   72.4707   31.7648   71.1196   45.1221   32.3883   46.6905   43   61.2944   33.121   36.0555   47.5395   84.1546   73.5731   85.44   24.4131   36.3456   35.2278   63.7887   28.0713   47.3814   66.2722   7.61577   57.9741   34.0588   10.198   64.846   30.4138   6.32456   67.1193   9.43398   75.1665   43.7379   86.267   73.9797   44.0114   46.5296   72.9178   31   86.8159   2.82843   51.0392   75.1532   61   38.3275   83.7437   47.4342   62.0081   32   54.4243   10.8167   0   74.4401   69.8676   77.2992   57.6989   47.6133   
29.2062   47.2652   46.8188   4.24264   51.3517   30.0666   50.2494   15.6525   79.8123   57.2451   83.4506   46.1736   43.6807   28.1603   54.3783   50.5668   21.587   25.5539   38.1182   74.9533   59.6657   27.4591   33.541   15.5563   13.6015   65.5515   2.82843   58.5235   56.4358   46   43.8406   64.2573   15.8114   67.082   24.5153   17.4929   34.5398   14   17.0294   15.6205   48.6621   59.6657   57.0088   59.1354   38.2884   18.0278   28.0713   22.1359   24   47.927   22.8473   31.0644   36.6742   52.6118   60.4401   0   69.5667   25.7148   51.5477   60.699   
31.3209   9.05539   70.6824   53.7587   20.2237   48.7032   19.105   41   49.0102   12.3693   45.607   10.198   66.2118   52.8867   83.3847   35.0571   71.5681   70.8308   51   39.3192   24.0832   28.3196   36.6742   37.1214   43.0465   52.7731   47.5395   77.3886   58.6941   14.1421   24.0416   52.3546   41.8808   63.2456   74.4648   39.0128   84.4334   55.5698   47.0956   38.0526   22   76.0263   35.3553   51.0392   74.5252   67.4166   25.6125   41.5933   61.2209   6.40312   69.1809   33.2415   13.8924   55.1725   53.8238   50   0   70.6537   80.6009   42.2777   
31.8277   52.1536   44.3847   4.47214   56.4358   29.8329   55.3263   17.6918   82.2192   61.327   86.4523   51.0882   41.5933   27.074   51   55.5428   17.088   24.3516   37.855   77.8974   63.0079   32.5576   35.2278   18.868   18.3576   66.6408   7.07107   56.2939   56.2939   51.0098   46.8615   65.307   20.5913   67.1863   19.9249   19.799   30.4138   15.8114   17.088   18.6011   53.7587   57.7062   62.0322   60.0083   34.4093   14.8661   33.1361   23.3238   25.4951   52.2015   17.8885   33.3017   41.4367   52.6308   61.0983   5.09902   54.5711   0   51.6063   63.3205   
32.28   65.7951   12.3693   36.4005   74.4312   15.1327   73.0616   26.9072   69.3181   64.2806   77.4919   65.307   10.0499   10.7703   21.2603   79.3095   37.855   54   17.088   69.2604   59.3043   54.4885   28.0713   31.8904   46.6476   47.0106   33.541   24.3311   31.241   67.1193   44.0114   45.607   48.5489   42.2019   38.6005   27.8029   48.8467   47.8017   20.5183   30.4795   72.9452   26.0192   84.6463   40   12.3693   42.0476   53.2635   22.8254   57.4891   58.4637   24.3516   30.5941   55.0091   29   39.6989   34.5398   63.6003   32.0156   0   61.9919   
17.4929   30.4138   50.448   50.2096   42.0476   31.0644   40.7185   31.6228   34.8855   18.9737   37.4833   30.8707   46.0977   36.2215   63.561   54.5711   65.4599   70.9366   30.5941   29   14.3178   37.4833   18.1108   30.4138   45.6508   30.3645   43.1393   55.4617   35.3836   34.5398   2.23607   29.7321   45.618   39.9625   67.9559   29.4109   79.0569   56.6127   35.3412   30.4795   42.72   53.7122   56.648   27.7849   58.0775   63.7809   34.3657   28.2312   65   17.0294   58.6941   17.088   25.1794   32.0156   30.5287   45.9674   23.4307   49.0408   46   0   
