15
60
999999 9 6 16 7 8 9 6 7 10 17 16 10 5 9 10 7 12 17 16 5 17 5 5 8 9 8 14 6 8 13 9 16 15 12 9 17 8 5 5 7 6 5 10 16 16 12 16 17 15 10 5 14 15 9 8 9 9 8 15 
0 6 4 6 5 5 1 5 5 9 4 1 8 3 4 3 2 10 1 11 4 5 3 1 3 8 7 6 2 1 4 3 8 11 5 6 12 4 2 3 4 1 3 9 5 11 5 5 16 8 4 3 10 1 7 1 7 7 5 6 
20
0   0   0   0   0   0   0   0   0   0   0   0   0   0   0   0   0   0   0   0   
0   -4   5   -6   -1   1   1   -6   1   -4   1   -2   0   -4   7   -9   2   -1   7   -1   
1   4   -1   -2   -1   0   0   1   0   2   0   0   0   2   0   1   0   0   1   3   
5   3   2   -2   -1   -3   4   -3   8   -6   1   -6   4   -9   0   -4   -3   -2   6   -5   
0   4   -4   1   -1   0   -3   2   -2   1   -2   1   0   3   0   2   -2   3   -3   1   
0   1   -3   4   -1   -1   -1   5   -2   0   -2   0   -3   4   -2   1   0   4   -3   3   
3   -2   0   -4   3   0   -1   -2   -1   -7   0   -4   0   -2   5   -2   5   -3   3   4   
3   -4   4   -3   4   -3   3   -1   5   0   2   -3   1   -1   4   -4   2   -3   4   -4   
3   0   -1   0   3   -3   2   -1   0   0   -1   -2   5   0   0   0   2   -1   -1   0   
-3   0   -1   4   2   -6   1   -3   -1   0   1   0   2   0   0   0   -3   -1   -2   -1   
8   -8   4   0   6   2   -2   2   5   5   1   -5   -2   -1   -4   4   2   1   8   -6   
-15   13   -9   7   -6   8   -6   5   -12   4   -2   8   0   11   -9   1   -15   10   -9   8   
-6   7   -4   8   0   6   -7   5   -6   5   -7   8   -3   4   -10   7   -6   8   -4   9   
0   -2   2   0   0   0   0   -1   0   0   0   -1   1   0   0   -1   -1   0   1   0   
-4   0   -4   3   -3   3   -2   0   0   1   -4   0   0   0   -4   -3   -2   3   -3   3   
-5   3   0   6   -1   7   -2   2   -2   3   0   5   -7   1   -2   7   -3   6   -4   7   
4   0   1   -1   3   -2   4   -3   2   -3   3   0   4   -2   6   -1   4   -1   4   -2   
8   -7   4   -3   0   -8   7   -5   11   -1   0   2   11   -12   6   -6   8   0   1   -9   
-4   0   -3   8   3   -1   -9   6   -4   0   0   0   -3   6   0   5   -5   -8   -8   6   
-2   2   -1   12   -6   -1   -11   2   2   0   -9   9   -9   9   -13   6   -15   8   -6   0   
0   -1   1   0   0   -2   0   -1   1   0   0   -1   2   -1   0   -1   0   -1   1   -2   
-11   6   -12   6   -3   11   -11   14   -10   12   -5   9   -13   12   -13   10   -2   8   -14   10   
0   1   0   -1   0   0   0   0   0   0   0   1   0   0   1   0   1   0   0   1   
-2   1   -3   1   -2   2   0   3   -3   4   -3   1   -2   2   0   2   -2   3   -2   0   
-4   6   -5   6   -4   5   -5   2   -2   3   -3   0   -2   4   -5   5   -2   5   -5   6   
-4   0   -4   2   -6   2   4   2   -2   1   -4   1   -1   0   0   2   -5   -3   0   -1   
3   -2   5   -3   3   -4   4   -4   7   -5   3   -3   7   -2   5   -8   3   -7   1   -5   
-11   3   -7   10   -8   6   -10   14   -5   13   -13   3   -12   8   -7   0   -12   0   -11   12   
-1   1   0   2   -3   1   0   2   0   3   -1   1   1   1   0   2   -1   3   0   2   
4   -4   5   -3   3   -3   2   -2   5   -1   5   -6   0   -2   2   -6   4   -6   5   -2   
-3   11   -7   4   -9   8   -8   3   -3   3   -3   3   -3   2   -2   0   2   0   -7   0   
1   -3   2   -4   -2   7   1   -1   2   -5   1   -2   7   -4   0   -4   0   -2   3   -3   
-13   2   -6   8   -11   11   -1   5   -12   9   -12   1   -11   10   -10   9   -6   4   -13   3   
-6   4   -8   -1   -4   0   4   14   -3   0   -5   13   -9   8   -7   6   -3   5   -7   3   
6   -2   7   1   8   -11   6   -6   0   -1   10   1   7   0   0   0   6   -4   5   4   
-5   5   -3   7   -8   4   -1   4   -3   4   -7   1   -9   0   -4   4   -4   6   -2   2   
-10   11   -9   0   -10   9   -13   6   -3   -1   -13   9   -11   3   -11   3   0   2   -12   7   
-3   0   2   -2   1   -3   1   0   2   0   0   -3   1   0   3   1   0   0   2   0   
0   -1   0   -1   0   0   -1   0   0   1   0   -1   -2   0   0   1   0   0   0   0   
-1   0   0   0   0   1   0   0   0   0   0   0   0   0   0   0   0   1   0   0   
-2   2   -7   1   -5   3   -5   3   -3   6   -3   2   -6   3   -3   1   -3   4   -3   6   
-3   0   -5   2   -3   2   -3   1   -2   2   -2   1   -2   1   0   3   -4   2   -3   1   
0   0   1   0   2   0   0   1   2   1   1   0   0   0   0   0   0   0   0   -1   
-2   5   -3   2   -9   5   -8   4   -6   9   -5   8   0   6   -6   0   -6   8   -5   6   
8   9   -12   2   -5   4   -3   7   -5   12   -11   3   -13   15   -5   12   -12   10   -10   3   
8   7   -3   2   -2   7   0   5   -2   2   -12   13   -4   4   -1   1   1   3   -2   8   
9   -7   4   -5   -1   -2   2   0   2   -5   2   -3   6   -1   5   -7   2   -7   2   -4   
0   7   2   8   -7   7   -8   0   0   2   -3   0   -1   0   0   6   -9   8   0   0   
-3   6   -4   2   -5   -1   0   1   3   6   -7   11   -7   2   -4   7   -2   -1   -5   1   
-7   4   -8   9   -2   9   -10   4   -7   9   -1   5   -2   6   3   6   -7   10   -7   4   
2   -3   3   -7   1   -8   8   -1   7   -4   6   -6   4   0   6   -7   2   -5   2   -9   
-4   0   -2   1   0   3   0   3   -1   3   -2   2   0   0   -2   1   -2   3   -4   1   
-3   0   5   -3   6   -8   2   -7   1   1   3   -4   8   -8   0   -3   6   -7   1   -1   
0   0   -3   4   0   -5   9   1   -2   5   1   0   -15   4   3   7   5   1   -10   -8   
2   1   4   -1   4   1   7   -5   4   -2   3   -1   0   -7   4   -5   7   -5   7   -7   
2   -2   4   -3   2   -1   0   -2   2   0   3   0   5   -1   1   1   -1   -1   0   -5   
-4   0   3   2   -2   2   -1   -1   -2   4   2   0   5   -5   1   -5   -3   0   0   2   
1   -1   -4   4   2   3   1   2   -1   3   0   -5   0   -4   5   1   0   -2   -1   0   
0   5   -1   0   -2   6   -1   4   -2   2   -5   1   -3   0   -3   2   -2   4   -2   1   
-12   14   -6   12   -2   12   -8   5   -11   5   -13   13   -11   1   -13   6   -5   14   -8   3   
0   62.6632   72.1814   59.2996   38.0294   52.9072   71.236   66.9244   65.0539   47.9559   37.4222   65.6905   61.0865   58.5274   50.3553   50.8039   41.6361   44.0294   54.8312   59.4853   55.8974   82.9883   53.4708   42.0832   39.318   40.9443   73.5363   53.9718   70.8702   64.5188   53.2188   44.4008   64.9443   58.2492   73.6003   41.0294   53.9109   48.3516   39.4536   75.8014   50.8927   59.2551   51.8782   67.6802   47.1868   37.8473   65.2365   57.4166   49.1548   44.074   65.9683   63.1489   74.1413   49.2053   59.2996   82.8164   23.9443   60.3982   56.0555   59.1814   
48   0   48.0147   91.8332   68.8652   60.2866   109.895   74.8808   113.054   80.6985   75.2713   102.845   75.5488   34.8885   89.0139   95.666   89.1067   49.257   88.6324   103.074   103.897   125.464   80.497   49.0832   47.9235   84.7608   63.0924   89.8721   57.4122   68.4777   100.376   91.8354   97.3034   35.6333   117.242   52.0161   100.487   52.2488   63.4798   50.1321   48.1359   38.8254   81.7774   101.818   67.6773   79.6985   59.7297   50.4138   68.9967   45.095   46.4764   107.269   40.1108   43.6985   107.3   53.0135   71.9443   108.398   87.6117   88.1175   
58.0086   34.0147   0   86.3395   66.9215   50.3847   87.0762   53.6888   123.063   101.727   79.363   97.2898   49.7131   66.7189   80.8522   94.1298   99.6447   65.8   89.739   103.546   103.185   107.796   61.1947   58.4664   60.909   98.9529   96.0423   109.211   23.6056   51.0156   111.227   94.9313   80.0408   69.648   110.052   63.2003   106.074   52.3836   71.7274   19   53.6006   71.441   109.887   125.689   57.5683   95.8559   87.4983   34.7648   97.7469   61.7583   75.8322   102.132   31.2788   73.5235   108.607   87   81.9529   117.319   65.0408   109.193   
36.7967   77.8332   72.3395   0   42   62.8912   40.0832   60.8266   66.4857   77.85   36.6716   30.2956   56.4554   92.9368   31.0416   32.0745   58.1974   67.2015   23.4721   37.2643   40.8537   50.4951   49.1284   73.0935   74.0217   62.0796   108.942   77.5608   87.0416   63.5249   54.0529   31.0312   26.0416   90.9728   41.4094   65.4777   43.5913   72.6236   71.0369   91.3395   77.0016   95.8171   81.6297   91.0634   56.4833   66.5964   101.192   74   79.6683   80.8707   102.53   38.6525   92.5381   85.7672   39.799   113.333   52.3553   61.5876   49.6982   95.9782   
17.0294   51.8652   50.9215   26   0   35.0238   56.1409   53.5896   71.2014   64.9852   26.6023   51.2491   47.7517   67.9428   35.2603   47.0185   58.6655   49.6586   45.8035   52.054   57.534   75.774   40.1359   46.1548   51.6663   57.9737   86.7711   71.0012   63.8467   56.6497   58.8292   49.7697   47.8395   67.1954   67.4094   48.4558   53.9285   47.8552   50.2312   69.9215   43.7321   68.0377   68.9076   82.7083   35.6015   54.8767   80.2944   52.4005   66.1841   48.8378   82.5224   59.2099   69.0098   66.2346   52.2099   93.2496   40.9737   68.6488   36.0263   76.0737   
26.9072   33.2866   31.3847   45.8912   21.0238   0   71.2323   47.7498   91.9611   74.1808   47.6261   72.2729   41.0416   53.4462   56.2841   64.9565   68.5433   40.2354   64.6011   73.0778   73.0339   88.1805   46.4131   37.5231   36.561   67.8515   77.9531   80.8791   54   43   79.853   58.5533   60.4253   60.5092   87.3006   37.2354   72.7315   31.4403   46.7924   50.3847   35.0384   58.6293   78.7854   94.5874   29.544   64.7546   69.6544   43.6433   69.98   45.1896   70.3863   80.2337   56   53.6232   73.2337   78.2699   50.8515   87.3055   45.4253   86.0887   
55.9464   87.4185   72.0347   24.0832   40.4969   54.2033   0   62.2046   88.1186   101.933   60.7548   47.9545   58.3631   105.967   41.8806   54.3553   82.2806   85.0074   47.5553   52.2997   62.4866   45.1359   53.0532   82.897   90.7643   86.1628   127.268   101.644   82.6586   67.6105   78.1361   55.1144   38.1555   104.785   49.8444   85.6049   62.5902   78.9682   88.4763   89.9276   84.2291   108.535   103.284   115.147   65.3253   90.6796   120.791   81.9149   103.752   89.3348   121.416   50.8855   99.8342   105.152   59.2311   131.446   76.4385   79.0983   44.807   113.881   
49.6488   56.8595   33.6155   45.618   34.4819   29.2746   39.2046   0   105.683   97.6046   58.9833   69.9011   27.7082   82.7207   53.4953   69.9505   89.8275   67.801   62.1033   77.3807   83.2774   78.075   29.4536   62.3159   65.8356   90.593   107.228   103.621   48.0832   29.4031   93.3111   71.3967   53.095   83.0556   83.1061   64.8669   80.6003   57.6232   72.3725   52.6155   56.4849   86.214   101.527   116.079   42.3059   87.4961   98.929   40.9072   96.1038   66.2195   99.6608   78.4063   64.8943   82.8978   79.6607   105.538   73.593   98.2033   38.095   108.83   
49.98   96.5091   106.944   49.1935   57.2014   75.591   72.111   89.8053   0   61.2053   65.6004   65.6952   97.4506   101.464   70.6039   53.0789   51.3422   82.307   63.5637   52.108   41.632   75.0737   91.3806   92.0632   89.1642   47.0644   98.8576   51.9857   119.633   107.33   33.4536   61.1811   74.9016   97.3098   68   85.0124   50.6356   95.3956   74.6822   124.564   93.7946   98.2208   63.382   47.0151   92.1783   52.2099   98.6209   106.179   77.4198   94.054   110.871   53.0483   119.121   94.108   46.0483   111.104   63.1096   36.1803   84.527   69.774   
33.9559   65   86.6833   62.3618   50.4876   58.1808   85.3288   83.5225   42.1545   0   68   84.0782   94.6097   69.8402   82.0084   67.2219   41.9555   53.2884   72.8604   75.0333   70.1833   99.4064   87.4266   62.4236   67.9318   36.1245   63.8044   29.2195   104.826   97.0569   59.2884   60.8188   88.4034   67.0762   95.5656   64.6079   66.93   76.4004   56   105.683   79.1507   64.8402   27   44.8254   74.5847   35.0416   59.2215   91.3724   37.7047   71.7547   72.4782   80.4707   95.2334   64   73.4707   80.1453   52   63.8039   86.2604   34.7047   
14.4222   57.2713   59.2368   22.6716   8.60233   28.6356   41.7852   42.4382   48.6004   45   0   52.8137   49.805   69.8836   43.0238   41.3961   46.8707   45.6816   38.6011   52.8058   46.4138   69.1664   48.5296   50.7938   50.6742   46.0156   84.347   66.1397   72.0518   58.0366   58.2278   43.0312   48.7132   68.6731   64.081   43.178   50.1662   53.257   53.8758   76.983   52.3345   73.6773   65.0484   77.4643   39.9317   50.0151   75.803   58.5982   63.577   56.6962   80.3905   52.0156   73.3095   63.6275   58.0161   94.6614   38.3665   62.1461   44.6286   73.6036   
46.6905   88.0227   81.0247   10.2956   36.2491   55.7853   21.9545   52.2015   50.6952   70.0071   32.8024   0   61.8539   102.686   34.0294   39.0418   64.4256   77.4972   33.7678   28.6015   41.0384   31.6205   54.4475   80.2993   83.4767   68.3078   115.751   83.789   93.249   70.0525   56.0713   37.2594   36.3372   101.268   27.3417   75.7733   39.7047   77.8466   74.1415   99.0235   79.9813   102.006   91.9254   92.9384   66.779   76.8921   108.605   83.1836   89.964   85.087   112.659   28   102.276   95.8957   45.6469   123.628   62.651   59.5601   47.249   103.707   
43.0116   53.9073   34.7131   40.4969   27.7849   24.0416   37.3631   6.7082   83.4506   76.922   35.805   47.8539   0   77.0714   45.6228   62.6138   82.6757   61.8983   54.5096   69.6234   76.0391   72.5665   25.6158   54.5646   60.6027   80.6408   101.864   96.9835   51.8097   27.0711   85.0071   62.634   44.8114   77.5508   74.8225   59.2985   72.4494   48.4819   69.0916   53.7131   59.08   80.8129   94.8898   110.493   39.025   80.8589   93.5922   39.2389   90.7107   60.2217   94.324   70.1227   58.566   77.561   73.3774   102.312   66.9559   89.9196   29.8114   102.193   
43.0813   17.8885   50.4876   77.9359   52.6308   39.4462   91.9674   67.4166   87.0057   50.9215   55.5698   88.2043   63.0714   0   87.8911   90.1865   75   40.9422   89.2821   101.207   95.4304   118.263   78.8928   39.0832   34.2094   70.4818   45.9312   74.1318   69.4138   78.543   92.1539   85.113   93.2371   18.4721   115.546   45.4591   93.4439   44.4109   52.737   66.4713   46.4197   29   68   91.5438   68.9902   67.9284   46.1868   61.4166   57.2266   42.105   32.4403   102.682   50.4401   31.9284   98.8326   36.1359   63.4773   99.5862   84.8715   75.1536   
35.3553   72.0139   64.0703   8.94427   21.2603   39.2173   20.8806   36.6742   56.6039   64.6297   21.0238   17.0294   31.6228   73.8783   0   32.6011   62.3558   63.7955   26   43.1868   49.7498   48.6499   44.0576   65.2195   71.2345   66.238   105.371   81.7192   80.3392   55.6005   57.8292   35.1896   27   86.1803   44.3711   62.6905   47.4253   61.1411   71.4915   82.0661   64.9924   89.298   84.6018   95.8024   54.6757   71.0389   96.8268   70.8616   79.2456   70.0981   101.324   45.0294   89.2495   84.5606   48.7433   110.014   59.2996   66.4004   35.8114   94.1183   
32.249   77.666   77.1298   11.4018   27.0185   48.0416   35.3553   53.8238   38.0789   52.9245   20.3961   17.088   48.0208   75.1532   18.6011   0   47.7567   66.0777   23.6023   34.4845   30.505   48.7085   57.0487   71.1899   71.0703   54.4515   98.8705   69.1728   90.8652   69.5894   44.0167   23.4031   37.4433   88.4579   44.4297   63.5741   26.8995   73.6531   60.9658   96.1298   70.7506   90.0441   74.2843   79   60.3278   59.3137   91.1207   78.9943   69.5973   71.8705   97.827   34.7047   93.0256   81.1944   28.4018   106.425   42.2843   45.8029   48.8024   87.6292   
26.4008   70.8308   84.4038   43.1856   38.5876   53.2635   67.0298   73.0616   26.0192   21.4009   30.8707   49.7293   66.3702   61   47.1699   32.7567   0   54.8497   54.0512   55.0934   46.6007   80.7319   78.3738   64.585   62.5919   20.831   77.8787   35.4165   97.271   85.0282   36.8885   50.1662   68.1536   73.7465   71.2451   57.4106   44.6531   67.9333   46.7805   102.202   71.3797   74.3096   37.8537   45.8617   66.7074   32   74.3104   83.8173   52.2947   68   81.0228   60.2492   96.7241   64.2597   58.1321   97.1359   34.6918   47   71.3624   56.1056   
17.4642   31.257   48.4149   52.2015   27.6586   22.2036   68.0074   51.0098   65.307   38.2884   29.6816   62.426   45.1774   25.9422   48.7955   49.2443   39.8497   0   63.2597   73.7823   72.218   94.0465   59.5229   25.2195   34.544   52.4591   60.3291   62.0857   62.4815   61.0977   70.2746   57.6578   73.2832   44.4144   89.7676   26   70.6004   32.9892   24.6023   64.9902   28.8661   49.6125   60.6079   80.208   41.4951   54.0644   51.7851   59.3553   54.6531   37.198   58.3826   80.2046   60.6611   46.7231   76.3553   61.5982   41   77.8625   58.2832   66.1774   
32.5269   74.6324   70.859   4.47214   22.8035   43.2897   28   45.793   46.6476   57.9741   18.6011   14.2127   40.2492   74.0945   10   8.60233   39.0512   48.2597   0   32.5242   35.9317   44.6985   49.9444   68.2634   69.1916   59.8822   102.948   74.4677   86.6502   64.5017   52.6191   31.0416   28.3178   86.1427   41.5543   60.6476   35.5018   70.3839   65.5684   89.859   66.5356   90.8412   76.2069   84.913   58.405   61.1736   94.404   75.2041   74.1999   71.6414   97.201   39.2788   91.8133   81.7322   37.0041   108.195   46.8869   51.4005   41.6982   91.7084   
42.4853   88.0738   86.3134   15.2643   37.054   58.0086   35.3412   60.8276   37.108   60.0333   30.8058   13.6015   55.5428   85.4927   24.1868   10.4403   38.9102   59.6154   15.5242   0   26.1655   45.222   64.3927   79.2884   81.4801   59.4909   109.311   72.8843   97.7437   78.7893   41.1778   33.8434   41.3059   98.8982   40.9431   73.9838   25.7396   82.284   71.4061   104.828   80.7862   99.534   76.7639   78.1345   70.7376   65.4259   101.561   86.4431   79.4797   82.3109   106.661   26.4142   103.466   91.6347   20.0828   116.865   52.7246   45.9615   57.2224   93.5891   
38.6394   86.2844   89.1852   23.8537   38.3275   59.0339   46.4866   67.2012   25.632   50   30.4138   25.318   61.2944   81.3204   31.8904   13.4536   28.6007   56.0892   21.9317   12   0   56.5537   68.9211   77.2013   77.9573   48.0588   105.811   63.9574   101.01   82.384   36.0333   28.5602   49.8953   92.1089   49.0384   72.5788   30.6056   81.0082   69.5964   107.397   79   97.8242   66.4544   69.9711   70.3455   59.3113   99.8107   89.012   73.5619   82.7133   104.537   32.0384   103.723   87.7743   31.0828   117.456   55.7379   33.7648   62.2561   75.2944   
62.2254   101.98   91.5478   25.4951   50.774   69.0797   22.1359   60.075   61.0737   85   48.1664   15.6205   57.0789   103.228   29.9666   32.249   64.2573   77.6209   29.6985   25.7099   37.4833   0   70.068   95.1862   98.8406   83.9283   131.12   98.5942   104.795   84.15   66.8877   52.8799   51.5367   115.841   30.4868   90.3461   51.4495   91.1077   89.762   110.548   94.5061   117.626   102.111   103.844   81.9784   90.8721   123.37   96.3178   101.846   99.6119   126.899   43.6205   115.645   110.26   45.7927   137.894   74.5333   71.2482   62.8695   112.778   
38.4708   56.6392   41.1947   32.8938   22.1359   24.4131   31.7805   13.4536   76.3806   72.3671   29.5296   40.4475   7.61577   63.8122   24.0416   40.4969   60.3738   43.4166   32.6497   47.927   53.8238   50.3587   0   56.5   60.9741   75.5453   101.957   90.5376   59.2989   34.5602   80.9652   59.2313   39.0868   78.535   67.7892   56.5888   66.2195   51.0571   62.1699   60.1947   54.546   80.7687   89.9102   103.993   34.0278   74.8769   93.6571   46.8546   86.5849   60.1774   94.3889   68.4475   66.1818   77.6259   68.0098   99.9482   59.2719   84.0502   33.2462   97.6522   
24.0832   24.0832   39.4081   55.0091   29.1548   16.4924   67.897   45.7056   73.4983   47.4236   33.5261   65.2993   40.5216   24.0832   50.2195   53.8516   48.4665   9.21954   51.4782   64.2884   62.2013   79.925   40.2492   0   25.8284   60.1774   66.1856   71.3052   54.4462   57.2149   76.8142   66.8773   71.909   41.3576   92.641   24.6158   77.9941   23.0828   33.8219   58.4081   26.831   43.5913   67.679   84.4262   46.0364   61.9305   58.0143   52.8329   59.1248   23   56.5235   82.521   44.5287   47.1948   81.3647   60.2191   48.0275   84.4814   59.8019   68.8516   
25.318   23.3452   43.909   58.8303   33.4215   22.561   73   51.788   73.1642   43.9318   36.6742   69.1158   46.5725   19.2094   54.6717   56.648   47.5395   8   55.0727   67.0671   63.9531   84.0536   46.0977   6.08276   0   60.4591   56.4367   70.0857   58.7958   60.8735   78.2746   65.6578   76.9917   31.8045   96.4575   30.6985   78.6004   28.1655   32.6023   61.3051   25.1803   36   61.9674   85.4003   49.4951   56.0132   58.1485   54.28   55.3017   25.8284   46.4253   88.2046   50.6114   42.1172   82.2193   55.3453   49   85.7162   65.8846   74.1774   
24.8395   66.7608   82.3286   46.8722   39   51.6236   70.3491   73.3485   31.0644   16.1245   32.0156   54.0833   66.6408   56.0803   50.01   37   5.83095   36.2491   42.5793   43.909   34.0588   68.942   61.0983   45.1774   43.6578   0   71.7199   30.0312   95.3948   85.8516   42.7195   53.9317   70.8972   67.5333   77.076   52.4869   49.8378   61.4342   41.8568   100.326   65.1152   68.0964   33.7883   42.7308   64.0156   27.2801   65.7197   81.9412   39.4709   67.0571   74.8095   62.2769   89.7061   58.0465   61.4081   86.521   32   52.831   75.0263   50.8292   
54.6443   48.1041   80.604   91.214   69.7711   63.9531   110.145   93.2148   82.8734   40.8044   69.0652   100.767   87.8635   30.3645   89.8888   84.8646   59.5399   43.3244   86.8332   94.1116   86.4002   116.387   86.6833   47.5184   41.4367   53.7122   0   66.0804   97.8121   101.719   95.4265   95.492   110.338   47.8179   128.109   60.6917   103.55   67.6056   59.1397   96.8358   66.3311   46.9575   57.025   78.0143   82.9293   64.6712   35.544   86.8388   50.249   57.3311   38.4722   113.791   80.8045   38.3311   109.942   36.8885   74.5862   104.608   101.608   54.0143   
38.9102   73.8241   94.1116   62.514   54.4059   64.6375   86.209   88.3912   34.9857   9.21954   47.8539   69.1231   81.7068   60.0833   66   52.1728   19.4165   46.0109   58.3095   57.9396   46.9574   83.4865   76.5376   55.2268   52.2015   16.0312   49.0306   0   107.606   99.4283   56.305   62.5296   86.6273   69.6597   90.1577   66.0833   64.0696   72.7282   57.888   111.001   74.8769   74.0446   32.0554   33.2127   80.0468   38.1245   65.1294   96.3267   38.8806   71   79.6712   78.3081   99.7555   71.1736   75.2361   85.9191   48.0312   55.3113   90.4322   39.8114   
56.8507   36.2215   3.60555   69.5845   48.8467   30   68.6586   30.0832   105.309   86.4002   57.2713   78.1025   31.4006   52.1536   61.2046   74.7262   83.2406   48.2597   68.2495   83.7437   86.977   88.3629   38.0526   39.4462   44.2832   81.3941   82.0366   93.6056   0   41.7386   107.179   88.5533   75   68.5894   105.005   64.0619   101.626   55   72.862   22.6056   53.6155   75.0465   106.251   123.872   55.3412   94.698   91.1039   34.4536   96.7541   60.6293   79.4377   101.523   34.8844   77.1291   101.057   88.2896   80.795   112.412   61.212   108.298   
46.5188   50.4777   28.1603   47.4342   32.6497   24   43.9318   6.40312   89.2749   80.0562   41.0366   54.9181   7.07107   61.3514   38.6005   54.5894   71.0282   46.0977   47.0106   62.3939   67.7422   64.0312   14.5602   40.1995   46.2709   70.8308   87.6926   85.4283   24.7386   0   91.4789   68.8238   51.8035   77.201   81.8146   58.9488   78.1405   48.1321   66.5388   47.1603   51.6931   82.2709   96.8792   112.794   36.4722   84.3661   93.6544   44.5183   89.0068   63.1995   91.7844   76.9682   59.4391   77.6232   80.3696   97.4874   70.4631   96.8022   36.8035   105.7   
37.855   85.3756   93.9149   37   43.8292   62.6498   60.6383   76.3806   13.4536   38.2884   35.2278   40.1123   70.0071   77.4145   43.8292   25.632   17.8885   54.1479   34.0147   27.0185   15.0333   52.469   62.9682   61.8142   62.1289   23.7065   77.4145   33.6006   92.1792   75.8222   0   42.0217   62.3325   90.6817   58.1475   75.2992   34.1172   84.897   64.669   111.509   83.014   91.8029   55.7423   60.4688   75.1595   49.8885   89.4263   93.826   63.1774   81.929   98.5161   45.0713   106.343   81.753   40.095   110.228   52.5803   26.2462   70.2228   64.8365   
26.4008   72.8354   74.6324   16.0312   23.7697   44.5533   40.0125   53.8145   36.2353   46.8188   16.0312   23.2594   47.634   69.4622   21.1896   6.40312   27.1662   43.6578   12.0416   16.1245   14.5602   38.5876   40.3609   48.8365   51.2445   31.0483   78.492   46.5296   72.45   53.8238   23.0217   0   40.3594   82.9598   49.2415   59.2092   31.1803   64.0956   55.4462   93.0142   67.5019   83.4251   64.8366   73.0279   55.9629   52.3412   86.7672   74.6294   64.2597   70.4747   92.3691   39.4929   89.3407   75.606   34.8049   105.256   45.9317   41.0185   53.7398   79.5235   
39.8121   74.3034   64.0312   12.0416   24.8395   41.1461   16.1555   34.7851   60.9016   69.5845   25.632   17.4642   30.4138   77.1557   5   22.8254   52.1536   52.4976   14.3178   27.0185   35.805   28.1603   23.0868   53.2635   58   55.0091   94.1541   71   61   37.4833   48.3322   25.9615   0   89.8045   44.8059   67.6905   49.7249   63.8262   73.6815   83.0294   68.5716   92.8772   87   97.7399   55.5183   72.0294   99.7555   69.6527   82.313   73.6773   104.425   45.4642   86.3758   89.0173   46.8277   113.082   55   65.7184   35   98.9935   
40.2492   21.6333   53.1507   75.8024   50.9313   39.3954   90.7855   68.0074   83.006   46.4866   53.2541   86.0233   63.3246   4.47214   72.1803   72.4707   57.0351   23.6008   71.8471   82.7345   78.1089   101.213   63.5295   23.3238   17.8045   52.0096   27.4591   55.6597   54.5894   62.0967   73.6817   66.6408   75.6637   0   113.365   43.4074   94.1601   44.1279   47.5136   70.9434   42.3576   28.2361   65.5657   85.0797   60.793   63.4868   43.5181   63.1904   52.7851   33.3576   33.6301   102.077   54.9122   27.4868   99.5488   40.6081   64.1935   95.8841   81.884   68.7074   
58.6003   101.242   94.0053   23.4094   49.3964   69.1231   28.8444   64.1327   52   78.3901   45.2769   13.3417   60.2993   100.846   30.2655   26.8701   57.2451   74.9466   26.8328   18.3576   29.4109   9.48683   53.0848   78.2943   81.8841   62.2656   111.732   76.1577   91.0055   67.3647   44.1475   33.2415   30.0167   98.4784   0   87.4804   44.0972   91.1882   86.0069   112.332   93.1285   115.347   95.0988   96.492   74.6383   83.7835   117.991   96.3941   96.4673   98.2342   124.034   38   115.618   107.806   38.4403   133.295   69.1543   57.0488   60.5907   104.705   
17.0294   31.0161   46.0977   50.4777   25.4558   19.2354   65.6049   48.0104   65.9697   40.6079   28.178   60.7454   42.19   27.4591   46.6905   48.1041   40.8534   3   46.6476   58.5235   55.5788   75.8024   40.5216   7.61577   8.544   37.5899   46.1736   48.0833   45.8039   43.1045   54.4518   42.72   50.2494   25.4951   73.4302   0   66.9528   30.6985   26.6301   62.7955   31.8062   44.544   63.6079   80.2415   39.561   54.8767   54.7851   56.7567   51.305   30.6158   53.0694   78.808   52.0789   46.3607   73.7235   60.8615   40.1794   77.4276   61.2832   69.1774   
36.1386   83.4865   85.7263   20.5913   34.9285   55.7315   43.6807   63.6003   28.6356   49.93   27.1662   23.0217   57.6888   79.0569   28.4253   9.89949   28.6531   53.6004   18.4391   10.4403   3.60555   36.1386   50.2195   59.4138   61.3922   33.8378   85.276   47.5395   83.4865   64.1405   17.1172   11.1803   32.45   75.9605   28.6356   52.9528   0   75.276   66.6265   104.149   78.6606   94.6055   66.5068   73.5767   64.5077   56.6989   96.9889   85.7644   70.7401   80.2126   102.107   27.6569   100.476   85.3439   20.6569   112.021   49.9666   37.3704   56.638   78.8999   
24.3516   26.2488   35.3836   51.6236   25.632   10.4403   62.9682   39.6232   74.3303   51.4004   31.257   61.8466   34.4819   29.4109   46.1411   51.6236   50.1199   13.4164   48.3839   61.9839   61.0082   76.0592   34.4819   6.08276   12.1655   47.4342   53.6004   58.7282   35   34.1321   62.0967   47.0956   48.8262   29.0689   75.0267   10.8167   58.0086   0   37.4468   52.2099   29.1231   48.1655   73.7617   90.165   39.9843   61.1856   63.3058   37.9545   61.0595   29.0828   58.5909   80.1506   46.7924   47.2746   77.842   65.5468   48.2959   83.4262   55.8656   74.9344   
13.4536   39.0512   56.7274   50.2096   28.2312   28.7924   68.4763   56.3205   57.5587   30   27.6586   60.1415   50.0899   30.8058   48.2597   45.4863   31.7805   8.60233   45.9674   55.5698   50.5964   75.6637   47.1699   17.8045   15.8114   27.8568   41.6773   37.4833   56.4004   51.9711   47.0106   39.4462   52.4786   27.5136   72.0069   10.6301   48.4665   21.4009   0   73.4256   37.4684   44.1548   53.5055   68.3051   49.0666   38.4722   58.8399   59.3554   43.1896   40.8045   59.1214   74.9386   62.3332   42.8087   69.1233   66.9418   37.3979   72.0818   64.2575   55.6962   
61.2944   34.1321   4   76.3217   54.7083   34.8855   75.9276   37.3363   110.476   89.2749   62.9682   85.0235   38.6394   51.1957   68.0661   81.0247   87.6584   50.9902   74.8131   90.2552   93.0054   95.5249   45.1774   41.8688   46.0435   85.4283   81.4923   96.8762   7.28011   32.0156   97.509   78.4474   68.0294   54.1202   98.0051   48.7955   89.56   38.2099   59.4138   0   57.6006   72.9575   107.241   126.295   61.5683   97.886   89.6324   38.7648   94.2023   63.2666   79.8322   106.132   35.2788   77.5235   106.918   87.1456   85.2386   119.466   68.4507   110.72   
27.8927   22.1359   33.6006   55.7136   29.7321   13.0384   66.6033   41.4849   77.7946   53.1507   35.3553   65.9242   36.7696   26.4197   50.1199   55.7315   53.2259   14.8661   52.4976   66.0984   65   80.0625   37.4433   5.83095   11.1803   50.2494   52.1536   60.8276   33.6155   35.6931   65.7343   51.1566   52.6972   26.5707   79.1202   12.8062   62.0322   4.12311   23.3452   36.1248   0   47.1803   70.4437   90.2572   40.5183   61.8174   60.0312   42.0776   61.2666   28   53.6742   84.2737   42.4951   44   81.2722   62.5556   51.8369   87.5493   58.4637   74.6826   
42.0595   22.8254   54.9181   77.801   53.0377   41.6293   92.957   70.214   84.0536   46.8402   55.2178   88.0057   65.5515   5   74.2765   74.3034   58.1378   25.6125   73.8173   84.534   79.712   103.233   65.7647   25.5539   20   53.0094   25.7099   56.0446   56.4358   64.2884   74.9667   68.4251   77.7946   2.23607   100.404   27.5862   77.6209   31.305   29.1548   55.7853   28.7924   0   67.8018   87.2892   62.0503   61.0109   42.2354   64.4241   55.0211   34.5913   28.4853   101.884   55.4401   29.7229   98.2777   35.7231   66.0038   97.1865   83.2422   70.5079   
36.8782   66.5733   89.0225   65.2534   53.4603   60.8276   88.2836   86.4002   43.382   3   48   72.8011   79.8123   52   67.6018   55.7136   23.8537   40.6079   60.8769   62.6498   52.4309   87.7268   75.3127   49.679   45.9674   18.7883   40.025   9.05539   88.8144   82.8734   40.3113   49.6488   72.5603   47.5395   81.0062   43.0116   52.4786   53.8238   32.45   91.5478   55.4437   47.7598   0   42.2681   76.407   32.0333   60.0139   91.7783   38.0384   63.7955   69.8419   80.1354   94.2076   53.0789   73.1354   76.9135   50.7883   64.3667   89.2604   29.9443   
52.1536   87.818   108.208   71.0634   66.7083   78.4092   95.1315   101.079   33.0151   22.8254   59.4643   76.2365   94.3716   73.5391   75.8024   60   28.8617   60.208   67.1863   63.7887   51.9711   89.4427   88.7694   69.4262   66.4003   27.7308   59.0085   14.2127   107.629   98.4886   37.108   55.1453   80.7527   69.0797   81.2527   62.2415   53.4603   72.8354   51.6624   111.018   75.0067   69.2892   21.5407   0   91.3217   52.3372   74.6872   109.57   48.4384   85.2127   91.3826   81.1171   113.955   74.6195   74.1171   89.326   59.7308   63.3542   100.224   49   
24.1868   41.6773   37.3363   37.4833   13.6015   8.544   46.0977   26.3059   70.1783   57.5847   21.9317   47.2969   20.025   46.4004   30.6757   40.3113   49.5782   25.4951   35.0571   50.04   51.923   60.5392   18.0278   22.4722   28.178   48.8262   68.6804   63.0635   35.3412   22.4722   56.9386   37.3631   32.6497   45.793   60.6383   22.561   48.5077   17.0294   30.0666   41.1096   20.5183   48.0208   60.407   76.3217   0   62.0341   74.6294   41.8035   73.2562   45.4722   70.3028   72.8114   58.1182   58.5982   65.8114   82.5364   48.131   78.3816   36.5183   83.3682   
22.8473   60.7454   78.492   50.5964   38.833   48.6004   73.3485   72.45   38.2099   12.0416   33.0151   58.6003   65.7875   49.2544   52.6118   41.5933   13   31.0644   46.1736   49.4065   40.3113   73.8241   60.8769   40.2244   38.0132   7.28011   46.6476   16.1245   77.8332   69.3542   30.8707   35.3412   57.5587   45.0999   67.6757   32.8024   39.6989   43.1856   22.4722   81.3941   45.607   46.0109   15.0333   29.8329   46.9574   0   57.3113   80.2639   37.4222   62.7063   74.4961   67.3557   84.753   61   60.3557   76.2409   36.0294   53   71.4282   39.5372   
46.4004   42.0595   73.4983   83.0963   61.2944   55.5788   101.71   84.8528   77.6209   36.2215   60.803   92.7631   79.4292   24.1868   81.5414   77.1038   53.3104   34.7851   78.7464   86.5563   79.3221   108.374   78.1601   39.2046   33.1361   47.5395   8.544   45.0444   74.7329   79.404   71.1758   70.7672   85.7555   20.6155   103.966   37.6431   78.0064   45.2769   33.2866   74.6324   44.0114   19.2354   36.0139   56.4358   60.1664   40.3113   0   83.2314   49.2488   53.8266   34.6011   105.041   74.6269   38.0312   98.6633   39   65.8365   93.3113   93.0682   51.7567   
43.4166   30.4138   14.7648   59   36.4005   16.6433   61.8466   26.9072   92.1792   73.2393   44.5982   68.1836   25.2389   43.4166   51.1566   62.9682   69.814   35.3553   57.1402   72.4431   74.7262   79.8311   30.0832   26.9258   32.28   67.9412   72.0625   80.2808   13.4536   20.5183   79.1581   60.1664   51.788   45.0444   81.3941   32.7567   71.3092   21.9545   43.2666   18.3848   21.1896   47.0956   75.7166   94.2603   22.8035   64.4438   64.2806   0   79.9577   43.8329   67.7587   87.3348   42.3576   65.1896   88.6105   79.5525   67.3609   101.185   51.108   95.7775   
29.1548   53.535   76.844   62.6099   46.1736   49.98   84.119   77.1038   51.4198   11.7047   42.45   71.3442   70.7107   39.2173   63.2456   54.6443   27.2947   28.6531   58.1378   63.1269   54.5619   86.8217   67.0671   37.4433   33.3017   21.4709   32.249   20.8806   76.8505   73.0068   45.1774   48.2597   68.0074   34.7851   81.2158   31.305   53.7401   42.0595   21.1896   79.2023   43.2666   35.171   13.0384   34.4384   50.8035   14.4222   26.2488   64.0078   0   53.1248   56.0613   81.397   81.972   39.2982   74.397   62.7214   50.4516   67.4222   82.1999   40.5529   
27.074   21.095   41.1825   59.5399   33.8378   21.1896   72.8629   50.2195   75.505   46.7547   37.6962   69.8355   45.2217   19.105   55   57.8705   50   10.198   55.9017   68.3081   65.6201   84.5991   45.1774   5   2.82843   46.2385   43.1856   55   41.6293   44.5533   64.2806   52.6308   58.1378   18.3576   82.7345   10.0499   62.9682   10.7703   18.3848   43.2666   9   20.5913   48.7955   69.2026   27.4591   40.7063   35.0143   29.8329   36.1248   0   49.0765   87.521   47.4795   43   83.6251   55.2409   50.2292   87.4722   63.9773   73.8516   
50.2494   26.4764   60.1332   86.2148   61.5224   49.6488   101.415   77.8332   90.4489   51.4782   63.6003   96.4002   73.4098   10.4403   82.7587   82.4924   64.7765   34.0588   82.201   92.6607   87.4643   111.665   73.9256   33.8378   28.4253   59.4138   22.4722   60.6712   62.0081   71.7844   82   76.5376   86.2786   10.6301   108.724   36.0694   85.4927   39.4462   37.1214   60.531   36.6742   8.48528   51.9711   73.2462   56.3028   52.2398   18.6011   53.7587   40.1123   28.8444   0   110.369   60.8804   38.117   106.15   30.7047   72.5428   105.24   91.7275   70.3578   
43.8292   89.2693   87.1321   15.6525   38.1182   59.0339   34.8855   61.2699   37.855   61.4003   32.0156   13   56.0803   86.8159   24.5967   11.7047   40.2492   60.9262   16.2788   1.41421   13.0384   24.5153   48.4665   65.521   68.352   45.2769   95.5249   59.2368   84.5281   62.9682   28.0713   17.4929   27.2029   84.0773   17   59.808   11.7047   63.1506   56.9386   91.0824   67.2681   85.8836   64.0078   64.9384   51.0098   50.8035   87.9659   73.3348   64.5368   69.5701   94.0213   0   104.73   92.8991   21.497   118.129   53.989   45.6833   57.977   88.3328   
53.1413   18.1108   16.2788   75.5381   51.0098   30   80.1124   44.6878   103.121   77.2334   58.3095   85.1587   43.566   35.4401   68.2495   78.0256   78.721   39.6611   73.171   88.0057   88.6848   97.5295   48.3322   30.5287   33.3017   75.6637   65.8027   85.4283   18.9737   38.4187   90.802   74.3303   69.3758   38.6264   98.4784   38.0789   85.4751   28.7924   48.2597   16.0312   25.4951   40.1622   79.2465   99.6393   38.1182   70.7248   59.2368   18.3576   66.468   30.4795   44.5533   89.0225   0   61.8093   103.22   71.1243   77.0856   112.219   69.4655   99.2192   
34.2053   29.6985   58.5235   70.7672   47.2017   39.6232   87.6584   68.884   74.108   37   48.1041   80.8084   63.561   13.9284   68.1175   66.2873   48.2597   19.7231   66.6033   76.3217   70.7743   96.2601   62.6259   23.1948   17.1172   43.0465   24.3311   46.1736   59.4811   63.3877   65.307   60.208   72.0069   9.48683   92.8009   22.3607   68.8767   29.2746   20.8087   60.0083   28   10.0499   38.0789   59.6154   44.5982   36   16.0312   48.5077   25.2982   19   16.7631   77.6981   45.2769   0   89.2428   44.6125   58.1495   89   78.0063   58.6005   
41.1096   87.9659   88.5268   19.799   38.2099   59.2115   41.2311   64.6607   31.0483   55.4707   31.0161   19.6469   59.0593   84.1546   28.4253   11.4018   34.1321   58.5235   18.868   6.08276   6.08276   31.4006   51.4782   63.9531   66.2193   39.4081   90.9065   52.8015   86.1278   65.7419   21.095   15.1327   31.8277   81.1542   23.4094   57.7235   5.65685   62.2013   53.7122   92.4175   66.2722   82.8553   57.9828   58.0517   51.6236   45.3431   83.6002   74.3303   59.397   67.6831   90.802   7   89.1403   74.2428   0   117.678   53.686   39.8476   57.566   81.3771   
59.8164   37.0135   71   96.3328   72.2496   61.2699   112.446   89.5377   96.1041   55.1453   73.6614   106.405   85.0882   22.1359   93.3809   91.8368   71.1688   44.5982   92.1954   101.789   95.7131   121.828   85.4751   45.2769   39.6611   65.521   17.8885   64.0312   73.0616   83.4865   88.8651   85.703   97.0824   21.9545   118.406   46.8615   94.0213   51   46.4004   71.1126   48.3322   19.7231   55.0091   75.326   67.7422   58.2409   19   65.307   44.7214   40.3113   11.7047   103.175   55.0818   25.6125   99.4786   0   83.7607   111.241   102.881   70.7567   
8.94427   56.1427   66.8506   35.3553   22.1359   35.609   57.0088   56.3649   41.1096   29   16   44.4072   49.6588   49.4773   36.1386   28.2843   17.6918   25   30.8869   37.8021   31.9531   60   44.2719   32.5576   33   17   56.5862   32.28   65.6049   53.8516   29.2746   21.9317   41   46.1736   55.1543   25.1794   29.9666   33.2415   18.6815   70.1783   36.6879   47.7598   32   44.7214   32.0156   17.0294   48.8365   52.2015   27.313   35.0571   55.5428   39.2046   62.0322   38.9102   35.3553   64.1405   0   51.054   58.1622   56.5666   
45.3982   93.1933   100.319   38.5876   49.6488   69.2892   61.0983   80.8084   11.1803   45.8039   41.1461   39.5601   74.6525   85.5862   46.4004   27.8029   26   62.0322   36.4005   25.9615   14.7648   50.01   67.3573   69.4622   70.0286   31.7805   85.4225   40.3113   98.4124   80.8022   8.24621   27.0185   50.4777   81.8841   41.0488   62.2013   18.0278   69.4262   55.0818   104   73.1642   83.1865   47.634   41.6293   63.0714   39   79.3095   85.6154   53.2259   72.111   90.2441   26.6833   97.9847   73.5459   19.9249   97.0824   37.054   0   74.6658   73.0827   
36.0555   61.6117   49.0408   24.6982   19.0263   28.4253   25.807   21.095   69.527   69.2604   24.7386   32.249   15.8114   66.8431   15.8114   32.8024   55.3624   44.2832   24.6982   39.8121   46.2277   42.7551   8.24621   42.8019   48.2597   56.7539   87.4643   72.5672   46   22.8035   56.2228   33.3017   15   66.0303   45.0111   41.5933   42.638   37.5366   46.5725   53.0377   41.0122   68.2422   72.2496   84.119   20.5183   57.4282   78.924   37.108   65.192   47.8017   76.6094   40.3113   55.0273   63.9531   43.566   87.9204   40.4475   60.1082   0   95.1   
44.1814   68.1175   93.1933   74.0405   61.0737   66.4831   96.8814   93.1719   50.774   11.7047   56.1427   81.7068   86.6833   52.1536   76.1183   64.622   32.7567   45.1774   69.6419   71.5891   61.2944   96.6644   82.6075   53.8516   49.4065   27.7308   35.0143   15.8114   93.2952   89.2861   48.8365   58.5235   81.0494   47.7074   89.9444   47.8539   61.4003   58.5918   37.6962   95.4411   59.6825   47.5079   8.94427   24   66.9403   23.5372   32.7567   80.5295   16.5529   52.2015   50.3289   72.9452   82.2192   38.6005   66.888   51.4782   40.1995   55.9017   80.025   0   
