15
40
999999 17 11 5 9 10 9 15 15 8 14 13 10 7 5 12 13 16 12 8 13 9 9 14 6 14 17 5 8 16 8 13 16 5 7 13 16 17 15 5 
0 9 5 3 3 2 1 2 11 3 2 12 8 1 3 7 12 3 6 1 5 8 1 7 2 9 3 3 2 3 5 1 14 2 1 12 14 15 14 1 
20
0   0   0   0   0   0   0   0   0   0   0   0   0   0   0   0   0   0   0   0   
-4   0   0   -7   0   -6   1   -7   -1   4   11   -5   10   1   4   -2   9   -3   -6   0   
2   0   -4   0   -4   0   5   1   2   0   0   3   -2   0   4   -3   -2   -5   3   2   
1   -2   0   0   0   -1   0   -1   0   -2   2   0   1   0   0   0   1   -2   1   -1   
2   -3   2   -8   2   -4   2   0   7   -7   2   -2   9   -2   5   -5   -1   -3   5   -3   
-1   5   -2   3   3   0   -4   6   2   0   -1   1   -5   0   -3   0   5   1   -4   0   
2   -5   7   -8   6   -8   0   -4   5   -4   7   -5   2   -7   3   -5   7   -2   7   -1   
5   -6   1   -9   -3   0   1   -1   0   -9   1   -5   6   -4   -5   0   9   -4   6   5   
-2   6   -1   -2   -3   14   -3   8   -2   -2   3   0   -7   1   2   -5   -12   4   2   4   
-1   -1   0   0   0   1   -5   0   0   0   1   3   0   1   -4   4   -1   1   -3   -1   
0   -3   9   -11   8   2   1   -3   6   -5   5   -6   4   -1   5   -9   7   -11   8   -3   
-10   8   -3   7   0   11   -11   11   -7   7   -6   1   0   8   -4   9   -7   2   -4   6   
-4   3   -3   10   -3   7   -2   6   -2   3   -7   5   -4   2   -5   5   -6   9   -3   4   
1   2   -5   6   -1   3   -3   1   -2   2   -2   5   -4   1   -2   2   -4   -1   -2   0   
3   0   0   -1   1   1   1   -1   0   -1   1   0   0   -1   0   0   2   -3   1   0   
4   5   -5   5   -2   5   -5   2   -3   1   -7   8   -7   2   -9   5   -8   5   -8   7   
1   1   0   10   -1   1   -7   9   -2   7   1   -1   -4   5   1   2   -5   12   -5   10   
1   -5   -3   -5   4   -8   -3   -6   7   -5   10   1   -1   -5   -2   -3   0   -10   2   -1   
-10   -1   -4   -4   -11   9   0   0   -3   9   -3   0   -1   10   -3   7   -11   1   -1   -5   
-1   2   -6   2   -6   2   -3   1   -3   0   -4   3   -2   -2   -1   3   -1   3   -2   0   
5   -13   5   -11   8   -4   5   2   9   0   2   -1   3   -8   8   0   2   -6   -1   0   
8   0   6   -6   4   -7   4   -2   4   -1   0   -9   -2   0   7   -1   7   -3   6   -2   
5   1   0   3   0   2   -6   0   -7   4   -6   1   0   0   -6   1   -7   1   -2   -4   
-6   8   -6   0   -1   4   -3   7   3   -4   -5   11   -10   7   -7   3   -5   1   -3   0   
0   0   0   -2   2   -3   -1   0   -2   2   1   1   0   0   0   1   -3   1   0   1   
-1   9   -12   7   -9   8   -6   1   -11   7   -11   4   -11   9   -10   8   -8   10   -10   9   
-12   5   -2   8   -4   9   -7   2   0   4   -4   2   -11   15   -9   0   -6   0   -7   9   
-1   0   0   3   0   0   -1   2   -1   1   -2   0   -1   3   -1   0   0   2   -2   4   
-7   8   0   7   -5   5   -6   2   -5   4   -3   3   -6   5   -7   4   -5   1   -5   5   
0   -8   1   -7   -1   -13   4   -11   0   -8   3   -8   5   -5   12   -4   7   -7   6   0   
1   0   2   0   1   -5   3   -5   0   -3   3   0   2   -2   1   -1   3   -2   -2   -3   
1   5   -5   2   1   4   -2   2   3   2   -1   0   -1   2   0   0   -1   2   3   -2   
-7   3   -8   -1   4   5   -6   -3   5   9   -8   1   -10   7   -10   8   -10   13   -6   7   
0   -2   0   1   -1   1   -1   0   0   0   0   0   0   0   0   0   0   0   0   0   
0   1   1   0   3   0   1   0   4   -1   4   -3   2   -1   2   0   0   -4   0   -1   
4   6   1   6   -9   2   -4   0   0   3   -2   8   -4   0   -4   1   -2   7   -2   3   
-9   11   -15   3   -4   1   -14   12   -11   13   -2   11   -6   5   0   13   -12   1   -9   0   
-4   -2   -3   3   0   4   6   1   2   0   -5   11   -6   7   6   5   -4   8   -2   2   
0   2   0   4   2   0   0   -3   0   0   -7   0   -3   -1   2   4   10   -6   -5   -2   
0   -2   1   -3   0   -3   2   -1   2   -3   3   -1   2   -3   2   -2   1   -2   1   -1   
0   55.2311   49.2415   71.0803   50.9065   38.8806   64.9313   64.8905   67.2263   40.5072   62.4419   50.5749   47.807   75.258   63.8368   27.1655   38.5497   70.0104   56.9835   50.2353   49.2415   64.9902   71.2783   68   79.6127   55.1548   67.5315   69.0727   51.1725   29.4222   39.0799   78.8516   60.6155   68   86.3738   80.407   65   73.4975   85.9333   27.3693   
41.2311   0   69.6684   108.641   57.5106   55.4253   98.0485   88.5702   84.4471   81.7382   44.4094   90.6938   57.3553   67.4603   48.313   68.3966   52.5707   67.0114   71.2783   42.2094   46.6155   91.4709   56.4005   109.231   67.6488   81.192   78.8218   82.9384   85.6941   70.6533   80.3109   64.9473   85.0652   97.8679   61.8803   58.0588   75.9902   114.729   63.9444   56.2278   
33.2415   45.31   0   96.5903   38.1655   59.8293   51.9253   42.4469   38.3238   73.7487   51.2583   70.648   68.4738   99.4703   47.0156   60.4071   45.0644   92.6324   28.0623   41.4591   78.3259   40.2036   55.6155   88.4505   101.801   76.2631   43.0278   102.314   76.4198   41.2488   59.4433   99.6637   60.6006   94.1025   104.735   74.1699   34.4642   98.7329   103.735   46.1359   
56.0803   94.6414   82.4621   0   105.215   85.1249   95.0623   99.7173   103.815   54.0062   118.522   41.6633   79.5059   101.761   119.917   63.2866   86.8431   97.169   105.524   106.316   96.2591   105.099   127.106   30.1333   103.595   47.6816   111.662   83.2217   55.1214   71.827   61.3898   109.022   71.2286   56.0555   112.421   136.42   114.986   23.0623   112.591   83.4496   
35.9026   35.5106   12.1655   89.5545   0   58.72   63.1276   53.6492   49.5261   76.4098   43.1675   81.0637   71.9872   96.9506   38.9249   63.0682   50.7175   89.214   34.53   35.5529   70.3249   48.9531   39.6716   97.8023   94.8974   79.846   44.4307   104.159   75.9839   50.6006   65.669   88.2026   63.7772   96.6161   91.201   60.3412   36   99.9773   90.4003   39.5372   
20.8806   28.4253   45.793   67.1193   42.72   0   84.814   85.7711   84.1168   51.4006   60.3387   61.1736   31.0554   55.6064   61.7336   39.8035   41.7648   55.0689   69.3259   48.1321   38.1529   85.8708   70.2228   83.2482   51.4833   56.4433   87.1508   58.5793   52.4795   50.3028   59.9605   60.1059   68.4243   63.8292   54.4462   73.4643   78.72   76.1772   53.4462   48.2499   
50.9313   75.9605   31.257   80.0062   43.0465   69.814   0   37.7703   37.0475   84.0011   82.5153   72.4233   91.4199   125.42   78.2726   77.3264   75.6039   117.494   54.4583   72.7161   99.4863   34.8114   81.3363   85.7417   121.297   82.603   48.178   120.004   86.0095   57.0135   50.4005   121.343   46.3311   112.157   124.26   91.1183   56.3363   92   123.26   65.4863   
48.0208   67.7791   22.4722   84.7172   33.541   65.0692   10.7703   0   21.1231   86.7556   70.2426   78.3699   88.4707   120.676   66   75.1864   67.5367   115.105   44   63.9313   95.3113   28.831   65.8035   88.5674   116.553   89.2025   44.4929   117.094   84.5195   57.4683   57   115.675   44.6356   107.56   119.515   82.6201   45.5707   102.655   118.515   61.3113   
51   68.4471   23.3238   88.8144   33.5261   67.3573   13.6015   4.12311   0   90.8787   71.6273   82.493   89   122.794   67.9449   78.1655   68.3883   112.426   40.883   64.7829   94.1665   21.2361   63.2544   92.6905   118.841   88.1642   29.8661   120.073   88.6426   57.8973   61.1231   113.494   48.7587   107.145   121.803   86.7432   48.5153   105.601   120.803   65.4344   
25.4951   59.4138   58.0086   35.8469   61.3922   31.4006   68.8767   68.9638   72.5328   0   87.0694   37.0894   42.6368   65.4804   89.3319   30.2717   52.9103   58.1022   80.0303   75.7304   58.4261   90.4853   96.7734   51.4793   65.7335   22.3246   92.5578   53.4382   16.2361   54.9173   51.6006   81.2268   69.0435   39.6155   83.0339   102.464   90.4951   56.6228   84.0085   52.8644   
48.4149   23.4094   34.3657   104.484   22.2036   45.1221   65.0077   55.0818   54.4518   72.0694   0   96.1593   72.7587   90.8697   31.2426   74.5628   50.3553   88.6108   56.7336   37.2066   68.107   71.1567   40   111.591   91.0582   94.394   66.6344   103.701   88.3055   70.0075   84.2155   84.3514   85.9808   108.951   85.2897   31.6205   58.2036   114.923   87.3538   54.4833   
31.241   71.6938   56.648   25.9422   63.6318   46.1736   58.0517   61.0082   65   19.6469   79.2465   0   62.2837   85.1272   95.0778   49.4094   62.8039   77.749   81.6684   81.4763   78.073   82.1249   99.4459   35.868   85.3804   36.7648   88.3119   73.0851   35.883   47.4631   38.0227   100.874   53.7343   59.2624   100.62   110.867   91.1123   34.6011   99.6198   58.6103   
25.807   35.3553   54.1202   63.5059   51.6624   9.05539   76.4199   72.4707   75   27.8568   53.7587   45.2769   0   48.0203   70.789   48.1948   38.4094   37.2036   78.3813   57.1875   33.2788   90.7972   79.2782   79.3361   44.8058   50.1813   88.0139   50.541   44.0928   55.2292   64.8868   51.4279   77.4796   57.6197   53.1141   82.5197   87.6624   79.878   55.7851   53.1763   
58.258   53.4603   85.4459   81.2219   80.9506   39.8246   108.977   104.805   107.168   51.4198   76.4853   71.0634   32.5576   0   94.5123   68.2353   69.4059   26.7254   106.742   82.6402   49.1141   122.358   103.739   102.899   18.1231   73.7444   120.572   44.095   67.6559   87.6803   97.3379   38.4238   108.249   61.7056   31.4536   101.144   112.949   104.284   31.2127   82.5368   
49.0918   27.313   32.0156   105   19.9249   47.5184   62.1289   52   51.1566   73.3485   4.24264   79.511   56.3205   80.05   0   76.2573   54.598   88.1369   53.9473   35.6015   63.3982   66.8212   33.2195   114.29   94.9618   95.673   54.4605   106.098   89.5846   67.0882   85.5939   87.192   78.405   105.139   89.1933   35.8631   44.4605   114.112   91.2574   58.6431   
12.1655   48.8262   45.0444   46.0109   48.0521   22.8035   59.0762   57.7754   61.0983   13.3417   59.3633   23.4094   23.1948   53.2353   60.4152   0   43.2074   60.3984   69.149   62.4009   51.9026   77.1557   83.4438   59.2774   68.0007   31.4929   79.697   60.2277   29.5777   41.5877   48.9258   73.6118   58.2884   52.9572   74.7235   90.9838   77.0322   56.2244   73.7235   39.5348   
14.7648   26.5707   31.0644   70.0071   28.4429   14.7648   56.6039   50.9902   53.0377   36.7151   35.3553   45.8039   23.4094   54.4059   36.7696   24.2074   0   60.613   51.5766   46.2594   41.8254   66.4023   66.643   81.6719   65.8556   55.6173   68.3425   73.3442   52.9512   43.7045   53.8447   72.8039   61.4072   70.6004   69.211   66.9758   61.9222   80.405   68.211   28.1803   
48.0104   44.0114   74.6324   76.4853   70.214   29.0689   98.4937   94.1116   96.4261   44.1022   66.6108   63.5059   22.2036   10.8167   70.0357   44.0114   43.6005   0   95.177   77.201   49.7386   110.003   99.2917   95.5815   28.9398   66.4267   110.114   40.3238   60.3382   77.4326   85.6824   39.6015   97.4931   64.5441   41.0333   96.0064   105.523   92.3303   40.1327   71.7808   
41.1096   48.0208   8.06226   90.2497   12.53   52.3259   32.249   22   21.3776   66.0303   33.1361   64.5136   60.9262   91.586   30   53.0094   37.5766   80.7775   0   48.0829   71.6281   39.6469   49.4109   96.1184   103.432   84.3254   35.4868   108.92   82.2664   49.3111   60.7772   95.8084   57.598   101.052   103.731   58.9318   25.4868   97.4621   102.93   51.6142   
36.2353   19.2094   27.4591   92.3147   16.5529   34.1321   58.6941   49.7293   49.98   59.9416   12.2066   67.1789   43.0465   68.6222   13.6015   47.1699   23.2594   58.2409   29.0689   0   57.5261   65.506   36.0907   99.6329   82.192   78.6628   56.6611   92.7114   76.1777   59.1367   68.5894   81.0727   76.0446   93.8598   81.0897   41.8029   52.5529   101.78   83.1538   43.6125   
33.2415   20.6155   52.3259   79.2591   46.3249   13.1529   79.404   73.4098   75.1665   43.4166   42.107   59.203   16.2788   35.1141   45.3982   35.9026   22.8254   24.7386   57.6281   33.5261   0   89.2277   69.6168   94.8959   51.7805   65.7411   90.1872   65.0624   59.6527   62.6637   72.3214   43.3452   80.2193   67.6308   45.4138   73.7275   82.3249   89.3301   44.4138   51.0058   
50.9902   67.082   22.2036   90.0944   31.9531   66.8431   15.8114   5.83095   2.23607   73.0068   52.6118   66.0303   74.6324   106.668   49.2544   61.3514   52.4023   95.901   19.6469   48.4665   74.3303   0   65.4905   94.3984   118.258   90.4003   32.1021   120.063   89.2429   60.1334   61.1022   113.673   50.4666   109.381   119.744   78.5786   45.1337   96.0366   118.744   62.2019   
55.9017   36.4005   33.6155   111.221   22.6716   56.2228   61.3922   50.8035   49.2544   80.7775   13   85.4459   65.123   89.2693   9.21954   67.624   44.643   79.2465   29.4109   22.0907   54.5894   47.1699   0   120.474   104.049   99.1168   52   114.802   95.9938   73.2722   88.3406   93.3303   82.1193   114.358   98.2808   41   42   120.047   97.3449   60.909   
50   90.5539   72.5603   13.6015   80.8022   64.622   67.1863   72.5672   76.6877   35.3553   97.591   18.868   62.8172   85.2877   97.6217   42.0476   64.6375   79.0253   80.0625   85.6329   77.4919   78.1025   103.078   0   101.089   50.3693   102.476   83.3758   51.5914   66.2017   56.8907   111.384   59.9318   61.4716   114.43   127.436   105.549   25.0711   115.085   77.3693   
56.6127   49.6488   82.801   82.6075   77.8974   37.4833   107.056   102.552   104.805   51.6236   72.7805   71.1969   30.8058   4.12311   76.4003   52.3927   51.8556   8.60233   88.7525   65.192   31.7805   104.235   85.6154   86.0523   0   71.3149   116.404   48.2181   67.8597   86.0349   94.2847   27.6015   105.694   62.5395   30   98.2166   113.778   100.933   34.6301   76.2415   
29.1548   65.192   60.407   29.6816   64.846   37.4433   68.352   69.4262   73.1642   6.32456   76.8505   14.7648   34.176   56.8859   77.8974   17.4929   41.6173   50.01   68.469   64.6607   49.6488   73.8241   85   29.1548   57.3149   0   94.0619   59.7628   22.5606   52.0143   46.2025   84.9164   68.4991   41.095   80.0077   106.464   93.9558   48.2982   79.0077   56.5241   
50.9902   58.8218   18.0278   96.566   23.4307   63.5295   28.178   17.4929   14.8661   75.1665   41.7612   71.3863   72.0139   102.927   38.0789   62.514   48.7647   92.1141   11.4018   39.6611   69.029   12.6491   35   85.44   100.125   77.0065   0   120.063   91.2186   56.0476   72.179   107.21   62.1285   112.13   114.443   70.3335   36.8886   105.6   113.443   62.1622   
55.0727   64.9384   86.7295   63.1981   85.1469   42.5793   105.209   103.078   106.066   39.4081   86.0523   58.1808   33.541   21.095   89   46.2277   56.7539   23.3238   93.9202   76.1052   44.4072   106.005   98.0204   69.3758   24.2074   43.4166   104.752   0   52.2022   84.2422   89.6191   51.8089   101.172   46.1662   50.2053   116.044   118.676   84.3482   50.8281   81.622   
26.1725   58.6941   59.0085   37.1214   61.9839   30.4795   70.6612   70.5195   74.0405   2.23607   72.0069   21.8403   26.4008   49.2443   73.4098   14.0357   36.6742   42.0476   67   59.9333   42.19   74.4648   80.9938   37.2156   49.4975   8.06226   76.3217   37.2022   0   55.5947   50.609   77.0989   70.0104   36.2354   74.0088   101.736   91.0679   51.2415   80.457   53.5418   
14.4222   50.636   26.2488   56.3649   33.6006   34.9285   37.0135   35.4683   38.8973   33.7343   51.614   30.4631   40.2244   72.6223   51.0882   22.3607   25.02   62.426   34.2053   40.3113   46.5725   39.2938   55.9732   47.2017   71.0282   35.0143   42.0476   68.2422   35.171   0   36.3178   89.9178   46.6469   71.3415   89.3747   82.1142   59.6921   65.0642   88.3747   33.5242   
25.0799   64.5368   37.4433   46.3249   46.669   45.7056   36.4005   39   43.0116   33.6006   65.7343   22.0227   49.0408   80.1311   65   26.9258   38.3275   70.6824   44.7772   54.5894   58.3095   44.1022   69.3109   35.3412   79.1581   32.2025   50.2892   72.1388   35.609   14.3178   0   100.469   28.53   71.8444   100.152   96.3923   70.2641   56.6238   99.1517   47.842   
53.8516   37.9473   75.6637   89.0225   69.2026   33.1059   102.343   96.6747   98.4937   55.2268   61.3514   74   29.4279   17.72   65.192   52.6118   45.8039   13.6015   80.8084   55.0727   23.3452   97.6729   74.3303   90.5539   13.6015   61.4003   92.1954   36.2353   53.3385   68.0294   78.1601   0   101.53   69.9017   27.0623   86.7107   105.203   104.58   29.2111   73.8595   
33.6155   69.0652   33.6006   56.2228   44.7772   54.4243   24.3311   28.6356   32.7567   46.0435   65.9242   33.7343   59.0593   90.9725   64.405   38.2884   44.4072   81.1234   39.598   56.0446   66.2193   34.2053   67.1193   43.9318   89.6939   44.7214   42.5441   84.1724   48.0104   19.6469   12.53   87.4643   0   83.7647   108.87   97.5447   65.0848   68.3353   107.87   53.1711   
45   71.8679   78.1025   36.0555   80.399   43.8292   89.1572   89.56   93.145   20.6155   88.2553   34.6554   36.6197   45.7056   90.1388   33.0606   53.6004   42.5441   86.0523   76.5376   52.6308   93.6216   98.2344   42.72   47.5395   21.095   95.5249   27.1662   19.2354   54.3415   53.2353   55.9017   65.7647   0   73.921   117.293   109   53.4005   76.9182   72.3693   
60.3738   45.8803   83.4506   91.4112   77.201   39.9625   109.622   104.235   106.151   59.0339   69.2892   78.3135   35.1141   13.4536   73.1642   57.9741   53.2635   15.0333   88.7299   63.1348   31.1448   105.38   82.28   94.0479   10   65   100.125   34.2053   57.0088   74.7061   84.1546   8.06226   93.9415   56.921   0   94.7729   112.231   107.364   19   79.2028   
64.0312   34.0588   47.1699   120.104   35.3412   59.4643   76.1183   65.6201   64.195   87.4643   15.6205   94.8472   67.72   87.1436   15.8114   74.8866   50.774   78.0064   43.9318   27.8029   54.4518   62.1289   15   113.137   83.2166   92.358   50   98.8585   87.3212   66.8431   80.8022   70.7107   80.0625   103.078   78.2624   0   57   129.448   93.2787   70.0377   
50   50.9902   17.4642   99.7246   17   59.4643   37.3363   26.5707   24.5153   75.1665   32.311   74   68.3081   97.949   28.4605   62.0322   44.9222   87.2067   9.48683   31.8277   63.2851   22.3607   25   89.4427   94.8947   77.7817   10   101.651   76.0592   43.6807   54.1202   86.0233   48.2701   95   94.0479   40   0   106.949   107.4   56.5372   
49.4975   89.0505   74.7329   8.06226   82.1523   62.1772   72   76.6551   80.7527   31.6228   97.7446   18.6011   59.4643   80.025   98.0816   40.2244   63.7809   74.3303   82.4621   85.6329   74.7329   82.0366   104.043   7.07107   81.0247   25.2982   88.6002   63.3482   33.2415   48.7647   38.3275   86.3134   48.1664   36.4005   89.3588   113.358   91.9239   0   104.306   76.8668   
59.9333   44.9444   82.7345   91.5915   76.4003   39.4462   109.041   103.586   105.475   59.0085   68.352   78.2304   34.7851   14.2127   72.2357   57.7235   52.6308   15.1327   87.9659   62.2656   30.4138   104.69   81.3449   94.0851   10.6301   65.0077   99.3579   34.8281   57   74.2428   83.8153   7.2111   93.5201   57.2451   1   77.2787   93.2309   89.4539   0   80.2028   
12.3693   35.2278   22.1359   67.424   23.5372   24.7588   45.4863   40.3113   42.638   37.855   37.4833   41.8688   32.45   64.5368   37.6431   24.5153   11.1803   53.8145   29.6142   25.6125   34   42.2019   43.909   60.1082   62.2415   41.4367   40.1622   64.622   38.4708   15.5242   29.7321   56.8595   34.0147   57.0789   64.2028   53.0377   38.1182   60.4401   63.6003   0   
