15
60
999999 6 13 9 13 13 11 12 5 11 12 8 5 10 8 14 10 13 14 15 12 7 10 15 11 10 15 8 6 12 16 16 15 13 7 13 16 10 13 16 14 7 6 6 10 12 17 12 13 10 16 9 11 16 10 5 5 13 14 10 
0 4 10 1 5 7 7 2 3 2 8 2 1 6 5 5 8 1 5 11 7 3 7 10 10 6 12 2 1 5 12 4 10 1 3 8 7 9 10 10 12 1 2 4 5 3 4 4 8 1 6 7 3 10 7 3 1 9 3 6 
20
0   0   0   0   0   0   0   0   0   0   0   0   0   0   0   0   0   0   0   0   
1   -2   -1   0   -1   0   1   2   -1   1   -1   4   0   1   -1   0   -1   2   -2   3   
1   6   -9   4   -6   7   -4   9   -13   3   -4   7   -13   9   -5   12   -10   9   -7   9   
-4   2   -6   0   1   2   -1   4   -4   6   1   5   -6   3   -4   1   0   2   -3   3   
0   6   1   4   -10   1   -3   -2   -2   4   -4   3   -1   8   -3   4   -3   -2   -3   6   
-8   13   -11   9   3   9   -10   11   -8   9   -7   2   -10   4   -9   1   -5   9   -10   4   
-1   -5   4   0   0   -4   3   0   3   -4   1   -5   3   -4   5   -1   0   -6   -2   -3   
2   -2   2   -3   11   -5   6   6   1   -3   8   -7   -1   -4   7   -1   10   -11   8   -10   
0   -1   0   2   0   0   0   0   0   0   0   -1   0   0   0   0   0   1   0   0   
-2   5   -1   0   -4   4   0   1   0   0   -3   2   -9   3   -6   4   -9   7   -3   1   
5   -4   2   -4   -2   -10   2   0   -2   -7   3   0   1   -6   0   3   3   -6   4   -7   
-3   3   -1   1   -1   5   -1   5   -1   1   -1   6   -2   0   -1   1   -3   4   -3   0   
2   0   0   -1   0   0   0   -1   0   0   3   0   0   -3   0   -1   0   1   0   -1   
1   -8   6   -8   2   0   5   -7   4   -6   5   -3   0   0   2   -6   1   -2   8   -5   
-2   4   -4   4   -4   4   -3   7   -2   5   -2   5   -3   5   -5   4   -8   5   -6   5   
-6   8   -2   4   1   12   2   5   -5   4   -1   4   -7   9   0   0   -1   9   0   6   
-4   1   -1   3   -6   0   -6   0   0   5   1   6   -2   8   0   0   0   0   3   3   
-9   11   -8   9   -10   8   -4   3   -10   7   -3   8   -8   -1   -1   4   -6   5   -7   7   
0   3   -4   0   0   7   -3   1   0   -2   -3   4   -5   -2   5   9   -7   5   0   5   
9   -4   11   -4   5   -10   4   0   15   -6   5   -3   0   2   2   -9   3   -6   5   -3   
-1   -2   -1   2   2   -9   5   -9   -6   -6   6   -4   0   8   1   -2   4   -7   8   -4   
-1   -5   -1   0   1   -2   2   -2   0   -1   0   -2   0   -1   2   -3   1   -2   0   0   
4   -5   4   0   2   -5   8   -3   6   0   5   -5   2   -4   3   -6   4   1   3   -3   
-3   -11   0   0   0   -6   2   9   4   -2   1   4   0   9   -11   0   -1   3   5   12   
0   -1   -2   -1   0   1   -2   2   -5   5   2   0   -7   2   -4   -3   3   1   -4   7   
8   1   2   -6   3   -9   7   0   5   -5   2   -5   6   -3   5   -5   0   -6   10   -4   
-15   12   -13   5   -15   13   -12   6   -11   8   0   2   -8   5   -10   15   -14   5   -11   8   
0   0   1   -1   1   0   2   -2   1   -4   0   -3   6   -3   0   0   7   -1   3   0   
-2   -1   2   0   0   0   -3   2   -1   3   -2   2   -2   2   0   0   -1   -2   -3   -1   
-8   7   -7   1   -4   4   0   9   -9   6   -10   2   -5   5   -12   9   -5   4   -5   7   
4   0   -7   -4   -10   0   2   0   5   -2   2   1   4   -8   2   -9   -6   -6   -6   -6   
-3   2   -13   5   -11   5   -9   4   -9   9   -9   11   -5   14   -7   2   -4   2   -6   6   
-11   11   -7   9   -1   9   -7   14   -13   13   -2   7   4   12   -5   7   -10   2   -6   10   
-1   2   0   -3   -2   5   3   -2   -1   -9   -6   10   0   0   -7   0   -8   -4   0   5   
-4   0   -1   0   1   2   -1   1   -1   3   -1   4   -4   6   -2   4   -5   4   -6   1   
-12   8   -9   7   -5   3   -9   9   -10   9   -4   2   -9   12   7   9   -7   6   -10   11   
-8   10   -1   7   -7   15   -7   0   -2   6   -13   6   -3   6   -14   9   -5   1   -3   13   
10   -5   5   0   5   -9   3   -9   2   -7   5   -4   5   -10   9   -5   3   -5   10   -9   
10   -6   9   -7   9   -3   0   0   7   -6   5   -9   6   1   4   -10   9   -8   10   -7   
7   -4   -1   -8   5   -12   7   0   8   -7   6   -4   8   -2   10   -14   5   -5   6   -12   
-4   10   -12   7   -5   9   -9   1   -9   3   -11   6   -9   4   -5   13   -6   10   -13   9   
4   2   0   -3   1   -3   3   0   3   -3   4   -2   3   -3   2   0   2   -1   1   -2   
-2   0   0   0   0   2   4   0   2   -1   1   -1   2   0   2   0   -1   3   0   1   
-4   1   -3   3   -2   4   -2   1   -3   4   -1   4   0   1   0   2   1   0   1   2   
-2   5   -4   3   -5   3   -3   10   -5   7   -8   2   -9   6   -9   3   -3   6   -8   1   
3   0   10   -4   5   3   -2   0   4   -3   3   -1   0   -6   10   -3   0   -9   -2   -1   
4   0   8   1   1   -5   4   -9   0   1   2   -8   4   7   -2   1   -2   7   0   -6   
-11   6   -2   4   -5   12   -6   9   -10   0   -1   8   -6   5   -5   5   -3   4   -12   12   
-10   7   -7   7   -8   13   -8   3   -8   11   -9   10   -10   9   -12   11   -3   2   -9   13   
1   -2   0   3   2   2   0   -1   3   -2   -2   -1   0   3   0   -4   1   0   -4   -3   
-8   14   -7   4   -14   12   -5   10   -7   6   -6   11   -14   13   -9   7   -12   7   -10   10   
1   -8   2   -6   4   -3   7   0   3   0   9   -4   0   -3   5   -4   2   -6   4   -2   
-1   2   3   -1   3   -3   -2   3   3   -2   1   3   4   -6   0   0   1   0   7   -2   
-6   2   -7   7   -9   6   -12   7   -1   -1   -2   0   -6   2   -10   14   -5   6   -12   13   
-4   0   -1   0   0   6   0   -1   0   3   -1   0   -3   5   0   4   -4   1   -3   -3   
-2   0   -1   2   -2   1   -2   2   -2   3   -3   1   -3   1   0   2   -2   1   -2   2   
0   1   0   1   -1   0   0   0   0   1   -2   1   0   0   -1   0   0   2   0   0   
-6   7   0   10   3   4   -4   5   -6   8   -11   2   0   0   -8   6   -4   5   -12   5   
6   -1   -4   -1   3   -3   2   -10   7   -7   6   0   9   -5   -1   -8   2   -7   10   -3   
0   1   -8   2   -2   3   -3   2   -7   1   0   5   2   3   -1   0   0   0   -3   5   
0   49.9289   60.1741   39.5539   42.2099   57.7107   71.4004   45.2746   44.846   49.6499   81.8311   74.1383   47.0666   53.9559   58.3341   72.8624   63.0294   34.0294   50.9559   67.6435   34.7756   62.1803   42.8087   53.7151   47.8938   62.9865   77.6657   64.1675   66.5177   66.106   35.4019   34.9345   56.6064   67.7235   75.959   19.1231   64.3327   37.2127   64.0521   35.9706   33.0278   74.3048   66.8114   39.252   64.3026   51   60.0111   35.1896   53.6563   57.8973   55.5753   73.5894   74.3546   47.9317   73.8516   71.2597   55.6105   34.1529   70.8845   84.3847   
34.5254   0   57.2666   64.7293   62.2581   45.8568   102.62   60.4185   70.5602   74.4914   102.744   69.7846   66.937   59.1745   81.1789   93.5242   75.6056   60.8252   57.111   100.183   63.4829   89.9763   62.3188   86.3908   73.5718   53.5035   105.33   69.0936   89.688   92.8126   40.3852   50.9565   75.1398   49.4193   52.0555   49.7648   33.4266   42.4591   98.5774   37.8035   35   63.3814   92.3217   67.8365   96.0065   80.7887   29.476   53.4833   18.1623   84.2353   24   104.404   106.796   44.5183   87.4831   37.8403   43.9258   68.6783   77.9528   104.385   
43.1741   43.2666   0   50.5067   85.384   32.2047   107.855   39.105   57.5479   53.1214   66.8255   107.037   87.9932   29.3246   101.508   59.2605   37.3992   52.805   34.2195   101.168   73.5814   67.2459   54.66   87.2393   91.0678   36.3693   114.997   24.2462   66.6125   74.4452   47.4006   52.0832   51.1214   41.3452   61.0555   62.2972   58.1433   66.0098   96.7759   56.0666   51.6742   106.648   65.676   68.2401   82.3483   60.4166   71.5178   78.0725   60.2041   94.7718   65.6773   81.1664   102.321   72.9711   41   49.541   87.1924   63.1411   114.059   72.1507   
25.5539   49.6488   30.4795   0   60.0977   56.7313   79.8444   33.5212   22.6158   31.629   56.3944   98.3013   67.1511   40.2389   77.1335   49.2942   44.119   23.2195   44.7115   70.9546   44.1789   46.7577   19.099   63.4507   68.0377   65.9102   87.3395   49.6271   40.2389   54.0333   48.0881   33.4222   36.4403   71.8247   76.6847   44.677   73.0345   62.4008   69.0061   44.9258   55   97.4297   45.8328   40.02   53.4819   37.0333   79.1248   60.7435   67.811   66.2445   64.8188   59.2278   74.4282   67.2769   48.0167   78.2353   70.2268   36   96.4384   55   
23.1948   47.0106   66.2873   46.0977   0   75.6744   57.7028   68.1351   65.3453   70.1684   99.5432   65.3021   24.0711   74.3024   39.095   90.3236   82.628   57.2242   71.3213   56.7822   36.5529   80.5848   59   49.1668   35.3137   80.9502   60.413   82.1312   85.6483   69.8145   53.3656   52.8982   74.5701   85.6872   95.7809   37.0868   80.4373   43.145   64.8131   58.0789   56.2226   61.6154   83.3702   47.8254   65.8262   73.6063   70.9533   31.4403   65.1729   39.318   68.6878   90.5282   61.0465   53.9258   90.8024   84.851   43.2947   51.9258   60.4683   87.9452   
40   27.8568   17.2047   38.3275   61.2699   0   110.503   43.6803   59.8803   63.6042   81.6393   95.136   83.7098   34.0312   96.2982   73.6042   51.4005   58.1231   31.0312   103.554   73.0655   78.6429   54   90.0931   87.8938   22.2801   114.086   39.0599   78.0748   85.8422   45.8473   51.8058   62.5184   36.8167   43.4094   58.5876   39.3654   59.0116   100.397   47.3238   43.9258   88.7329   77.0328   66.6624   89.2357   71.1507   57.3328   75.1896   46.0191   97.8973   43.9258   97.5554   109.272   59.1947   58.2047   30.7631   71   66.634   97   88.2681   
56.4004   88.5494   93.8136   64.4981   43.4166   95.483   0   89.3238   73.5128   75.0983   100.292   95.8841   63.1856   101.817   52.2634   93.9062   98.1844   72.0588   99.4306   26.2915   58.7816   72.5631   74.9268   34.6155   55.8162   116.94   20.1231   108.109   86.2245   62.1736   89.355   83.6037   79.0917   121.151   131.77   73.0762   120.733   77.327   39.0887   89.2462   89.4281   105.032   83.7379   62.8884   54.205   73.4517   114.37   74.8569   106.712   42.1662   104.884   75.0946   24.0554   89.6419   106.417   126.246   86.7113   70.1664   90.0357   90.0278   
29.2746   44.4185   19.105   11.4018   52.0096   28.1603   75.1665   0   34.0175   41.4165   56.19   99.1163   76.0807   33.6491   87.4721   50.121   34.7648   34.6213   30.6491   80.2193   54.9008   54.5106   30.5008   69.7083   77.1683   45.8568   95.2896   41.1555   50.8058   58.1545   43.1725   42.2971   39.4165   56.0789   67.1957   47.0483   67.5256   62.8534   80.0517   48.3452   47.1448   96.7727   57.2346   49.5595   64.8836   45.2982   71.8433   64.4642   60.5296   77.1102   65.8808   70.6296   85.83   60.9444   49.0799   58.9233   69.5698   44.4605   97.0562   65.025   
27.5862   55.5428   37.8021   7.61577   45.31   45.8803   58.6003   18.868   0   26   54.1782   101.448   66.3501   47.8546   74.8035   47.0781   46.6982   26.3693   47.8587   66.8257   43.2066   34.4165   22.2462   52.8973   64.9638   60.5188   78.7234   47.3017   38.0227   48.2462   51.919   36.6469   30.7082   74.9468   84.3005   46.241   80.6502   62.5134   60.6232   48.7567   60.614   101.891   37.6716   36.8035   53.1779   31.2462   85.0188   62.7758   73.7051   67.6905   72.4346   43.8617   71.1077   71.1698   52.541   76.6433   77.8426   36.3848   96.492   46.8329   
32.5269   59.4811   38.0789   10.0499   50.1597   47.8539   61.0983   19.9249   5   0   47.0644   105.38   71.0973   48.8938   79.8035   38.3607   36.8087   31.3693   48.0156   68.8015   47.6997   30   27.2462   57.8973   69.9638   63.1275   81.192   46.6497   31.5563   39.3238   54.0485   37.7697   16   75.9741   86.7346   51.241   83.0843   63.6602   59.4314   52.6879   65.0499   105.336   35.8045   41.8035   43.9072   27.3852   87.2652   66.4309   77.6434   67.2494   71.6127   48.8617   76.1077   67.6004   52.3645   78.617   79.8035   37.2594   101.492   49   
64.8151   86.6083   50.8035   39.6232   82.7345   66.7608   85.1469   42.19   37.7359   32.7567   0   137.421   103.784   65.1957   111.293   23.2195   45.3645   62.8428   66.264   89.1737   80.3867   49.0179   58.7222   86.012   102.7   82.2945   103.236   61.9078   40.1555   53.1182   85.0074   70.5264   48.7567   92.1488   103.701   83.9382   106.125   96.3472   82.4003   84.549   89.3349   137.053   39.2627   74.5394   69.0977   50.311   114.033   99.1876   102.72   94.9177   104.369   51.3417   90.2365   100.357   44.0192   97.5225   109.85   69.9464   134.228   38.3417   
58.4123   52.0384   91.7606   83.8153   45.2769   78.9177   81.8841   85   85.7963   90.7855   123.227   0   61.2311   102.884   74.3275   129.146   113.765   92.4417   99.9919   98.225   79.6657   116.015   96.8929   90.0338   65.3356   101.198   98.3893   112.284   122.342   112.6   76.9268   85.4911   106.785   98.2664   101.215   74.1998   82.2738   65.3113   106.256   78.7835   71.6083   31.4031   122.593   87.692   111.103   106.8   72.8912   60.9487   67.0094   80.7608   72.2398   125.031   99.6463   56.3113   125.018   89.8788   49.5466   82.593   36   132.629   
30.0666   50.9117   72.9932   53.1507   7.07107   67.2309   43.1856   59.0339   52.2015   57.0088   89.4707   41.2311   0   81.3734   33.2788   95.2615   87.8878   59.0182   78.3923   57.9839   43.624   81.2594   62.8711   47.7536   23.0554   88.0213   63.3088   89.2023   87.8003   75.9073   60.4367   59.9692   72.9177   92.7583   101.015   44.1579   84.3383   41.1583   66.2443   61.8419   57.3104   62.4166   87.8378   45.5466   67.9073   72.0453   71.9389   29.4536   69.074   45.1725   74.8365   90.276   58.2832   57.4138   97.8478   88.752   50.3658   47.8378   50.5287   95.0163   
36.8782   39.6989   6.32456   25.2389   60.0167   16.4924   87.8009   13.8924   32.7567   33.6155   50.2892   86.6487   66.7533   0   94.0812   59.9762   37.9249   48.4584   26   94.1118   66.5395   63.0183   44.3379   83.6008   84.6419   34.3178   107.924   30.5708   60   70.2176   45.9615   42.7697   46.8938   47.0799   59.2099   56.0013   55.8578   62.0999   90.3593   47.3311   52.3209   100.308   69.42   63.452   75.9317   54   69.1749   70.0089   57.8611   91.0026   60.4182   70.8859   96.4678   62.5725   47.3246   47.2555   78.28   58.3529   98.5464   73.0392   
43.3244   67.1789   86.4002   63.0079   21.095   82.2982   31.7805   70.7107   60.2993   64.6297   95.6033   50.2494   16.2788   80.0812   0   102.074   97.0542   68.2653   92.0188   55.2632   47.2415   87.0647   78.0998   46.2062   35.4403   101.727   51.9036   103.226   96.1861   76.2944   74.4606   73.9932   80.6297   106.782   114.802   58.1818   99.8709   56.4032   63.2941   75.0339   72.5553   73.0906   97.9708   58   73.1402   83.561   87.1838   44.6985   85.3411   37.799   83.2915   97.1332   55.8359   64.6905   111   101.833   64.3897   64.1167   56.3275   107.132   
55.8032   77.5242   43.1045   30.4795   74.3236   58.4637   79.9062   33.121   29.0689   24.1661   9.21954   114.202   81.1542   41.9762   88.0738   0   40.2036   53.699   63.3173   85.0507   71.8658   38.885   49.5785   79.9445   94.0326   69.3263   100.012   52.137   31.0554   49.545   76.2935   61.9358   40.1661   83.2893   95.4367   74.9263   97.829   87.8263   72.8268   74.8032   77.4114   127.909   27.7047   65.8724   60.2066   44.5153   104.964   90.597   93.6506   91.4155   95.2983   40.2066   90.2779   91.7665   34.2485   89.2267   100.706   61.4255   124.378   27.2066   
43.4166   57.6281   21   20.0998   65.4905   36.4005   83.2586   14.7648   24.6982   22.4722   30.3645   99.7647   72.5603   19.9249   83.0542   22.2036   0   43   39.0238   91.0543   64.2786   52.4722   39.1988   77.5955   87.1105   47.1361   103.321   33.1529   42.7697   61.796   57.9373   44.7321   38.4722   60.1814   76.0351   61.8132   75.7659   73.5428   79.4425   57.8021   61.9096   111.417   49.9083   59.149   63.9183   49.8574   86.6081   78.56   75.2944   86.3443   71.3173   62.4102   94.528   75.7092   26.4403   67.1636   84.3278   54.05   111.821   49.4102   
17.0294   45.5412   35.805   9.21954   36.8782   39.8246   58.0086   17.4642   10.8167   15.6205   47.8017   75.4321   43.9318   29.8329   54.0833   38.833   29   0   45.7356   63.5177   38.6206   45.2331   20.1231   55.7666   60   61.0119   75.8547   53.6155   47.1768   49   40.0768   37.0499   31.6205   65.6063   83.0672   36.1525   71.4358   45.1127   64.2359   39.0217   50.0571   90.2765   48.4882   33.2794   54.9848   41.7883   72.2318   52.219   62.6621   60.4626   56.5793   54.6784   70.8184   53.0132   55.4403   70.5877   70.7244   28.1803   86.6003   57.6495   
33.9559   37.4833   9.21954   23.7065   57.0701   16.0312   85.4283   12.6491   31.305   32.573   51.264   83.8153   63.7887   3   77.201   42.72   21.0238   27.5862   0   91.1039   63.8836   62.1401   42.8056   81.0295   81.8496   37.3178   103.441   33.4658   61.107   68.9473   40.5398   43.0238   46.0156   47.4951   54.6394   52.2345   55.3966   58.4014   88.3066   37.3776   44.4605   96.6226   65.0111   58.5423   73.879   51.9473   65.2624   69.1455   53.9487   86.0929   57.4683   73.8859   94.2465   65.5725   47.0689   46.7943   74.4059   53.4433   94.604   69.9266   
50.5371   84.1546   85.1469   55.2178   42   88.2383   11   66.2193   48.8774   50.9902   74.1687   84.2021   43.566   79.3095   35.8469   69.0507   73.3553   49.5177   77.1038   0   56.0945   60.3897   68.8556   31.9284   52.9285   106.46   31.1231   96.179   77.3514   53.0713   83.9638   72.4891   66.9902   113.02   126.496   69.6602   114.87   77.4391   33.2694   82.888   83.5649   103.615   74.6855   56.8917   45.0713   67.6324   108.572   66.0865   102.317   36.3468   97.3449   69.2753   18.2361   89.4906   99.7956   114.615   84.1158   66.6079   92.1744   87.0328   
12.8062   46.1736   53.8516   30.1496   16.5529   52.4976   43.6005   37.4833   28.7924   33.6155   66.1891   59.6657   23.4094   47.5395   33.2415   57.7754   50.01   21.0238   44.7772   38.0789   0   58.4725   41.1469   44.1661   45.0217   71.8595   63.7236   72.0519   65.1718   55.5241   47.9313   42.7697   49.6155   80.2529   88.7653   31.6525   77.139   37.0238   56.1374   48.7768   45.834   78.1684   65.9692   22.4031   60.4683   54.6477   72.2655   41.8087   64.3359   52.1725   60.3244   67.9902   56.3149   46.0167   74.1332   83.0328   51.7351   30.4403   73.9381   75.6252   
45.2769   74.9533   52.5547   26.0192   58.4123   63.6396   57.3149   35.5106   19.4165   16   28.0179   101.912   64.6375   48.7647   68.7095   22.8035   33.8378   29.7321   48.0521   46.3897   42.45   0   41.6627   59.5933   81.8276   79.1275   77.438   62.6497   35.9284   28.7703   69.8089   53.7697   32   87.5459   102.691   64.4   99.0537   74.8448   50.9559   68.1732   78.3047   118.671   33.1803   55.0694   36.4391   32.1803   101.964   80.4665   92.3942   77.1957   86.3115   34.4868   64.6257   81.1193   57.052   94.4027   94.1851   53.2594   115.166   35.5242   
20.8087   47.2969   33.3017   5.09902   41   39   60.7454   14.4222   8.24621   12.53   44.0454   79.2023   48.0521   27.5862   58.0345   35   25.02   4.12311   25.6125   51.8556   25.0799   27.6586   0   57.3113   63.26   60.279   79.6607   44.4138   44.0863   46.257   44.1999   37.4018   28.53   66.6588   80.2519   39.9318   71.0789   49.2358   64.2041   43.1448   52.0161   93.1146   45.9178   35.0998   56.4372   36.4924   76.3549   55.9983   65.4592   64.5857   60.7024   52.108   70.0916   57.1363   51.4603   69.7631   65.9117   32.3034   88.5603   55.0791   
36.7151   70.2282   73.2393   44.2832   29.4279   75.0733   20.6155   54.7083   38.8973   41.9762   69.4622   73.5391   32.311   67.2012   29.2062   63.0079   63.5689   37.4433   64.8151   13.9284   24.1661   41.5933   40.3113   0   41.3131   94.5175   40.7386   84.7251   72.8454   48.8938   72.0974   61.5533   57.9762   103.05   112.201   55.8186   101.048   58.9318   33   72.2541   69.7429   91.0433   69.2398   46.4307   45.4951   63.2046   96.4316   57.0512   88.3905   23.8489   84.4904   63.8188   32.1645   70.1828   90.0092   104.906   71.0089   53.5862   82.6099   72.0701   
32.8938   58.258   75.9605   53.0377   11.3137   72.0694   34.1321   60.407   50.8035   55.3173   86.977   49.3356   9.05539   69.6419   10.4403   79.1202   73   44   66.7608   34.9285   23.0217   60.8276   48.0104   24.6982   0   92.2639   54.2552   90.2473   86.8736   71.1664   64.6793   60.0977   71.3173   96.1775   105.088   48.4005   91.6847   50.2137   57.6982   68.2107   60.4004   71.472   88.4751   45.4249   63.1664   73.7083   80.9943   38.509   76.4203   40.4642   73.6142   88.517   53.1646   55.0132   97.1549   92.2334   54.6084   53.462   57.0789   96.3518   
44.7772   35.1141   12.3693   38.9102   66.8506   7.28011   99.0858   27.8568   46.5188   47.7598   63.1506   86.1452   73.0548   14.3178   87.7268   55.3263   33.1361   42.0119   15.2315   91.2853   56.8595   63.0635   40.4969   78.5175   77.3886   0   116.741   36.6155   74.3178   84.1789   42.8617   52.9706   61.2116   29.0454   41.0208   61.0567   43.8329   66.2917   103.052   45.7924   51.2059   96.013   75.2115   69.3173   88.3553   67.1789   62.1411   77.8769   53.2764   101.324   49.2053   85.2037   109.478   66.4748   53.3693   38.0432   75.0345   68.6748   104.024   82.5329   
59.6657   91.3017   97.6524   68.4763   45.5412   98.9949   4.12311   79.0759   62.6498   65.192   89.202   82.3893   44.7214   91.6079   32.1403   84.0119   87.3212   61.8547   89.202   15.0333   46.8615   61.4003   64.6607   24.4131   35.6931   102.728   0   109.074   90.3476   66.2967   92.4801   83.8246   81.192   124.793   134.615   76.2013   123.998   81.4501   43.2118   92.4403   92.6935   100.052   87.861   62.4236   58.3281   75.6847   112.339   74.175   109.435   42.095   104.691   79.0312   28.1785   86.0902   110.54   127.927   88.8359   70.8556   84.4557   91.0592   
44.0454   49.679   8.24621   26.6271   67.1863   25.0599   91.0659   16.1555   33.3017   32.6497   42.5793   96.2081   74.108   10   86.4928   35.0143   13.1529   33.6155   12.53   81.8413   53.3667   46.0652   30.4138   70.7107   76.1183   20.6155   95.0158   0   55.9227   71.9735   53.0698   47.1496   48.6497   49.5914   61.6364   63.1685   64.4253   70.7587   92.0725   49.9075   56.9905   109.153   62.719   65.5136   76.5483   57.8021   76.245   79.2351   64.9313   92.8716   68.9858   75.1413   100.077   72.5725   36.8885   55.823   82.7308   60.616   107.134   62.2208   
49.5177   74.3236   44.4072   25.2389   66.6483   58.1378   70.859   30.8058   22.0227   17.0294   16.1555   107.815   73.3485   42   79.555   9.05539   23.7697   32.5269   42.107   60.0167   50.1199   13.9284   29.0689   54.037   70.8378   56.0803   74.9667   36.8782   0   42.6982   71.0468   54.7991   33.0294   83.9512   96.7464   68.2637   97.5031   77.6396   64.8842   67.8845   77.9507   122.028   22.6056   58.8262   50.3675   34.1555   102.235   83.4603   91.3354   77.8859   88.6421   38.2047   78.1691   84.2922   43.3038   88.9008   94.9806   54.2888   117.629   29.2195   
44.9222   77.3175   60.4152   31.3209   53.8145   69.6419   47.0425   42.1545   23.7697   22.3607   38.1182   98.6002   59.4138   55.9464   61.2944   33.5261   43.1856   32   54.7814   36.0555   39.1152   10.7703   31.257   32.8938   54.4059   70.0071   51.0882   54.6443   24.6982   0   72.0768   60.1304   38.3607   97.6063   108.006   64.0453   102.336   74.3095   39.5242   71.0217   77.9499   115.43   42.5299   54.0832   24   42.9507   104.232   77.9083   94.6621   56.7426   88.5793   28.9284   53.1182   82.7308   67.7746   99.1724   89.2496   54.9531   109.942   46   
18.6011   19.6469   31.4006   30.0832   38.4708   22.8473   75   26.1725   35.9026   39.8497   68.0074   60.7454   44.3847   25.9615   59.5399   58.8218   40.4599   26.0768   23.0868   68.9638   31.4006   55.3173   27.6586   55.2268   49.3964   28.8617   78.2432   35.4683   55.0091   58.0345   0   41.2788   55.8497   57.9071   56.45   37.15   53.0735   35.3961   82.6531   28.1623   22.3852   74.5239   73.5742   50.2025   73.3095   59.1475   46.311   53.7907   37.8092   76.4984   40.7631   79.7644   87.1998   47.6155   65.2195   45.6816   47.3209   52.754   76.7062   82.7355   
14.0357   35.9026   30.0832   14.4222   37.054   30.8058   65.1153   15.2971   19.6469   23.7697   53.7587   70.4911   44.0114   23.7697   56.5155   44.5533   29.7321   10.0499   21.0238   57.4891   23.7697   39.0512   11.4018   44.5533   46.0977   33.9706   68.7677   30.1496   39.6611   42.0119   16.2788   0   39.7697   63.0159   72.7122   33.1588   62.3897   43.9422   68.8845   35.1529   37.6977   88.3405   57.3185   38.4009   64.1202   46.8927   62.5898   49.2253   54.0649   66.6202   57.0419   63.5086   75.7252   58.1448   56.1724   61.5689   63.5997   33.9706   82   66.4798   
33.9706   60.0833   37.1214   10.4403   52   47.5184   62.9682   19.4165   6.7082   2   31.0644   92.3147   58.8727   32.8938   66.6108   22.3607   20.8087   16.9706   32.0156   52.8015   35.4683   16.1245   13.6015   43.9318   57.2713   47.1275   67.0671   31.4006   15.5563   23.3238   40.4969   24.5967   0   75.4954   85.6116   52.9492   83.4748   62.0833   61.4314   54.6879   61.2832   106.716   33.6433   43.5117   45.9072   29.3852   86.8079   68.4309   78.2456   67.7806   73.2451   45.02   71.0376   69.6004   47.249   78.2815   79.5132   39.2594   102.162   41.8537   
50.3289   32.0156   23.3452   48.7032   70.8308   10.8167   106.151   38.0789   56.3028   57.9741   74.1485   84.0536   76.4788   25.0799   91.9239   66.3702   44.1814   50.6063   25.4951   99.0202   62.9682   73.5459   49.6588   85.7963   81.8352   11.0454   109.622   31.5753   67.0298   80.0062   32.45   41.6173   57.4891   0   29.1529   64.5419   46.6333   65.9326   107.295   53.4215   49.7771   93.3095   86.2568   77.479   99.3741   77.4424   60.5707   78.561   49.257   108.226   54.7425   95.9657   117.256   70.0113   64.3452   40.0384   75.7062   75.5879   98.4808   93   
60.959   36.0555   36.0555   61.6847   79.8123   23.4094   117.29   51.1957   69.2604   71.0634   86.7006   86.5794   84.8764   38.2099   100.802   79.1581   57.0351   63.0714   38.6394   110.68   73.7564   86.6833   62.3939   97.2008   91.0494   24.0208   120.615   44.1814   80.0999   93.0054   42.45   53.7122   70.6116   13.1529   0   72.6941   46.025   74.2163   119.589   66.5745   62.93   99.2219   98.2166   90.0718   110.635   90.5867   65.5315   86.5001   54.2178   113.825   52.1618   109.096   128.916   69.4707   77.0555   40.3178   79.9813   87.6828   108.769   103.022   
4.12311   30.8058   43.4166   28.6007   23.0868   38.5876   59.0762   31.0483   31.241   36.1248   68.1175   55.2178   29.6142   37.2156   43.8634   59.0339   45.5412   20.5183   34.2345   53.7122   15.6525   49.2443   24.0832   39.8121   33.541   43.8634   62.2013   45.0444   53.0377   49.0408   16.2788   15.8114   37.4833   48.6004   58.6941   0   61.0652   26.6301   68.1752   37.2643   37.1509   70.8145   68.6444   38.0556   63.3814   52.833   60.2818   39.3127   48.9681   59.2311   46.8927   74.5918   71.9483   44.8885   71.9815   61.9605   43.9072   38.2627   75.0076   78.0739   
49.2443   17.8045   41.3401   58.0345   64.4438   24.1868   104.957   49.8197   65.0077   68.0661   90.4765   66.6108   68.6222   40.3113   84.8646   81.9085   60.1664   56.4358   39.2173   99.7447   61.7171   84.0536   57.0789   85.8662   75.743   29.8329   107.912   49.2443   80.604   88.278   31.3209   46.3897   68.1836   21.6333   20.025   46.0652   0   60.2636   113.296   54.3671   51.2893   76.3113   99.1865   81.5234   104.63   88.0068   36   70.1725   31.2643   102.04   41.8045   108.193   117.981   62.3228   82.1086   22.6023   61.7303   80.3602   92.2604   103.822   
14.2127   27.4591   51.0098   39.2046   19.799   43.0116   61.327   40.8534   41.7732   46.6905   78.7464   44.6542   24.6982   45.0999   40.6079   69.6563   55.5428   31.1127   42.107   57.7235   21.0238   59.3633   34.7131   43.9318   31.1127   49.2443   63.9531   53.7587   63.6396   58.3095   20.3961   25.9422   48.0833   51.8941   60.2163   10.6301   44.6878   0   72.0086   40.0238   41.1555   60.6042   79.2745   43.4269   72.7853   63.4631   52.2488   29.7047   45.6213   59.117   44.6011   85.222   75.9595   26   81.9831   62.2277   33.4012   48.3656   58.2173   88.6061   
48.0521   82.5651   77.1557   46.6905   45.8803   82.4924   24.0832   58.0517   39.6232   40.8044   61.4003   90.471   49.2443   71.7008   45.2769   56.7539   63.2456   42.72   69.814   13.1529   37.054   33.9559   44.2041   17   41.6773   84.6286   28.0179   72.9178   47.8017   23.3452   65.4599   51.8845   42.4382   93.2952   105.589   51.788   96.7678   58.0086   0   81.7417   81.0798   107.358   63.1221   51.7343   38.5242   52.3593   108.063   74.0512   100.727   40.8489   97.3784   52.0139   31.389   83.0075   89.6859   111.142   88.0089   58.0555   98.7562   69.3452   
16.9706   22.8035   30.0666   26.9258   38.0789   23.3238   73.2462   23.3452   32.7567   36.6879   65   62.7694   44.2719   24.3311   59.0339   55.8032   37.8021   23.0217   21.3776   66.888   29.7321   52.1728   24.5153   53.2541   48.7647   28.7924   76.5768   33.5261   51.8845   55.0091   3.16228   13.1529   37.3363   33.4215   44.0454   15.2643   33.9559   21.0238   62.9682   0   25.5474   75.2081   70.4282   46.0167   69.4437   59   49.4733   50.7285   40.9658   73.5755   35.9249   76.6184   83.5638   37.4722   64.2424   48.8439   49.2415   40.9258   79.2411   79.19   
18.0278   17   36.6742   34   35.2278   26.9258   73.7835   31.1448   39.2173   43.4626   72.6223   55.3624   40.7063   31.3209   56.3028   63.4114   45.607   28.8617   28.4605   68.4471   30.4138   58.5235   31.0161   54.5619   46.4004   33.3766   76.844   40.8534   59.1692   60.407   5.38516   19.6977   44.2832   35.7771   44.6878   14.7648   31.305   16.1555   65.9697   7.81025   0   66.3259   76.8889   50.3645   75.4151   62.4342   46.476   43.8568   35.1623   73.9959   41   83.0791   86.214   34.2971   70.6047   46.1448   49.5567   45.2655   68.469   86   
57.28   47.3814   88.2553   82.3286   46.6154   74.7329   85.2877   82.6801   84.8528   89.8053   121.918   6.40312   43.4166   83.3847   54   112.805   97.4166   74.2765   80.6226   86.885   59.9083   101.671   77.8974   75.5844   51.9711   82   86.0523   93.1075   106.794   99.0202   57.6975   68.6003   91.2414   79.3095   81.2219   53.8145   61.2046   43.1856   92.358   59.9416   52.3259   0   122.459   82.3114   111.324   106.647   58.3113   57.1152   65.5437   85.9334   64.8539   124.603   101.7   58.9733   122.917   83.8069   48.2029   88.2495   33.7631   131.686   
50.2494   76.3217   47.676   26.8328   66.3702   61.0328   68.469   33.3766   22.6716   17.8045   17.2627   108.301   72.9452   45.0444   78.4474   11.7047   27.2029   33.4215   45.0111   57.5587   49.93   11.1803   30.2324   52.2398   70.0071   59.2115   72.5603   40.2616   3.60555   21.8403   56.8595   41.1825   16.6433   70.1142   83.2166   53.9073   83.1865   64.4438   45.1221   53.7122   60.8276   107.49   0   59.4751   45.8403   31.8114   103.17   84.2354   93.9062   76.0887   88.5391   28.6015   74.9586   85.4049   45.9532   91.7958   94.8084   55.0639   118.793   22.2111   
14.3178   48.8365   51   25.02   22.8254   51.6624   43.8406   33.5261   22.8035   27.5136   59.9333   65.9469   29.5466   44.7772   38   51.6236   45.0999   16.2788   42.19   36.8917   6.40312   36.0694   20.0998   23.4307   28.1603   55.3173   47.4236   49.6488   43.8292   33.121   32.2025   21.4009   29.4109   62.3699   73.8173   18.1108   63.3246   25.7099   33.7343   30.0167   32.28   66.0303   43.566   0   51.0832   52.7849   74.3289   45.0185   66.9711   44.7849   65.0034   59.6878   55.1278   51.7099   71.5402   77.8841   58.1383   30.099   80.0752   65.7771   
43.2897   77.0065   64.6375   34.4819   48.8262   72.2357   39.0512   45.793   26.9258   26.9072   46.0977   94.0319   53.9073   59.6825   54.3783   41.2311   48.9183   32.9848   58.1808   28.0713   35.4683   18.4391   33.2415   25.4951   48.1664   73.3553   43.1045   59.5483   32.28   8   58.3095   42.9535   28.2843   82.8553   95.6347   47.3814   89.2693   55.7853   15.5242   55.4437   60.0083   94.8947   29.6142   30.0832   0   46.9317   103.301   75.1017   95.1688   49.344   89.5642   36.9284   46.3074   81.485   69.2268   102.999   87.2034   57.1496   104.202   49   
35   63.7887   43.4166   15.0333   50.6063   53.1507   57.5674   25.2982   8.24621   5.38516   32.311   92.6553   57.2451   39   63.561   24.5153   27.0185   18.7883   37.9473   47.1699   34.1321   11.1803   16.4924   39.2046   54.7083   53.1413   61.6847   37.8021   16.1555   17   44.1475   27.8927   6.40312   63.3246   76.4003   38.833   73.0068   49.2037   36.3593   41   47.4342   92.0217   15.8114   27.7849   21.9317   0   90.4585   70.1896   81.4504   63.0534   75.3676   41.6155   64.3964   71.6039   53.4588   82.2642   82.4041   42.6446   101.812   38.0225   
45.0111   13.0384   55.4437   62.3939   52.8015   39.1152   95.8593   57.4543   68.0074   72.111   99.6444   45.8912   55.2268   52.3259   71.2811   90.5539   70.6045   57.7235   50.2494   92.6499   55.4437   87.3613   59.7746   78.8543   63.5295   46.1411   98.2344   62.2415   87.2353   89.1067   32.311   48.3839   72.8011   40.8044   41.0122   41   21   34.9285   92.4392   35.4683   28.8617   40.3113   89.1572   59.0339   88.2043   76.243   0   59.2782   31.2007   92.1195   37.0384   111.869   110.161   42.2488   96.3095   43.6023   50.6586   74.1272   71.6588   111.368   
21.1896   37.4833   62.0725   46.5188   10.4403   54.7083   53.8516   50.2195   47.4342   52.4309   85.1469   38.9487   13.4536   56.0089   29.6985   76.3217   64.56   37.5899   53.0094   52.0865   20.8087   62.9682   41.5933   39.0512   21.095   60.8769   55.9732   64.195   69.4046   59.9083   32.0156   34.9285   54.0833   63.561   71.5612   19.2354   55.1725   11.7047   54.9181   32.3883   27.8568   39.1152   69.6563   27.0185   55.9017   53.9073   42.4853   0   55.6456   49.7583   54.3836   86.7063   70.3225   37.7047   91.0004   73.9324   42.0294   51.249   57.0644   91.5768   
37.6563   3.16228   44.2041   52.2015   50   28.178   91.6788   46.5296   58.2495   62.0967   88.6848   53.0094   53.7587   41.0122   70.0357   79.6492   59.4054   48.3735   38.9487   87.3155   49.3356   77.666   50.01   73.3894   61.2209   35.3412   94.414   50.9313   76.6942   80.2247   22.3607   38.6394   62.6418   31.257   34.2053   33.9559   15.2643   30.5287   85.703   25.4951   20.025   48.0937   78.7718   51.9711   80.025   66.4906   11.3137   40.3609   0   87.3976   25.0828   102.111   105.552   44.3452   85.2041   37.8667   47.0881   65.2905   73.5711   100.983   
38.8973   70.2353   78.7718   51.2445   25.318   78.6448   18.3848   60.9262   46.6905   50.2494   78.9177   66.7608   26.1725   72.5603   19.799   72.1734   71.0634   43.4626   69.9714   17.4642   26.1725   51.1957   46.8188   9.84886   17.4642   82.801   21.095   77.0779   63.2851   42.72   57.3847   49.0918   52.2398   89.1403   99.8248   41.2311   86.8217   42.9535   25.4951   55.8659   55.8032   69.4262   61.6604   27.7849   35.3412   48   77.4919   35.6931   73.3553   0   86.4969   71.6484   33.1108   68.9535   97.2309   101.948   68.6127   53.6497   74.5431   81.919   
31.5753   3   41.6773   46.8188   44.6878   26.9258   85.8836   41.8808   52.6308   56.6127   84.0595   52.2398   48.8365   37.8021   65.0692   74.9466   55.3173   42.5793   35.4683   81.3449   43.3244   72.0347   44.3847   67.4166   55.9732   34.2053   88.6848   47.8017   71.5891   74.3303   16.7631   32.9848   57.2451   32.0624   37.1618   27.8927   19.799   25   79.6241   19.9249   14   47.8539   73.5391   45.8912   74.0068   60.8769   15.6525   35.3836   6.08276   67.6018   0   96.4925   97.006   37.6011   81.7576   39.8473   46.9258   59.2655   75.469   95.7502   
54.5894   84.4038   60.1664   35.2278   66.5282   72.2496   60.075   44.1022   28.8617   25.1794   26.2488   110.635   72.4707   56.8859   75.1332   24.2074   40.3113   39.2173   56.4358   49.0918   50.9902   9.48683   37.108   46.8188   67.9559   71.1969   64.0312   53.1413   17.2047   13.9284   64.7611   48.5077   25.02   81.8841   95.0368   58.5918   93.1933   68.6003   36.0139   61.6117   68.0074   110.603   13.6015   44.6878   21.587   20.6155   96.8401   71.7008   87.0976   56.648   81.4923   0   66.0392   90.6061   58.4559   102.88   102.002   62.4388   122.427   34   
52.3546   85.7963   87.3212   57.4282   43.0465   90.2718   9.05539   68.4105   51.1077   53.2259   76.2365   84.6463   44.2832   81.4678   35.7771   71.1969   75.591   51.6624   79.2465   2.23607   39.8121   48.5077   54.037   15.6525   35.5106   93.3809   13   84.0536   62.1691   38.1182   70.8308   59.5483   55.0364   101.045   112.645   55.4617   101.518   59.203   15.0333   68.7968   70.214   87.4757   59.6825   38.833   30.1496   49.3964   94.1116   53.2353   88.955   18.1108   83.006   51.0392   0   85.203   99.3764   116.359   86.3412   68.638   92.1046   79.1496   
21.9317   20.5183   51.9711   45.2769   26.9258   41.1947   69.6419   44.9444   48.8262   53.6004   84.8528   40.3113   30.4138   46.5725   46.6905   75.6637   59.6825   38.0132   43.6807   66.4906   30.0167   67.1193   41.2311   52.7731   38.0132   48.0416   72.0902   55.9732   70.2922   66.7308   20.6155   31.1448   54.8179   48.7647   55.4707   17.8885   38.2884   9   67.0075   22.4722   15.2971   37.7359   71.4003   34.5254   64.5368   56.6039   26.2488   17.0294   23.3452   51.264   18.6011   76.4788   67.9117   0   85.835   58.3586   28.7703   56.0847   60.2156   93.6114   
53.8516   66.4831   26   30.0167   75.8024   42.9418   91.4166   25.0799   33.541   30.3645   26.0192   110.018   82.8734   27.2029   93   20.2485   10.4403   39.1152   29.0689   81.1542   60.1332   38.2884   35.0571   72.2772   83.0542   38.2753   95.5196   17.8885   25.6125   48.6004   50.2195   40.1622   28.4605   49.0408   61.1882   55.9732   67.1193   65.9242   70.2353   47.7074   55.4707   107.541   29.2062   55   55.2268   34.0147   79.3095   75   68.0147   80.2309   64.3506   42.8019   83.3847   69.8355   0   73.7049   94.6496   64.4903   122.136   47.455   
48.2597   21.8403   33.541   53.2353   65.9469   16.7631   104.623   44.0454   60.531   63.1269   83.5225   73.1095   70.8025   33.2415   86.8332   75.1864   53.1601   52.8867   32.5576   98.6154   61.0328   79.1012   52.9528   84.9058   77.2334   21.6333   107.801   41.6293   74.5453   84.1724   29.6816   43.0116   63.0317   13.0384   14.3178   45.607   8.60233   46.2277   94.541   31.7648   31.1448   68   77.3175   61.7738   85.8662   68.2642   28.4429   57.4282   20.2237   86.8332   22.8473   88.0057   100.499   41.1825   59.5063   0   64.7032   72.6906   89.7329   99.5286   
30.6105   26.9258   62.5859   55.2268   27.2947   51   70.6116   55.5698   58.1378   63.0317   94.8472   29.5466   28.2312   57.28   43.909   85.703   70.3278   47.4236   54.4059   69.1158   35.7351   75.7166   50.9117   56.0089   37   58.0345   72.5328   66.7308   79.9312   74.2496   31.3209   41.4005   64.3817   57.7062   62.9682   26.9072   44.2945   16.4012   71.5681   33.2415   25.9615   27.2029   80.8084   41.2311   71.1688   65.6049   27.6586   17.0294   29.0689   52.6118   25.9615   84.9058   70.2567   10.7703   80.5295   48.7032   0   64.5441   42   103.02   
13.1529   47.1699   46.1411   20   26.9258   47.634   48.1664   28.4605   18.3848   23.2594   55.9464   68.593   33.8378   39.9625   43.0116   47.4236   40.05   11.1803   37.4433   40.6079   10.4403   33.4215   15.0333   27.5862   33.0606   50.9313   51.8556   44.5982   39.9625   31.9531   29.4109   16.9706   25.0799   58.4123   70.1783   17.2627   60.7289   26.4008   36.0555   26.9258   30.2655   68.2495   40   5.09902   30.1496   24.2074   58.0775   29.7321   50.2494   32.6497   44.1814   42.4382   42.638   34.7851   50.01   58.6003   42.5441   0   84.0374   62.2111   
51.8845   52.9528   89.1067   77.4145   35.4683   78   70.0357   80.0562   78.492   83.4865   116.211   12   30.5287   83.5464   38.3275   107.378   94.7048   68.6003   80.604   72.7324   50.9902   93.4345   72.5603   62.6099   38.0789   85.0235   70.4557   92.6499   100.439   89.2749   57.7062   65   85.1469   84.4808   88.7694   49.2443   69.2604   39.2173   79.6053   59.2284   52.469   16.7631   100.603   57.3847   84.2021   84.8116   49.6588   31.0644   54.5711   55.3624   52.469   101.823   73.0821   37.2156   105.109   74.7329   27   60.6053   0   122.641   
57.3847   83.3847   53.1507   34   72.9452   67.2681   72.0278   40.025   29.8329   25   13.3417   115.313   79.404   51.0392   84.1546   12.2066   32.249   40.6079   51.2445   61.0328   56.6127   15.5242   37.4433   57.0701   76.0592   65.0077   76.0592   45.3982   9.21954   25   63.9766   48.3735   23.8537   76   89.0225   61.0737   89.822   71.5891   48.1664   60.8358   68   114.586   7.2111   50.2195   33   22.6716   96.2549   76.5768   85.7963   66.7083   80.6226   13   63.0714   78.6003   32.2025   83.7257   87.9659   46.8615   107.448   0   
