15
40
999999 9 13 11 10 9 16 7 17 8 14 14 14 6 13 15 7 5 9 10 17 16 6 17 8 5 14 5 5 12 17 17 9 12 8 14 5 13 5 17 
0 5 6 10 6 3 4 6 7 5 1 13 5 4 7 7 4 1 2 2 13 12 2 7 1 2 1 2 4 9 7 10 4 1 1 2 3 12 2 9 
20
0   0   0   0   0   0   0   0   0   0   0   0   0   0   0   0   0   0   0   0   
0   5   0   1   -5   2   -6   6   0   8   0   9   -5   4   -4   8   -2   4   -2   3   
-8   6   -11   8   -10   6   -11   0   -12   10   -9   11   -13   8   -12   9   -7   10   -9   8   
3   0   0   0   -1   -1   -1   1   0   1   -1   2   6   0   1   0   -2   0   -5   -1   
-1   0   -3   -1   6   3   1   5   1   0   -4   0   -1   7   0   2   0   2   0   -1   
2   -9   8   1   3   -2   0   -4   0   -1   2   -7   8   -3   4   -2   7   -3   2   -6   
-2   10   -12   11   -6   6   -14   -4   -11   9   -7   13   -13   15   -11   8   -4   7   -5   9   
-1   1   0   0   1   -1   -2   0   1   0   1   0   1   -2   1   2   -1   0   -1   0   
1   1   -4   -2   8   -5   7   -12   -3   -6   12   -5   12   7   2   -2   9   -5   5   -15   
-2   7   -2   4   -4   1   -6   3   0   2   0   4   -2   4   -6   7   -3   3   -3   1   
-10   2   0   2   5   0   0   -7   -4   -7   9   -5   7   3   7   -8   9   -2   0   -4   
-4   10   -2   8   -7   3   -5   9   -10   11   -10   7   2   -1   -11   6   -2   11   -10   7   
-9   9   -7   12   -2   10   -8   2   -4   7   -8   7   -11   4   -5   5   -4   4   -8   9   
0   -2   0   -4   0   -5   4   -4   2   0   0   -2   -1   -1   1   -1   1   -1   2   0   
3   3   0   -1   0   2   -4   2   1   1   -2   0   -2   -4   2   0   -2   2   0   0   
-1   0   -5   5   -7   2   -8   -8   -3   5   -2   -2   -6   -1   -3   0   -6   5   -8   7   
2   0   3   0   3   -1   1   -3   3   -1   0   0   4   2   1   -3   0   5   2   -4   
-3   1   -3   3   -4   3   -3   2   -2   3   -3   2   -1   0   -2   2   -5   3   -5   2   
-3   4   -6   5   -4   5   -1   0   -3   0   -1   2   -4   3   -3   3   -1   8   -3   -1   
10   -7   5   -6   8   -2   6   -5   5   -5   6   -2   9   -10   7   -5   1   -5   5   -3   
8   -9   13   -4   1   -7   8   -6   3   -10   14   -13   4   -12   8   -12   3   -14   5   -8   
-4   13   -3   5   -9   1   5   13   -4   15   -12   15   -12   5   -14   8   2   3   -8   4   
0   2   0   0   0   0   -2   0   1   0   -1   -1   -1   0   1   0   0   -1   -1   2   
5   12   -6   4   1   -3   -2   4   -8   -4   -6   -5   -1   1   -1   6   -2   5   0   3   
3   1   0   -4   0   -1   1   -3   -1   0   0   -1   0   -2   -1   0   2   -1   1   -3   
-2   1   -1   1   -1   1   0   0   -2   0   -1   1   -2   0   0   2   -2   2   -1   1   
-2   -3   -5   4   -1   10   -9   0   -4   2   1   3   1   3   -9   4   -6   5   -4   5   
-2   2   -2   2   -1   3   -2   2   0   2   -2   2   -2   1   -2   0   0   1   -2   1   
-2   3   -2   1   -3   0   -2   2   -3   1   -5   3   -3   4   -1   2   -2   1   0   1   
-9   8   -8   8   -3   8   -6   12   -10   6   -9   11   -8   8   0   4   -3   6   -11   5   
11   -9   11   -11   13   -11   0   -12   2   -4   3   -2   1   2   9   -4   13   -14   -2   -6   
-8   7   -7   10   -15   0   -14   14   2   6   -7   0   -9   -3   -3   9   -12   7   -5   7   
3   -5   5   -5   5   -5   3   -3   4   -7   0   -1   3   -7   3   -4   8   -3   6   -3   
-1   7   -8   -1   -4   3   -4   12   -5   4   -4   -1   -5   0   -7   4   -7   5   -3   3   
-3   7   -4   4   -4   6   -5   1   -5   7   -4   6   -7   4   -5   3   -4   3   -3   4   
-14   11   -6   9   -11   12   -12   5   -11   9   -5   14   -4   5   -10   10   -9   12   -12   3   
-1   2   -3   1   -3   2   -3   2   -3   3   -5   1   -3   2   -1   1   -2   3   -2   3   
6   0   -5   9   1   6   2   2   5   -4   -6   1   -3   0   -1   4   -4   0   -3   3   
1   -1   2   -1   0   -2   1   -1   1   -1   0   -1   1   0   0   -2   3   -2   3   -3   
-2   4   2   2   4   4   1   -4   5   6   0   -6   0   0   1   0   6   4   0   0   
0   78.6348   45.3311   42.0217   50.3839   60.6005   64.0272   40.2485   69.98   39.5821   65.6807   60.607   63.0672   59.1965   78.3506   55.2022   28.1803   51   70.7979   64.8612   71.3542   50.1725   69.3587   61.2244   85.536   49   47.8029   63.8102   58.5366   56   54.8029   75.1536   53.2415   77.3385   63.833   51.573   76.1957   41.3848   67.7063   80.437   
61.5549   0   96.2124   87.4983   43.4109   94.339   41.4999   74.151   123.334   59.598   120.843   37.0278   87.8766   65.3735   139.905   115.595   70.9489   52.644   115.954   39.6011   116.626   61.9444   115.592   81.0046   147.091   78.2415   86.2907   110.525   44.0416   112.756   79.2534   122.523   71.5395   104.073   104.694   67.8516   132.703   100.025   88.2806   141.992   
24.3311   82.201   0   58.9249   66.8015   73.5068   84.0294   64.5795   41.8978   63.9131   58.6973   84.9381   52.3594   64.298   62.5296   43.0768   52.5114   71.6063   87.0914   80.8481   35.1896   74.5036   73.6715   53.1262   73.079   43.632   37.095   66.6004   74.5235   60.8044   52.9258   48   69.0595   55.0132   66.2079   64.6962   47.9258   40.4009   80.8466   67.98   
23.0217   70.2638   39.9249   0   62.2652   30.6205   65.7393   33.4164   74.0333   52.0139   53.9706   75.5867   79.192   79.0993   86.1102   57.9492   48.0832   62.6079   53.176   70.2015   75.1145   49.5539   48.3693   78.2456   85.6018   72.0217   70.8246   41.2982   68.5077   44.2036   72.8035   84.9399   76.2633   94.9381   37.6469   72.0364   81.5163   38.0998   42   81.7694   
33.2866   29.4109   52.8015   47.2652   0   73.2115   36.4721   53.0143   94.6993   32.7047   94.4463   32   63.9195   41.4008   111.082   86.4557   47.2036   31.2801   100.167   37.1529   87.9911   49.2488   95.6345   56.3038   118.823   58.5904   64.4849   88.5634   33   81.4463   58.5904   96.9675   41.561   81.0078   84.7533   50.1603   98.3901   73.4782   66.3289   113.724   
38.6005   78.339   54.2033   15.6205   59.2115   0   72.3189   41.3311   87.3863   66.5712   50.7697   75.0579   94.8125   89.7694   84.4602   60.8565   63.7037   67.1058   40.0998   75.5912   88.8775   48.1321   41.4951   92.9303   86.1536   78.6003   79.7951   45.58   81.0339   37.7697   80.4003   93.712   86.4622   108.139   42.5529   84.2353   91.6902   53.7203   33.6918   87.0522   
44.9444   21.3776   68.0294   49.7393   20.3961   57.0088   0   56.3593   109.927   44   100.372   20.4721   83.2642   61.7968   122.887   94.7217   56.8469   40.2483   93.8843   29.2195   103.219   45.1868   96.6226   76.6998   127.279   74.1507   80.407   91.0375   38.6015   88.8679   78.0364   112.255   61.9571   101.404   87.3862   70.5563   115.705   74.8769   60.0465   125.381   
20.2485   56.8595   43.1045   13.4164   35.0143   24.3311   36.3593   0   81.7533   38.5153   66.7547   56.8315   80.334   71.0388   92.3126   64.0106   40.0227   51.0179   58.4072   54.8973   78.1269   37.2066   59.6975   76.9546   98.5033   62.4166   68.0513   52.6264   53.5106   55.5106   72.2277   86.0634   70.1262   94.3553   51.0633   63.8017   89.1158   47.8568   35.8087   93.4043   
49.98   108.467   26.4197   60.0333   79.0569   71.3863   94.3716   66.7533   0   85.9936   58.7985   110.414   72.4253   83.4521   42.0179   43.178   74.5918   93.026   99.6241   107.268   33.7082   94.6902   87.3962   73.4617   53.6244   66.0321   63.5147   80.8886   100.943   73.0784   63.2037   31.9284   90.9298   59.0114   78.8727   84.6053   27.7082   65   102.033   48.5254   
22.0227   39.598   43.4166   36.0139   11.7047   48.8365   25   24.5153   69.8355   0   85.7853   38.5967   60.665   44.4077   100.373   77.2249   34.4018   31.2111   82.9225   43.4009   78.6062   43.4391   84.2128   57.0832   107.559   43.1548   51   77.1417   37.5563   72.7853   45.4006   84.2604   38.0832   84.8276   73.6608   52.7849   91.3424   60.9625   60.324   102.46   
43.6807   102.396   39.8497   33.9706   76.1577   36.6879   82.801   46.7547   43.0116   64.4748   0   103.072   92.2091   97.504   58.1321   37.6205   71.0417   88.1105   53.0789   101.652   59.5533   77.8982   39.6977   90.8024   57.4401   79.3501   76.9447   37.0294   96.177   31   81.7567   70.1725   91.585   94.8629   38.3961   89.5888   69.0408   41.4951   70.3797   53.3645   
45.607   18.0278   68   52.3259   18   60.4152   4.47214   38.9102   94.414   24.5967   84.8764   0   80.3852   57.464   123.958   96.0909   52.1876   33.5978   97.3174   19.3852   103.19   49.6589   98.6076   74.3038   128.644   67.7515   75.2701   91.5366   27   93.3401   69.9974   108.638   59.561   96.0061   89.9728   68.1603   115.926   76.2415   64.5186   126.044   
42.4264   73.5459   34.5254   65.192   48.0416   80.8084   68.2642   61.4003   49.98   45.8803   74.2159   66.0303   0   46.632   91.9978   75.531   58.3884   66.8035   113.224   79.3008   69.3244   78.1691   104.727   30.6158   103.604   36.0278   42.2643   101.126   73.6004   95.3298   39.2643   60.4969   44.1725   43.2788   99.8974   42.025   72.618   74.9263   97.209   98.5053   
39.4588   48.3735   46.6154   61.0328   26.4008   75.7694   46.4866   52.3546   69.4046   29.7321   81.2219   43.4166   25.632   0   108.038   89.6923   46.0161   50.6228   110.257   57.0789   76.8013   67.1664   105.806   42.0972   116.403   40.0238   47.3834   98.7345   57.7524   92.1985   40.346   83.616   28.3246   65.1658   96.8159   28.9443   88.6033   71.0089   85.6101   111.566   
64.3506   125.873   46.5296   64.4748   97.0824   70.406   108.706   75.2928   28.0179   86.2786   34.1321   109.786   76.6877   93.0376   0   42.3019   92.5309   115.351   87.211   127.378   49.0588   101.533   71.8209   97.3204   21   90.1616   83.6246   71.1615   121.053   65.1321   91.2215   59.9462   104.42   86   72.5282   98.0952   53.2345   72.8935   104.098   24.8102   
37.2022   98.5951   26.0768   36.6879   70.4557   45.0111   80.7217   47.0106   28.178   59.203   15.6205   82.0244   60.531   70.8308   28.3019   0   65.3825   82.0681   66.4782   98.0562   49.0689   82.437   55.3182   79.2031   49.3019   69.7088   63.1718   51.9666   92.6525   46.6205   75.2398   56.6989   83.4937   81.09   54.0166   77.1691   52.8378   43.8494   78.0339   46.3196   
11.1803   50.9313   32.2025   30.0832   22.2036   44.7772   35.8469   22.0227   58.5918   11.4018   54.7083   35.8469   40.3113   31.0161   75.0067   48.2597   0   35.6011   80.4299   53.8024   67.3921   49.1359   75.0083   54.9599   96.0067   44.3607   51.8927   70   48.9581   62.2652   50.0599   80.2025   47.6982   68.7587   67.7301   41.807   74.8727   47.5466   57.8314   91.6173   
29   32.5576   50.6063   40.6079   7.28011   52.0865   18.2483   28.0179   77.026   7.2111   70.6612   17.4642   50.8035   31.6228   93.3381   66.0681   18.6011   0   86.4251   31.9269   85.7959   33.9737   87.7153   58.643   114.338   50.3659   58.2111   80.6443   25.6023   79.9964   52.6117   91.4715   45.2943   87.2722   78.2548   56.6228   93.4738   66.1476   63.8265   109.366   
56.7979   97.4936   67.897   34.176   79.3095   20.0998   76.1183   44.4072   79.6241   68.884   38.0789   79.7621   97.9081   95.1893   71.2531   51.4782   64.195   72.1734   0   95.6909   95.9927   68.2318   36.0263   111.747   85.099   98.7001   99.8949   43.2319   93   45.4632   100.5   106.365   105.865   120.475   37.4009   104.335   104.316   71.6905   51.8378   80   
43.1393   18.6011   64.6607   52.2015   13.1529   61.5224   9.21954   38.8973   91.0659   21.4009   83.863   5.38516   61   38.0789   107.49   80.0562   32.8024   14.2127   81.2219   0   99.8503   46.4591   98.5948   69.4567   127.486   64.5557   71.7332   91.5237   30.3246   94.1862   64.6621   103.694   54.714   94.1608   89.7844   63.3132   107.675   80.349   68.2544   123.576   
45.3542   102.626   21.1896   57.5587   73.2462   69.9214   89.1572   63.1269   6.7082   64.405   44.5533   89   43.3244   62.8013   34.0588   29.0689   53.3104   71.5542   79.7559   85.4751   0   87.3863   79.4114   63.7545   55.0588   59.2248   51.609   81.0355   95.7131   75.5533   63.638   25.6301   82.4643   60.2099   77.5918   78.037   22   54.4833   98.9355   55.2336   
26.1725   44.9444   50.4876   25.5539   26.2488   34.1321   24.1868   12.2066   75.6902   18.4391   58.8982   26.9258   62.1691   48.1664   86.5332   58.2495   22.1359   18.9737   54.0093   27.4591   71.3863   0   71.904   74.649   107.533   59.3847   69.4391   64.833   44.576   67.7171   63.8397   92.3135   56.5223   90.8947   63.2007   62.607   93.3863   60.0633   41.1661   104.052   
50.3587   101.592   54.9181   31.7805   78.9177   25.4951   80.6226   44.9222   62.434   67.4759   19.6977   83.5703   87.7268   89.8053   52.2398   34.4093   60.0083   72.3671   19.0263   83.8153   63.4114   56.648   0   105.638   69.0384   90.5594   90.6154   28.0711   96.3198   36.2278   93.1655   89.0415   100.172   109.931   28.1655   101.815   85.4114   61.1928   59.1869   73.0106   
40.2244   66.0984   37.0135   63.2456   41.3038   78.8162   61.6604   58   55.4617   40.3113   75.8024   59.2115   7.61577   18.0278   81.3204   63.0079   36.2353   44.643   96.7471   54.0833   48.7545   57.4543   87.9204   0   102.32   32.2643   38.0312   101.492   64.2813   93.6817   35.53   68.0106   35.4775   48.7697   100.462   29.1529   70.7545   77.4144   93.8087   103.907   
69.4262   130.969   52.8015   67.6018   102.45   72.1249   113.278   79.0569   35.0143   91.4385   35.4401   114.56   83.5464   99.4032   7   32.5576   80.2808   98.4124   71.007   112.486   41.0488   90.6035   52.0384   88.0568   0   93.3901   89.8965   68.7895   124.015   64.3839   96.4796   66.6789   111.42   93   71.7853   105.095   60.2345   70.1823   105.484   22.099   
25   62.2415   25.632   48.0104   33.9559   63.6003   53.1507   43.4166   48.9183   29.1548   62.0725   51.6236   18.0278   21.0238   72.0139   50.4876   22.3607   35.0143   81.4923   47.0744   42.45   44.3847   73.0821   15.2643   78.3901   0   27.6158   80.0984   58.7922   73.9406   26.8284   68.0801   35.0294   56.7805   85.6573   34.083   63.7547   59.855   78.2028   93.612   
27.8029   69.857   21.095   50.2096   41.4849   65.7951   60.407   47.5079   42.2019   36   59.8415   59.0339   15.2643   27.2029   66.4831   47   27.8927   42.19   82.662   54.5711   35.609   50   72.6154   16.0312   73.0548   7.61577   0   79.7951   63.4975   81.5564   21.0711   55.6197   40.0832   47   81.6498   38.4391   56.598   61.1618   83.3165   89.075   
43.2897   95.462   48.6004   25.2982   72.1803   21.6333   74.686   38.6264   58.1378   60.6712   17.0294   77.4726   80.9568   82.7345   51.0392   29.9666   53   65.7343   21.5407   77.4919   58.5235   50.5668   7.07107   80.9938   51.788   66.0984   65.7951   0   91.3366   25.8102   86.6222   84.1536   96.5313   103.614   24.831   93.505   80.5235   55.6356   55.3251   68.6905   
37.5366   24.0416   58.5235   48.5077   7   59.0339   13.6015   35.5106   84.9058   15.5563   79.177   11   55.0364   32.8938   101.833   74.6525   26.9072   8.60233   79   6.32456   79.2591   25.02   80.2808   48.2597   106.963   40.7922   48.2701   73.7631   0   88.3417   60.957   99.8167   45.4279   87.007   86.1546   54.1283   101.259   69.2178   66.1861   117.969   
37   92.1303   40.8044   22.2036   67.4463   23.7697   71.8679   35.5106   51.0784   55.7853   13   74.3034   73.4098   76.2365   46.6905   23.0868   47.2652   61.3514   28.6531   73.8241   51.1077   47.7074   14.3178   73.6817   48.3839   58.9406   58.3095   7.81025   69.6419   0   77.4513   75.5873   87.2795   95.8176   28.0623   85.2833   73.1077   37.1896   55.2492   59.3244   
27.8029   63.3246   26.9258   50.8035   35.5106   66.4003   55.0364   46.2277   49.2037   31.4006   64.195   53.3385   15.2643   20.2485   73.0068   52.2398   25.0599   37.0135   84.22   48.6621   42.638   47.0106   75.5844   12.53   79.4796   2.82843   7.07107   68.6222   42.4264   61.4003   0   60.6005   37.0294   48.4279   80   36.9115   63.669   59.2616   81.0312   94.9058   
52.1536   106.005   28   66.7083   76.9675   79.712   94.255   71.0634   13.9284   69.2604   55.1725   93.6376   40.4969   62.9682   41.4367   39.6989   58.6941   76.2168   90.2109   89.6939   10.6301   78.3135   74.027   47.0106   48.3735   44.1022   36.6197   69.0652   83.3847   61.5873   43.6005   0   76.7029   46.5753   88.222   75.0588   29.2801   65.1135   103.269   62.4537   
33.2415   47.5395   42.0595   54.7083   22.561   69.4622   42.9535   46.1411   65.9469   24.0832   75.4255   40.3113   26.1725   6.32456   88.5889   65.521   24.6982   26.8328   88.8651   35.1283   59.4643   42.4264   83.6002   19   94.8103   17.0294   24.0832   76.531   29.4279   70.1142   17.0294   60.6053   0   56.5461   86.0069   20.3246   80.6812   72.2448   81.6049   110.039   
53.3385   89.822   38.0132   74.8131   64.0078   90.1388   84.0536   73.3553   44.0114   60.8276   76.922   82.0061   16.2788   41.7612   72   61.8466   53.7587   66.2722   105.475   77.0584   38.0526   75.8947   92.9139   23.7697   79   31.7805   26   86.6083   71.007   78.8162   29.4279   31.5753   42.4264   0   99.6032   52.9227   55.2099   73.7963   108.021   92.5367   
38.833   89.6939   46.6905   19.6469   66.7533   16.5529   68.8767   32.8938   58.8727   55.3263   20.3961   71.6938   77.8974   78.2624   54.4518   31.0483   48.0937   60.208   21.4009   71.7844   58.5918   44.7772   12.1655   77.4726   55.7853   62.3939   62.6498   5.83095   68.1542   8.06226   65   68.9638   72.0069   84.5044   0   89.9006   80.5918   45.2519   47.8378   67.3866   
32.573   53.8516   37.6962   55.0364   28.1603   70.2353   48.5077   47.8017   60.6053   27.7849   73.0274   46.0977   20.025   8.94427   84.0952   62.1691   25.807   31.6228   89.1572   41.0122   54.037   45.607   82.5651   13.1529   90.471   12.083   18.4391   75.505   35.1283   68.7314   11.4018   54.6717   6.32456   36.2215   71.3092   0   75.0371   65.0937   83.6103   105.676   
51.1957   107.703   26.9258   63.5059   78.3901   75.6902   94.7048   69.1158   6.7082   69.857   49.0408   94.4299   45.618   66.6033   34.2345   33.8378   58.8727   76.9675   85   90.7855   6   77.2787   68.2422   51.6236   41.1947   46.7547   39.598   63.6318   84.534   56.356   46.669   7.28011   63.6553   38.2099   63.9766   58   0   60.4833   104.924   55.2336   
18.3848   79.0253   21.4009   20.0998   51.4782   33.1059   60.8769   27.8568   40   39.9625   25.4951   62.2415   52.3259   56.0089   48.0104   19.8494   29.5466   46.6154   46.6905   60.4401   37.4833   38.5876   35.4683   52.4976   52.4023   37.855   37.1618   28.6356   55.2178   21.1896   40.2616   46.8402   50.0899   58.7963   25.807   48.0937   43.4166   0   62.0998   66.169   
40.7063   64.2806   61.8466   23   50.3289   17.6918   43.0465   20.8087   83.0241   42.19   53.2259   47   82.201   71.6101   86.0233   59.0339   42.45   43.0813   33.8378   49.2544   80.399   24.1661   43.1393   78.6448   88.3912   64.2028   68.2642   39.2046   48.2701   40.2492   67.0075   89.2693   65.6049   94.0213   33.8378   67.9412   86.3713   43.0465   0   99.5736   
65.437   126.905   49.98   62.7694   98.6002   67.0522   108.931   74.4043   34.5254   87.4586   30.3645   110.318   81.7435   96.566   7.81025   28.3196   76.4003   94.3663   66   108.374   40.1123   86.0523   47.0106   85.9069   5.09902   75.6108   70.6045   46.6905   102.942   43.3244   76.844   48.2701   91.7878   78.1601   50.6952   87.6641   41   48.0833   83.3847   0   
