15
50
999999 14 8 12 5 6 11 12 9 12 10 5 6 12 15 9 17 9 13 16 5 5 11 6 5 13 17 10 7 10 10 8 17 9 6 16 6 9 11 7 8 8 5 8 13 9 10 10 17 10 
0 2 4 2 3 4 8 9 7 6 7 2 3 11 4 3 12 2 1 9 2 4 1 4 3 1 5 9 1 6 6 1 14 7 5 11 1 2 1 6 6 1 4 3 3 3 4 5 1 6 
20
0   0   0   0   0   0   0   0   0   0   0   0   0   0   0   0   0   0   0   0   
0   -11   1   -6   0   2   2   -2   5   0   5   -4   7   -2   0   -3   3   -8   3   -6   
5   -3   4   -2   4   -3   0   -4   3   -1   5   -6   1   0   5   -3   5   -5   5   -2   
-8   6   -12   6   0   0   -3   0   -5   12   -4   11   -3   6   0   6   1   6   -5   4   
3   -3   1   -3   2   0   1   -1   1   -2   2   0   1   -2   2   -3   1   -1   0   0   
-2   0   0   1   -2   1   -2   1   -4   2   1   0   1   3   0   3   0   -1   0   0   
-6   6   -3   4   -9   6   -2   6   -4   8   -7   6   -5   6   -5   4   -6   0   -3   2   
0   2   1   3   -7   0   -2   7   0   2   -1   2   -2   0   0   9   -7   3   -3   1   
-3   2   -2   1   -1   0   -3   6   0   3   -4   0   -3   0   -3   0   -3   0   2   0   
0   2   -1   -3   0   1   1   7   2   2   -7   -1   -4   5   2   -3   2   -4   0   0   
0   1   -7   2   -4   10   -8   7   -9   3   -10   2   -9   4   -9   8   -4   4   -4   2   
0   0   1   0   0   -1   2   -1   2   0   0   0   2   -1   0   -1   3   0   0   0   
-2   -1   -1   -5   1   0   0   1   2   1   -1   2   -1   0   -1   0   0   2   1   1   
-1   -9   1   0   -6   2   -1   4   2   -2   0   -4   1   0   -4   -3   4   -7   -3   4   
-10   -1   -11   13   -11   10   -10   1   -3   6   -12   15   -1   0   -10   9   0   7   -11   3   
-1   2   -1   5   -5   -1   8   -1   1   3   -1   5   0   4   -2   5   -2   3   -2   2   
0   7   3   7   1   6   -2   4   12   12   2   6   -4   -4   -6   5   -1   -2   1   -1   
0   0   2   1   6   -1   1   -3   3   -1   3   -8   1   -5   0   -5   5   -7   3   -1   
-5   7   -4   0   -11   0   -6   7   -1   4   -4   7   -6   0   0   2   -2   -7   -7   4   
-13   2   -4   5   -3   6   -11   11   -12   8   -12   9   -8   6   -10   11   -15   5   -13   4   
0   -1   3   -1   0   -2   0   -1   1   0   1   -1   0   -1   1   0   0   0   1   -2   
0   0   0   1   -1   2   0   0   -1   1   -2   2   0   -1   0   0   -1   1   0   2   
-8   4   -3   6   -6   3   -4   1   -3   3   -2   6   -4   0   -6   6   -6   4   0   6   
0   0   6   0   1   -1   1   -4   3   -3   3   -5   4   -5   5   -1   3   -2   4   -3   
-4   5   -4   2   -3   1   -1   4   -4   2   -3   2   -3   2   -4   1   -3   2   -1   3   
0   -1   -5   0   -6   -2   3   2   -5   0   -4   -2   -7   4   -6   0   2   8   -4   -4   
-4   7   2   8   -9   2   -3   7   -4   -2   0   0   -6   1   -7   0   -10   11   -6   6   
-5   9   -8   7   -5   6   -3   3   -6   9   -8   4   -5   6   -8   8   -4   10   -2   8   
0   -4   6   -2   2   1   7   -5   3   0   0   0   4   -4   3   -2   6   -6   3   -2   
2   -1   5   1   1   -1   6   -3   -3   -2   4   0   4   0   0   3   4   -1   0   -6   
0   2   0   -8   4   -1   -1   -6   1   -3   0   -3   6   0   -5   -7   2   -5   3   1   
0   3   -2   0   -2   -1   -3   0   -1   2   -1   0   -2   0   -2   4   -2   0   0   0   
-1   -6   7   5   9   -13   8   -8   12   0   12   -7   7   -5   3   -4   -3   -10   1   -13   
-5   0   1   0   1   4   -2   2   2   -2   -6   0   -3   -3   -4   1   1   3   0   1   
-5   3   0   2   0   3   -2   1   -4   3   -4   5   -4   2   -4   2   -5   2   -4   0   
10   0   -1   1   0   -3   5   -8   -1   -9   9   -10   6   -9   -7   1   10   -11   6   -1   
0   -3   2   -2   0   2   1   -2   -3   -5   0   2   0   -1   3   2   3   -2   0   -1   
-3   0   -1   3   -6   1   -1   -4   -6   0   1   2   0   0   0   5   -2   0   -1   1   
-6   6   -3   5   -10   6   -11   2   -9   10   -3   6   -3   4   -10   7   -7   4   -11   10   
-5   3   2   2   -3   2   -2   0   -1   3   -5   5   -2   3   -1   3   -1   4   -2   0   
1   0   -2   0   0   -2   2   -1   3   2   -3   -2   0   0   -1   -3   -1   0   -2   0   
-1   1   2   1   2   -1   0   1   -2   1   -1   -3   0   2   -3   1   0   2   0   3   
4   -1   2   -2   0   -2   2   -1   3   -2   2   -2   2   -1   2   -1   2   -2   0   -1   
2   -2   5   -1   0   -4   2   -5   2   -1   0   0   3   -2   2   -2   0   -1   3   0   
11   -10   6   -1   7   -3   6   -7   10   -8   2   -6   8   -8   5   -6   9   -5   12   -4   
0   -5   1   2   2   1   6   -1   2   0   2   2   3   -2   3   0   1   -2   3   -3   
-4   6   -2   4   -6   2   -10   3   -10   8   -4   4   -4   2   -9   4   -6   3   -8   5   
6   -4   5   -2   4   -6   5   -9   2   -3   5   2   2   -3   0   -9   5   0   0   -4   
5   -5   -1   -14   -6   5   8   -7   -8   -7   4   -9   -8   -2   2   0   -1   -9   6   5   
0   1   0   3   0   2   2   4   -3   -3   -1   2   0   0   -3   -1   -1   0   -2   -3   
0   47.1403   48.121   60.9109   80.6259   47.0689   49.0151   61.4032   37.0278   51.6296   58.0298   54.8503   48.4924   65.4072   53.833   78.3695   54.8869   59.8803   44.8869   54.0128   42.1662   61.5112   53.8337   79.4124   51.2156   48.873   68.0106   63.7772   53.338   67.1885   53.5576   78.2453   44.6142   72.6281   31.1529   25.2361   64.8019   54.6228   31.7047   61.5793   72.4313   51.3363   55.8973   69.2217   72.6952   58   63.7545   51.8707   71.1566   66.2037   
32.1403   0   45.0697   82.7435   73.0588   61.1105   79.123   84.1682   63.8702   75.7174   41.7315   77.673   78.5219   38.6922   36   51.2353   83.3758   39   76.7119   85.1128   55.7253   51.4605   78.7347   44.2488   45   47.6982   46.9317   87.4983   74.9333   54.5221   37.2594   67.1623   71.679   60.19   59.7778   48.0588   88.7647   82.7132   59.6264   61.3249   91.5836   70.4885   49.3311   94.2309   68.8803   26.1623   92.1025   80.8276   36.0263   60.0476   
33.121   30.5287   0   88.2152   94.736   77.7643   71.4543   89.8918   58.2244   76.3075   25.4403   82.9008   65.7032   52.4642   32.4642   54.541   71.6236   64.6449   68.2217   85.6498   72.4891   72.9137   86.9547   53.1117   66.6418   69.0956   41.7099   77.9884   80.405   39.3693   33.8102   87.736   77.7352   47.6125   61.2719   53.2866   60.2966   82.0317   63.7214   31.8114   96.925   84.4573   39.1655   65.7551   34.2483   47.6155   80.531   69.8188   66.0116   90.5763   
39.6232   67.1193   72.2011   0   87.3092   45   43.4301   24.6056   50.6774   28.2076   93.1629   38.9737   56.3024   94.1708   93.4562   116.882   65.0704   88.7805   58.0605   44.4631   50.2195   87.2111   33.2315   107.962   80.2938   68.313   103.595   67.1048   28.8102   98.7616   88.8262   86.505   41   112.251   53.4883   55.6558   77.0454   25.0454   51.2062   101.203   30.0499   39.4094   94.492   84.0076   105.837   81.6408   77.9004   60.0119   103.146   75.8705   
63.0317   50.9902   80.3243   71.3092   0   63.2144   102.236   83.6676   96.3095   85.686   92.7217   98.3261   108.195   70.0377   86.9902   97.2982   116.826   51.0588   107.919   107.226   57.8292   42.0217   71.2983   84.7422   50.2594   55.1287   84.0071   120.408   83.352   105.512   88.2496   27   68.7853   111.18   69.6322   82.6472   122.759   91.2302   75.4676   112.136   84.1471   63.0521   92.3127   125.074   114.573   70.5374   124.084   106.195   71.788   31.4222   
29.0689   46.6905   60.7289   25   47.5395   0   57.0547   45.1948   53.0789   38.1868   78.6529   52.6431   64.4777   71.9832   79.5901   95.8352   77.6063   65.7032   67.6063   60.4004   28.3852   63.51   34.7902   87.0395   53.7449   40.7065   83.8049   77.0079   36.8806   90.1051   74.1808   61.5677   30   98.1865   33.4924   46   84.2007   40.4008   34.1108   90.5681   42   26.544   78.5295   86.2282   94.9772   59.4533   88.2993   72.3964   81.434   49.5261   
33.0151   65.123   57.4543   28.6356   87.983   41.7732   0   46.4204   44.2766   35.5471   82.8946   26.4721   36.3178   98.3354   86.8481   105.554   44.0907   92.8954   39.088   26   62.7492   94.5159   53.5967   108.196   84.2307   71.7174   96.7946   42.7697   38.5967   90.8431   85.306   102.054   55.2102   105.067   54.0003   52.0644   53.6931   32.3848   47.6757   81.7282   58.6394   68.045   88.9124   56.6394   88.7672   91.0076   46.5967   37.8661   101.149   91.2993   
40.6079   66.888   73.4983   3.60555   68.6586   23.1948   32.0156   0   52.833   31.5696   93.761   42.5793   59.9079   94.2682   94.4409   115.782   68.6759   85.733   61.6661   48.0686   42.4549   80.5006   31.3693   108.923   72.5291   60.5484   102.091   70.7104   25.4868   101.402   89.4659   82.4797   33.2354   113.007   49.0151   56.2244   80.6509   28.6509   50.6985   98.6226   32.0711   43.015   93.3095   87.0072   107.747   82.242   78.6124   63.6175   102.914   72.7209   
18.0278   49.0918   40.2244   36.4005   79.3095   38.0789   17.4642   38.833   0   39.7697   65.6647   35.8045   34.0384   79   68.5461   93.0902   42.6686   77.908   34.2745   43.4642   55.9057   79.539   62.4279   87.406   69.2433   59.5901   81.9343   46.2511   47.4279   76.2096   67.9535   90.1298   57.5117   87.8027   41.8701   38.8114   46.4109   42.632   39.4009   66.2666   66.4504   64.6229   72.6588   56.1216   74.4727   75.254   49.9269   32.0384   85.118   84.2314   
28.6007   58.5235   60.3075   12.6491   71.5891   24.1868   18.868   15.1327   23.7697   0   81.3491   30.4222   45.8058   89.8378   82.4337   106.032   58.1873   82.1193   50.6499   39.5632   43.8568   80.332   39.5632   102.772   70.0364   63.1623   94.9598   60.1545   24.5654   89.6101   76.8769   85.7545   40.9877   101.229   46.2494   46.6586   69.5088   18.1623   39.9249   86.1891   39.2036   50.7308   84.498   72.497   94.5558   78.5235   58.4166   48.4138   94.5498   73.7129   
36.7696   23.7697   10.4403   76.3806   74.7329   61.7171   64.8845   77.2334   47.4236   65.192   0   83.2281   76.1435   40.9072   27.6392   38.6982   82.0639   58.9535   76.1295   90.3847   73.8287   71.2015   86.4201   44.6833   61.3982   58.5533   34.8375   84.123   84.2673   37.8794   27.9443   88.9117   77.6816   40.9338   59.793   58.5366   70.1507   83.3543   62.634   42.2517   103.717   88.1059   21.2361   67.1507   36.1359   48.9258   90.9713   76.5428   49.3017   83.8173   
31.4006   63.5059   58.0086   24.3311   84.22   37.6431   4.47214   27.6586   17.8045   14.4222   64.8845   0   36.2483   92.8851   85.2336   103.583   44.8784   91.2809   36.4844   30.4721   58.279   92.4775   50.3293   101.683   82.5368   69.6759   94.9153   47.2419   35.3315   87.4816   79.8557   97.8771   51.7538   103.817   51.9559   46.6142   54.3192   28.9284   47.6586   75.4401   52.3657   61.2311   84.1193   58.3315   92.2569   82.195   51.0689   34.2483   96.4924   85.8355   
32.6956   62.8013   48.7032   42.107   93.723   50.4777   14.3178   45.2769   14.7648   30.8058   57.4891   18.0278   0   91.1737   79.0194   96.1873   29.6056   92.5758   19.6056   40.3178   67.8479   94.0667   67.9146   101.298   83.7711   74.3549   90.2672   36.7279   52.9146   71.4358   75.1957   104.762   65.3735   89.3485   56.6349   50.4631   45.095   46.7026   50.3836   64.0106   70.0094   73.9017   76.6657   44.3311   74.6406   83.3273   32.1245   24   98.8276   97.3977   
44.4072   12.3693   36.2353   79.1581   53.0377   57.8014   77.3175   78.7718   61   70.8378   26.9072   75.8024   74.3303   0   36   52.4279   95.7451   45   88.5755   97.4821   68.0946   54.1496   86.214   42.1245   48.7308   56.3335   38.2627   99.8676   87.3026   61.0441   45.4253   61.0435   78.0328   64.0985   66.0977   60.4281   96.3923   89.0001   71.9957   68.0467   99.8014   82.8578   44.4008   94.058   63.0432   33.53   104.228   86.3395   27.2801   66.1275   
38.833   19   17.4642   77.9872   69.7209   61.2944   68.9493   78.5175   51.5461   67.424   7.2111   68.542   62.6498   20   0   37.4009   85.3014   53.0521   76.9073   92.4757   74.7253   61.3209   89.4685   37.4571   55.049   58.8262   26.0554   85   84.2922   43.0464   33.1113   77.0227   80.6003   38.3452   67.0041   60.9625   77.3618   85.5863   63.8365   47.0156   103.294   85.6419   26.4031   74.3618   43.347   36.0227   90.0066   74.6712   47.2801   79.0476   
60.2163   36.2353   33.541   99.3579   82.2982   81.8352   89.5545   99.8248   72.0902   88.8144   24.6982   89.4427   82.0061   29.4279   21.4009   0   104.537   67.2529   94.5875   109.079   91.201   78.6512   110.869   33.2971   73.6127   79.9016   40.4222   105.955   105.693   57.5941   51.1804   90.4713   102.001   41.4012   84.4912   82.2944   91.5352   106.977   85.2374   57.5793   123.835   106.724   44.4722   91.8489   55.311   57.4237   111.048   96.0722   51.0644   95.5554   
40.8167   69.3758   51.6236   50.636   102.728   59.9083   22.0907   53.9351   23.4307   39.8497   61.2046   26.3059   9.43398   80.4114   67.0075   85.1587   0   100.322   24   41.3607   77.2818   102.328   75.6875   104.344   92.0323   83.0209   93.0628   21.1231   60.6875   78.3526   74.0789   113.234   74.8075   91.9466   65.3008   59.8971   32.8114   54.4755   59.8176   66.9574   78.6716   83.3357   80.2851   42.3576   79.9333   92.7613   28   33.434   101.664   106.832   
45.8803   20   50.4777   72.7805   34.0588   48.7032   77.9295   71.5681   63.8905   67.1193   42.9535   75.4255   78.4347   19   37   48.2597   86.0058   0   90.7672   99.8931   58.8527   27.4018   76.7304   50.9559   31.4164   40.4951   52.1248   107.129   85.5838   74.5221   57.2594   48.074   70.4976   75.3452   64   65.0833   104.315   85.2816   72.0416   81.3249   90.7032   75.2472   63.4008   107.671   79.0894   38.0294   109.635   95.9289   45.3848   52.5296   
30.8869   60.208   45.2217   44   92.7631   50.6063   17.088   47.0425   13.4536   32.249   54.1295   20.3961   3.60555   71.5681   59.4138   78.5875   10   76.3217   0   35   68.347   92.3981   70.5252   94.1581   82.1025   72.0313   85.4692   31.1231   55.6848   69.4582   67.8197   102.571   63.7545   86.5713   54.3113   48.8717   40.0263   49.3245   52.8546   57.4166   71.0093   74.4624   72.2939   44.0227   70.0357   82.6059   34.0278   20.2361   96.2343   97.0905   
39.0128   71.1126   62.6498   30.4631   93.1504   46.4004   6   34.0147   23.0868   22.6274   70.3847   8.94427   16.6433   83.2947   74.6324   95.0789   22.3607   83.863   20   0   66.4842   100.516   59.2736   110.19   90.2284   77.7174   98.9505   42   44.2758   88.0791   79.9242   104.813   58.2782   103.983   60.0003   55.5585   55.1721   37.8727   53.6757   77.4166   60.513   69.8725   90.6154   58.1622   90.0357   91.1393   48.561   40.2361   105.437   92.7718   
27.1662   41.7253   57.4891   30.0666   43.8292   5.38516   44.4072   28.4429   38.5876   27.8568   57.7754   40.4969   51.8556   52.6308   56.9386   77.201   61.2209   43.3244   51.614   49.3964   0   62.1182   38.8885   82.9471   57.0832   45.3576   79.7125   82.344   42.2658   88.6484   74.0952   58.1096   34.2195   95.2838   32.0357   47.6298   84.9984   45.7859   35.4642   83.1158   47.3852   31.9292   79.0115   90.2638   91.7374   55.3609   83.1789   68.6063   77.1402   50.5466   
47.5079   28.4605   58.6003   68.1836   23.0217   43.2897   77.4919   66.4831   65.2993   64.3817   52.2015   74.4648   80.0625   30.1496   46.8722   59.5399   88.3233   11.4018   78.3901   83.2406   38.1182   0   72.109   62.3576   26.2956   46.8035   63.5265   109.446   80.0079   82.6222   65.7199   41.0312   66.2652   85.2174   64.5216   72.744   107.617   81.2681   65.8402   89.7854   85.2897   69.8337   73.2753   116.73   88.3375   49.4311   111.262   95.2943   48.7321   36.6011   
37.3363   58.8982   70.2638   15.2315   56.2939   12.53   39.4462   12.3693   41.1947   20.5913   72.4017   34.9857   50.9215   70.214   72.6223   93.5094   60.1664   61.0983   51.923   42.8019   17.8885   55.109   0   99.5695   61.7598   53.2365   93.7025   78.6498   37.8561   97.2398   82.6865   74.0977   26.2195   107.858   40.6271   57.7975   87.214   38.4009   45.632   98.9156   28.6015   32.2462   91.0595   91.3724   104.512   71.9832   79.0078   67.2892   89.9466   62.0561   
55.7136   26.2488   37.108   92.9624   67.7422   72.9178   87.5557   92.9139   70.406   83.6301   26.6833   86.6833   82.2982   16.1245   20.0998   15.2971   87.0057   33.9559   79.1581   93.3916   67.897   45.3542   85.1469   0   64.8292   72.458   27.4018   105.1   99.9083   56.6433   46.7082   77.168   91.7968   52.6816   73.9083   74.2451   94.4518   101.792   83.9362   65.807   113.748   96.7373   40   93.8341   62.8193   49.6545   110.106   94.771   42.0312   78.9682   
37.2156   22   50.5964   59.8415   29.7321   35.4401   67.4463   58.4637   55.0091   55.0364   45.3982   64.5368   69.7711   27.7308   41   56.6127   78.032   13.4164   68.0955   73.2462   30.0832   10.2956   47.7598   43.8292   0   31.0384   59.9535   95.9878   72.3207   76.5221   59.2594   37.2594   62.2938   79.3452   56.5941   54.4462   100.623   73.1986   52.8782   82.4078   76.3613   58.1461   66.6343   97.6226   81.5342   41.0263   100.97   84   51.8329   35.0998   
26.1725   24.6982   47.0956   47.2969   37.0135   23.7065   54.7083   46.1736   43.2666   42.0119   44.5533   51.6624   57.9828   34.6554   42.0595   60.9016   66.6108   25.4951   56.6127   60.4401   18.3576   22.8035   36.2353   50.3289   13.0384   0   64.5296   87.7339   60.5872   73.3697   56.107   46.8277   45.313   80.4047   39.72   51.4086   89.6775   60.1742   51.0416   78.907   64.8368   48.6105   61.8912   88.0634   80.6893   42.8035   89.0945   75.305   60.7245   48.1382   
47.0106   21.9317   25.7099   85.6037   70.0071   67.4759   77.7946   85.9127   60.4401   75.4718   15.2971   77.2528   71.7008   17.2627   9.05539   14.4222   76.0263   36.1248   68.469   83.5225   62.8013   47   79.2465   11.4018   42.9535   46.5296   0   94.0554   93.0064   52.1018   42.1667   78.3061   86.0928   42.561   75.0901   62.3011   85.4478   93.6341   72.8918   56.071   107.848   92.4202   35.4585   82.4478   51.433   45.0781   99.062   83.7266   44.5428   78.0532   
44.7772   73.4983   55.4437   52.3927   106.405   63.0079   23.7697   55.7853   27.2029   42.1545   65.123   28.1603   12.7279   84.5281   71   88.955   4.12311   90.0777   13.8924   23   64.5368   92.2822   62.6498   91.022   81.9878   70.4557   80.0062   0   62.3665   79.0328   78.202   116.463   77.6469   96.0698   68.2037   62.7642   36.9345   56.1545   63.1115   71.0805   80.5259   86.6296   81.1863   45.8494   83.1585   91.2861   32.099   34.1285   105.787   110.126   
31.8277   59.9333   64.405   7.81025   68.352   20.8806   24.5967   9.48683   29.4279   6.08276   68.593   20.1246   36.8782   72.0902   70.2922   91.6788   45.8803   66.7533   38.3275   27.8029   25.318   63.0079   15   85.5862   54.1479   41.3038   78.0064   48.1041   0   90.0066   78.3817   81.4475   41.2195   104.456   43.9579   49.7988   72.1402   24.245   37.6333   92.2719   37.8601   47.0227   87.725   78.4561   98.1234   80.3339   63.1935   54.3729   93.8332   69.4059   
45.1885   40.1622   12.3693   83.7616   90.956   73.0821   66.8431   85.235   50.2096   71.6101   16.5529   67.9412   56.4358   43.0116   23.0217   30.5941   57.5847   59.5063   52.8394   71.6101   69.857   68.6222   82.4621   39.1152   61.3922   59   28.4253   61.0328   76.0066   0   41.2627   98.6516   88.5013   38.4642   70.6127   65.656   64.9974   89.7723   73.8595   31.0416   109.294   96.5248   37.789   71.1774   33   59.0444   80.0984   72.7083   64.9183   96.4919   
32.5576   23.2594   7.81025   72.1803   73.7631   58.1808   60.4152   73.1095   42.9535   60.8769   4.47214   60.4152   53.1507   28.4253   10.198   29.1548   57.0789   43.0465   49.8197   65.9242   54.4243   51.6236   68.6003   30.2655   44.1475   42.107   19.0263   61.0328   64.3817   17.2627   0   81.4069   77.1718   45.4059   60.0595   51.2415   65.0306   79.0392   61.6005   39.6216   93.2023   83.894   25.7082   71.6229   40.6081   46.2208   83.8474   70.0557   50.2278   79.2472   
58   44.1475   73.736   69.8713   7   45.3542   84.534   67.4759   74.8131   68.9493   67.9117   80.9568   89.4036   46.0435   62.8013   75.326   98.2344   27.074   88.2383   89.8999   41.1096   16.0312   55.2268   60.8276   23.2594   31.8277   63.0079   102.005   66.2193   84.2021   67.0522   0   65.2443   100.1   67.2515   77.7056   121.047   85.7549   73.087   104.396   83.1907   62.0956   82.4591   119.891   104.041   55   120.922   106.801   61.911   29.0416   
29.6142   49.679   62.0322   21   51.264   4   38.8973   19.2354   36.6879   20.8087   63.6318   34.6554   48.3735   61.0328   63.6003   84.386   57.8014   52.4976   48.7545   43.2782   9.21954   47.2652   9.21954   75.9276   39.2938   27.313   70.0928   60.7454   17.088   74.3303   59.9416   49.2443   0   101.946   37.4924   47.2763   83.0984   38.8254   35.1108   91.1935   37.821   27.0623   82.5295   90.2282   96.2805   63.4533   79.2252   68.7263   79.8635   52.3631   
57.6281   42.19   25.6125   97.1854   92.1954   83.1865   82.9277   98.2344   65.8027   85.5862   21.4709   83.6002   73.3485   39.8121   23.3452   16.4012   74.9466   58.5491   69.7782   87.983   79.2023   69.1809   93.8136   29.6816   64.1249   65.2534   22.561   78.4474   89.3756   17.4642   25.2389   85.2115   85.0882   0   81.2639   76.4804   82.4617   103.748   84.1049   48.5058   118.441   108.964   42.707   87.215   41.1172   59.368   97.5627   90.0143   64.6578   99.2246   
13.1529   34   44.2719   33.121   52.4976   16.4924   37   33.0151   26.8701   25.318   45.793   33.9559   41.2311   46.0977   46.0977   67.1789   50.2494   42   40.3113   42.72   14.0357   40.5216   26.6271   59.9083   30.5941   17.72   53.0754   53.9073   26   56.6127   42.0595   48.2597   17.8885   67.2309   0   33.5602   73.2809   43.4803   32.3246   73.2268   55.2285   42   61.7074   82.3746   78.5202   47.6155   73.3556   58.9085   70.0263   55.2099   
2.23607   34.0588   33.2866   39.0512   65.1153   30   31.0644   40.2244   15.8114   27.6586   37.5366   29.6142   30.4631   46.2709   39.9625   61.2944   38.5876   48.0833   28.6531   37.054   28.4429   49.7393   37.6431   57.2451   39.4462   28.3196   48.3011   42.5441   31.241   45.1774   33.2415   60.1415   30.2655   58.1378   14.5602   0   61.8044   45.8209   33.9408   62.9762   61.6476   53.5724   58.1334   67.2666   67.5349   60.2211   62.5188   47.8498   70.0851   68.225   
42.8019   65.7647   42.2966   63.0079   105.759   67.4166   35.6931   66.0076   29.4109   51.0882   52.6118   39.3192   21.3776   75.3923   59.2284   75.0067   15.8114   84.3149   19.0263   37.3363   67.5426   88.6172   70.214   79.2465   78.5684   68.7677   67.897   17.6918   57.1402   45.5412   49.0306   100.499   66.0984   62.9682   54.7083   40.8044   0   68.0779   67.0899   51.3766   90.0356   93.0405   70.4518   18   69.8402   84.0955   43.8114   39.2624   98.6378   109.006   
31.6228   61.6847   63.0317   11.0454   73.9256   26.4008   18.3848   14.0357   25.632   3.16228   68.1175   13.9284   31.257   74   70.4557   91.8368   40.025   70.1783   33.0151   21.4009   30.3645   67.2681   21.4009   86.764   58.0086   45   78.5493   42.0595   6.40312   74.2024   63.7809   71.4703   22.8254   88.3912   28.4429   30.6105   52   0   43.0871   88.4763   40   49.8877   87.5201   70   97.28   76.0584   61.5789   48.1767   97.711   75.1885   
11.7047   38.6264   44.7214   29.2062   58.4123   18.1108   30.6757   29.6985   21.4009   19.9249   47.634   27.6586   35.3836   50.9215   48.8365   70.1783   44.5533   48.0416   34.7131   36.4005   17.4642   46.8402   25.632   64.0078   36.8782   24.0416   56.4004   48.1041   21.6333   56.8595   43.6005   54.3783   18.1108   68.8186   6.32456   12.1655   50.0899   23.0868   0   73.284   54.2335   44.6548   67.602   68.0899   78.9696   53.94   67.5081   49.9411   74.6527   61.0454   
42.5793   46.3249   15.8114   78.721   95.6347   71.5681   58.7282   80.6226   43.2666   66.1891   24.8395   60.4401   47.0106   51.6236   32.0156   42.5793   46.9574   66.2873   43.4166   62.9682   69.1158   74.2428   79.555   50.0899   65.9242   61.1882   38.9487   50.1597   71.1758   12.0416   23.4307   89.1572   72.1803   29.1548   55.2268   41.9762   33.9559   68.4763   54.1295   0   101.464   93.9156   44.807   51.9559   34   63.4269   70.1543   63.6527   73.6586   101.024   
46.8722   71.6101   79.925   10.0499   68.469   26   38.6394   7.07107   45.8912   22.2036   83.2406   34.3657   52.1536   83.2166   84.1724   105.361   60.6712   74.6726   54.0093   40.1622   31.3847   68.6586   13.6015   97.8008   61.3514   49.6588   91.2853   62.3699   16.4924   91.7878   79.2023   68.0074   22.3607   104.403   38.2099   46.6476   73   21   35.609   87.4643   0   35.095   99.9174   91   114.173   85.4533   79.6859   68.614   102.224   74.7238   
37.3363   54.4885   69.2604   23.4094   48.0521   8.544   45.607   20.6155   44.643   26.9072   70.214   41.2311   55.9017   65.192   69.6419   90   65.2993   54.5619   56.4624   49.5177   12.8062   47.8017   8.24621   80.6102   41.1461   30.6105   75.6042   68.0955   22.0227   81.6088   66.7083   47.0956   8.06226   91.6788   25   38.1182   74.0405   28.3196   26.0192   79.9062   21.095   0   86.7074   92.0405   102.361   67.9973   85.2162   75.3211   87.9258   49.0571   
38.8973   24.3311   12.1655   78.492   75.3127   63.5295   67.1193   79.3095   49.6588   67.3573   2.23607   67.1193   59.6657   26.4008   6.40312   22.4722   63.2851   43.0813   56.2939   72.6154   59.5063   52.6308   74.3303   25   46.1736   45.8912   13.6015   67.1863   70.7107   16.6433   6.7082   68.4471   65.5134   19.6977   47.7074   39.6989   54.4518   70.2922   49.679   25.807   85.276   72.0069   0   69.3868   38.372   42.4258   90.3216   76.5299   51.5377   81.2733   
45.2217   67.2309   42.7551   66.0076   108.074   70.2282   38.6394   69.0072   32.28   54.0833   53.1507   42.2966   24.3311   76.5572   59.9083   75.0267   18.3576   86.0233   22.0227   40.1622   70.2638   90.6091   73.1642   79.8311   80.6226   71.0634   68.4471   19.8494   60.1332   45.1774   49.7293   102.728   68.9638   62.514   57.3062   43.2666   3   55   52.8015   33.3766   76   76.922   54.9181   0   62.0977   87.0955   46.3576   40.0832   99.9571   111.425   
50.6952   45.8803   18.2483   88.8369   96.7729   78.848   70.7672   90.4268   54.5619   76.5506   22.1359   72.1388   59.6406   48.0208   28.178   32.311   59.9333   65   56.0357   75.2861   75.71   74.3303   88.0227   42.638   67.2681   65   32.5576   63.1585   81.1234   6   23.1948   89.9889   80.0062   17.1172   62.3618   50.5668   46.8402   79.0569   62.3939   13   97.0618   87.3613   21.9317   46.0977   0   63.0408   83.1543   75.0086   70.9183   102.368   
33   3.16228   33.6155   66.6408   47.8539   45.4533   66.0076   66.242   50.3587   58.5235   26.9258   64.195   64.3273   12.53   22.0227   38.4838   71.1688   17.0294   61.8466   72.0069   40.3609   25.2982   57.8014   27.5862   19.0263   22.8035   24.3516   75.2861   59.6154   43.3244   26.4008   41   48.6004   45.0999   33.6155   35.0143   68.0955   61.6847   38.6005   49.3964   70.7248   53.0377   27.4591   69.6419   49.0408   0   95.2584   77.3699   39.1886   54.126   
48.7545   78.1025   60.531   52.811   109.636   65.2993   24.5967   56.3028   30.8869   43.4166   70.1783   29.0689   16.1245   89.2693   76.0066   94.0479   9   94.3398   18.0278   22.561   67.1789   96.1769   64.0078   96.0052   85.8836   74.0945   85.0235   5.09902   49.1935   66.0984   66.0681   105.437   62.8013   83.5225   57.2014   46.5188   22.2036   42.9535   51.225   55.1543   62.6418   69.8928   72.2496   24.0832   68.1542   79.8123   0   32.8885   110.664   112.27   
30.8707   60.8276   46.8188   42.0119   92.1954   49.3964   14.8661   45.0999   13.0384   30.4138   55.5428   18.2483   2   72.3395   60.6712   80.0812   10.6301   76.5506   2.23607   17.8045   50.6063   78.2943   50.2892   80.3057   68   56.3028   69.7209   14.2127   36.4966   54.7083   51.1957   87.8009   47.4131   71.5542   39.6989   28.6356   21.095   31.0644   33.9411   45.4533   52.0384   55.0364   57.7235   24.0832   58.0086   62.3699   17.8885   0   96.8539   94.9088   
51.1566   19.0263   43.0116   84.6936   51.788   62.434   84.1487   84.0952   68.0294   76.922   33.3017   82.4924   81.4985   7.28011   26.1725   31.0644   87.6641   18.3848   78.7718   90.1388   57.1402   29.7321   74.9466   16.0312   29.8329   38.833   21.4709   91.7824   77.8332   48.9183   35.2278   44.911   65.8635   43.6578   51.8652   53.0848   82.6378   80.0812   57.0088   58.1378   88.193   69.4046   32.5269   83.7735   53.6004   18.4391   96.5091   79.511   0   64.9326   
49.2037   42.0476   69.4262   57.8705   14.4222   33.5261   73.5731   55.4437   65.0692   57.3847   65.123   69.8355   79.3977   47.1275   61.0328   76.4003   88.459   29.5296   78.5175   78.7718   29.5466   18.6011   43.1856   62.9682   20.0998   23.7065   62.9682   92.0978   54.4059   80.7527   63.5059   12.0416   37.3631   84.214   38.2099   51.225   92.0054   59.808   44.0454   84.2021   56   35.0571   66.0303   94.4034   86.7006   39.1152   95.268   77.8974   47.8539   0   
