15
70
999999 12 14 11 9 9 13 7 5 5 8 15 10 14 6 14 17 15 7 15 9 16 6 13 5 14 11 17 9 12 8 11 7 9 7 7 16 9 12 12 7 6 14 16 12 14 8 13 5 15 16 6 17 16 7 13 17 16 7 15 9 11 16 10 9 7 12 13 9 5 
0 2 6 3 1 4 6 5 1 4 3 4 6 4 4 10 4 10 6 5 1 15 5 7 4 5 9 11 8 2 4 5 5 1 3 4 2 5 10 7 1 3 10 11 4 8 5 4 3 13 14 5 7 9 4 11 2 1 4 7 3 9 7 5 5 2 7 4 6 1 
20
0   0   0   0   0   0   0   0   0   0   0   0   0   0   0   0   0   0   0   0   
4   -4   5   2   3   -2   3   9   -3   0   -5   3   3   1   1   0   1   -2   1   -5   
10   -2   -2   -6   8   -13   10   -9   10   -8   10   -2   0   -12   4   -2   10   -4   10   -9   
5   -5   5   -7   3   -11   4   -5   9   -7   6   -4   9   -8   7   -3   6   -5   6   -9   
-2   1   -2   1   -4   2   -5   3   -4   4   -4   0   -5   8   -3   7   -1   2   -4   0   
-1   7   -5   8   -6   7   -2   4   -4   1   -2   8   -4   0   -1   4   -8   4   -8   7   
-3   12   1   0   -1   -5   -8   1   -6   2   0   1   -4   2   0   9   -4   0   -7   12   
-1   5   -1   1   0   0   0   2   -1   -1   -1   1   -4   3   0   -2   2   -1   -1   -1   
-3   3   -2   2   -1   0   -1   1   -1   3   -4   2   -1   3   -2   1   -3   2   -2   1   
-3   1   -1   3   -2   2   -3   1   -2   4   -1   3   -2   2   -3   0   -2   3   -3   2   
0   -3   3   -2   3   -3   3   -1   2   -6   5   -4   0   -4   2   -1   1   -3   4   -1   
3   -2   11   -7   1   -14   -5   -9   4   -5   -2   -9   3   0   13   1   2   -5   -8   -11   
4   -5   0   2   3   1   -1   3   2   -5   4   -1   0   6   -2   0   1   0   0   0   
9   -11   3   0   1   -4   7   -9   7   -6   11   -14   8   -1   9   -10   8   -13   6   -4   
1   -2   3   0   4   -4   1   0   0   0   3   -1   0   0   0   -2   1   4   0   -3   
6   -4   0   0   12   0   10   2   8   -3   8   -2   4   -7   5   -2   5   -3   3   -6   
7   -1   8   -9   12   -4   -4   0   2   0   8   3   -8   -7   0   -1   -2   -1   -7   -4   
-7   8   -14   10   -4   4   -12   11   -14   5   -7   7   -7   12   -7   5   -4   -9   -13   4   
-1   4   -6   3   -2   3   -5   2   -6   5   -5   6   -2   7   -6   5   -4   3   -6   5   
13   -5   -4   -12   0   10   9   8   2   0   12   -13   7   -5   9   -10   3   -8   8   -3   
-5   7   -2   2   -6   7   -3   2   -4   3   -5   0   -4   6   -1   0   -3   -2   -3   1   
-2   -4   9   -6   6   -5   5   2   4   0   0   -12   -10   -2   -3   -1   5   -7   13   3   
-4   2   -3   0   -1   -2   1   0   2   -2   1   2   1   -4   -1   0   0   3   1   -1   
-1   5   2   0   6   -1   -7   3   -1   1   2   3   1   -2   -4   5   0   0   1   1   
0   -1   0   0   1   0   0   0   -1   -1   0   0   0   -2   1   -1   0   0   0   0   
-3   5   -7   6   -5   3   -7   8   -4   3   -7   -1   -3   5   -5   3   -7   8   -7   4   
4   -2   0   -3   0   0   4   0   0   -7   4   2   0   -3   7   -4   0   -5   1   0   
-5   5   -13   1   -4   1   -8   9   -10   7   -9   4   -3   10   -13   4   -10   10   -9   9   
1   -2   2   -2   1   -2   1   -5   3   -1   -2   -2   3   1   4   -4   0   0   4   -4   
-7   9   -6   11   -3   12   -9   8   -3   8   -10   8   -8   10   -12   11   -4   8   -5   10   
-5   -1   -3   2   -2   1   -6   3   -6   2   -1   2   -3   2   -4   0   -1   4   -7   2   
-6   4   0   1   6   -2   -4   4   1   -1   0   -1   0   1   2   0   -8   -4   0   -1   
0   1   0   3   0   2   -1   -1   -1   3   -5   3   -3   0   0   2   0   3   -2   6   
7   -3   3   -5   3   -8   1   -5   2   -4   3   -2   0   -6   6   -4   3   -4   5   -5   
-1   0   0   1   0   -2   0   1   2   -2   0   3   3   -1   0   2   2   -3   0   -3   
-1   -2   1   0   1   0   1   -2   3   -2   2   -3   2   -3   1   -1   4   0   2   -3   
-2   2   -6   1   -12   2   -11   0   -4   6   -5   4   -2   8   -7   0   -11   3   3   6   
0   3   8   -6   5   0   3   -2   0   -4   6   -3   4   -3   4   -2   5   0   0   -5   
9   0   -5   1   0   1   -2   -2   9   -7   -5   0   -8   -4   3   1   2   -1   -5   -5   
6   -7   -1   0   5   -10   -1   -4   12   -6   6   -4   11   -7   8   -4   9   -6   8   -5   
0   0   1   4   -1   1   0   -1   1   -6   0   -5   0   -2   0   -3   1   -3   0   0   
0   5   0   0   -1   2   0   -2   -1   0   0   -2   0   1   0   0   0   -3   0   0   
-7   10   -1   10   -12   9   -5   8   -7   11   -10   8   -7   5   -10   8   -10   11   -1   9   
9   4   -9   6   -1   7   -6   0   1   9   -2   10   -3   -5   0   1   3   9   1   7   
0   -2   -2   -5   0   2   -4   0   0   -6   1   1   -3   -4   -1   -2   7   -1   1   -1   
-9   11   -14   8   -5   10   -8   12   -10   8   -13   12   -11   10   -13   10   -10   3   -10   10   
1   -1   2   -1   2   1   0   0   -3   -2   -2   -4   2   0   0   -1   1   0   0   -3   
5   -5   10   -6   -3   -9   5   -4   8   -1   11   -13   8   -11   7   -11   12   -12   5   -2   
0   1   0   0   0   0   -1   0   0   1   0   1   0   1   0   1   -2   2   -1   0   
-4   3   -7   6   -3   5   -6   11   0   15   -12   13   -13   9   -3   11   0   8   -5   9   
-10   12   -5   7   -2   10   -6   4   -12   6   -11   12   -10   9   -2   10   -14   8   -8   7   
-1   -2   -1   -1   0   0   0   1   0   0   1   3   -1   1   -1   0   1   0   -1   -2   
-11   4   -12   -2   -3   -1   -10   9   -5   14   -7   6   -4   2   -5   8   -2   2   -6   -4   
7   -1   4   -5   10   0   0   -3   5   -1   7   -9   6   -3   5   0   0   -15   0   -9   
2   -2   3   -3   0   -3   6   0   2   -5   2   -3   2   -6   5   -3   2   0   4   -7   
0   -1   -4   3   1   -10   5   4   2   3   7   -1   1   -8   1   -2   -3   -6   9   -4   
8   -4   4   -9   -2   -6   9   -6   9   -6   4   4   4   1   -2   0   6   -8   4   -15   
1   6   -5   8   -7   3   -13   2   -10   8   -3   6   -5   8   -2   4   -1   9   -7   1   
0   0   3   -6   0   -2   0   -2   2   -1   2   0   1   -6   2   -1   3   -2   0   -4   
-8   3   -15   13   -15   8   -11   5   -12   13   0   10   -2   7   -10   2   -10   9   -15   12   
-4   4   -7   0   0   7   -2   2   -4   1   -2   9   -4   7   -4   9   -6   3   -3   8   
-3   6   -2   11   -6   5   0   8   -3   0   -4   3   -1   3   -1   8   -6   2   -5   0   
3   -4   2   0   7   -6   5   -7   5   3   -8   2   0   -4   -5   2   3   0   7   0   
8   -8   8   -6   4   -8   5   -5   0   -5   2   -9   2   -6   4   -6   6   -7   6   -3   
-4   7   -1   3   -8   0   -8   3   -4   4   -8   0   -4   5   -7   2   -2   2   -6   2   
0   1   1   1   -1   2   -1   -1   2   0   2   1   0   0   -1   0   1   -1   -3   -2   
8   -2   0   -3   6   -9   0   -1   4   -2   4   -2   0   -7   3   0   1   -8   5   -6   
0   12   -9   6   -5   5   -2   1   0   0   1   6   -7   2   -1   1   -1   4   -2   11   
2   1   -5   -1   -4   -1   1   3   -1   4   2   1   -3   1   -3   -6   -3   1   3   0   
2   -3   1   -1   0   -2   1   -1   1   0   1   -2   1   -1   0   -1   2   -1   3   0   
0   34.105   40   64.0023   43.5862   65.577   33.0363   57.4046   34.025   61.8806   44.5888   59.4486   68.7588   47.9706   72.222   75.9201   65.273   65.3397   28.7046   23.6023   65.0109   56.3113   64.0531   60.2832   69.6976   58.1152   46.4631   68.9312   37.8806   58.1987   63.2354   45.3007   34.5859   58.1793   62.1664   61.4446   38.2354   44.0241   59.1017   45.1603   54.3052   54.2997   42.4882   68.467   76.3185   60.3872   55.8855   46.3311   63.7032   56.4837   69.6624   58.9411   64.3334   51.2995   28.2127   48.311   41.074   55.0789   52.2353   72.4047   56.5933   58.3406   37.095   74.8652   25.099   74.8015   60.8973   74.1041   77.6198   60.3657   
19.105   0   52.0147   51.6155   59.9091   78.3017   39.3264   74.1885   53.13   71.0021   56.0099   46.7603   61.8363   64.7545   88.022   64.7293   52.5144   76.7607   46.8924   29.8924   81.1897   73.6532   70.5698   67.8529   53.928   76.6685   64.5128   67.8365   49.3017   73.4281   61.5395   51.074   52.2415   46.6105   63.3839   78.8287   48.9076   26.2361   39.7099   60.3897   64.6952   45.4515   25.0554   62.2597   92.2861   43.9258   43.1548   53.8277   52.4138   71.1601   85.8635   72.4033   54.6757   57.5254   38.6015   61.7732   34   73.0803   71.3403   65.8114   50   69.6656   34.0554   74.0425   44.204   68.2173   37.8035   89.3506   63.4342   70.0848   
20   34.0147   0   65.2892   50.6742   72.9152   47.4694   40.4307   32.7883   74.8659   56.6261   53.4798   63.669   32.7648   50.3836   95.9201   75.5788   73.704   28.6015   43.6023   43.1725   62.1274   76.3939   48.6525   87.9427   50.0935   31.4924   88.9312   51.8085   43.4109   50.5033   65.3007   32.1108   78.1793   54.6119   52.4391   37.2971   52.176   73.7246   34   53.6742   65.4385   59.0701   51.4497   84.4753   77.9405   50.5033   29.3137   80   41.025   53.2025   38.0868   80.1332   71.1428   48.2127   33   61.074   56.8167   66.3542   66.9117   52.4433   63.6293   53.4138   59.9318   33.5529   94.8011   71.8182   72.1295   82.1585   48.5967   
47.5079   33.6155   50.2892   0   91.0941   110.204   70.6058   84   81.5329   100.974   88.11   40.19   46.4294   79.6317   91.4437   82.6831   30.8995   108.755   69.6338   61.8397   86.0928   103.784   104.185   61.0842   68.2634   99.5272   81.7816   92.8896   81.672   93.6994   54.492   74.1542   77.1999   68.0377   51.2353   101.581   52.1141   46.3847   53.5012   84.2892   96.7915   25.7703   48.0483   54.9163   123.826   52.108   41   58.6079   43.0278   85.4262   92.679   73.4437   39.4722   87.197   65.0969   68.8083   52.3645   102.587   99.7432   42.1868   37.0278   99.8689   43.9072   45.1725   72.6069   94.1095   65.0116   114.588   32.1421   98.8859   
27.5862   43.909   36.6742   75.0067   0   38.2859   41.1359   69.3595   36.0263   44.2947   28.6619   81.955   93.7559   63.4166   76.3516   86.7857   90.2444   37.0868   41.4951   44.0167   70.3173   30.9443   44.8568   84.1401   85.7112   42.2488   59.2127   72.7122   36   49.2053   81.6757   51.3456   39.6815   75.9197   89.7526   46.8313   65.8216   60.793   79.3297   55.1204   30.2971   81.8859   65.4782   86.6222   49.0275   80.1876   83.4718   65.988   88.9647   55.2173   73.1893   74.761   88.4972   58.176   45.9531   68.4876   68.6602   30.198   24.9443   99.9909   84.1795   25.198   64.6813   96.606   47.2389   71.5428   73.5685   42.6155   103.14   52.1548   
48.5489   62.2415   58.6941   95.0158   22.1359   0   54.598   86.1427   58.1622   36.3256   49.6716   100.954   115.892   78.4395   94.5514   93.72   111.795   30.3852   62.5395   66.1526   89.2413   32.3417   32.72   101.556   99.8123   58.1748   67.0377   68.231   52   68.0126   103.812   66.8803   54.8044   89.9508   107.92   58.0868   86.7843   82.3506   95.0195   68.0102   45.3344   102.849   87.2969   107.58   27.9284   93.6053   102.355   87.6222   108.831   74.3095   93.956   96.7809   110.633   63.025   68.089   86.3671   89.6229   41.0868   39.3417   120.954   105.142   40.2354   85.644   115.745   69.3748   78.0086   90.3542   37.0416   125.276   63.6905   
13.1529   22.6716   32.2025   55.6058   22.1359   39.598   0   70.5575   43.4993   52.3906   39.3383   64.7791   79.8551   61.1235   78.6393   68.6495   70.2268   59.2227   38.868   31.434   71.4282   53.0802   48.7851   73.4361   67.5751   60.2019   56.0512   56.9159   32.6301   64.9301   76.0156   33.2094   37.4165   61.108   75.3193   59.9318   51.0156   47.6602   62.3815   56.805   50.2655   66.0491   47.727   80.2786   67.5264   62.7379   61.1736   58.4833   68.6972   64.3431   77.482   69.1543   70.3546   37.9545   31.8489   61.4639   53.1548   49.5106   47.0802   85.5576   69.7462   47.334   48.8444   85.7887   35.6525   57.7253   53.0143   60.0595   83.6563   60.2492   
43.1393   56.9386   23.4307   66   52.1728   72.111   54.4059   0   49.3693   93.7464   76.5903   66.0937   69.1498   27.434   26.3734   119.059   88.3348   89.2596   52.0322   66.7416   19.1623   74.1175   95.1378   49.27   110.029   52.706   34.105   111.322   75.2392   51   50.4683   87.6153   55.5415   101.319   53.0132   51.6879   54.1141   70.8243   96.0167   46.1948   68.0416   83.2047   79.2993   52.8469   97.5504   97.3847   67   50.9258   94.4429   40.1421   27.9443   34.0384   96.0167   92.3604   71.352   42.0278   78.7279   70.3267   77.1171   75.9396   68.366   73.765   66   77.3289   56.9837   112.131   94.7421   84.319   94.6551   46.3059   
20.025   39.1152   18.7883   64.4981   19.0263   40.4475   25.0599   33.5261   0   63.321   45.313   67.6624   81.037   38.5153   57.2203   93.7094   82.3587   56.1131   30.6491   42.5492   52.6627   45.4605   63.8831   63.4342   88.9408   38.4493   39.5249   81.9758   42.7805   36.5407   66.8713   58.2693   23.0828   77.8975   70.9799   36.2132   48.8305   54.3121   78.3872   35.4018   44.8885   71.1922   62.1327   67.8176   68.0538   79.4915   65.7524   45.6816   82.2929   35.6333   61.4704   56.8751   83.2622   62.2769   48.0007   51.7883   61.099   43.2036   43.9706   85.7   71.2316   44.2243   54.2126   78.7201   29.1327   81.2193   76.9187   61.6418   96.6402   37.2315   
44.4072   52.3546   60.2993   85.9593   27.2947   20.2237   32.0156   78.7464   45.2217   0   38.2483   96.7948   110.84   83.737   101.664   81.5539   99.8153   34.0333   64.6167   57.1096   96.37   43.3452   24.6056   103.895   83.3464   67.0269   74.1664   56.0588   43   75.2944   104.749   50.8329   64.7551   70.1935   106.574   67.3452   80.7088   75.7215   78.0312   73.5668   49.4283   91.2928   77.0269   105.732   48.1521   82.2028   93.1892   84.0328   96.3977   80.855   100.484   98.386   98.0011   48.4722   59.9102   88.2428   75.6127   50.7989   37.3452   116.582   100.77   45.8277   77.0083   111.802   61.0111   62.0526   71.6004   53.0161   115.672   75.4358   
27.5136   39.598   42.107   72.6223   11.6619   22.6716   17.0294   60.7454   27.313   18.2483   0   81.8014   95.1075   65.8283   84.3518   78.4593   87.2562   34.8087   45.795   42.5576   78.9062   38.1421   35   85.2947   77.3849   53.9107   59.5939   60.0595   22.7082   60.8672   86.0325   43.0192   44.5153   70.1699   89.68   58.4933   61.9924   57.7253   74.3847   55.4708   41.959   79.3699   60.8039   87.016   50.6   79.4833   78.203   65.3164   85.7266   62.7647   84.8512   80.1938   87.3839   45.8035   45.2488   70.0803   64.607   41.8599   32.1421   98.7534   82.942   36.8599   64.6087   95.0962   42.2947   71.0114   70.0437   47.9258   100.686   55.8246   
38.4708   32.0156   34.9857   18.2483   65.4599   86.954   49.6488   48.0937   51.6624   81.6088   65.7951   0   36.3278   62.3847   73.2156   90.6953   48.9258   100.604   55.6297   57.5216   67   93.0727   98.4338   43.6633   79.7992   83.6263   66.4781   95.252   76.2382   78.3966   36.6011   74.654   63.2317   73.6423   36.799   85.862   36.2132   48.2801   65.2693   68.9857   87.7208   41.4735   48.6558   35.6011   114.487   66.5547   22.6056   50.1661   58.2866   72.1192   71.0089   55.2156   57.7205   80.6528   57.566   48.2655   47.2415   91.8024   90.4042   32.9737   24.1623   90.658   41   35.0333   63.5698   94.1833   63.7695   105.428   50.3904   75.5399   
53.3104   47.0425   46.669   23.4307   79.7559   101.533   64.846   54.0833   64.6607   96.8401   80.7775   15.2971   0   68.3964   74.109   105.687   54.3302   115.586   68.3783   72.8187   69.134   108.37   113.631   41.561   91.2486   95.3977   77.258   110.549   91.191   89.8025   33.8661   89.9511   78.5288   88.9394   32.0384   97.5659   51.5103   63.5772   74.7754   79.1269   98.8812   49.2011   63.9528   33.5602   126.768   75.0931   37.0278   51.6497   57.4005   77.5235   75.7203   56.4849   62.903   95.9499   72.8631   53.6699   62.5386   103.404   102.685   26.6158   31.1655   103.599   56.2971   19   78.4094   105.662   79.0665   118.799   45.2488   90.837   
33.9706   48.7545   14.7648   61.5224   43.4166   64.0078   45   9.43398   24.5153   69.6419   51.5461   44.3847   52.8394   0   33.2094   109.891   84.5956   80.5034   41.2488   57.5729   28.5963   68.1577   86.5461   44   102.683   45.5296   28.4018   101.916   65.7559   38.9317   55   78.2094   46.8756   92.1499   59.848   49.0669   44.2843   66.9408   88.4644   34.1327   57.1123   76.0351   73.3847   56.978   85.406   92.6803   63.7827   43.0238   85.3442   26.2195   31.6918   36.1555   94.898   82.322   62.1832   35.7648   75.0445   61.7551   68.3609   73.0121   67.2081   68.6146   68.1786   65.3964   44.7321   102.725   86.558   76.8859   93.6645   45.1246   
53.0377   66.5733   33.3017   73.3348   60.7289   79.7621   64.2028   9.89949   42.5441   87.6641   69.857   55.1453   59.0339   19.2094   0   128.958   95.3529   97.8157   60.4582   76.64   24.2111   81.531   103.544   46.5576   119.928   57.1947   44.0045   121.119   79.7647   47.1448   60.3678   97.4122   63.024   111.217   62.7702   58.19   60.2832   80.7238   105.241   46.6228   75.1151   86.3282   89.1988   59.6079   98.6296   107.284   67.4603   52.8469   104.342   41.1359   22.1623   41   105.916   101.508   81.2504   51.9273   88.6274   79.1569   84.0163   85.6497   78.2655   75.531   75.8995   78.0339   63.9183   121.928   104.377   85.0282   104.054   55.1361   
61.8547   48.9183   81.0555   67.6831   71.5891   77.2334   53.7122   104.484   78.721   57.7062   60.6712   76.4853   89.1964   95.6033   114.337   0   73.7885   91.4431   85.1788   68.2541   121.168   98.8134   80   111.926   35   112.829   107.068   46.4951   79.9406   115.262   107.439   58.598   88.8972   37.3848   109.383   113.409   87.9367   65.2711   47.0083   104.66   95.0247   74.663   57.7372   108.296   104.67   45.5941   89.7798   96.4877   65.2445   112.958   127.295   116.999   68.3266   59.1182   65.7074   106.463   59.1305   101.787   92.8134   107.233   94.1274   96.7871   71.7587   106.121   81.5733   44.2485   41.9258   108.023   98.1643   113.961   
49.2443   32.5576   55.5788   9.89949   76.0263   94.7945   55.2268   73.3348   67.7791   83.8153   72.1388   26.9258   33.3017   68.0074   81.2158   59.5399   0   106.849   71.3809   60.2909   91.7924   102.814   101.203   69.5908   67.8896   101.331   87.0712   86.5672   79.8631   98.9897   63.2774   69.9953   78.7128   65.5465   61.1348   103.992   57.3113   44.4795   51.6438   88.8053   97.2528   34.4018   42.6172   62.5269   122.723   52.0689   44.8927   63   31.544   94.2269   97.9348   82.1414   36   77.9725   60.6194   75.1913   41.2029   103.347   100.764   52.0863   46.9273   101.224   44.178   52.0694   69.2259   80.9104   55.4966   115.286   38.2627   94.3095   
47.8539   60.208   59.6825   93.4077   23.0868   5.38516   37.8021   74.5453   42.0119   15.0333   20.8087   86.3134   101.134   66.1211   82.5651   72.4431   92.6553   0   64.5819   63.3663   93.4041   37.7268   33.3693   104.205   91.5844   62.9208   72.4229   71.0921   43.5169   72.2921   104.762   63.8279   57.5933   81.6259   110.02   62.8328   82.8011   78.3699   93.0645   71.9458   46.9258   100.179   81.6126   107.825   33.2483   96.3949   98.9757   86.1251   106.499   77.6452   96.2761   97.7693   107.238   57.7351   66.0575   88.5527   85.4157   45.8328   41.1327   119.287   103.751   45.6205   83.6108   115.905   63.1033   76.0094   85.7647   42.4268   121.458   68.7293   
8.544   27.0185   13.6015   52.1536   25.4951   47.5395   18.868   35.609   12.6491   47.0425   29.0172   40.4599   54.3783   26.2488   45.4533   70.1783   55.1543   47.8017   0   32.022   53.6005   51.8269   64.0172   57.4025   77.5587   46.8302   38.9317   75.7839   39.6293   49.1898   58.5672   52.0773   21.8102   66.7233   60.5725   48.8623   38.3033   43.7849   66.7284   41.6469   47.8117   60.665   51.0322   59.5135   74.5215   68.9312   55.2252   37.3776   71.7657   42.7849   57.9406   51.6883   71.7186   56.1954   36.7567   46.6015   49.618   53.0149   50.4384   73.4335   61.8722   50.6931   43.6854   71.4071   18.6056   76.5933   61.4342   68   84.0303   45.0768   
8.60233   13.8924   28.3196   46.2277   30.0167   48.8365   9.43398   51.6236   27.2947   41.1096   26.4008   40.5216   55.7853   42.5206   61.5224   53.2541   46.2277   47.2017   17   0   70.6005   60.9609   58.219   68.8855   60.4866   63.8302   55.0654   61.0672   37.8494   63.8353   66.163   37.3607   38.8102   52.3553   70.7687   63.5079   46.8377   38.8114   52.0135   53.4005   55   51.0694   38.9478   70.2129   76.7649   57.436   51.108   54.3776   60.2945   59.7849   74.2124   64.4548   58.3847   47.3885   25.6569   53.8246   47.8924   58.9445   54.9609   73.4953   63.4357   55.2147   37.4165   74.7853   31.4164   67.1593   46.8058   69.4935   77.3266   62.0768   
46.0109   59.3633   26.1725   67.0671   55.3173   75.1665   57.4282   3.16228   36.6879   81.9085   63.9062   49   54.1202   12.53   7.2111   107.168   74.6726   77.6466   38.6005   54.4518   0   76.2161   97.2364   44.8568   112.374   54.8047   36.2036   114.344   73.5098   48.4605   50.7351   90.6376   53.8121   104.19   51.6962   54.8502   56.8142   73.1692   99.0732   41.3059   69.6423   82.9636   82.4616   49.7351   95.399   100.547   64.0956   50.1674   93.0759   38.7495   28.0711   29.6491   99.0061   94.3221   74.2235   43.4165   81.8902   73.489   77.514   71.9049   71.5283   76.9272   69.1623   64.2892   57.2061   115.154   97.1668   83.1193   93.3175   49.4682   
40.3113   56.6039   47.1699   87.7838   12.8062   13.3417   34.4384   59.0085   28.4605   28.0179   20.0998   77.801   91.8096   51.1566   66.4831   80.3057   88.8144   17   37.4433   42.72   62.0322   0   44.8035   90.8947   96.3516   45.4709   56.1786   73.7746   39.3516   55.0161   94.0575   62.0977   45.0167   83.2944   98.0158   45.6333   72.3408   73.5993   92.136   52.0555   29.099   93.2784   78.2844   95.7057   36.4117   92.9938   89.2627   74.1421   101.771   63.1152   81.7062   84.8276   100.77   58.2215   58.7593   78.7083   80.3095   29   22   110.775   95.9097   24   76.0737   105.445   52.6431   82.5859   86.3748   22.8102   115.912   56.3766   
46.8722   55.5698   62.0725   89.1852   27.8568   17.72   34.7851   79.8123   46.3249   3.60555   20   84.4334   99.6243   70.8308   88.5438   61   87.2009   12.3693   49.0102   44.0114   82.9699   26.9072   0   105.295   84.3911   68.4744   77.772   59.6643   42.7082   76.4003   106.033   51.4215   62.2832   73.799   109.039   69.0546   81.9924   71.8014   81.6368   75.4708   50.6699   94.8983   80.6252   106.788   45.6176   81.8315   95.1193   85.3164   100.003   81.9582   101.046   100.159   96.3204   50.0768   63.5157   90.0803   79.2183   53.241   39.8035   117.407   102.942   48.241   80.6139   115.096   62.2947   59.1947   71.2014   46.0689   118.441   75.8246   
44.2832   48.3735   28.8617   43.0116   65.5134   87.5557   57.4282   28.178   47.4342   88.0057   70.1142   25.0799   26.4764   29   32.5576   96.8349   52   88.459   41.1096   50.448   27.8568   75.8947   90.0888   0   101.163   72.2905   53.7357   111.515   80.0112   64.9313   26   87.8087   60.9725   92.7718   27.8489   74.3403   48.2536   66.5045   86.4214   56.2795   79.3012   66.5534   71.2033   35.0623   110.306   85.0071   47.6854   39.6525   74.1808   53.5062   53.2053   40.2315   82.4838   95.3827   72.4959   29.6525   69.8015   85.6784   90.4576   51.1768   49.2422   90.7114   59.2244   43.561   59.7152   107.622   86.1771   98.7049   71.7252   73.6004   
54.7814   38.833   72.5603   53.1601   70   79.8123   49.4975   95.7183   73.4983   61.8466   60.2993   63.2851   75.2396   87.3212   105.394   15   44.7214   75.5844   63.3246   46.4866   98.1835   80.399   65.3911   85.0412   0   105.591   101.244   49.7257   74.9029   110.039   95   51.3657   84.0957   40.1529   98.9872   109.429   76.9685   54.8378   37.5697   99.1767   97.3165   65.2244   47.1448   96.8019   107.741   36.1555   78.5738   85.5708   56.3456   106.109   119.013   105.907   57.1403   60.8497   58.297   95.5681   47.5576   99.008   89.4312   94.896   81.3682   95.198   61.9574   94.2396   76.0904   44.0689   32.1245   101.977   82.984   108.401   
39.1152   58.2151   33.0151   82.3468   26.2488   40.1622   42.2019   35.171   19.105   52.6308   37.8021   67.9559   79.3977   29.5296   41.0488   95.5196   86.3308   43.8634   31.5753   46.0435   37.855   26.9258   52.4309   58.0086   91.5915   0   36.6011   97.0582   59.7177   31.0499   80.1403   75.4113   40.02   95.3095   82.7083   29.2361   65.2319   73.4171   97.4922   33.2788   41.8045   90.2972   81.2377   80.8512   63   98.5964   83.5185   62.3289   101.398   40.5995   58.6995   61.618   102.367   76.5399   67.1057   59.638   80.1892   42.4709   43.6816   99.9268   85.4584   37.4709   73.3176   92.9469   48.2377   96.0062   92.8493   49.7361   110.713   28.434   
30.4631   48.0521   16.4924   66.7608   33.2415   53.0377   39.0512   19.105   15.2643   60.1664   42.4853   50.9902   61.4003   11.4018   27.5136   91.9239   72.0069   55.4437   21.9317   38.9102   22.2036   40.0125   61.0328   39.4081   85.235   18.6011   0   95.201   53.1231   31.1615   59.6015   72.2606   34.5243   88.6424   62.1664   36.5622   50.0762   65.293   87.762   18.1231   45   75.6712   72.9513   60.2964   75.0339   88.9533   66.9958   45.8061   93.6974   23.4031   43.0936   47.5572   93.6503   77.0057   58.6758   39.0832   71.5371   49.2404   58.1858   79.6049   68.9357   52.6786   65.6171   76.4242   40.5373   96.4837   83.3659   62.8227   98.651   25.2195   
53.8516   48.8365   73.7835   77.4145   53.7122   54.231   42.0119   96.4002   65.7951   34.0588   42.0595   80.6226   95.2575   87.0057   106.212   25.4951   71.5891   49.0918   60.803   46.0652   99.4032   59.7746   37   95.8593   34.7131   79.6116   80.6226   0   59.9905   102.336   108.113   37.7065   77.8792   49   112.147   98.3459   83.839   70.5299   61.9444   94.0868   81.1663   84.1193   72.4246   109.308   81   68.3847   91.9295   90.9677   81.8236   101.428   118.698   110.477   77.3514   37.5183   54.7185   99.8898   71.0104   82.5369   69.0833   113.596   98.8365   78.9102   81.8705   112.635   77.4816   32.6569   60.171   82.5848   102.843   97.8841   
20.8806   33.3017   36.4966   66.0681   13   29   10.6301   56.3649   23.6008   24   6.7082   59.0931   74.0945   47.0106   65.7647   58.9406   65.8559   27.4591   23.0868   19.8494   59.5063   24.3516   26.1725   64.0078   57   37.1214   38.833   42.8019   0   60.1415   78.6297   43.5372   44.897   61.0454   83.047   57.4838   56.7215   56.0598   71.368   56.9561   43.2971   69.9017   58.357   81.6201   56.9284   71.368   69.5428   60.0455   79.3274   59.2342   78.7024   74.5834   78.2341   39.4722   40.2485   66.8567   59.6611   43.0185   35.7883   92.0668   77.4739   38.198   57.2659   89.8253   37.0238   60.909   60.7379   47.1618   94.2864   59.5366   
40.6079   59.2115   29.4109   79.6994   34.2053   50   46.5188   26   21.5407   61.2944   45.2769   63.9766   74.0608   21.9317   31.1448   100.225   84.7231   53.4883   32.249   48.5077   28.4605   36.6879   61.4003   50.9313   94.921   10.0499   13   86.2148   43.4166   0   72.6015   79.7282   43.5142   98.7872   75.1664   33.7263   58.643   75.8528   98.9214   29.9403   45.1281   87.3485   83.0961   73.2964   71.5845   100.995   78.6806   57.8351   103.077   34.4901   42.0713   58.0872   103.968   82.1409   68.8206   52.0832   81.6819   43.9258   53.7315   92.6049   81.8542   47.5208   74.6696   87.3281   50.6734   101.092   93.6832   59.4981   110.051   22.3246   
44.1022   44.9444   31.7648   35.4683   67.6757   89.8109   57.0088   35.4683   50.5371   88.459   71.0211   18.0278   18.6815   35   40.4475   92.4392   44.7214   90.2497   42.45   49.163   35.4401   78.7909   90.7965   8   80   63.0317   44.5533   93.4077   64.6297   56.7274   0   86.5237   63.8755   91.5549   21.1231   79.2061   43   60.4626   78.1269   61.1453   83.6975   56.6431   66.6835   19   114.318   78.5368   40.6333   36.1896   72.3128   58.372   56.9762   39.8035   74.9405   92.6551   69.6004   34.5183   65.2693   88.5814   92.62   40.4818   42.19   92.8737   55.2491   32.8661   59.7379   112.211   81.7972   101.601   57.1045   69.7729   
30.2324   27.074   50.2195   59.1354   36.3456   45.8803   19.2094   73.1095   44.1022   29.8329   26.0192   59.0085   74.108   63.7809   82.9759   35.4401   55.4707   42.0476   37.5366   22.3607   76.0592   46.0977   33.4215   72.4224   34.3657   60.1664   58.258   23.7065   23.5372   65.3682   70.406   0   55.6005   35.2132   88.5486   79.1411   63.1736   50.7752   55.2053   69   65.1967   62.6273   42.2312   85.3863   73.808   59.4839   70.2287   71.0805   65.2195   79.4435   95.4402   86.8154   66.2701   25.0623   39.088   76.1853   52.7924   65.0977   58.1614   91.9821   77.074   60.0977   59.7772   93.108   48.0588   47.6716   48.8537   67.6118   90.5081   79.4586   
14.1421   33.2415   18.1108   59.9083   18.6815   40.8044   19.4165   36.6742   6.08276   42.7551   24.5153   48.1664   61.8547   27.313   46.1411   72.8972   62.6498   41.5933   7.81025   21.2132   39.8121   30.0167   44.2832   46.8722   67.4463   25.02   19.799   60.8276   19.6977   27.5136   49.0408   38.6005   0   70.7136   67.155   42.296   46.1135   49.5254   72.9515   37.9221   37.5183   68.4418   56.6303   63.9927   66   74.5293   59.5982   41.8568   77.8453   41.7161   59.0048   56.1976   78.4755   57.371   42.3548   51.1108   55.2161   45   43.6258   81.14   69.6824   40   51.2372   74.6825   26.4158   77.1418   68.019   52.8269   91.7619   38.1896   
43.909   30.6105   62.8013   53.0377   57.0351   66.7608   37.108   86.2148   61.6847   49.1935   47.1699   59.4643   73.0068   77.4209   96.0469   18.3848   46.2709   62.6259   52.3546   35.3553   88.8651   67.2681   52.7731   78.7718   13.1529   79.3095   74.2428   26   44.0454   83.2166   74.7061   21.2132   55.7136   0   92.1476   97.0397   69.5876   51.6228   34.9737   88.7559   83.1891   64.0476   45.815   89.7494   94.6892   44.3848   72.6873   78.1414   60.9122   94.1311   109.113   98.3915   56.4401   46.2755   48.9666   88.0981   44.4008   86.3109   78.2944   92.4379   78.6068   81.3109   52.5876   92.0068   66.7717   38.8806   36.0499   88.825   84.5336   93.9032   
48.1664   48.3839   35.7771   36.2353   71.7844   93.9202   61.0328   38.0132   54.5619   92.5419   75.1332   19.799   17.0294   38.2884   42.2019   95.3834   45.793   94.3716   46.5725   53.0848   37.6962   82.8553   94.8947   9.84886   82.662   66.7083   48.1664   97.0155   68.7314   60.1415   4.12311   74.1485   53.1413   77.8203   0   83.3292   47.1231   60.8402   82.25   65.2684   87.8206   58.8973   67.7022   23.1231   118.441   82.6599   42.4045   40.3127   74.4299   62.4951   61.0993   43.9266   75.7075   96.7782   73.7235   38.6414   66.288   92.5938   96.7287   41.6542   40.6011   93.1413   53.5601   34.0384   62.8539   113.982   83.5685   105.666   56.5793   73.3859   
41.1947   60.2993   35.2278   84.5813   27.2029   39.9249   43.9318   36.6879   21.2132   53.1507   38.833   70.1783   81.5659   31.3847   42.19   97.0824   88.5438   43.8292   33.7343   48.0104   39.2938   26.8328   52.8015   60   93.3809   2.23607   20.6155   80.7775   38.4838   11.0454   65.1153   61.6847   27.074   81.0247   68.7677   0   65.9618   75.5253   99.6004   34.0175   43.3852   91.1622   83.3459   79.901   62.2157   100.705   82.7578   61.9123   103.506   38.5673   53.1167   62.4131   104.475   77.956   69.2139   58.6878   82.2686   38   45.9177   100.22   86.6705   39.707   75.4258   93.759   50.3459   98.2422   92.4092   48.6142   112.949   26.4018   
19.2354   23.3452   15.2971   35.1141   44.7772   66.6408   32.0156   35.1141   30.4795   63.6396   46.5725   21.2132   34.9857   28.2843   44.2832   72.2496   40.3113   66.4831   19.4165   24.3311   37.1618   56.8595   66.0984   26.2488   61.8466   47.4131   31.7805   69.6419   40.025   44.643   25   46.1736   27.0185   53.9073   29.0172   49.6488   0   39.6716   62.4386   49.2971   64.5368   49.0689   45.8251   44   91.3886   63.7241   34.6918   24.6023   65.4429   54.5038   59.9761   51.0689   64.5412   69.9701   47.4481   42.6011   44.4109   72.0185   69.7215   54.1869   45.3755   67.0185   37   49.1059   38.022   81.5426   60.0109   79.6697   64.3011   55.5601   
20.3961   2.23607   34.176   31.3847   45.793   64.3506   24.7588   56.8243   40.3113   54.5894   41.7253   30.0666   45.0111   48.8467   66.3702   49.8197   30.4795   62.3699   28.0179   15.8114   59.1692   58.5235   57.8014   47.1699   39.2046   59.4138   48.6621   50.636   35.3836   60.075   43.4626   29.1548   34.5254   31.6228   46.8188   61.5224   22.6716   0   39.3071   62.6257   66.9312   42.9401   22.544   60.3997   91.3369   46.1619   41.2947   47.2739   52.5926   70.8027   80.5385   72.2628   48.1204   53.6742   40.8375   62.2311   31.2801   74.2694   70.7373   63.0403   52.0151   70.9911   33.2801   64.0111   45.4951   70.4534   40.0396   81.3337   63.5268   72.3209   
44.1814   25.7099   59.4643   35.9026   65   79.177   42.9535   81.8596   64.0703   64.0312   57.3847   46.0435   57.7754   74.0945   91.2414   31.7805   28.0179   75.8024   52.469   37.0135   84.0773   76.844   67.624   68.593   17.4642   83.006   73.7564   44.9444   52.4976   84.7172   63.1269   34.2053   58.0345   18.9737   65.6049   85   47.0106   25.2982   0   86.0996   89.1887   47.4831   34.442   80.8905   107.105   18.4142   64.0439   71.0409   38.9646   93.9047   105.786   90.1435   34.4924   59.2675   49.3766   79.5134   33.0278   92.464   88.2859   78.0894   69.0208   90.198   52.0167   76.7754   68.4299   57.8543   34.6301   99.6542   61.0444   95.7948   
28.1603   46.3897   17   67.0671   29.1204   49.0102   35.805   23.1948   11.4018   56.0803   38.4708   51.9711   63.1269   15.1327   31.6228   89.0674   71.8053   51.3517   19.6469   36.4005   26.3059   36.0555   56.921   42.19   82.8734   16.2788   4.12311   77.0779   35   13.0384   46.8615   55   16.4012   71.5891   50.6063   18.4391   31.9531   47.1699   72.0069   0   47.0438   79.7944   69.7139   64.4195   69.3173   88.5474   66.6449   46.3137   91.4126   27.5262   44.1548   46.0483   91.3655   73.6787   56.3729   43.2063   69.2342   41.6586   54.0647   82.7573   69.3783   53.7497   63.3323   75.1415   38.2524   92.6211   81.081   58.8658   96.2542   26.6158   
32.7567   50.6952   36.6742   80   9.48683   24.0832   30.2655   48.0416   17.8885   34.8281   21.0238   68.6804   82.201   40.1123   55.7315   81.0247   81.9878   26.9258   28.2843   37   51.0882   11.0454   34.6699   65.192   79.0569   17.8045   29   63.0635   22.2036   26.8328   68.4251   45.7056   20.5183   66.1891   72.45   18.3848   47.5079   52.3927   73.1642   25.02   0   87.0564   74.8218   84.511   47.0657   89.6744   79.1153   62.3751   96.4599   52.4031   68.9042   71.0683   95.3847   58.6578   55.4399   68.0832   73.8307   23.3852   28.083   101.654   89.1175   31.099   69.8517   95.2008   46.8898   81.0296   82.9415   33.4642   109.021   43.8035   
38.2753   23.0217   44.2832   10.7703   65.437   84.8999   45.3431   62.8013   56.4624   75.2928   62.3699   19.105   30.0832   57.0351   71.0634   59.1354   11.4018   83.0963   43.8634   36.0694   64.3273   78.2432   78.5493   43.566   45.1885   74.9466   60.6712   67.1193   55.9017   73.3485   37.0135   48.3839   51.4296   43.4166   38.8973   77.1622   29.0689   20.8087   27.7308   60.4152   71.0211   0   43.3527   52.5041   111.622   46.0689   37.868   53.6712   40.8297   82.1249   88.7269   72.6287   36.3576   72.3028   61.6232   62.911   43.6469   93.3542   90.3813   50.4269   34.6155   90.635   44.2047   49.0832   59.0595   79.7905   49.3766   101.052   42.9125   84.629   
28.0179   9.05539   42.72   31.0483   51.4782   68.4105   29.5296   65.2993   48.0416   56.4004   45.8039   34.4819   48.5077   57.3847   74.793   42.72   27.4591   65.8559   36.0555   21.8403   67.6018   63.9531   59.8164   54.2033   31.1448   67.1193   57.0701   47   39.9625   68.2642   49.7393   28.2312   42.107   25.0799   52.7731   69.1809   30.8058   8.544   16.7631   55.4437   58.8218   20.3961   0   68.7393   95.8413   35.1773   49.8387   55.4082   37.4307   78.8404   89.0765   79.0366   42.8254   53.2934   41.7231   68.4065   24.4142   79.0402   75.7508   67.4555   55.0116   75.4654   34.1421   67.5077   52   63.2252   32.8114   86.7634   63.1905   79.1402   
45.0999   45.8803   32.6497   35.8469   68.6222   90.7579   58.0086   35.8469   51.4296   89.4539   72.0069   18.6011   18.4391   35.609   40.6079   93.2952   45.1774   91.214   43.4166   50.1597   35.7351   79.7057   91.7878   8.06226   80.8022   63.7809   45.2769   94.3716   65.6201   57.3847   1   71.3863   49.98   75.591   3.16228   65.8559   26   44.3847   63.8905   47.634   69.3181   37.6431   50.6063   0   115.318   79.5368   37.105   37.1896   68.8652   59.372   56.3222   37.0868   69.8032   93.6551   70.6004   35.5183   64.2443   89.2927   93.4919   36.176   35.8885   89.98   56.2491   28.5602   60.7379   107.543   81.3702   102.516   58.1045   70.4885   
60.3075   75.2861   67.624   107.49   32.8024   13.9284   52.6308   77.5242   48.8467   33.0606   36.0555   98.2293   112.361   70.406   84.0238   90.6697   107.815   18.2483   57.9828   61.6198   80.399   20.5913   30   96.2081   93.6803   43   59.0339   67   42.0119   53.0094   99.3177   59.808   50.6063   80.6536   103.368   42.0476   77.3886   77.3369   93.0215   55.3173   31.0161   97.6217   81.8413   100.225   0   107.534   109.437   92.4631   119.272   77.6914   95.0808   100.382   119.868   68.8516   78.7555   94.6686   96.6088   41.7436   40.6015   131.071   116.01   40.1314   96.4854   124.699   72.9446   89.1947   101.201   27.6015   135.943   68.4493   
45.2769   26.9258   60.7454   37.108   65.7343   79.6053   43.7379   83.1925   65.123   64.2028   57.9396   47.4342   59.0931   75.3923   92.5905   30.5941   29.0689   76.1577   53.6004   38   85.4225   77.4919   67.8012   70.0071   16.1555   84.0238   74.9533   44.3847   53.1601   85.8429   64.5368   34.4093   59.0762   18.3848   67.0075   86.0058   48.3735   26.5707   1.41421   73.1642   73.9797   29.0689   18.0278   65.2993   93.4719   0   65.4581   72.4551   40.3788   95.3189   107.084   91.5577   35.9066   59.4716   50.7909   80.9276   34.442   93.2484   85.7844   79.2947   63.6844   90.9324   49.3847   78.0931   69.4164   57.2654   29.6301   98.7585   62.4586   97.0107   
34.8855   29.1548   31.7648   20   61.8547   83.3547   46.1736   46   48.1664   78.1601   62.2415   3.60555   18.6815   41.7732   53.4603   74.7061   27.8927   82.7345   36.8782   37.108   47.0956   74.2024   80.9568   24.6982   61.8547   64.6607   47.927   77.9295   55.5428   60.9262   18.3848   56.0089   44.5982   57.3847   20.8087   66.888   17.6918   27.2947   44.8219   48.7647   65.1153   18.868   32.311   19.105   94.6256   46.2277   0   35.1896   47.541   65   69.1479   56.1918   55.2255   80.3895   58.2894   48.0179   49.8277   88.029   86.7989   36.5792   27.7082   84.5982   37.0998   37.6815   53.6197   95.5362   65.1224   96.8352   52.1421   73.1466   
24.3311   31.8277   11.3137   40.6079   46.4866   68.6222   37.4833   26.9258   29.6816   68.0294   50.2494   24.1661   35.3553   21.0238   35.8469   80.6598   47   69.1231   21.3776   31.0161   28.7924   57.6975   70.1783   20.025   70.4344   44.2041   26.8328   76.9675   44.0454   39.8121   21.1896   53.3104   27.8568   62.2896   25.2982   46.4004   8.60233   31.241   55.5698   28.0179   47.5079   36.1248   39.4081   22.1359   78.2624   56.9386   21.1896   0   68.7306   47.2433   51.4764   35.6301   72.4823   75.4378   52.5437   25   53.0132   68.1304   70.3624   56.2654   48.3284   67.8568   42.5539   48.6497   39.9831   90.1449   68.6132   80.5077   72.75   52.0524   
48.7032   30.4138   58   18.0278   74.3034   91.8314   52.6972   77.4661   68.1542   79.3977   69.2026   33.2866   41.4005   71.3442   85.8662   51.2445   8.544   89.2749   55.5428   44.2945   79.0759   86.954   82.8794   58.1808   36.3456   87.0976   74.108   64.56   63.2456   86.4696   51.3128   50.2195   62.6418   38.833   52.8015   89.2693   43.1045   28.6356   20.0998   73.437   81.0247   14.8661   23.4307   51.8652   105.209   21.0238   33.541   50.636   0   94.8016   102.112   86.2661   18.4721   75.2818   65.1538   75.636   46.6008   102.208   99.0338   60.2145   49.4816   98.8962   44.4429   60.4005   69.1601   74.8247   44.4109   109.764   46.8067   94.7527   
36.2353   53.1601   20.025   69.4262   39.2173   58.3095   45.3431   14.1421   21.6333   66.3099   48.7647   52.811   61.9112   9.21954   21.587   97.9439   75.326   61   27.7849   44.7772   17.0294   45.0999   67.0671   38.1838   90.8735   21.1896   6.40312   87   45.2217   12.8062   44.2041   64.5368   26.1725   80.1311   47.5079   22.8473   35.0571   53.6004   78.848   10.2956   34.2345   64.1249   62.0967   44.8219   63.3877   80.0812   50   28.8617   78.0064   0   36.9737   40.6982   95.3754   82.5282   64.448   44.9844   77.3093   51.9543   60.8912   80.9979   72.4683   58.6605   65.3587   73.3821   46.3904   102.853   89.2191   67.6987   99.3582   31.6227   
51.6624   65.8635   32.2025   74.108   58.1893   76.9415   62.482   8.94427   40.2492   85.235   67.5426   56.0089   60.6383   17.6918   3.16228   113.23   81.7435   79.8311   43.8634   60.208   7.07107   63.6396   86.0349   34.2053   104.623   38.0132   25.0799   104.484   63.6318   28.0713   41.9762   81.3941   44.1022   95   43.9659   39.1152   44.0114   65.7647   90.802   29.1548   52.9528   71.3863   74.2428   42.2019   81.0062   92.1358   54.1479   35.7351   86.122   18.9737   0   36.7202   104.594   100.014   79.875   45.4764   87.6722   70.2863   79.7611   78.2884   77.3103   73.7246   74.9443   70.7621   62.4239   120.207   103.667   84.2786   99.0807   46.2655   
42.4853   52.345   23.0868   55.4437   58   79.3095   55.1543   13.0384   39.0128   83.0241   64.7765   37.2156   41.4849   16.1555   18   101.139   63.561   81.0247   36.6879   50.2494   12.6491   66.7533   84.5931   15.2315   90.9065   45.618   27.5136   96.2549   59.439   37.4433   22.8035   72.5603   40.3113   82.7587   25.0799   47.4131   29.0689   51.7397   75.7166   31.0483   55.7315   53.7587   59.8164   23.0868   86.3481   77.1038   35.6931   20.5183   68.6222   24.6982   19.2354   0   87.0943   92.8833   70.698   37.6301   73.4798   72.707   82.9443   59.2628   54.0132   80.1922   63.0721   51.647   55.2934   110.611   89.0798   89.1957   79.908   52.7332   
49.4773   30.6757   60.1332   22.4722   74.2496   91.022   52.3546   80.2808   69.2315   77.7946   68.5055   37.2022   45.8039   73.8241   88.8876   47.0956   13   88.2383   56.7186   44.3847   82.0061   86.7698   81.3204   61.9112   32.1403   88.2836   76   61.3514   62.7694   88.1419   55.2178   48.2701   63.561   35.4401   56.8507   90.4268   45.5412   29.1204   16.4924   75.1066   81.3449   18.3576   22.8254   55.8032   104.561   17.2627   37.2156   53.3667   4.47214   80.1561   89.0225   71.8679   0   71.2228   56.5441   78.3667   47.2396   101.865   98.5577   62.6476   52.9731   98.2909   48.9151   64.8039   70.1295   71.8146   41.4008   109.58   51.2627   99.2248   
34.5398   34.5254   54.1202   67.0671   34.176   40.025   21.9545   76.2758   45.2769   22.4722   22.8035   66.1891   81.3941   66.8506   86.0233   38.1182   63.5295   35.7351   40.8167   27.6586   79.3221   42.19   26.0768   78.1025   39.8497   59.5399   60.1415   20.5183   22.4722   65.8027   76.6551   8.06226   40.3609   26.9258   80.5047   60.8276   51.9711   36.6742   41.7732   56.5685   43.6578   56.3028   36.2491   77.6466   53.8516   41.8688   63.0714   58.5235   58.2495   66.5282   84.2021   76.9675   56.2228   0   47.1503   81.4832   53.7696   64.3741   54.2215   99.1628   84.5254   59.3741   64.2897   100.394   56.121   39.4709   47.241   64.0104   97.9595   78.5505   
14.2127   13.6015   33.9706   47.1699   31.9531   48.9183   9.84886   57.28   32.0156   38.9102   26.2488   43.566   58.8558   48.1664   67.1789   47.7074   45.9674   46.6905   22.4722   5.65685   60.1082   44.2832   42.0595   55.3624   41.4849   50.3587   44.2945   40.7185   20.2485   53.4509   53.6004   17.088   25.9615   29.9666   57.4282   52.2398   29.1204   15.8114   33.3766   41.6293   39.8121   36.6197   19.7231   54.5894   62.2013   34.2345   40.3113   36.2491   43.0116   50.2494   65.8559   55.7584   42.5441   23.0868   0   59.4815   37.4165   59.3594   56.0368   76.5397   62.6905   57.1511   38.1896   77.8558   33.868   58.1152   50.1725   67.0934   77.0356   64.1511   
32.311   41.7732   14   48.0104   50.4876   72.3671   45.2217   18.0278   32.0156   74.2428   56.0803   30.2655   38.0789   14.7648   26.2488   90.5207   55.3263   73.5527   27.2947   39.8246   19.4165   60.4401   76.0592   15.6525   80.4301   42.638   24.0832   85.8836   50.3587   36.2353   20.5183   62.1772   32.0624   72.1388   24.0832   44.6878   18.6011   41.2311   65.5134   26.6271   49.6488   44.911   49.4065   21.2132   80.6536   66.888   28.0179   10   59.6657   23.8537   26.4764   10.6301   62.6418   66.8506   45.2769   0   63.012   68.2857   75.4319   57.3892   47.7805   72.0624   52.5539   49.7734   45.9002   99.3801   78.6119   83.113   77.6228   48.3017   
27.074   8   41.4367   30.3645   50.9902   68.2495   29.1548   63.9531   47.0956   56.6127   45.607   33.2415   47.3814   56.0803   73.4302   44.1022   27.2029   65.7951   35.0143   21.1896   66.242   63.5295   60   52.8015   32.5576   66.1891   55.9017   48.0104   39.6611   67.1863   48.3735   28.7924   41.1947   26.4008   51.4296   68.2642   29.4109   7.28011   18.0278   54.3323   58.1893   19.6469   1.41421   49.2443   81.6088   19.3132   31.0161   38.0132   23.6008   60.8769   72.8972   58.4123   23.2594   36.7696   19.4165   48.0104   0   78.6653   75.4494   66.2152   54.2624   76.1882   35.5563   66.3814   46.0156   58.2832   34.2256   86.3398   62.5066   78.0848   
38.0789   56.0803   40.8167   85.2115   14.0357   23.0868   35.5106   50.0899   22.2036   36.7967   25   73.5527   86.8332   42.7551   57.1402   85.5102   87.3212   26.8328   33.3017   42.3792   53.0377   9.84886   36.1248   68.942   84.006   17.088   31.4006   66.7083   27.0185   26.9258   72.5603   50.3587   25.4951   71.0634   76.5376   17   52.345   57.7754   78.4474   27.6586   5.38516   76.3217   64.195   73.4302   27.6586   79.2465   70.0071   51.8652   86.406   36.0139   54.231   58.6941   86.7295   47.8017   45.1221   53.3104   63.5689   0   28.4536   106.526   93.26   20   73.1692   100.178   51.3363   85.5784   86.3491   29.1421   113.202   38.0208   
36.2353   51.614   45.3542   83.4386   8.94427   13.3417   29.1548   59.4138   27.1662   23.3452   14.1421   74.3303   88.6848   51.0392   67.4685   74.3303   84.0238   15.1327   34.4384   37.8021   62.514   6   22.8035   74.2159   74.4312   29.6816   40.3113   54.0833   18.7883   38.9102   76.5506   40.1123   27.5136   61.2944   80.6536   30   53.7122   53.6004   71.1688   36.2215   12.083   73.6614   58.6686   77.4919   24.0832   71.7844   70.7248   55.3624   81.8352   45.8912   64.7611   66.1211   81.4923   36.2215   38.9487   59.0339   58.3095   13.4536   0   107.304   92.8286   29.4853   70.5862   102.196   53.0439   75.6925   78.0967   28.8102   112.085   51.4744   
57.2713   50.2494   50.9117   24.1868   83.863   105.589   68.6222   57.9396   68.884   100.578   84.6936   18.9737   4.24264   56.9386   62.5859   91.0934   33.8378   105.119   58.5235   59.4811   57.8705   95.9635   103.407   30.0832   76.896   83.6301   65.6049   98.0816   78   78.2368   22.4722   77.3175   66.0303   75.3127   20.3961   85.7963   39.1152   48.1664   59.4643   67.3573   86.4002   32.0156   51.1566   22.1359   116.503   60.7454   22.4722   39.598   42.19   66.0379   64.2884   45.2217   46.6476   84.7172   62.3699   42.19   50.0899   91.0494   92.7847   0   35.4082   106.03   57.4367   23.2426   76.0919   108.373   79.307   118.774   46.5967   90.4917   
41.5933   35   37.4433   18.0278   68.5055   90.05   52.811   49.366   54.4518   84.7703   68.942   3.16228   12.1655   46.1736   56.0089   78.7909   27.2947   89.4427   43.4166   43.6807   50.0899   80.8022   87.5957   25   65.3682   70.4557   53.2353   83.4865   62.2415   66.1891   17.4642   62.0322   51.0882   61.9839   18.6011   72.6705   24.0832   33.0151   48.0208   54.3783   71.5891   20.6155   37.108   17.8885   101.257   49.3964   6.7082   26.4197   34.2053   54.7814   57.0351   38.0132   38.2884   69.2604   46.6905   31.7805   35.9026   76.4199   77.3886   15.8114   0   91.0592   43.808   26.1655   59.2666   94.1858   66.9317   103.543   46.2947   78.4549   
36.4005   53.6656   41.6293   83.8689   10.198   19.2354   32.28   53.0094   22.8473   31.8277   20.3961   73.1095   86.8389   45.1774   60.531   81.0494   85.44   22.4722   32.6497   39.8121   56.0357   6   31.241   70.2282   80.025   21.4709   34.0147   61.8466   23.0868   31.0161   73.3485   46.0977   25   67   77.3886   21.6333   52.0096   55.4707   75.1864   30.0666   5.09902   74.6324   61.4654   74.2496   26   75.9276   69.527   52.3546   84.0773   39.1152   57.7062   60.8276   84.1724   43.1741   42.0595   54.7083   60.9262   5   8.48528   91.022   76.0592   0   73.4956   99.6825   51.2552   81.7408   83.7666   28.8102   113.338   42.4591   
21.095   9.05539   30.4138   26.9072   48.2701   68.1175   28.8444   52   39.8497   60.0083   45.8039   23   38.1182   44.643   61.2699   56.6127   28.178   66.6108   27.2029   19.4165   54.1295   61.0737   63.0714   40.2244   45.2769   58.6941   46.0109   57.8705   39.2046   58.1378   36.2491   36.0139   34.5398   38.5876   39.5601   60.8769   17   7.28011   30.0167   45.0999   53.8516   17.2047   14.1421   37.1618   80.6102   31.3847   20.0998   25.5539   28.4429   50.3587   60.9262   45.8039   30.0167   43.2897   21.1896   35.5106   12.7279   59.1692   56.5862   41.4367   26.0192   57.4282   0   52.1847   40.0799   71.0111   46.8589   83.884   55.0366   71.2304   
51.8652   47.0425   43.9318   26.1725   77.8267   99.7447   63.7887   50.3289   62.2013   95.8019   79.3788   15.0333   4   49.3964   55.109   90.6201   36.0694   99.5389   52.3546   54.9181   50.2892   89.6939   98.4937   22.561   76.922   76.4199   58.258   95.6347   72.7324   70.8025   14.8661   74   59.6825   74.0405   13.0384   78.5684   33.1059   45.0999   59.4811   60.1415   79.8812   31.7648   49.2443   14.5602   110.277   60.8276   18.0278   32.6497   43.9318   58.5235   56.7539   37.6431   48.2701   81.0987   58.3095   34.6699   48.0521   84.4038   86.7698   7.61577   12.1655   84.5991   38.0132   0   66.8015   106.335   78.8028   112.504   44.0832   82.9715   
5.09902   24.0208   16.5529   50.8035   25.2389   46.9574   15.6525   39.0512   15.1327   45.0111   27.2947   40.2244   54.5894   29.7321   48.9183   66.5733   53.2259   46.8188   3.60555   13.4164   42.0119   37.6431   47.1699   43   59.808   34.2345   25.4951   57.4282   21.0238   35.5106   43.7379   34.0588   9.48683   48.7647   47.8539   36.3456   19.6977   25.1794   49.2544   23.0868   29.2062   42.0595   33   44.7214   58.0086   50.3587   36.6197   23.0217   53.1601   31.3847   47.3814   39.5601   54.1295   37.5899   18.868   29.8329   32.0156   34.4093   34.1321   58.6686   43.2666   33.2415   25.0799   52.8015   0   73.3778   60.2223   60.4533   80.1164   47.6765   
52.8015   45.8803   72.8011   73.1095   55.5428   58.0086   41.7253   95.7758   66.2193   38.0526   44.0114   77.2787   91.6624   86.4523   105.646   20.2485   66.9104   53.0094   60.208   44.6542   98.7168   62.5859   41.1947   93.6216   29.0689   81.0062   80.7217   5.65685   43.909   87.0919   90.7579   22.6716   60.959   20.8806   94.255   82.2982   67.5426   47.5395   39.8497   77.3369   65   63   43.1856   91.7061   71.1126   39.2173   74.7329   75.1798   59.6657   87.046   104.062   94.8736   56.3205   21.4709   39.1152   84.3801   44.2832   68.9493   56.7539   94.3398   80.0625   64.195   54.8179   92.228   56.7274   0   47.4138   84.6018   98.1724   99.1486   
38.8973   22.8035   56.4358   43.0116   56.5685   69.3542   35.0143   79.6116   58.0517   53.6004   48.0833   49.7695   63.0635   71.1969   89.3085   26.9258   36.4966   65.7647   47.4342   30.8058   82.0975   67.9117   57.2014   70   16.1245   76.531   69.2892   35.171   43.7379   79.3095   65.5134   23.8537   51.9711   10.0499   68.4763   78.4092   46.0109   23.3452   10.6301   67.0522   65.192   33.3766   15.8114   66.3702   83.2586   10.6301   47.8539   54.5619   29.4109   74.8465   88.5099   75.0733   26.4008   31.241   26.1725   64.5368   17.2047   70.3491   62.0967   65.307   52.2015   66.7533   29.8329   64.195   43.9659   30.4138   0   90.722   71.6746   90.1608   
48.1041   64.3506   54.1295   95.5877   20.6155   12.0416   42.0595   64.195   35.3412   31.0161   26.9258   85.4283   99.2975   56.8859   71.0282   86.0233   96.6075   17.2047   45   50.4777   67.1193   7.81025   29.0689   82.6378   86.977   30.2655   45.5412   64.3273   31.7805   40.3113   85.8662   52.6118   37.4433   73.8241   89.8999   29.6142   64.405   66.2873   84.1546   41.7732   17.4642   86.0523   71.5891   86.764   13.6015   84.7585   81.8352   64.8845   94.6678   50.0899   68.0661   72.7805   94.414   48.0104   51.8845   67.0671   71.1969   14.1421   13   103.47   88.4081   12.53   68.884   97.0979   45.3431   67.6018   75   0   123.722   52.163   
61.6198   47.4342   63.1585   14.1421   89.1403   109.124   69.6563   76.6551   78.2304   99.6444   86.6833   28.8617   26.2488   73.2462   83.0542   76.1643   17.2627   107.448   66.0303   60.3075   77.3175   101.912   102.927   51.0882   61.2046   95.7131   79.4796   88.8426   80.1561   92.477   43.1045   72.0902   73.8173   63.5059   42.5793   97.949   48.3011   45.2217   45.0444   80.1124   94.0213   24.4131   43.8634   43.1856   121.631   46.0109   31.6228   52.811   25   81.6088   84.214   65.0692   29.0689   80.1124   61.0328   59.0339   43.382   99.2018   97.5807   24.5967   27.2947   97.949   41.0366   30.0832   64.8151   84.1724   53.7587   109.713   0   103.861   
34.3657   53.0848   24.5967   74.6726   29.1548   46.6905   40.2492   26.3059   15.2315   56.4358   39.8246   59.5399   70.4344   20.1246   33.1361   93.9415   79.3095   49.7293   26.0768   42.2019   29.1548   33.3766   56.7979   48.6004   88.6002   9.43398   9.21954   80.2808   37.5366   6.32456   53.7587   59.1692   21.1896   76.896   57.3847   11.4018   39.5601   54.0093   78.5175   7.61577   22.8035   67.9117   62.1289   54.4885   51.2445   79.6304   56.356   35.5106   80.7527   12.1655   30.2655   36.2491   82.2982   59.8164   47.1275   33.3017   61.0737   24.0208   34.7851   74.6525   61.9112   27.4591   52.345   67.3573   29.2746   81.0247   73.0068   38.0132   87.7268   0   
