15
30
999999 5 16 14 15 15 13 17 13 11 12 8 11 14 11 9 6 11 8 16 6 10 5 9 17 15 17 17 5 17 
0 2 13 10 2 2 2 13 8 6 1 3 3 3 3 3 3 10 2 15 5 8 4 2 4 13 1 1 1 13 
20
0   0   0   0   0   0   0   0   0   0   0   0   0   0   0   0   0   0   0   0   
-4   3   -4   3   -3   3   -3   2   -3   5   -1   2   -4   3   -4   3   -4   2   -2   3   
-3   11   -4   1   -11   7   -7   9   -13   6   -3   11   -9   9   -5   2   -11   11   -1   1   
4   -4   6   -6   -1   -4   -5   -2   0   3   -4   -6   -4   -4   2   -4   2   1   2   -1   
-4   -9   -14   10   -1   7   -10   -4   -7   5   4   14   -5   1   -2   2   -5   -2   1   14   
-5   15   1   -5   -1   0   -8   -8   0   4   0   1   2   7   3   -4   0   0   3   9   
1   0   0   9   2   -2   -4   -2   3   -5   4   -2   6   3   8   2   4   -5   4   -7   
0   -6   3   -6   2   -4   -2   -8   8   0   4   6   10   -5   -3   -1   4   0   5   -4   
-7   0   -8   0   -1   5   -4   0   -7   9   -8   2   -8   0   -1   8   -5   4   -6   2   
0   -5   9   -8   0   -7   3   -4   3   0   4   -10   9   0   0   -4   4   0   7   -6   
-10   4   -3   4   -3   5   0   0   -11   1   0   12   0   2   -10   -1   -1   10   -8   10   
-2   6   -6   5   -3   6   -4   2   2   1   0   5   -5   3   -7   3   -4   3   -2   2   
0   5   -7   1   -1   10   -5   4   -4   2   -5   2   -3   3   -11   1   -11   8   0   9   
-8   3   -8   14   -3   11   -14   0   -9   10   -13   7   -12   -4   -5   9   -7   8   -2   6   
6   -8   3   -3   2   -6   2   -1   2   0   2   -4   3   -7   3   -2   2   3   7   -4   
-4   6   -3   -2   -8   4   -9   6   -3   7   -7   6   -7   0   -9   0   -6   6   -3   9   
-3   1   -5   4   -4   1   -4   4   -3   2   -4   5   -4   3   -2   4   -2   5   -6   4   
-2   8   -7   4   -11   7   -6   7   -1   5   -1   10   -4   1   -6   4   -9   5   -10   9   
1   1   2   1   -4   5   -2   3   -5   1   -4   3   -5   4   0   -1   -2   0   -1   1   
0   -2   -1   3   -5   3   -9   -6   -14   10   -11   3   -14   8   -5   11   -2   0   -4   0   
0   -1   1   -1   -1   0   1   -1   1   0   0   3   0   1   0   1   0   0   1   0   
5   0   5   -5   0   0   4   -3   -1   0   2   0   0   3   4   0   0   -5   3   0   
-3   0   -1   1   -1   0   -1   0   -1   1   0   1   -2   1   0   0   -1   0   0   2   
-4   5   -6   5   -5   -2   -8   5   -4   3   -5   3   -5   7   -1   -2   -5   8   -5   1   
-9   -3   9   -7   2   0   7   0   5   1   0   -1   5   0   10   -6   1   -6   0   -3   
-2   3   -1   3   -4   -1   2   9   -5   6   -4   -2   0   4   -6   0   -1   -6   0   12   
2   0   -10   9   -8   2   0   -6   7   3   4   9   -7   0   -2   4   -5   4   -5   6   
4   -8   10   0   0   -4   8   -5   10   -10   15   -7   3   0   7   -9   10   -11   1   0   
-2   4   -2   4   -3   2   -4   3   -1   2   -3   3   -2   1   -3   2   -2   1   -4   3   
-2   7   -5   11   -12   3   0   5   -7   4   -4   5   -9   7   -2   5   -1   6   -7   8   
0   23.7082   61.0953   54.7588   43.8444   57.1045   72.5244   67.0366   61.4166   77.4342   38.2971   75.4423   61.0813   65.2037   69.4004   30.6158   55.1204   65.2443   58.2938   70.9679   53.0789   64.2597   65.6578   81.1789   75.0918   65.0122   89.6003   63.6989   59.4215   30   
6.7082   0   57.9061   50.0147   50.5526   60.8722   63.7545   58.6611   61   73.2713   36.2483   69.4699   64.0159   71.9119   59.4969   30   43.561   59.2719   49.2278   65.7056   59.7871   64.0476   62.911   87.8871   69.0865   52.3275   82.0088   62.0548   50.6497   27.3417   
37.8021   31.9061   0   73.7293   81.6465   92.7783   72.3009   76.208   76.1601   89.0652   68.1544   75.2189   95.922   103.006   29.6023   48.4795   46.561   65.0208   33.2643   57.8378   90.881   55.3553   87.4493   87.2772   100.993   50.5967   56.1204   73.1507   81.0357   59.2478   
30.2324   34.0147   49.7293   0   64.9762   77.9062   97.7692   89.0305   91.649   39.2594   65.5206   102.529   54.2491   71.2228   75.648   56.7321   68.7587   93.2866   62.8167   90.2365   70.3587   94.4921   84.4557   52.0985   89.6938   58.734   94.848   24.2956   80.9682   48.7588   
28.8444   34.8281   66.6108   41.9762   0   49.0217   81.4526   66.1163   69.0833   81.1692   45.0238   83.5491   47.2982   34.5183   94.3251   56.8386   78.3892   87.307   84.056   99.8123   33.4868   93.1041   61.3553   94.0747   51.4006   86.1863   111.285   66.2718   58.054   44.632   
43.1045   46.8722   77.4919   63.9062   23.0217   0   73.7122   51.1402   64.5903   96.1523   49.6356   68.7122   61.8039   51.2947   102.796   73.7203   80.6825   78.709   96.1   97.3563   43.868   90.7235   34.1108   116.005   34.4853   99.0952   121.093   88.2018   50.4109   67.6537   
53.1413   48.7545   55.0727   82.7647   66.2722   58.6003   0   41.1246   29   122.024   64.4166   21   107.022   98.1416   73.2368   71.2353   57.0588   30.2801   88.337   47.0172   85.6116   50.0868   68.8808   134.32   82.3028   91.6942   75.0089   107.06   54.0832   76.0962   
41.0366   39.6611   60.208   70.8378   44.4072   33.6155   25.0599   0   35.4536   108.692   44.1548   41.1246   83.4262   75.6256   83   66.6522   54   51.5862   88.8889   63.0195   63.0956   56.3113   39.0294   122.215   55.4006   91.9886   89.7844   95.1335   29.0623   67.0027   
43.4166   40   53.1601   73.5731   54.0833   46.5296   12.3693   13.4536   0   112.746   50.5106   25   92.1601   85.3508   77.8558   59.8219   57.6757   38.1421   86.4245   57.565   73.3279   50.8568   48.8755   124.595   58.8219   87.2011   80.4152   97.8687   32.72   67.3417   
53.3385   57.2713   69.0652   23.2594   59.1692   82.1523   106.024   93.4077   96.7471   0   82.662   117.769   66.4166   86.9117   89.0651   68.1101   90.7601   116.362   71.0701   112.408   85.7951   110.809   107.715   46.0238   105.427   64.4696   111.915   30.0312   104.228   67.4342   
15.2971   18.2483   49.2443   42.5206   21.0238   28.6356   47.0956   29.1548   35.5106   64.5368   0   60.4166   61.0116   55.5421   71.6975   37   56.9706   67.1774   67.4761   72.5894   43.4253   74.2443   44.6356   94.6191   52   70.5758   94.5052   66.8162   44.095   39.0278   
50.5668   46.6476   55.9464   80.5295   62.0725   53.7122   5   20.1246   8   103.769   43.4166   0   100.16   93.3508   78.2368   65.3128   58.1321   32.198   84.1158   48.3883   81.3279   49.0768   56.8755   131.746   66.3128   95.2011   80.0089   104.825   40.72   73.9893   
43.0813   49.7695   78.0064   36.2491   25.2982   45.8039   90.0222   69.4262   78.1601   43.4166   43.0116   86.1452   0   40.0799   100.215   69.7647   90.111   106.701   98.5935   108.921   41.0185   104.471   76.4152   88.3476   76.6989   94.9831   127.014   60.5448   75.8142   57.6742   
49.2037   55.3173   87.0057   56.2228   20.5183   27.2947   82.7103   58.6941   70.342   67.9117   40.8044   78.1025   25.0799   0   110.603   77.3569   97.775   100.518   102.77   113.189   38.53   110.74   61.4055   102.645   52.4819   104.796   128.759   80   69.6308   65.1503   
46.4004   40.4969   8.60233   56.648   75.213   85.7963   59.2368   67   58.8558   74.6726   57.6975   60.7289   86.2148   95.6033   0   57.0818   46   67   41.8667   58.7131   99.3149   58.7359   93.5432   93.8024   106.594   45.2947   37.0217   76.0339   77.3877   66.9313   
7.61577   5   30.4795   29.7321   36.3593   50.3587   53.2353   44.6542   44.8219   52.9245   22   51.3128   48.7647   56.6127   39.0512   0   48.561   64.2719   47.7805   66.1664   60.6946   68.0444   66.6356   81.8306   74   57.3275   74.1402   54.0278   55.6497   32.3417   
29.1204   22.561   22.561   53.7587   54.4059   59.6825   34.0588   38   30.6757   76.4003   33.9706   34.1321   72.111   74.6525   29   25.02   0   54.5862   54.9857   49.1948   77.3959   46.2237   64.8686   100   77.9193   66.638   57.8021   78.0544   48.7131   49.9027   
49.2443   44.2719   48.0208   78.1857   65.307   60.208   7.28011   27.5862   14.1421   101.39   45.1774   10.198   88.1419   82.8734   52   48.4665   27.5862   0   81.2852   44.2036   87.4701   43   63.0177   127.586   72.964   84.0928   66.0918   102.481   46.8622   70.0892   
39.2938   35.2278   15.2643   40.8167   67.2309   82.0366   68.8186   70.342   65.307   57.0701   53.4603   69.1158   73.5935   86.7698   18.0278   31.7805   34.9857   62.0081   0   67.0918   92.3726   70.3289   98.0939   76.9946   104.281   28.4868   55.0495   58.7612   81.9384   59.6293   
52.1728   45.7056   33.8378   76.2365   75.591   76.3675   29.0172   47.0106   34.5398   98.3107   54.5894   32.3883   94.921   95.1893   34.7131   48.1664   23.1948   22.2036   49.0918   0   97.7342   20.7082   83.4154   121.115   93.3617   77.5786   48   97.3772   67.2599   73.0472   
38.0789   43.8292   75.7166   50.3587   9.48683   18.868   70.6116   47.0956   58.2495   65.7951   28.4253   66.0984   27.0185   12.53   84.3149   45.6508   62.3699   70.5195   76.6942   82.6801   0   96.026   52.9787   101.82   52.2029   92.6551   114.705   74.0167   58.6079   54.1188   
48.2597   42.0476   35.3553   73.9797   70.2638   70.0357   23.0868   40.3113   27.8568   96.5401   49.2443   26.0768   90.471   89.5545   37.7359   45.0444   20.2237   16   50.3289   6.7082   77.026   0   73.6127   120.224   86.6786   78.8158   51.1361   98.2754   60.1096   69.3893   
43.6578   44.911   71.4493   70.4557   35.3553   18.1108   41.8808   17.0294   30.4795   91.351   28.6356   36.8917   60.4152   45.0444   79.0759   49.4773   50.6952   44.5982   79.1581   63.2456   34.9285   56.6127   0   122.554   32.4222   97.2386   103.816   94.7513   34.1555   62.5296   
67.1789   69.527   72.2772   38.0132   78.3901   101.079   117.324   108.208   109.481   21.0238   80.4301   115.802   64.3817   88.6454   75.8024   64.6607   85   111.83   57.8705   104.752   85.703   104.278   108.467   0   126.451   75.5077   112.824   48.8029   118.981   81.482   
49.0918   52.0865   81.4923   71.6938   31.4006   8.48528   56.3028   31.4006   44.8219   90.4268   34   51.3128   54.2033   34.4819   89.56   56   62.2415   58.8982   87.2812   76.8375   27.2029   70.2922   14.4222   109.128   0   104.414   118.238   95.9894   48.5777   67.01   
41.0122   38.3275   24.5967   35.3836   67.1863   84.0952   76.6942   75.9605   72.2011   49.0408   56.0357   76.6094   70.214   85.7963   27.2947   34.0588   42.638   70.0928   9.48683   58.3095   76.6551   59.203   83.1865   48.5077   90.0222   0   64.3164   59.4384   88.9772   60.7732   
63.6003   57.0088   29.1204   78.848   91.2853   97.3499   56.0089   71.7844   60.4152   97.6217   71.5052   59.2115   105.816   111.759   23.0217   57.1402   37.8021   49.0918   41   27   99.7046   33.1361   86.8159   98.5089   99.363   50.0899   0   99.0556   86.5152   84.3504   
39.6989   42.72   53.1507   10.2956   51.923   74.0945   91.3017   80.6226   82.662   16.0312   52.6308   89.3588   43.1741   65   59.0339   38.0789   60.7289   86.3308   41.7612   82.3772   60.0167   80.7775   80.7094   27.8029   81.939   34.4384   81.8841   0   89.9231   51.7131   
33.4215   32.6497   56.0357   62.9682   37.054   29.4109   30.0832   8.06226   17.72   85.4283   21.095   25.4951   61.8142   52.6308   63.3877   37.5899   34.7131   30.8869   64.9384   47.634   40.6079   41.1096   16.1555   100.499   29.2062   69.9214   70.6824   72.8354   0   55.2099   
7   13.3417   42.4264   24.7588   25.632   43.1856   59.7746   46.0977   49.6588   47.4342   18.0278   57.0088   36.6742   45.2769   50.9313   12.2066   35.9026   56.0892   41.6293   59.0339   35.1141   55.2268   46.5296   62.482   50.01   41.7732   69.3397   34.7131   38.2099   0   
