15
40
999999 8 10 7 13 16 13 15 7 14 11 8 13 15 6 9 16 13 15 8 7 6 10 13 13 10 17 9 5 13 15 11 7 9 5 13 12 14 10 14 
0 1 9 4 10 7 6 1 4 11 10 6 7 14 3 7 1 12 2 3 5 3 6 3 11 5 9 4 4 6 13 1 2 4 4 8 1 4 4 5 
20
0   0   0   0   0   0   0   0   0   0   0   0   0   0   0   0   0   0   0   0   
0   0   1   0   2   -2   1   -1   0   -1   4   0   3   -3   1   1   2   -2   3   0   
0   5   1   -1   1   0   1   3   2   0   8   3   0   2   -3   1   0   4   0   3   
1   -6   3   -2   1   -5   3   -3   4   -4   2   -4   4   -2   4   -3   3   0   5   -3   
-8   12   -1   5   -7   9   -7   4   -11   9   -13   0   -4   6   -10   8   -10   10   -9   10   
-12   13   -13   7   -1   13   -13   11   -11   1   -15   5   -8   9   -12   9   -14   12   -9   3   
0   -3   0   0   9   -3   -3   0   10   -3   1   -1   2   6   4   -5   2   0   1   -4   
-4   11   -11   11   -4   5   -8   0   -2   14   -8   11   -10   5   -9   2   0   -2   -5   12   
-1   0   0   6   -5   -2   0   3   -2   3   -1   1   -1   0   -2   2   0   3   0   -1   
-1   7   -2   0   -9   1   0   1   0   4   -1   -1   2   1   -4   3   -5   0   -4   11   
-4   1   0   0   -7   10   -3   7   0   9   -2   5   -7   6   -7   11   -4   5   -4   1   
-1   0   -2   0   -2   3   -3   1   -2   0   -5   -3   1   1   -2   5   0   -2   -1   -1   
7   -5   3   0   -2   -1   3   -3   -4   -2   1   10   -2   0   -1   2   0   0   3   2   
3   -3   -1   -6   -4   13   -4   1   -4   2   0   15   4   2   -1   6   0   1   0   3   
0   1   -6   3   -5   2   -1   0   -5   4   -3   3   -2   3   -3   2   -3   5   -6   3   
-6   8   -3   -1   -5   -1   -5   4   0   1   2   9   0   2   -2   -2   -5   5   0   1   
3   -4   3   0   7   4   8   -9   1   -3   0   -4   3   -1   13   -8   3   -1   10   -4   
8   -1   0   0   8   -1   -1   0   1   -2   6   5   2   1   6   -9   4   -4   8   3   
9   -11   4   0   1   -12   2   -2   11   -5   0   -8   0   2   14   -6   -3   -4   2   -6   
6   0   2   0   5   0   3   -4   3   -2   5   -3   6   -1   4   -4   4   -3   2   -4   
3   0   4   -3   2   -3   1   0   1   -1   1   -4   0   0   4   -3   0   0   3   -3   
0   -1   -2   3   0   2   -1   1   0   -1   -4   -1   -2   -2   0   3   -1   0   -1   0   
10   -4   10   -6   5   0   3   -10   2   -5   0   -6   8   -4   5   -3   5   -7   -1   -5   
2   -9   0   -6   7   -7   -3   -6   6   -2   5   0   9   -5   -2   -4   11   0   1   -3   
-3   2   1   -4   3   0   -2   -7   1   0   -3   0   2   5   2   4   5   11   2   -3   
4   -5   -2   -1   6   -1   4   -4   0   -4   0   -7   1   0   7   -6   6   -5   -4   -7   
-5   6   -8   0   -1   2   -3   0   -6   4   -1   11   0   -11   -10   -5   -5   -4   0   10   
-1   8   -2   5   -6   8   -4   8   -9   9   -4   5   -2   4   -4   1   -4   7   -5   9   
0   0   2   0   0   0   0   -1   1   0   -1   0   -1   0   -1   0   -1   1   0   0   
8   -9   7   -3   7   0   7   -2   8   -8   4   -7   13   -1   8   -2   2   -1   7   -8   
4   1   6   -5   -4   0   4   9   -2   2   0   2   -6   3   -6   -2   10   10   1   6   
8   -4   9   -6   1   -8   9   -9   9   -3   8   0   2   -4   5   -10   6   -9   2   -5   
-3   0   -4   0   0   -1   -7   2   -4   2   1   2   -1   0   -6   1   0   1   0   1   
-7   0   -3   7   -5   -1   -3   2   -5   1   -7   8   -2   5   -4   1   -4   6   -1   9   
-2   2   -3   0   -4   0   -1   1   0   1   -1   1   -3   2   0   1   0   2   -1   0   
4   -9   4   -4   13   -4   10   4   -3   -4   5   -5   8   -8   3   -2   10   -5   5   -6   
0   2   1   -2   7   -7   8   0   1   -5   2   -2   1   0   -2   -6   11   -6   0   -2   
-3   0   -7   1   -3   4   -4   5   0   1   0   1   -2   9   0   3   2   2   0   9   
-8   1   -5   1   -5   5   -3   3   4   4   -3   -1   1   5   0   3   0   -2   3   2   
-12   10   -11   2   -10   10   -9   7   -4   5   -10   13   -10   3   -9   7   -9   2   -11   5   
0   68.6085   44.6333   54.9136   78.7833   28.7013   51.2215   23.6023   76.7963   70.887   61.6681   37.5529   85.9309   58.0476   65.4467   35.8489   35.1245   61.3974   79.2047   52   38.8775   32.5529   48.9078   61.2072   59.793   57.1152   67.6736   66.0408   39.1172   53.7357   75.7455   49.6956   29.6525   33.2971   53.1283   49.4795   64.3275   51.8917   62.6611   43.0768   
51.2445   0   82.729   33.2315   67.7132   79.4811   77.4271   74.8468   116.062   46.1725   110.52   63.4588   69.345   90.6045   31.9284   79.3504   82.3733   37.6333   117.653   101.144   57   61.0555   70.356   112.452   111.038   39.1655   97.1038   64.5876   73.7122   104.98   115.056   74.6624   80.897   56.8782   102.023   99.3217   86.6045   91.6903   104.266   73.0088   
21.6333   64.3273   0   66.5154   95.6449   48.5139   37.6977   45.0728   52.2753   87.4329   67.4786   42   103.453   39.5444   77.0485   29.0416   48.2994   69.2445   59.5773   54   50.4793   44.1548   35.3848   67.3128   66.93   71.1601   50.6491   71.4236   51.6962   55.4833   56.1181   70.1202   39.0799   51.2053   53.4591   67.7732   76.4358   32.2643   40.3776   36.8062   
38.6005   15.2315   49.4975   0   69.0865   65.7937   65.0208   60.6946   100.751   55.8782   100.099   43   73.5491   76.7852   26.4018   55.0488   68.7579   27.1655   102.665   87.8241   34.088   41.3607   60.1825   99.706   98.3157   30.2462   77.2013   45.6586   60.8219   91.6209   98.8328   61.5079   68.0833   52.0768   87.4431   88.08   88.5368   75.4667   88.0422   56.7852   
57.28   47.2969   78.6448   52.0865   0   72.3273   103.274   75.3609   130.92   45.5407   94.2309   77.0593   26.8102   113.076   78.4882   83.6033   72.5555   79.252   136.485   102.899   76.7695   78.1202   98.8841   98.2226   96.8084   64.0114   117.673   97.7451   63.1841   101.309   133.025   46.1548   79.8122   69.4863   109.954   89.6418   72.0999   109.172   113.426   93.0759   
13.4164   59.4811   30.5941   48.7647   54.3783   0   64.6379   24.4442   79.3521   72.7449   50.4439   48.3196   77.4078   67.4198   75.1665   40.1737   16.8284   72.164   82.4167   47.5208   49.6442   43.3196   62.3242   51.9042   50.8308   67.586   79.407   79.4572   31.434   47.1403   81.6791   41.1725   24.434   42.8473   55.6497   31.8045   48.0192   62.8585   60.4166   56.4932   
36.2215   63.1348   19.6977   48.0208   88.6848   48.0416   0   59.0116   55.1123   91.1557   87.1763   51.6816   112.444   40.1421   70.1413   45   64.8701   65.9222   57.4367   67.1664   56.9944   50.6699   29.0711   85.8308   86.6277   70.2033   31   55.0571   71.3939   75.181   58.6168   85.9171   58.7776   69.5186   66.5278   77.131   93.0068   34.7631   55.2025   36.198   
8.60233   57.2713   25.9615   45.6946   56.4004   5.09902   43.0116   0   76.5597   75.8179   55.4462   43.7588   81.4415   65.506   72.0964   34.0312   21.9274   67.2541   78.2535   50.7851   47.4798   41.1553   54.4708   54.3573   55.9298   65.7175   74.0116   74.6431   33.2066   52.2393   79.3981   45.2062   29.533   41.8994   47.6228   36.9035   53.1182   58.2258   56.3113   51.6791   
58.7963   100.901   38.2753   85.703   116   63.6003   40.1123   60.3075   0   125.708   86.3734   80.2753   141.008   42.0192   107.13   67.3169   80.4287   98.5281   22.1623   59.2702   88.7546   82.4301   60.7056   84.5509   83.4026   106.977   55.28   95.08   89.9715   68.4773   29.4031   104.773   76.9181   89.4806   56.108   83.4831   109.313   50.2982   46.2485   59.9659   
52.3927   26.1725   71.5612   33.8378   21.5407   54.7449   77.1557   54.8179   109.836   0   102.207   67.7923   48.1725   105.622   56.185   75.0333   71.5733   59.632   126.33   101.585   57.7428   63.9631   86.8337   104.466   103.052   39.632   108.156   79.4965   71.168   101.885   127.67   54.1386   79.1788   57.5899   102.441   86.5494   77.6597   103.826   106.706   85.6222   
47.4342   95.5196   52.4786   84.9706   80.2309   36.2491   72.0694   39.4462   66.1891   87.2067   0   77.6384   102.348   82.3081   111.016   64.8836   49.6155   106.7   85.5059   43.1662   83.0156   78.2181   86.869   21.4142   20   99.9508   96.2692   109.655   64.2019   34.0278   89.007   71.0865   46.0156   79.0965   49.2655   44.4165   51.7351   80.0328   76.366   89.2848   
16.2788   39.4588   25   25   59.0593   29.2062   29.6816   24.7588   62.6099   48.1664   63.6003   0   81.7308   59.016   51.4018   31.1245   46.0346   52.1655   79.0489   64.2443   30.8167   27   38.8254   77.2456   76.0718   54.1603   60.6816   51.0151   48.7321   70.0145   75.5896   61.3918   45.9313   34.3178   69.4072   61.0107   71.8652   51.7359   65.3776   43.5183   
65.0692   52.345   86.4523   58.5491   7.81025   61.8547   96.3846   64.0312   123.762   26.1725   86.3481   66.7308   0   120.822   82.3575   91.4136   78.434   85.7146   141.574   109.375   72.2713   84.7738   105.556   106.033   104.619   65.8045   125.418   104.208   70.9944   108.995   140.815   53.965   86.2886   76.2541   111.654   89.2892   75.8035   116.961   119.139   100.822   
42.0476   76.4853   20.8806   61.2699   98.0051   51.4198   14.1421   46.8402   26.0192   88.5268   68.3081   40.3609   105.802   0   84.2835   49.9222   68.2483   77.0814   48.1815   58.1353   67.1448   61.4951   38.2485   81.2029   80.1117   83.0106   38.1803   69.1992   72.5768   65.0784   43.8035   89.7329   59.9605   69.6155   55.0367   81.2801   97.3164   27.2801   35.9317   36   
49.3964   13.9284   58   11.4018   59.3043   60.0333   53.1413   56.7979   92.4175   39.0512   96.1769   34.7131   65.0077   67.0522   0   65.8376   76.8618   32.6023   110.578   98.3719   45.4898   46.8938   70.8058   110.225   108.81   36.5529   84.1413   40   72.2236   103.023   109.71   72.9096   79.0488   58.4433   98.8448   91.8378   99.9386   86.3436   98.3776   67.6621   
9.84886   55.1453   12.0416   41.0488   66.6033   21.095   27   16.0312   50   60.0333   50.2096   16.1245   74.411   32.2025   50.8035   0   37.9235   66.2217   66.6308   52.2415   41.318   42.4018   47.4264   65.5183   64.1041   66.9641   58   67.1397   48.9661   58.4708   65.0567   59.5444   39.5013   43.1459   49.5753   52.8995   61.0106   41.2029   45.7805   44.1172   
16.1245   61.9839   32.249   51.4782   55.0727   2.82843   50.1597   7.61577   64.0703   56.4358   33.6155   32.0156   62.434   52.9528   62.7694   23.3452   0   74.8699   82.1193   50.3492   49.6699   46.148   62.0865   47.8378   53.6155   66.4998   78.9573   82   24.4403   49.9687   84.4262   44.0009   27.2624   45.6757   55.2385   34.6329   48.1868   60.5725   63.245   59.2013   
45.2769   21.6333   51.2445   12.1655   64.0078   57.0088   44.9222   53.2541   84.5281   44.911   92.6499   29.5466   70.2567   58.9406   8.60233   45.2217   59.8164   0   100.13   93.7909   40.4558   45.8444   52.833   106.484   105.07   41   75.9222   36   72.9874   99.0126   97.3936   73.6734   74.9294   55.3836   94.6551   88.8133   98.213   73.5399   91.0022   64.1096   
61.5549   102.883   40.8044   87.6641   118.802   66.6108   41.4367   63.2535   3.16228   112.33   69.2604   64.8845   126.574   27.2947   94.1116   52.6308   67.1193   86.122   0   59.4239   90.8619   84.7512   63.313   84.7046   83.5563   107.62   49.6799   90.1052   91.5596   68.631   22.3852   107.783   74.9828   91   56.2616   83.6419   112.476   42.313   49.4107   63.1282   
36   87.1436   30   73.8241   86.3539   32.311   48.1664   31.7805   39.8121   86.5852   27.1662   49.2443   93.6483   42.0476   83.9524   33.2415   31.305   78.4474   42.9535   0   72.8027   66.4782   65.3848   43.318   46.2528   89.06   69.2259   96.916   55.7453   31.2195   62.1814   73.4835   41.0868   69.2971   27.1623   50.0179   69.0408   60.015   44.2036   61.8019   
21.587   30   35.4683   17.088   49.7695   31.9061   39.8246   28.6356   73.3553   37.4833   68   10.8167   57.2713   51.0882   28.178   25.318   34.6699   25.4558   75.6637   57.2189   0   30.3246   49.6421   82.5077   81.38   36.1108   68.8179   59.4819   49.105   75.3227   86.4063   53.9026   51.2395   30   74.7154   63.7106   75.2494   62.5526   71.0985   45.1448   
16.5529   36.0555   29.1548   22.3607   54.1202   28.3196   34.6699   24.4131   67.1193   43.2782   63.8122   5   61.7738   45.2769   32.8938   19.105   31.1448   28.8444   69.4622   51.4782   6.32456   0   41.7849   77.7602   76.346   42.4353   64.6488   56.0151   45.2947   70.2886   80.5896   51.054   46.2054   30   68.6803   60.1241   67.2443   56.7359   64.8855   42.4951   
31.0161   56.356   18.3848   41.1825   81.8841   43.566   7.07107   38.4708   45.7056   70.0928   70.4557   22.8254   89.5545   20.2485   46.8402   22.561   45.8912   38.833   47.2969   48.2701   32.8024   27.7849   0   85.6975   85.3147   68.2017   38.0711   52.8058   70.0809   70.8659   58.8537   78.8389   55.8534   57.1432   62.607   75.3705   83.5717   35   50.171   30.831   
47.1699   95.8175   51.3128   85   81.5843   36.4005   70.8308   39.3573   64.1249   88.0909   2.23607   63.2456   87.8009   66.7308   96.1509   49.5177   33.8378   92.4392   67.1863   25.318   67.9779   63.6318   69.4046   0   17.4142   100.338   93.5328   111.891   58.2782   34.1245   83   73.3225   48.2517   79.2479   43.4429   41.0998   53.9712   78.4643   65.5184   84.6003   
45.793   94.5569   49.93   83.672   80.8084   35.1141   69.4622   38.0132   63.1981   87.0517   3   61.8547   87.0919   65.4599   94.8103   48.1041   32.573   91.0659   66.2722   24.1868   66.6408   62.2656   68.0074   1.41421   0   98.5011   92.5506   111.834   56.5933   35.0333   83.4764   67.7606   49.0156   74.3376   44.8571   34.0263   54.7351   76.201   60.3897   85.9886   
39.1152   12.1655   53.1601   8.24621   44.0114   47.4342   54.2033   45.1221   90.471   25.632   83.5703   28.1603   50.3587   66.888   16.5529   43.4166   49.98   20   92.6121   75.06   18.1108   24.3311   47.2017   83.8153   82.5409   0   85.2033   53.9048   60.8436   92.8509   103.006   63.0119   68.7677   41.7386   92.2436   79.2387   81.1415   79.8962   89.1971   63.2556   
49.7293   77.1038   30.0167   62.2013   103.586   60.407   15   55.5788   32.28   92.0978   79.3788   44.6542   111.306   11.1803   66.1891   40.025   62.2013   57.6975   32.5576   53.2259   54.8179   49.6488   22.0227   77.8332   76.5506   68.7677   0   70.0571   81.7128   76.2587   52.2947   99.4248   69.0965   75.1808   66.217   90.3848   101.036   36.3848   47.1121   43.5967   
49.0408   38.5876   47.4236   27.6586   79.511   62.2013   35.0571   57.6281   75.0067   61.4003   95.5249   33.0151   86.1452   49   25   45.4533   65   17   76.1052   77.026   34.4819   34.8855   30.8058   94.921   93.5094   35.9026   45.1221   0   80.1802   100.324   88.2531   85.9395   78.6933   63.0114   89.7061   94.0058   102.13   65.8058   80.9769   50.1141   
17.1172   53.7122   37.6962   44.8219   44.9444   9.43398   53.3385   12.2066   72.4707   46.1736   42.2019   29.7321   52.4309   58.5235   56.2228   26.6833   10.4403   54.4885   75.4321   41.6293   29.0689   27.2947   48.0104   42.7551   41.5933   42.0595   66.7083   62.1772   0   56.5743   91.113   37.0294   33.868   44.105   57.0595   41.2385   38.1359   67.8863   68.4023   58.1856   
39.0512   90.0944   37.4833   77.6209   84.309   32.1403   56.4004   33.0606   48.3735   86.8332   18.0278   53.8516   91.2853   51.0784   88.2326   38.4708   30.4138   83.3847   51.4782   9.21954   60.6383   55.3624   55.8659   16.1245   15.0333   77.9295   62.2415   83.4865   40.7922   0   70.6731   72.1543   45.0832   69.3385   29.3693   40.8035   69.7629   66.212   50.4006   68.2096   
59.4643   99.0051   38.2099   83.7735   116.726   65.5134   36.8782   61.8547   6.40312   109.403   71.007   61.5873   124.523   22.8035   89.8443   50.2096   66.242   81.7435   5.38516   44.1814   72.4017   66.2873   43.0116   69   68.0074   89.0056   27.2947   71.2531   74.0608   53.0377   0   106.686   72.2451   88.6492   60.1918   83.9214   107.299   39.8537   41.0868   58.8035   
32.6956   51.6624   54.1202   47.5079   29.1548   26.1725   68.1542   29.2062   89.4986   36.1386   52.0865   41.0122   36.2353   74.7329   58.2495   42.5441   26.4008   59.0339   92.4554   57.4543   35.9026   37.054   62.1691   53.2353   52.345   42.0119   82.2192   70.342   17.0294   55.1543   91.022   0   50.6065   43.074   74.0889   50.7343   35.6977   83.747   85.4317   75.215   
15.6525   66.0984   25.0799   54.0833   63.8122   9.43398   44.1475   9   54.9181   63.561   32.0156   31.6228   71.2811   45.1774   65   18.868   9.21954   60.9016   57.9828   23.0868   37   32.2025   40.8534   31.6228   30.2324   53.9351   55.0091   63.6396   18.868   24.0832   57.2451   35.4683   0   45.2746   38.2594   35.088   53.28   53.4708   61.6699   54.1141   
15.2971   36.8782   34.2053   26.0768   45.4863   22.8473   43.382   20.3961   72.4224   37.5899   59.0931   14.3178   53.2541   52.6308   37.4433   22.4722   25.4951   35.3836   75   51.0882   10   10   36.7696   59.2368   57.9396   24.7386   58.1808   44.0114   19.105   53.3385   72.3464   27.074   29.2746   0   67.534   54.3113   56.3113   63.6751   68.2527   52.4951   
35.1283   86.0233   27.4591   72.4431   86.954   32.6497   45.2769   31.6228   37.108   86.4002   30.2655   47.676   94.3398   38.9102   82.3772   31.5753   31.9061   76.6551   40.2616   3.16228   56.0357   50.1597   45.607   28.4429   27.2947   74   50.0899   74.7061   42.0595   12.3693   41.3038   58.2495   23.2594   50.3587   0   45.0167   69.8035   49.7648   43.105   64.2244   
30.4795   76.3217   41.7732   66.3702   62.6418   17.8045   61.131   21.9317   66.4831   68.0294   19.4165   46.6905   69.2892   61.0328   77.6981   35.7771   15   74.8131   69.6419   28.0179   49.6488   46.0977   57.9396   20.0998   19.0263   64.4748   71.3442   79.511   22.8035   22.8035   69.9214   33.7343   17.088   40.3113   30.0167   0   46.2132   70.5588   66.8402   71.2021   
38.3275   70.6045   56.4358   64.5368   45.0999   26.0192   74.0068   31   86.3134   55.6597   35.7351   51.8652   50.8035   77.1038   75.743   47.0106   24.1868   75.213   89.4427   49.0408   50.2494   49.2443   69.2604   37.3363   36.7696   60.1415   86.3713   84.0952   22.1359   43.9318   89.1572   19.6977   32.28   40.3113   50.8035   21.2132   0   84.6116   85.2118   78.0703   
36.8917   75.6108   15.2643   60.407   93.723   45.2217   16.7631   40.8534   25.2982   85.6037   61.0328   37.7359   101.533   7.28011   67.2681   27.2029   46.5725   59.5399   27.313   34.8855   48.5489   42.4382   21   59.4643   58.1893   65.307   18.3848   51.4782   52.8015   43.8634   23.8537   69.3542   38.4708   48.7955   31.7648   54   70.6116   0   35.8114   41.6815   
39.6611   85.703   21.3776   70.859   96.4261   43.4166   32.2025   40.3113   20.2485   91.7061   49.366   46.3249   104.139   21.9317   79.1012   31.7805   43.8292   72.0069   23.3238   22.2036   56.6127   50.2892   35.171   47.5184   46.3897   74.4648   32.8024   65.9697   52.4023   31.4006   23.0868   69.4262   34.6699   54.1202   19.105   46.8402   66.2118   15.8114   0   50.257   
26.0768   57.0088   12.8062   41.7852   79.0759   38.2099   10.198   33.1361   43.9659   68.6222   64.6375   20.5183   86.8217   20   48.6621   17.1172   40.4475   41.1096   45.8803   42.8019   31.1448   25.4951   5.83095   63.6003   62.2013   47.0106   24.5967   35.1141   43.1856   50.2096   42.0476   57.9741   35.1141   33.6155   40.2244   52.2015   64.0703   18.6815   31.257   0   
