15
70
999999 17 6 8 17 16 12 10 8 13 10 15 5 17 12 9 12 7 12 8 13 12 6 14 6 7 15 7 13 9 8 16 13 16 17 16 14 9 13 10 13 17 14 10 15 13 5 6 5 11 16 9 5 11 9 5 7 15 13 7 16 13 16 5 15 14 12 12 8 11 
0 10 5 3 5 11 9 7 3 2 3 12 1 16 10 7 6 4 9 6 6 7 4 5 5 2 1 1 1 7 3 8 8 4 12 15 4 8 2 7 11 12 10 3 9 4 4 2 4 1 6 3 4 8 3 2 1 6 4 2 2 6 7 2 12 4 3 8 5 8 
20
0   0   0   0   0   0   0   0   0   0   0   0   0   0   0   0   0   0   0   0   
0   -9   6   -13   -1   2   1   -7   5   0   10   -14   1   -9   8   -7   0   -7   11   -5   
0   0   0   5   1   0   0   0   1   6   0   0   -1   -1   -2   -4   0   4   -3   -6   
2   -2   4   -4   3   0   3   -2   6   -1   3   -3   2   -4   3   -1   2   -2   3   -7   
1   -9   10   0   2   0   8   -2   5   -1   1   -2   4   -1   0   -2   -3   1   6   -1   
-2   12   -10   0   -11   11   -10   3   -3   0   -3   0   -3   1   -2   -2   -13   8   -2   6   
9   -6   12   -8   4   -11   3   -8   6   -2   5   -6   4   -11   5   -10   10   -11   4   -2   
-2   3   -3   -1   -3   0   -3   3   0   -3   0   4   -3   7   0   6   -4   4   -2   1   
-4   1   -5   7   -5   0   -4   4   -2   3   -2   5   -6   6   -4   5   -5   2   -2   4   
-6   10   -10   3   -7   8   -13   11   -1   10   -12   11   -11   4   -13   7   -8   10   -10   7   
10   -10   8   -4   6   -6   4   -6   8   -7   4   -2   0   -8   3   -2   5   -8   6   -5   
-7   9   2   9   -7   -3   -1   8   -6   0   -11   0   -2   -1   -2   6   -1   2   1   1   
-2   1   0   0   1   0   0   1   1   0   -1   1   -1   0   -1   0   0   1   1   2   
1   4   -3   0   -2   0   3   0   -1   6   -5   7   0   -3   2   14   0   3   -10   10   
11   -4   -1   0   6   -5   7   -6   -1   3   0   -4   6   0   4   -1   8   1   -1   0   
-4   4   -7   0   -4   9   -7   4   -6   6   -4   2   -2   8   -8   1   -5   0   -5   0   
-4   9   1   -3   -5   -2   -5   0   0   0   -5   1   0   2   -1   0   4   1   -9   -5   
0   4   -7   2   -5   3   -3   1   -4   2   -4   4   -4   0   -3   5   -5   5   -2   4   
-9   7   -9   7   -8   12   -5   3   -12   8   -4   6   -5   8   -6   8   -11   3   -7   10   
3   -4   3   -1   5   -6   6   -4   2   -5   3   -3   5   0   1   -5   6   -3   4   -1   
-2   6   -11   2   -2   11   0   11   -12   8   -7   7   -5   9   -7   4   -5   -2   -3   1   
-5   8   -2   0   -3   4   -5   5   0   -5   1   0   -8   4   -3   4   0   -2   0   0   
0   2   -4   0   -1   2   0   0   -1   4   -3   4   -1   5   -3   5   -4   1   -3   4   
13   -2   9   -7   5   -11   0   -10   9   -9   6   -6   6   -2   3   -9   8   -6   7   -2   
-3   3   -6   6   -4   4   -2   2   -4   5   -4   4   -5   3   -2   1   -6   4   -6   2   
-3   3   -3   4   -4   1   -4   6   -5   1   -4   3   -4   4   -1   2   -1   2   -2   3   
-8   10   -8   3   -8   13   -13   8   1   11   -12   8   -10   11   -5   2   -5   14   -9   12   
2   -3   3   0   6   -3   0   -5   4   -3   4   1   4   -6   2   -4   0   -5   2   0   
-6   12   -1   4   -5   2   -6   6   0   5   -5   4   -9   5   -11   11   -7   10   -11   4   
3   -3   -2   -4   3   0   2   0   4   -4   5   -4   2   -3   4   0   0   -4   1   0   
2   -5   3   -6   0   -2   6   -3   0   -4   5   -6   4   -2   1   -2   5   -2   4   -3   
-1   0   -5   0   2   7   0   1   -5   -2   0   5   -4   9   -9   -9   -5   4   -6   3   
-8   10   -2   11   -4   5   -13   13   -11   12   -4   4   -6   8   -9   5   -12   9   -9   8   
-3   0   -2   0   1   -5   1   0   3   1   0   4   -3   4   -3   4   0   -5   -2   0   
-13   11   -10   12   -11   -3   -9   15   -8   6   -4   9   -9   9   -7   15   -9   5   -5   15   
2   -3   -4   -2   3   -6   9   -3   10   -1   9   -4   -6   -1   1   2   0   1   3   8   
-2   10   -6   11   -14   5   -11   5   -10   12   -6   6   0   5   -5   5   -7   3   -6   14   
2   -3   -4   0   -3   1   -3   3   1   -3   -2   2   -1   0   -4   0   0   2   -4   2   
0   3   5   -10   0   0   7   -1   3   -10   2   3   6   -6   11   -3   5   -3   3   -8   
7   -6   6   -6   0   -3   2   -3   0   -5   5   -1   3   -2   6   -4   6   -6   4   -2   
1   -3   10   -4   0   6   7   -4   8   -4   6   -8   4   -7   3   -1   0   -5   2   -3   
1   4   -7   11   -6   11   0   5   -10   10   -10   15   -13   15   -4   0   -12   7   -10   8   
-10   10   0   12   -9   7   -2   10   -3   5   -10   5   -5   7   3   10   -7   5   -3   3   
6   1   2   -1   6   -9   5   -10   1   -3   6   0   0   -6   4   -6   10   -1   4   -4   
-4   -5   10   -3   5   4   0   -2   2   7   -9   0   6   -1   2   0   2   1   3   2   
8   0   10   -9   0   -8   5   -9   12   -2   7   0   8   -3   8   2   7   -1   0   -4   
1   -2   2   -1   3   -4   0   -2   0   -3   1   -3   0   -2   1   -3   1   -3   2   -2   
-4   4   -4   3   -1   1   -3   1   -3   0   -3   1   -4   1   -3   3   -4   0   -3   5   
0   -2   2   0   0   0   2   0   1   -1   0   -1   1   0   1   -1   0   -1   1   -1   
2   2   0   -2   4   -1   -1   -1   0   -3   1   0   2   -2   3   -1   -1   1   1   -5   
0   -5   2   -3   3   -4   2   7   -2   -4   7   0   3   -6   6   1   2   6   5   0   
0   -3   5   -5   2   -2   3   -1   6   -3   0   -5   1   -5   4   2   1   -3   4   -9   
-1   2   -2   2   -1   3   -3   2   -3   4   -3   1   -2   1   -1   2   0   3   -2   1   
-6   7   -3   4   0   6   -8   8   -4   3   -5   8   -11   8   -6   1   -4   6   -7   2   
0   -9   0   -6   5   -4   -1   2   1   -2   4   -1   3   -6   3   -1   6   -2   0   -2   
0   0   -1   1   -2   0   0   0   0   0   -2   0   -2   0   -1   0   0   0   -1   0   
-2   6   -7   5   -5   3   -3   4   -5   6   -7   5   -4   4   -4   4   -7   7   -4   2   
0   7   2   7   1   2   -10   -3   2   0   2   7   0   3   -3   12   -5   4   -5   9   
-6   -1   -3   10   -12   11   -10   11   -9   -1   -13   7   -7   4   -3   1   -2   6   -10   6   
2   4   -4   1   0   3   0   2   0   1   -2   1   0   2   -3   2   -1   1   -2   4   
-13   5   -8   1   -6   9   -8   15   -14   2   -7   10   -5   11   -14   1   -7   9   -8   8   
-4   7   -3   2   -3   5   -7   8   -2   10   5   4   -7   -6   0   7   -6   -3   0   1   
-8   -1   -2   -9   -6   0   -5   4   -2   3   -2   14   -9   -3   -2   0   7   -1   -8   3   
1   -2   2   -4   1   -1   2   -1   1   0   2   0   1   0   1   -1   3   -1   3   -1   
-11   13   -12   9   -15   11   -13   4   -14   12   -11   14   -10   9   -6   10   -5   14   -7   1   
-3   9   -6   9   -10   8   -2   9   -2   2   -9   1   -6   7   3   9   -8   4   -7   8   
2   8   -4   2   0   1   0   3   -4   2   -2   -6   -6   4   -1   2   -8   0   -4   0   
9   -9   8   -7   11   -12   9   -8   1   -8   2   -5   12   0   11   -4   12   -1   -2   -9   
1   0   0   0   1   2   -4   -3   0   1   -1   -2   2   -5   -3   0   6   -3   -1   0   
-1   0   2   -1   -2   -1   5   -8   0   0   3   -1   1   0   2   -1   -1   0   -1   5   
0   67.8197   32.7246   45.0996   48.2261   39.5493   50.79   30.4721   37.4094   66.5964   38.2788   67.7031   38.5034   53.7967   55.7854   47.283   44.8328   66.9353   65.624   73.4358   60.3609   33.6015   59.1514   63.4721   73.6015   37.3132   68.5351   36.4722   46.0832   68.3633   67.2544   56.2025   53.4819   67.7491   55.5601   64.2544   45.3607   51.8917   56.7185   49.6383   68.3546   49.1555   63.9568   70.9252   30.5344   53.1361   61.4981   58.9619   51.3412   58.1152   35.8816   56.1182   47.8378   69.784   51.2025   40.1262   50.49   76.2355   33.7231   78.8179   79.1289   54.3456   59.833   22.4721   28.6015   40.9258   55.5753   92.0692   47.1896   52.02   
49.8197   0   63.0918   89.2005   94.1561   44.0669   61.5206   75.2529   85.0676   21.0711   48.416   109.279   74.9017   97.2586   74.6058   66.8107   89.8058   92.5684   79.9016   41   104.704   64.636   97.4865   107.31   103.493   45.3283   110.312   67.5489   92.0064   99.7217   19   41.4591   30.0312   112.908   100.145   41   46.1334   96.0886   102.112   80.5564   110.556   94.3095   77.3683   58.0488   68.2398   35.088   47.1725   56.7851   95.0125   30.6619   67.0977   104.305   58.9293   67.8556   39.0799   57.8782   45.1603   106.574   61.2156   47.7099   57.1045   102.802   34.0454   67.6308   78.4211   69.7397   47.4307   78.037   69.4166   78.8218   
12   49.0918   0   50.8459   52.2761   40.909   61.7486   33.1741   41.9605   65.0162   34.3576   62.827   46.6272   59.8039   67.7854   35.648   45.241   75.5534   77.624   67.3853   60.754   27.4085   67.854   60.8803   63.2701   41.6595   63.1041   48.4722   47.2746   76.1444   63.6117   44.0466   49.9394   68.4243   55.5009   65.8699   37.4094   47.0156   54.3363   57.7718   77.17   49.609   51.0139   82.005   22.544   53.2053   49.9284   70.0417   62.9952   56.025   24.2462   60.0512   37.2793   54.9946   43.6564   51.206   40.7547   75.4337   44.8029   63.2566   91.1289   57.6742   52.2099   32.1245   30.1231   52.9258   60.0138   95.8783   24.6301   56.0135   
26.9072   73.0068   36.7151   0   53.1009   62.3256   55.6232   39.8885   42.2843   89.3247   56.9406   71.1628   34   29.2956   56.079   68.4243   32.4164   51.8329   64.7133   97.2524   46.4795   58.6512   43.1796   52.2976   84.214   60.4528   71.4053   44.7091   54.1699   44.8329   89.4154   77.2254   73.1692   46.0161   55.5249   83.6586   62.9256   62.8643   58.5152   39.9545   43.9258   36.1421   87.729   83.1764   45.6897   73.3206   83.5948   73.1427   35.3693   79.2207   60.9613   44.4795   73.9944   91.7097   73.8628   59.0076   65.6453   91.8053   57.5523   95.4678   86.3863   54.8058   79.3886   37.6274   55.5087   45.6469   72.1574   86.8066   61.3453   36.6469   
34.0147   80.1561   31.0644   36.4005   0   65.7335   82.3573   43.7968   28.3246   93.7739   64.7584   34.8494   60.9225   54.3851   85.7062   55.0159   38.0876   83.566   95.0809   95.2378   35.7468   46.7765   68.1967   39.7636   52   63.4975   39.6433   68.3352   21.3246   81.2334   94.6761   71.8985   80.0147   51.1001   31   96.9343   68.4738   23   28.7082   75.2178   78.2993   50.2956   65.6905   104.94   45.7321   80.9384   77.57   92.9766   70.7032   84.859   43.6142   36.1241   67.2259   84.201   73.6126   74.1409   68.0385   53.1248   67.7378   93.6551   113.144   33.2956   83.2744   53.1321   43.0185   74.9405   89.146   113.801   55.6946   73.0474   
21.0238   30   19.2354   47.0106   50.2494   0   53.122   48.6982   58.4332   45.9002   22.7082   81.1837   52.2278   72.2014   66.1664   46.1918   63.0589   76.3939   77   50.8546   79.9028   36.5407   78.0737   80.1157   80.7187   24.4365   81.0522   52.9531   66.5099   81.2993   46.2655   31.6056   30.7711   85.9751   74.2228   51.3622   26.6678   66.251   73.5717   63.8634   87.4681   67.3815   58.9535   68.1205   41.7794   33.6056   37.4735   56.0789   70.2635   38.7302   39.7065   76.9737   40.9662   55.9419   27.2079   45.6056   18.6056   92.0824   46.105   54.6554   73.2033   74.1453   42.0263   40.6982   49.3452   54.171   41.2094   78.8276   41.2788   60.4708   
34.2053   45.607   44.2945   39.6232   66.2193   36.0555   0   56.1803   69.4437   66.6781   44.5027   101.069   39.2634   64.0998   29.4164   75.4756   65.1935   54.9652   48.095   79.7356   83.9782   63.9142   59.8759   84.1891   107.205   48.4936   102.223   31.6525   78.2685   55.833   61.5206   66.6353   56.8973   85.6394   88.2541   59.609   46.3303   86.097   87.8011   37.997   67.997   68.0337   91.6307   47.4764   54.2046   51.6333   71.9612   40.2627   53.1418   52.9857   66.9748   82.7501   73.8907   90.4727   61.8287   30   53.8249   110.211   31.4642   83.3866   54.7805   82.0985   56.9102   51.3671   62.8067   27.1803   44.2594   50.6228   68.9246   36.0998   
10.7703   60.4152   18.868   17.8885   27.6586   31.7805   38.6005   0   34.9706   75.4041   48.5554   61.3814   41.3576   47.1842   62.072   54.5159   33.5602   64.3982   70.9136   81.5265   48.5847   43.7831   56.2532   51.1292   75.0088   44.0832   62.1041   42.7588   48.9832   62.7214   76.9847   62.9146   60.2217   54   50.569   75.0248   51.9848   50.6586   49.2053   46.1548   61.8144   34.9737   69.8818   77.9582   30.6301   63.9064   66.0096   66.1292   48.4429   68.8855   43.1142   44.3421   56.1472   73.8626   58.9884   46.8938   50.386   79.0931   44.4934   82.1245   85.8767   41.5136   67.4773   31   39.3718   48   64.0488   89.2233   43.4981   45.7065   
23.4094   71.007   22.3607   28.2843   10.8167   41.0122   55.4437   16.9706   0   85.3334   56.7182   45.6661   56.0668   47.3872   79.0234   49.5269   30.1245   77.8563   85.4046   89.7459   41.3889   39.8473   63.0941   45.1868   61   54.0125   48.6433   59.7253   32   73.1171   85.9724   66.4073   71.7833   48.2324   38.1555   87.6638   59.7701   32   35.4929   63.1253   68.0833   33.9737   68.1411   94.3346   44.4165   74.0091   72.289   82.3713   57.6079   78.3857   42.9617   37.1462   58.8044   76.8641   66.0171   63.5356   59.6177   63.9414   57.1325   85.6172   102.538   34.3178   74.5706   45.8815   35.6815   64.3352   78.9847   103.006   46.9908   59.2244   
50.5964   7.07107   48.1664   75.1798   79.0253   29.8329   50.774   61.3514   70.4557   0   50.5398   107.653   76.8167   101.703   79.1405   65.9345   91.539   99.6088   86.9726   35.0416   105.304   63.0102   102.833   108.264   102.616   48.1256   108.904   70.5315   91.5816   103.973   26.0711   43.2036   34.1914   112.234   99.1016   42.0238   45.2987   93.9791   99.328   82.565   111.782   96.0069   76.492   63.0104   67.5929   35.8773   41.8087   59.2311   95.2065   33.9053   66.2215   101.527   58.053   62.9674   38.2036   57.4069   42.2947   110.769   56.4649   36.6815   64.1756   99.0713   28.8062   69.8516   66.0865   76.8108   53.8029   78.0082   60.1947   81.3699   
16.2788   33.541   18.3576   41.0488   48.2701   6.7082   30.4138   26.9258   38.3275   34.5398   0   81.1846   52.4873   70.0756   59.8302   48.883   60.2131   75.8434   69.7421   56.5447   71.0789   40.943   68.5619   76.8185   81.6276   19.4721   81.4616   48.2982   61.2769   75.5918   47.9628   37.2956   33.3848   80.9258   71.4664   49.5206   32.3579   65.3732   69.8179   57.1618   83.9593   61.8995   65.4782   62.0215   36.0263   39.2956   43.1636   50.8061   66.7547   41   42.6038   71.2679   46.6563   61.6319   32.898   36.6815   24.2956   83.6222   40.0384   57.1096   66.4929   68.4395   36.561   38.751   44.8803   54.6356   31.4929   71.1402   42.9877   55.7648   
52.6972   95.1262   47.1699   55.4707   19.8494   66.0984   85.7963   47.3814   30.4138   92.9139   65.3911   0   80.772   70.6191   105.556   62.0435   56.99   102.068   114.93   110.005   43.1548   61.607   85.1688   49.0606   40.4131   80.7875   16   88.1846   41.174   98.8045   110.047   88.9516   96.5879   57.1027   37.8924   113.04   84.5793   31.8114   34.8924   90.9219   91.471   56.2982   68.8467   123.622   65.5816   99.704   93.0067   111.659   81.8423   103.195   63.4636   42.1266   74.0818   78.2456   90.8263   92.8235   84.704   37.2594   86.4203   107.144   131.826   39.2982   99.3799   72.9815   62.8679   93.6231   96.884   133.42   71.8001   89.6382   
20.025   57.8014   32.0156   17   45.3431   35.2278   23.0868   18.3576   35   60.803   28.6007   65.192   0   46.2956   40.1842   67.308   48.9422   43.1548   49.5913   84.7304   60.7214   53.6265   42.2493   60.9479   93.3663   48.0728   80.4616   28.4474   59.598   47.218   71.1733   65.8963   61.9855   63.0161   68.9266   68.2015   54.4573   66   67.5628   26.3852   51.6437   44.7924   83.0295   66.9147   43.0935   55.0488   71.7643   57.3987   34.4391   63.9701   55.9066   59.566   67.8628   87.0102   61.4987   42.561   52.8963   96.2605   39.5913   85.7103   69.8179   59.8712   64.0104   35.0312   48.6265   29.3852   51.9285   69.1202   56.6458   20.3852   
36.7967   83.2586   45.8039   10.2956   39.2046   57.2014   48.0416   27.0185   33.3766   85.4751   51.3128   56.6127   26.4764   0   65.2719   78.7199   33.2627   52.1813   72.469   107.548   47.6531   65.796   32.7648   45.4008   89.6041   70.7485   70.9529   54.9238   52.9367   47.8444   97.6497   87.521   83.4649   45.6125   54.2616   92.5875   71.9386   61.1323   57.3625   50.2501   42.095   38.0333   96.8178   90.6563   52.6431   81.5252   93.0281   81.0179   34.8924   89.5163   70.0501   48.1493   83.0832   100.799   84.1584   67.0306   75.6084   90.3653   66.0677   105.763   95.9535   45.3209   87.8738   47.923   65.3982   53   78.4049   95.5966   70.4341   46.8616   
41.7852   58.8218   53.1601   38.0789   70.1783   48.1664   13.4164   43.0116   59.8164   64.1405   42.0119   90.0278   24.8395   44.2719   0   87.3863   70.0951   35.4709   25.8489   91.2994   84.5584   75.3866   58.0143   85.7873   113.298   61.0977   105.116   37.3382   80.3817   45.8568   72.0833   77.9531   69.2015   83.8767   92.2496   62.0833   59.7467   90.8395   92.2169   36.1245   58.6079   69.6318   104.174   47.7567   64.6466   62.6946   85.1755   52.4591   53.8058   64.3735   77.4003   82.5584   87.3071   103.644   74.9099   43.4164   66.3075   118.021   44.8807   96.803   59.3363   84.5253   70.3266   57.0528   70.3866   32.8661   57.6758   55.5576   77.7903   42.799   
31.0161   52.8015   19.0263   54.4243   36.2353   28.4253   61.3514   36.6879   32.5269   49.3356   31.7648   45.0444   51.0392   62.6099   71.3863   0   60.3249   94.194   95.5807   63.0937   67.2531   31.1421   86.8803   71.6127   57.7151   43.5594   61.0444   67.4883   57.5599   95.1707   71.1282   43.9615   54.3867   78.0104   55.6293   75.4074   48.4617   47.8378   55.4969   76.7981   96.1963   66.5006   35   92.1348   41.5703   57.5944   48.1496   80.3538   80.0065   62.7653   34.4018   63.0104   32.0499   47.4307   45.5563   64.2261   42.6545   57.8246   58.1527   64.107   96.8222   66.6664   59.7715   50.7988   33.6815   71.6299   61.9136   102.852   26.53   71.4244   
25.2982   74.9533   31.241   13.4164   23.0868   46.2385   48.8467   14.5602   16.1245   75.8947   41.4849   42.0595   25.9422   17.2627   49.8197   46.3249   0   62.8805   75.5336   96.0867   32.7883   49.9706   50.0275   39.4165   71.8118   58.6434   57.1638   48.5398   30.7631   58.2493   89.433   75.2876   74.7819   44.4984   40.5539   89.0616   66.5451   46.0868   46.178   52.3274   57.3422   25.4721   79.7692   91.0728   45.1904   74.0517   80.5698   79.0312   42.632   82.4849   51.609   38.8045   68.5203   83.6348   73.4464   61.454   64.8441   76.2116   59.0213   94.4976   95.7601   37.6918   78.0312   45.5602   51.8061   55.3274   72.9778   95.0625   55.8711   46.3274   
49.163   78.5684   61.131   32.2025   68.542   62.3939   33.3017   45.3982   59.7746   83.2406   55.7136   87.6584   29.1548   33.2415   21.4709   80.1561   45.618   0   41.0217   110.914   77.4003   80.0682   35.4165   78.6423   116.416   75.1857   102.212   49.5776   76.381   24   93.5387   93.0092   88.5682   73.7282   86.1718   83.5542   77.3203   91.542   87.7902   37.6815   45.2132   63.793   111.131   69.2276   67.0094   81.6632   98.6192   72.8774   39.2485   84.4853   83.0444   76.682   97.0008   115.018   88.3236   63.3017   80.0092   121.667   63.447   112.823   72.9741   78.5625   88.0961   59.0444   77.7645   50.5153   72.4437   69.1566   85.7612   41.5153   
51.6236   64.4127   62.9365   46.4004   79.6492   57   21.095   52.6972   69.4046   70.2638   51.0882   99.4887   34.4093   51.4296   9.84886   81.0247   58.7282   23.0217   0   97.5683   91.5165   85.0092   58.4382   95.3572   123.146   69.5887   114.801   47.1871   88.7564   47.0217   76.9016   87.7303   74.8867   92.4166   99.2821   69.565   67.4253   100.409   100.796   44.7588   66.0454   79.2017   112.673   56.249   74.4954   67.8867   91.9415   47.6105   62.2702   72.7814   87.1827   90.8799   94.9857   111.568   82.9237   51.095   74.92   127.859   52.5593   103.442   55.8469   91.3806   77.3331   66.9017   80.2251   42.7149   61.6807   51.1603   87.5666   50.2062   
56.4358   19   51.5461   82.4197   81.2158   35.5106   61.7171   67.1193   73.7631   12.0416   41.4005   93.0054   69.3109   92.6553   75.1332   48.0937   81.3941   93.4773   81.7068   0   109.4   66.2379   109.962   112.219   100.587   52.08   109.005   79.9298   95.6252   112.579   38   38.3452   46.233   117.418   101.132   47   54.3113   94.399   102.857   91.522   119.927   99.9612   71.7572   75.052   71.5473   45.6816   40   71.2727   102.727   45.9469   67.7551   105.932   57.2099   58.3722   40.6982   65.9244   46.249   105.918   67.031   27.4853   76.0725   104.296   40.8478   76.2087   71.7935   80.7904   52.4708   90.0498   58.7551   86.5052   
41   90.4489   42.72   30.4795   17.2047   60.6712   67.624   31.257   20.6155   90.4268   57.0789   29.1548   44.7214   28.6531   68.2422   52.2015   18.7883   61.4003   76.8375   94.255   0   60.4628   60.4166   19.4721   65.3607   74.4138   45.1548   67.3281   38.4222   75.3124   104.254   86.7667   90.4637   27.8167   40.1265   104.214   78.5028   36.3607   41.4642   70.434   70.7481   39.4012   82.8951   109.215   61.2668   88.8977   92.6484   97.3862   61.4203   94.0562   60.8188   29.2426   79.4199   97.4796   86.3765   78.1508   79.2768   64.4876   73.1295   105.62   114.539   31.0711   93.6399   53.2046   56.2971   74.1065   88.5717   113.842   67.3502   65.1065   
17.0294   50.636   5.09902   40.7185   30.1496   21.5407   49.1935   22.8473   22.8473   49.0102   22.0227   44.643   37   49.3964   58.2409   14.1421   33.9706   66.0681   68.0074   51.1957   43.4626   0   72.4509   61.5441   59.1745   36.4709   60.643   53.5016   43.4109   81.2434   67.8062   45.9605   52.3117   67.3011   52.0151   69.6581   42.5084   44.1496   52.2415   62.8709   81.6259   52.2415   46.3225   83.6521   27.643   51.7696   50.8378   71.6888   64.9608   60.2708   18.1623   54.4401   39.1931   50.2353   45.5703   52.8531   40.1462   66.634   46.45   62.1699   88.5156   51.9848   57.309   36.1172   19   57.9552   53.5156   93.1629   26.544   57.3852   
42.9418   83.4865   53.8516   18.1108   53.1507   61.0737   42.45   35.4401   46.0435   86.8332   54.5619   71.1688   26.1725   14.7648   35.0143   72.1249   30.2655   19.4165   40.2616   95.483   43.4166   58.1893   0   60.0263   102.077   74.034   85.7178   47.7604   61.0285   38.2127   96.3021   91.8575   85.5052   53.6232   69.0265   91.6982   75.5032   74.2701   72.1273   37.1359   35.434   44.1204   104.512   82.771   63.8004   81.2213   97.7255   76.6657   31.8102   86.8999   76.3516   60.7772   90.5572   108.425   87.4598   62.0589   78.8575   105.13   61.6299   111.672   91.4862   60.0857   89.2764   55.7382   71.5433   48.6982   75.2087   83.3647   78.4818   39.6982   
43.1856   92.9139   45.8803   29.6816   21.6333   63.3482   68.0074   33   24.1868   93.1719   59.4138   33.0151   44.9444   26.4008   67.7422   56.2228   19.4165   59.5483   76.0263   97.4064   4.47214   46.9574   41.0488   0   69.4842   77.0832   49.0151   67.7587   34.4391   74.2178   107.377   89.9269   92.7986   29.4031   33.9737   107.44   82.2982   40.8328   45.9364   69.6361   68.4958   37.1555   87.1175   110.003   63.6301   92.6931   95.8086   98.1738   61.2932   98.5284   65.1197   33.7148   82.9912   97.1928   89.5367   78.9384   81.9538   68.9598   76.9087   109.127   114.762   34.4018   95.9748   57   59.8683   74.0088   90.9067   114.065   70.5104   65.3296   
57.9828   89.4427   48.2701   70.214   35   64.0312   92.0869   57.0088   41.9762   85.6154   65.7647   23.8537   75.2396   74.108   99.2975   36.7151   57.4282   101.651   109.128   82.7103   50.01   43.8634   87.6926   54.3415   0   80.2745   39.8537   94.455   56.3246   115.047   105.664   80.2415   89.9856   75.1664   52.5576   110.577   85.1768   47   49.5576   101.625   109.201   73.0762   57.0156   127.261   70.8141   92.8201   80.4599   115.298   99.5841   97.9447   62.0257   65.9804   63.31   70   82.2714   96.4623   77.8201   23.1623   90.0592   96.505   132.258   63.1519   94.2621   79.9807   62.8634   98.9086   97.2576   136.905   63.2451   95.6248   
19.3132   31.0644   18.6815   45   49.4975   2.23607   34.1321   30.0832   40.0125   31.3209   4.47214   65.7875   33.0151   55.2178   46.0977   29.4109   44.5982   60.1664   55.0091   37.4433   59.4138   21.4709   58.8982   61.9839   64.5368   0   81.7856   51.5214   64.2986   80.0639   48.5016   32.7883   31.9965   84.0832   71.8187   50.4125   27.8932   65.6205   72.045   59.4003   83.2928   65.0569   60.8295   62.6004   40.4984   33.5242   38.6989   51.698   66.0882   39.9556   39.6332   74.2436   41.9615   57.1673   28.4333   37.2036   19.831   86.4375   40.0294   56.8915   67.3848   71.5969   40.025   41.7853   38.8035   50.9848   32.3848   74.5399   39.0294   53.4003   
53.535   96.1041   48.1041   55.9464   20.5183   67.0522   86.5563   48.1041   31.1448   93.9042   66.3099   1   65.8559   56.921   90.6863   46.0435   42.5441   88.1192   100.125   94.0053   29.2746   45.607   71.5122   33.0606   24.4131   66.7308   0   88.8535   41.8428   99.8045   111.044   87.1896   94.2808   56.0526   34   113.974   85.5135   32.8114   31.4222   91.9219   92.471   57.2982   69.8467   124.387   63.8774   97.3766   93.0713   112.497   82.8423   103.279   63.7693   41.9258   75.0818   79.2456   86.7994   93.3221   83.1542   38.2594   87.2581   106.4   131.663   40.2982   100.314   73.6504   63.5368   94.4609   97.8027   133.068   67.7731   86.2411   
22.4722   50.8035   33.9559   26.0192   52.4023   31.9531   14.3178   24.7588   41.7253   54.4885   25.2982   72.1388   9.05539   35.2278   19.3132   52.469   34.5398   30.4631   29.1548   63.8905   53.3104   39.0512   32.7567   53.7587   80.1311   29.7321   72.8629   0   64.0106   49.8951   64.5489   62.5204   58.1831   72.0353   75.0937   58.0114   45.6531   73.7253   73.9641   29.0623   56.4838   53.8477   84.3622   56.5216   44.7853   51.6554   68.4311   48.1496   40.5265   56.5007   56.2019   66.8845   70.3101   86.8994   58.1654   33.3178   49.5631   98.7077   35.2127   82.4078   64.8803   66.2725   60.1115   36.7231   51.0737   23.4721   44.4591   64.793   58.586   23.0623   
30.0832   78.0064   29.2746   30.0832   6.32456   48.0104   61.0328   22.4722   7   77.4145   45.2769   25.807   39.598   33.0606   64.3817   37.8021   16.7631   62.2415   73.7564   80.5233   14.4222   29.4109   46.8722   18.4391   41.0488   47.0106   26.4008   47.0106   0   74.7746   92.4018   73.28   78.6617   42.2389   30.0416   94.3377   66.684   29.3246   27.0416   65.9831   74.009   40.9737   69   100.43   43.3059   80.5348   79.2029   88.6014   59.3951   85.2996   47.5732   32.4442   65.8044   75.8769   72.931   69.366   66.616   59.4493   63.8063   91.5808   108.349   29.6158   81   48.5466   42.6815   68.9831   76.6117   108.718   53.9047   59.9831   
50.2195   83.4506   61.9839   29.8329   66.0984   65.2993   38.833   45.0111   58.0517   87.7838   58.5918   84.6936   30.6757   28.8444   27.8568   80.895   43.0116   7   30.0167   97.6166   57.4543   66.7533   14.2127   55.2178   100.02   63.0635   85.0882   33.8378   59.7746   0   95.2033   95.8518   90.2328   67.8145   82.4544   89.94   79.4909   85.8701   85.1764   44.6815   36.3178   57.0181   112.998   75.6135   69.4116   83.3278   101.755   77.6271   31.4642   86.1498   84.9156   73.5918   98.0574   116.978   91.4898   66.1935   82.8874   115.637   65.7645   115.701   79.9741   74.1653   89.7607   65.046   78.821   52.8328   74.1082   76.1378   86.614   43.8328   
49.2544   4   49.4975   71.5122   80.5047   30.2655   42.5206   59.6825   71.0634   11.0454   33.0606   96.0469   55.9017   81.7068   55.6058   54.5894   74.1485   75.6637   60.9016   23   90.1388   51.4198   81.3019   92.4392   91.3017   31.0644   97.0155   48.5489   78.0577   80.7217   0   44.8329   34.0312   112.232   101.86   26   42.0185   95.5695   102.878   76.0203   105.033   94.6562   79.2617   55.054   69.0868   33.1245   43.2062   53.0161   89.0755   29.198   69.5821   103.023   62.9293   69   43.0799   50.4093   48.8617   110.574   53.3412   43.6142   61.1045   101.196   31.4018   70.9637   69.868   65.2037   47.095   71.04   70.0938   71.6112   
35.3836   27.4591   28.6356   62.2254   57.8705   16.5529   51.2445   45.607   50.5964   23.4094   23.2594   70.1783   51.6236   72.1803   63.9531   25.9615   59.3633   78.924   72.3395   23.3452   71.1688   27.8927   77.201   74.4648   62.2415   18.7883   71.1758   48.4665   57.28   81.8413   29.8329   0   35.4018   95.1938   77.7948   51.0294   36.0623   71.2843   77.4126   75.4236   102.027   78.2446   56.6554   75   51.1796   41.0711   26.4031   65.727   84.8507   39.099   42.2843   82.3327   43   51.9258   24   55   28   82.3911   53.171   42.7231   78.2719   79.8775   34   57.2511   46.8927   65.5461   46.4138   93.3282   38.4165   71.5287   
34.4819   16.0312   33.0606   59.1692   64.1249   14.0357   38.8973   45.2217   55.0364   16.1555   18.3848   79.3095   45.3431   69.4622   52.2015   38.2753   59.7746   69.6419   59.6657   24.0832   74.6726   34.7131   71.5052   77.2787   74.9466   15.2971   80.2808   39.8246   62.0322   73.6003   16.7631   15.6525   0   96.2253   86.7283   36.0258   36.0454   78.8627   86.9547   67.3433   96.3084   78.3795   65.6901   58.2719   54.4111   25   33.1108   50.2381   79.7822   23.2195   52.4005   88.3704   47.2512   59.0245   27.4018   41.7308   30.1655   92.032   48.6125   42   63.927   86.698   22.3852   51.6962   53.7131   62.4441   34.1245   82.7539   54.069   62.8869   
47.8539   97.6729   51.4782   31.0161   28.0179   68.4105   70.342   37.3363   30.2324   98.2344   64.1327   38.1182   47.2969   25.6125   68.8767   62.482   23.0217   58.7282   76.6616   102.883   10.8167   52.8394   39.6232   6.40312   60.1664   66.9403   38.0526   56.2939   24.7588   53.8145   97.0155   80.1124   82.2253   0   40.3768   112.083   86.9493   47.1773   45.8461   70.8313   67.7075   35.0263   89.5185   112.815   62.8803   94.895   101.407   102.053   56.4081   104.873   68.535   36.6329   87.0282   100.636   93.1857   84.2301   86.7712   75.3043   81.577   114.735   116.108   33.8045   100.694   63.4031   65.3011   76.663   94.0577   116.417   76.1083   67.663   
39.5601   86.1452   37.054   38.9487   6   56.2228   71.0282   32.45   16.1555   85.0235   54.1295   16.5529   49.5177   40.2616   74.2496   41.6293   25.5539   71.1196   83.5464   87.1321   14.5602   36.1248   54.7083   18.9737   35.5106   55.4437   17   57.0088   10   68.1542   86.4696   63.7887   70.1142   25.0799   0   102.924   74.4634   25.7082   19   75.4518   77.2282   42.0554   64.9902   110.408   50.4401   86.859   83.57   98.522   67.5995   90.859   49.6142   27.8838   73.2259   85.5138   79.6126   79.3437   74.0385   51.1248   73.2832   98.2947   118.119   25.0554   89.264   58.3573   49.0185   78.4518   85.6223   118.638   61.6842   69.4518   
49.2544   14   51.8652   68.6586   82.2253   33.1059   35.609   59.0085   72.1803   21.0238   33.9559   99.0202   52.2015   78.5875   48.0833   60   73.0616   68.884   52.4309   33   90.1388   54.626   76.4853   92.0054   96.5194   33.2415   99.96   44.0114   79.0759   74.4043   10   37.0135   21.9317   96.0833   88.0738   0   47.4814   98.7756   103.774   68.5894   100.495   91.6931   86.5179   42.074   69.4678   36.8062   53.2062   37.9545   83.4622   30.8062   72.7883   101.684   68.1542   78.5589   48.3082   47.4814   49.4936   113.964   48.588   53.6142   56.1548   100.181   32.0294   65.0098   72.045   62.3474   34.0278   64.05   72.2709   67.0736   
22.3607   27.4591   23.4094   46.6476   53.9351   5.83095   31.0161   32.9848   44.1814   28.6356   6.08276   70.5762   33.2415   56.9386   43.566   34.2053   47.5395   59.0339   52.0865   36.1248   63.1269   26.4197   59.397   65.4905   69.527   5   71.5122   28.6531   51.1566   62.434   27.0185   20.3961   12.53   70.214   59.8415   28.4605   0   70.425   75.9006   57.7154   84.8853   66.9815   62.9512   58.2906   42.1091   36.0454   43.3045   46.249   67.6806   35.7495   44.582   76.837   44.0832   61.7728   33.0388   42.2036   24.4365   86.7353   41.8661   54.53   64.4149   74.0086   34.9151   40.2982   43.8035   47.3847   29.4536   74.0091   35.9317   51.7154   
36.8917   80.7527   32.0156   42.0595   6   51.1957   70.0928   31.8904   15   79.1012   49.98   15.8114   50   45.1774   74.8131   33.8378   28.8617   74.0945   84.4038   80.399   22.3607   30.1496   59.0339   26.8328   29   50.6952   16.6433   56.5862   12.1655   71.8401   81.3941   57.1402   64.7765   33.121   8.48528   83.8153   55.3624   0   20.7082   76.3852   83.0833   48.9737   67.5206   107.817   51.7321   81.9192   80.9875   95.8537   71.4938   87.9961   48.3119   34.3848   63.6807   80.385   75.6721   77.0179   69.8013   49.1496   70.6148   92.3195   115.02   33.5407   84.2256   59.1321   49.0185   75.8769   81.4729   118.006   56.6458   70.3852   
40.7185   86.3713   37.3363   41.5933   6.7082   56.5685   72.8011   34.2053   17.4929   85.0059   54.8179   13.8924   51.6236   43.1741   76.4199   40.4969   28.178   73.7902   85.7963   86.7006   17.4642   36   57.5674   21.8403   32.5576   55.9017   14.4222   58.8982   12.0416   70.9366   86.8332   63.3877   70.3491   27.8568   3   88.7694   60.4152   6.7082   0   77.6392   78.5853   42.4605   67.9902   111.247   52.4403   87.6466   84.2782   99.4774   67.7122   91.5672   50.3224   29.87   65.2892   80.9112   79.1285   80.242   73.2151   51.1519   74.4416   97.7863   119.847   27.0416   89.5463   59.8403   49.7267   80.6392   86.3107   119.403   60.1022   71.6392   
31.0161   62.482   43.0116   21.9545   55.2178   43.8634   20.3961   29.1548   45.2769   66.468   37.1618   75   11.1803   28.6356   16.1245   62   33.9706   18.6815   24.7588   76.0592   52.2015   48.0416   22.1359   51.6236   86.1626   41.6293   75.6042   12.2066   49.2037   21.6333   60   60.4152   52.0096   52.8015   58.8982   54.5894   40.8167   60.208   61.2209   0   45.0167   55.9727   94.0255   63.8812   54.2738   63.2458   80.3254   52.6563   42.0312   67.0683   66.2039   66.434   78.854   98.0062   70.0598   41.6125   61.4574   102.238   47.4008   94.0096   66.0882   66.6236   72.3181   46.2116   59.6176   35.6787   56.6656   71.0189   67.6418   31.5655   
52.3546   92.2009   63.1585   26.9258   60.2993   70.4344   49.7695   44.5982   54.0833   95.7758   63.8905   77.3692   35.3836   21.095   40.6079   81.2712   38.0132   21.2132   44.0454   104.652   48.7032   67.4166   9.43398   45.6946   95.1893   68.2495   77.6209   41.4005   54.1479   14.3178   89.8721   86.6083   80.6226   43.0465   61.1882   84.5991   68.6222   66.2722   64.1327   30.0167   0   53.5544   113.739   88.3646   72.6155   89.9328   106.948   82.673   39.2047   94.8711   85.5789   69.2444   99.9911   117.652   96.6828   71.4928   88.0805   111.46   69.3173   120.995   94.1873   66.4159   98.7104   64.5532   79.6259   58.1322   84.6427   90.3698   87.7887   49.1322   
29.7321   79.3095   35.609   14.1421   24.1868   50.6952   51.8652   18.9737   18.9737   80.3243   45.8803   42.1545   28.7924   15.0333   51.8652   50.2195   4.47214   45.793   60.4401   85.8662   16.4012   38.1838   29.1204   16.1555   59.0762   49.0408   42.5441   37.6431   18.0278   42.5441   78.4474   63.8122   64.195   19.0263   25.632   77.1622   51.923   30.1496   28.4605   35.805   36.1248   0   81.8591   93.1601   49.6038   78.5238   84.9833   81.4685   46.5539   86.8803   53.6989   34.4012   72.8882   88.1069   77.4741   65.8674   68.8718   76.7568   62   98.8655   98.6102   40   82.4413   49.9737   54.6552   58.1775   77.3731   97.9126   60.2391   49.1775   
48.0104   61.8466   36.0139   70.6045   46.6905   42.9535   77.6209   53.1507   46.1411   56.8595   47.4342   48.8467   68.0294   78.1857   88.1192   17   61.327   97.1288   97.6729   52   63.7809   31.0644   88.5268   68.1175   32.0156   44.3847   49.7695   69.3542   50   97.7394   64.4438   34.6554   49.679   74.5185   50.9902   71.5052   48.7545   42.5206   49.0408   79   97.5295   64.846   0   106.985   58.5579   72.2685   56.264   95.0035   96.0252   72.8985   49.2267   76.9054   35.868   33.0333   58.6554   81.0984   59.6545   51.0571   75.1527   69.2719   111.769   74.7274   68.6554   67.1817   50.0644   88.6299   76.7695   118.574   43.53   88.4146   
56.8595   41.0488   64.3817   66.0984   90.5539   49.6488   26.4764   63.5059   79.7559   48.0104   46.7547   109.554   49.4773   74.3303   32.7567   78.0064   74.9466   53.7587   32.249   60.0333   93.6376   68.593   67.2681   94.255   112.45   48.6004   110.386   40.5216   85.8836   60.4401   37.054   59.808   44.2719   96.7729   95.7706   27.074   43.8292   93.7443   97.2471   46.0109   73.3485   78.1601   92.2822   0   78.6904   56.5007   77.3827   29.0416   78.6179   57.8802   86.7553   107.406   87.9124   103.296   71.6736   49.0644   68.2543   130.377   57.2022   80.6682   30.3852   105.02   59.1034   76.4358   85.4609   52.6563   54.5287   28   79.7609   62.5762   
5   52.2398   8.544   28.3019   29.7321   22.561   39.2046   10.6301   19.4165   52.3927   19.0263   48.0208   24.0832   37.6431   46.6154   27.2947   24.1868   53.0094   56.4624   57.2713   38.2099   13.1529   45.31   40.7922   53   21.2132   48.8774   27.313   26.3059   53.6004   52.0096   35.2278   36.4966   45.8803   35.4401   52.7731   25   32.249   36.4005   35.2278   54.626   28.6531   44.1814   61.6117   0   54.0139   58.4724   63.9619   55.933   57.0119   31.3152   50.8436   45.8233   63.3883   48.6497   45.1262   41.0442   71.6894   38.7231   71.8006   84.1289   48.0151   55.5873   25.0623   24.0554   45.9258   49.4401   85.0071   33.1741   44.4684   
33.1361   17.088   34.2053   55.9464   64.9384   15.2315   32.311   43.566   55.2268   19.8494   17   81.2712   41.0488   66.2118   45.6946   42.5206   58.0517   63.8201   52.8867   29.6816   74.0608   36.7696   67.0075   76.3217   78.8162   15.5242   82.2192   34.6554   62.2013   68.1175   16.1245   22.1359   7   80.895   70.859   17.8885   11.0454   66.2193   71.3863   46.6905   75.9276   62.3699   55.2178   37.6962   36.0139   0   40.1108   44.5328   73.9848   20   54.3516   86.8574   52.3607   66.0245   34.4018   38.6333   30   97.7806   39.7798   49   60.2195   84.029   26.0711   51.3436   54.3277   53.5391   25.2195   65.6962   46.9771   56.5206   
41.7732   26.1725   34.8855   68.593   63.561   22.4722   55.9017   52.0096   56.648   20.8087   29.1548   75.0067   57.6888   78.5684   68.884   30.1496   65.7343   84.5813   76.9415   18   77.2528   33.8378   83.4086   80.6226   65.4599   24.6982   76.0066   54.1295   63.2456   87.7097   29.2062   6.40312   18.1108   86.3308   69.4262   37.5899   25.632   62.514   68.884   66.1891   92.8009   70.1783   36.0555   62.0967   41.6173   25.0799   0   68.3488   90.7326   41.3303   48.6874   87.519   38.3961   44.807   25.2956   59.8416   34.4031   87.1126   54.4969   39.4164   82.0378   85.0637   40.4031   63.1704   52.0789   71.9492   50.2994   89.7329   42.2982   75.9016   
44.9444   34.7851   52.345   56.1427   78.7718   38.0789   17.2627   52   68   41.2311   34.8281   97.6371   39.2046   65.0077   27.4591   66.2873   64.0312   48.8774   30.6105   53.1507   82.5651   56.5862   59.6657   83.4326   100.449   36.8917   98.4784   30.1496   74.2496   55.0091   31.0161   49.4773   34.3657   86.3134   84.0773   21.9545   32.249   81.8352   85.4751   37.6563   66.7308   67.4685   80.9506   12.0416   49.6488   27.4591   52.469   0   67.6004   47.4591   74.7485   96.3421   76.3322   92.1484   61.7674   38.2354   54.8121   118.45   45.2389   74.6303   31.2047   93.5136   50   59.7214   73.5459   44.443   39.3132   37.8473   68.1807   53.2119   
35.3412   76.0066   46.4866   12.3693   48.7032   53.2635   36.3456   28.4429   40.6079   79.2023   46.7547   67.5426   18.4391   13.8924   30.8058   65   25.632   20.2485   37.5766   87.7268   41.2311   50.9608   7.81025   39.598   82.5651   51.0882   67.9779   25.4951   42.3792   17.4642   73.9256   69.4046   63.7809   39.4081   50.9902   69.4622   51.6236   54.4059   53.7122   16.0312   17.2047   25.5539   81.5843   62   37.9473   59.4054   75.6042   53.6004   0   79.3506   67.6004   55.8808   83.179   101.196   79.5214   57.6437   70.9191   101.828   58.0303   103.864   82.1194   59.2134   81.4003   49.9967   62.0027   43.9615   69.9542   80.3482   71.1167   36.4642   
39.1152   11.6619   40.025   61.4654   70.859   20.8806   34.9857   49.4975   61.2046   15.8114   23   86.977   46.1411   71.6938   48.3735   47.2017   63.9531   67.4759   54.7814   26.9258   80.0562   42.3792   71.8471   82.2982   83.7616   21.3776   87.9318   39.2046   68.1836   72.1388   10.198   24.6982   9.21954   86.8332   76.7919   12.8062   17.0294   72.0347   77.2787   50.9902   80.604   68.2495   58.8982   35.9026   42.0119   6   26.2488   27.0185   64.3506   0   59.2353   92.8555   55.465   67.2383   35.6155   44.6333   36   101.039   45.7798   51.2195   56.2173   90.0271   26.099   57.3276   60.1811   59.5391   31.2195   63.9026   50.2353   62.2668   
20.0998   52.1728   8.24621   43.0813   29.6142   23.7065   52.3259   25.2982   23.3238   50.1597   24.7588   42.9535   40.0125   51.4782   61.4003   11.4018   35.609   69.029   71.1688   51.6236   43.8292   3.16228   60.7289   47.5079   41.0122   23.8537   43.9318   42.2019   29.5466   69.5845   53.1601   28.2843   36.4005   53.535   35.5106   56.7979   28.8444   29   35.1283   51.0882   69.8928   39.6989   28.1603   71.4493   16.0312   38.9102   33.9559   59.4643   53.6004   44.3847   0   56.8121   40.6918   53.3976   46.0179   56.0154   42.3121   58.8634   49.6122   65.3322   90.6689   55.1471   58.7857   39.2795   22.1623   61.0256   56.2385   95.899   29   60.3977   
38.1182   87.2067   39.0512   30.4795   13.0384   57.3149   66.1891   28.8617   16.7631   86.977   54   26.6833   43.566   30.0832   67.624   48.0104   17.8045   62.1289   76.4853   90.5207   4.24264   39.5601   44.7772   8.60233   46.5296   56.1427   26.9258   51.8845   10.2956   58.5918   87.023   67.3573   71.3442   15   11.0454   87.367   60.0083   18.3848   14.0357   51.7397   50.6952   16.4012   59.5483   91.9239   35.0143   71   73.3894   80.6536   41.8808   77   39.8121   0   71.9386   86.1726   80.0342   75.7555   74.4601   62.1701   70.5155   100.918   111.858   25.8284   90.561   57.4472   49.4401   72.9512   84.4544   112.686   63.6814   63.9512   
33.8378   44.4185   22.8254   59.5399   45.6946   24.3516   59.8415   41.6773   40.8044   40.3113   29.4279   55.0818   53.3667   68.5055   71.1126   10.0499   53.1507   82.3772   80.399   38.2099   61.0574   19.2094   76.5572   64.8999   45.31   25.9615   56.0803   53.0848   46.6476   83.9345   46.6154   17   31.1127   71.0282   51.264   53.0377   30.0832   43.6807   50.2892   63.7887   85.9069   57.3149   18.868   73.4302   31.305   36.4005   20.3961   62.1691   69.0797   40.3113   17.6918   56.9386   0   33.72   41   63.1651   42.9571   65.4665   65.6593   52.0624   93.3463   71.1942   51   52.2753   38.2094   74.7637   58.3463   100.016   36.5798   71.8705   
51.5461   51.8556   40.3113   76.922   58.6003   40.1123   76.1643   59.0339   55.9017   45.9674   46   63.2456   71.0634   85.5862   88.0057   23.4307   69.6348   100.02   97.0464   39.1152   75.1665   36.2353   94.1541   79.3095   47   42.0476   64.195   70.4557   60.8769   101.651   55   26.9258   42.5441   85.6329   63.5138   63.2851   45.3982   55.2268   61.9112   81.3941   103.47   73.6003   15.0333   86.7295   48.8467   49.0408   25.807   76.243   86.7295   51.4296   34.1321   70.9366   17.72   0   50.9258   79.2512   53.3363   65.01   75.0085   53.8869   105.198   84.1175   60.9258   69.9954   55.2353   92.4719   73.3396   114.09   49.3645   89.5906   
32.2025   25.0799   26.9258   58.7963   57.2189   12.2066   46.2709   42.72   49.2443   22.2036   18.868   70.7107   47.4342   68.884   59.0339   27.7308   56.8243   74.3236   67.3647   24.6982   69.6419   27.074   73.2462   72.7324   64.4127   14.4222   71.7008   43.8634   56.0892   77.4145   26.9258   5   11.4018   78.1857   63.1981   33.2415   15.5242   57.0088   63.0317   55.9017   82.6196   61.2944   38.2884   55.1543   32.6497   17.4642   10.2956   44.643   65.437   20.6155   28.0179   65.9697   19.8494   31.6228   0   49.6023   22.6023   85.3159   54.3645   43.6716   73.0339   79.0588   33.7869   52.9047   46.074   62.9089   41.4951   81.3573   40.0263   66.9257   
25.807   36.8782   34.2053   39.3192   59.5399   24.0832   12   32.8938   48.7647   41.1096   18.6815   78.492   22.561   49.0306   24.7386   50.1597   45.5412   42.2019   33.0606   51.3128   63.7887   38.833   47.0106   64.9384   82.4621   22.2036   79.3221   14.3178   55.0364   46.6905   34.4093   39.3192   27.7308   68.2642   64.846   29.7321   19.0263   62.6817   66.242   25.6125   55.4707   49.2544   66.0984   31.0644   30.6105   21.6333   44.1475   19.2354   39.8121   25.4558   41.8808   61.6847   48.0521   64.195   34.3657   0   42.0346   100.171   32.4031   69.7308   50.44   74.4074   47.1061   48.2791   52.5366   31.8661   31.4536   57.0827   53.6962   37.3801   
24.1868   28.1603   21   50.448   52.0384   3.60555   39   34.8855   43.1856   27.2947   10.2956   67.1863   38.833   60.6053   51.3517   27.5862   49.2443   65.9242   60.0333   32.249   63.1506   22.561   64.6607   65.9697   63.8201   5.83095   68.1542   35.4683   50.1597   68.884   28.8617   13   12.1655   71.1688   58.0345   32.7567   8.06226   52.6118   58.2151   47.4236   74.027   53.7122   41.1825   51.1077   25.2982   15   18.868   39.8121   56.8507   20.1246   24.3516   59.6825   22.3607   37.3363   8.60233   27   0   83.215   40.3607   48.1127   69.5913   73.3134   34.5507   44.3037   41.02   55.447   34.5913   77.6594   38.1245   58.5306   
60.4649   92.5743   50.9902   71.8053   36.1248   67.0075   94.6256   59.0931   43.6807   88.7694   68.6222   23.2594   77.3886   75.326   101.597   39.8246   58.8558   103.446   111.414   85.8662   50.4876   46.669   89.1067   54.7449   3.16228   67.4759   23.7065   82.4924   42.2966   101.637   94.414   65.3911   78.032   60.4152   36.1248   99.5691   72.4707   30.1496   33.1361   88.2383   96.421   60.2993   35.0571   115.261   55.4707   81.8413   68.6222   103.247   84.1724   86.8217   43.8634   47.1699   48.4665   50.01   67.5352   85.1469   66.8506   0   93.119   99.6672   134.452   60.1777   97.4243   80.533   65.669   101.391   99.8607   139.762   64.8035   97.7738   
19.7231   37.2156   27.8029   36.4005   53.6656   19.105   17.4642   27.6586   42.9535   40.4599   13.0384   72.4017   20.5913   46.4866   29.0689   44.0114   41.0488   44.2945   38.0526   49.679   58.8558   32.45   46.4004   60.2993   76.0592   17.0294   73.2462   14.2127   49.3964   48.0104   35.3412   35.171   25.6125   64.0078   59.0931   32.3883   14.8661   56.6039   60.3738   26.4008   55.3173   45   60.1664   37.2022   24.4131   20.6155   40.4969   25.2389   38.833   25.5539   35.5106   56.5155   42.4264   59.0085   30.3645   6.40312   22.3607   78.7464   0   67.6125   56.4435   69.1723   46.6866   38.9249   48.3246   37.6848   37.8567   63.0862   49.6228   37.2749   
54.8179   25.7099   48.3011   81.4678   76.6551   34.6554   64.846   65.215   70.0071   18.6815   41.1096   87.1436   69.6563   91.5478   78.1857   42.107   79.0759   95.3834   85.44   8.48528   90.6201   47.1699   95.6713   94.0213   75.505   36.7967   88.1419   65.192   76.5506   99.0202   29.6142   19.7231   26   99.7447   82.4621   39.4588   36.6197   75.3127   81.7863   77.3886   104.995   83.5284   44.2719   66.1211   54.9181   32.573   13.4164   58.2151   87.8635   31.257   47.1275   86.7295   32.0624   30.8869   22.6716   53.7122   31.1127   78.6448   51.1077   0   82.8144   98.4801   47.4878   75.3536   65.4953   84.0044   57.7925   94.1211   55.6264   87.4224   
62.1289   43.1045   69.4262   71.3863   95.8801   54.2033   31.7805   68.8767   85.0882   50.1597   51.6236   114.826   54.8179   79.511   37.3363   82.6196   80.3243   57.9741   35.8469   62.0725   99.0202   73.5527   72.111   99.6243   117.38   53.2635   115.663   45.8803   91.2414   64.7611   39.1152   63.561   47.927   102.108   101.119   29.1548   48.4149   99.0202   102.577   51.0882   77.9295   83.5225   96.566   5.38516   66.8506   41.5933   65.4599   17.2047   67.0298   39.2173   76.3675   97.3088   77.6981   90.471   59.0339   36.3593   55.4707   120.216   42.4382   68.593   0   110.39   61.1841   76.926   87.1095   58.0415   51   27.083   84.3466   67.8802   
36.3456   85.0941   36.6742   30.8058   10.2956   55.1453   65.3682   27.5136   14.3178   84.7172   52.0384   25.2982   43.0116   31.3209   67.3573   45.2217   17.6918   62.7694   76.3806   88.0568   7.07107   37   45.8803   11.4018   44.2832   54.037   25.632   51.1077   7.61577   59.5063   85   64.846   69.1809   17.8045   9.05539   85.5862   58.0086   15.8114   12.0416   51.6236   52.1728   17   56.7274   90.8735   33.0151   69.029   70.8378   79.4796   42.5441   75.0267   37.1618   2.82843   54.2033   68.1175   63.561   60.407   57.4282   45.0444   55.0818   84.1546   96.2549   0   88.5995   56.1623   49.9994   70.634   81.897   111.794   61.3044   61.634   
38.833   11.0454   38.2099   62.6099   69.2604   19.0263   38.9102   49.4773   60   12.8062   22.561   84.6463   48.0104   72.8972   52.3259   43.566   64.0312   70.8025   59.1354   22.8254   79.404   40.025   74.027   81.8841   80.2621   20.025   85.6154   41.7253   67   75.1665   11.4018   20   5.38516   86.6833   75.2396   17.0294   16.4924   70.0357   75.5381   53.7587   82.9759   68.4105   54.4885   41   41.1947   7.07107   21.1896   32   66.4003   5.09902   41.7612   76.1643   36.1248   46.5296   16.2788   28.6007   17.4642   83.3547   27.6586   26.4764   44.2719   74.0608   0   56.7906   58.4842   60.4668   32.2906   69   48.2415   63.5917   
4.47214   52.6308   16.1245   22.6274   34.1321   24.6982   32.5269   8   23.3238   53.8516   19.3132   53.4135   16.0312   32.6497   38.9102   35.1283   22.3607   45.0444   48.7545   60.208   39.2046   21.0238   38.4708   41   60.4152   22.8254   54.2033   19.7231   29.5466   45.8912   51.788   39.598   37.6962   45.2769   39.3573   51.0098   25.2982   37.6431   40.8167   27.1662   47.8853   26.6833   52.0865   56.4358   8.06226   35.6931   45.9674   44.7214   30.8707   41.5933   24   36.6742   38.2753   55.9732   36.2353   25.4951   28.0179   62.7694   19.9249   58.8982   61.7738   35.171   41.7612   0   32.1176   42.1868   50.8061   82.5687   40.7547   36.4164   
13.6015   53.1507   4.12311   35.8469   27.0185   23.3452   47.1699   18.0278   18.6815   52.0865   22.3607   43.0813   33.1361   44.4185   55.3624   18.6815   29   62   65.192   55.0818   39.2173   5   53.4509   42.5441   45   22.8035   44.0114   36.0555   25.4951   62.3939   53.6004   31.9531   37.1214   48.3011   33.0151   55.9732   27.5136   27.8927   33.2415   44.2832   62.6259   33.2415   35.3553   68.0147   9.05539   38.3275   38.0789   55.9732   46.3249   44.1475   7.28011   35.4401   24.2074   41.1825   30.5941   37.5366   25.02   47.634   31.1448   51.4782   73.1095   32.9848   42.2966   17.1172   0   54.5273   53.8535   93.5009   28.7533   53.5212   
26.9258   51.7397   38.3275   28.4429   56.5862   35.171   11.1803   29   45.9674   55.9017   28.6356   76.3675   12.083   37   14.8661   56.7186   38.0132   27.7849   24.6982   65.8027   56.7979   43.4166   32.6956   57.0088   84.5991   32.9848   77.0779   4.47214   51.0882   31.8904   49.2037   51.5461   41.8808   59.203   61.0737   43.8292   31.3847   60.8769   63.0317   10.8167   40.8167   40.8534   73.5527   37.6563   31.7805   36.2353   57.0088   28.0179   25.9615   40.3113   46.5725   55.5698   57.0088   74.2428   46.8188   14.8661   38.6005   86.954   16.5529   67.6018   42.9535   54.9181   43.2782   24.1868   40.4969   0   46.3197   61.8031   62.9577   27.5344   
31.5753   23.4307   35.8469   50.9608   65.146   19.2094   23.2594   41.0488   54.8179   27.8029   17.4929   82.7647   34.9285   61.0328   36.6742   47.634   55.0364   55.4437   43.6807   38.4708   72.2496   39.4081   60.208   74.027   82.8794   18.3848   83.672   27.4591   61.6117   60.1082   21.095   30.4138   16.1245   78.0577   70.8802   18.0278   13.4536   67.2309   71.7844   39.0512   68.8186   59.1354   61.7738   30.5287   35.4401   9.21954   34   19.3132   52.8394   12.0416   42.0119   69.5845   42.9418   57.0088   25.4951   13.4536   20.5913   85.7963   14.5602   41.7612   35   67.897   15.6525   33.0606   39.8246   28.3196   0   57.1605   49.3853   50.5106   
65.0692   54.037   73.8783   69.6419   97.8008   60.8276   31.6228   70.214   87.0057   61.0082   57.1402   117.29   54.1202   76.6551   32.5576   88.8369   80.0625   51.1566   28.1603   73.0274   98.8383   78.4092   67.3647   98.8989   122.147   59.5399   118.068   45.793   92.6553   58.1378   50.04   72.1249   56.7539   100.658   102.65   40.05   55.0091   101.533   104.403   48.0833   72.0069   82.7647   103.755   13   70.0071   50   74.7329   22.8473   63.3482   48.6621   81.4002   97.6166   85   98.9798   67.3573   39.6989   62.6498   124.844   46.0977   79.1012   12.083   96.8969   53.7587   63.8905   77.2334   42.0595   42.1545   0   90.9408   67.1597   
21.1896   43.4166   10.6301   47.1699   38.4708   16.2788   49.0408   29.4109   31.3847   41.1947   19.2354   51.788   40.7922   56.4004   59.5399   12.53   41.7732   69.8713   69.0507   42.7551   52   8.544   63.9766   55.4617   47.8017   17.0294   52.7731   41.0122   37.9473   71.3092   44.5982   19.4165   27.8568   61.2944   44.4072   48.8774   21.9317   38   44.1022   51.3517   73.3485   46.0977   28.6356   65.6049   18.868   31.0644   25.2982   53.8238   56.4624   36.2353   9   48.1041   12.6491   30.3645   19.0263   37.6962   16.1245   50.8035   31.6228   38.6264   70.2922   45.5412   33.2415   25.632   13.0384   45.0999   35.3836   76.3217   0   61.1773   
25.02   58.8218   37.0135   19.6469   50.448   38.4708   20.0998   23.7065   40.2244   62.3699   31.7648   70.2922   5.38516   28   19.799   56   30.2324   24.5153   29.2062   71.5052   48.8774   42.0476   24.6982   48.7545   80.6226   36.2353   70.9366   8.06226   44.5982   26.8328   56.6039   55.0091   47.4236   50.5964   54.4518   52   35.805   55.2178   56.6392   6   33.4215   32.6497   73   46.5296   29.2746   42.5206   60.9016   37.0135   17.4642   47.2017   45.0999   48.0104   57.8705   75.505   50.6063   22.3607   42.0595   82.7647   21.9317   72.4224   51.788   47.634   49.5782   21.2132   38.3275   9   35.5106   50.1597   45.3982   0   
