15
50
999999 14 10 6 14 8 6 13 10 8 8 9 9 15 15 9 5 14 11 17 7 9 6 7 11 13 14 12 6 14 15 6 15 6 5 10 14 9 13 11 8 9 15 15 12 11 9 5 7 14 
0 3 1 2 6 3 4 10 8 6 4 5 1 7 13 7 4 6 9 8 4 6 5 5 2 4 2 6 3 4 11 4 13 3 4 8 10 3 10 8 4 7 14 12 4 6 3 3 3 13 
20
0   0   0   0   0   0   0   0   0   0   0   0   0   0   0   0   0   0   0   0   
2   -7   6   -11   5   -4   8   -5   2   -7   13   -7   11   -6   4   -6   6   8   5   -10   
-2   2   0   1   -4   -2   0   0   -1   4   -2   0   2   -5   -4   -3   -1   0   2   4   
0   -1   1   -2   3   1   1   0   1   0   0   0   -4   1   3   0   0   -2   0   -1   
3   -3   5   1   4   -6   7   -3   1   -9   2   0   -1   -1   -1   -4   5   -7   7   -5   
-1   6   -4   4   -6   5   -4   6   -5   6   -4   7   -5   4   -2   7   -5   6   -5   4   
1   6   -2   2   0   5   -2   1   -1   1   -1   3   0   2   0   4   0   1   -6   0   
7   -8   9   -9   8   -9   10   -3   10   -10   9   -12   7   -6   8   -9   4   -10   12   -8   
-2   0   0   -2   0   -1   -2   0   1   2   0   -2   2   -5   5   -3   3   -5   4   3   
6   -7   4   -3   7   -2   5   -3   4   0   5   -3   6   0   4   -4   6   -3   3   -2   
1   -2   2   -2   0   1   1   -2   -1   0   -3   0   0   -1   -1   0   -6   0   1   0   
-3   0   -4   1   -4   9   -6   0   -3   2   -5   0   -9   0   -7   -3   -5   1   -1   5   
2   0   4   -1   0   -3   2   0   0   -4   1   0   0   -3   1   0   3   0   4   2   
-15   7   -9   11   -5   13   -6   8   -3   10   -8   10   -4   13   -10   15   -9   4   -12   9   
-9   14   -5   13   -9   7   -8   10   -9   12   -9   14   -9   15   -14   8   -12   3   -11   12   
-1   5   -5   0   -4   6   -1   2   -1   -1   -1   9   -8   3   -5   1   -7   1   -4   5   
3   -3   1   -1   2   0   1   -2   2   -3   0   -2   1   -3   3   0   3   -2   3   -3   
-6   5   -6   9   -7   4   -5   9   -1   9   -8   9   -6   4   -7   3   -14   6   -12   7   
-3   0   0   0   -3   2   -4   3   -2   -1   -2   0   -3   7   0   0   4   5   -2   8   
-1   -5   -2   -3   6   6   3   4   -6   3   4   0   -8   3   -7   5   -5   -1   0   -4   
-1   2   0   -1   0   4   -2   0   0   1   -1   1   -1   0   1   1   -3   0   -3   3   
-2   0   1   -3   2   -2   0   1   2   3   1   2   0   2   -2   -1   -1   -2   7   2   
3   -3   2   -2   1   -1   2   1   1   2   2   -2   0   0   -1   -1   0   0   0   -2   
-5   2   -7   3   0   2   -1   5   -5   5   -4   5   -3   2   -4   6   -5   4   -6   5   
-5   2   -6   4   -3   0   1   4   2   1   -1   0   -3   2   -2   2   -2   1   -1   4   
8   -6   4   -9   5   -10   4   0   9   -10   11   -10   3   -3   11   -8   11   -10   3   -9   
-12   2   -5   1   4   0   5   0   -1   3   -2   0   -9   5   7   -2   -2   0   -2   1   
-4   3   -7   10   0   1   -7   1   -8   9   1   4   -12   0   -6   1   -7   9   -6   3   
-2   -1   0   0   -1   0   2   0   0   3   0   -2   0   1   0   3   0   -2   -1   1   
-3   5   -4   12   -6   0   -4   7   -11   1   -7   6   -7   5   -1   0   3   7   -8   2   
-4   0   -6   11   8   2   -5   4   -2   -1   4   -9   8   0   5   -4   4   6   4   3   
0   -2   1   -5   2   -4   4   -3   2   -1   5   -3   5   -5   2   0   6   -5   2   -2   
-3   5   -9   7   -4   1   -6   2   -6   1   0   13   -15   8   -5   0   -6   0   -9   3   
-2   4   -4   3   -2   2   -2   6   -4   4   -5   3   -3   2   -4   6   -2   3   -4   5   
-2   3   -3   4   -2   1   -2   4   -2   4   -5   3   -2   3   -2   4   -2   1   -4   3   
2   -4   4   -4   6   0   0   -2   2   -5   -2   -1   2   -7   3   -7   4   0   1   -2   
-14   11   -1   2   -9   -2   -5   6   -9   7   -8   13   -6   11   -10   2   -6   8   -11   1   
-7   8   -5   7   -3   4   -8   8   0   3   -5   9   -4   2   -6   3   -3   9   -9   1   
0   6   -1   0   -1   -2   -1   0   -12   -1   -6   10   0   -4   -3   5   -3   0   -1   -2   
-11   6   -5   4   -9   6   -2   6   -5   8   -6   4   -2   0   -9   6   -6   3   -5   5   
-5   7   -6   5   -1   5   -3   7   -2   3   -4   8   -4   4   -5   5   -8   4   -3   4   
-3   -1   4   0   2   3   5   0   -1   -1   -4   -1   -2   -3   0   -2   -2   -3   -3   0   
-5   13   -2   6   -4   10   -12   2   -7   3   -3   0   -7   12   -6   11   -7   12   -3   7   
4   1   1   5   3   6   -5   10   -3   1   0   2   3   -7   3   -2   0   8   -6   2   
2   7   -1   5   -8   3   -5   0   -2   -3   -7   5   -1   9   4   6   -5   -8   0   3   
-2   0   1   4   -4   4   0   0   -1   1   -1   4   -5   2   -3   3   0   -1   -1   -2   
-3   6   -4   5   -4   2   -1   4   -8   4   -4   3   -3   3   -7   0   -1   3   -1   2   
-3   1   -2   2   -1   1   -2   2   -1   1   -2   1   -2   2   -2   3   -3   0   -3   1   
2   -3   5   -1   1   -3   1   -4   1   -2   2   0   3   0   0   -1   0   -2   0   -4   
-1   8   -9   14   -11   8   -6   7   -6   8   -5   10   -14   8   -9   13   -4   9   -9   7   
0   30   62.0689   58.5707   50.3848   76.5982   64.5576   74.9361   57.6474   54.4709   44.1548   31   43.0866   49.8045   33   47.3775   69.5366   51.4722   57.9318   47.8707   61.3956   77.6099   39.4722   46.0832   33.2354   32   75.6086   39.025   86.0119   66.638   40.9508   75.9977   66.9032   32.8885   44.7326   35.7883   46.9666   61.0119   75.2527   76.2268   77.0803   60.171   69.1699   67.9674   54.7805   31.0623   41.2643   63.0125   48.7588   62.5441   
12   0   51.6956   62.6598   56.4442   66.2015   60.373   79.0538   67.9711   44.0799   54.4683   41.2094   51.9857   56.6614   28   43.7518   63.0278   50.3776   55.0494   59.8707   57.7536   86.09   38.3776   37.088   30.434   39.6637   85.416   51.025   88.7835   74.835   52.9508   68.5325   74.3043   44.8885   37.3576   29.434   58.9666   73.0119   83.5726   80.8051   87.6408   50.7697   77.4926   55.5876   48.4009   31.6015   47.2488   75.0125   37.0278   55.0789   
43.9659   32.6956   0   60.2782   55.3113   51.9473   55.3877   99.2201   91.1579   28.6158   83.2526   67.0006   74.208   71.3893   45.0689   43.015   49.305   74.793   59.4344   91.8366   67.8699   101.956   65.0833   39.1868   51.3017   58.3588   103.402   77.561   121.479   102   81.0077   77.6193   107   75.5021   54.1742   56.4388   85.5085   104.031   108.338   96.0895   119.689   39.4094   102.331   67.2926   47.0689   59.5664   78.8727   99.1865   40.3311   71.231   
41.9762   41.1096   43.2782   0   29.2462   43.08   31.0384   61.2897   67.1861   61.0168   85.9559   71.9776   58.4683   44.8254   59.6952   73.5027   45   89.0068   89.9413   84.7609   92.6455   60.5412   78.7887   43.5707   66.6488   51.5707   70.0937   71.8032   116.452   97.7513   67.7301   104.529   91.1932   62.4005   72.2495   65.6488   63.607   98.0476   83.3246   61.4708   105.272   73.1607   80.1808   91.4919   74.5851   48.9559   77.7122   85.5368   42.632   96.1885   
33.7343   33.3766   40.3113   8.24621   0   46.5945   34.5529   64.0116   54.6079   57.8013   77.889   63.5077   44.1548   42.2483   54.2053   70.2872   48.4722   83.7542   81.2309   77.4294   89.3223   68.7874   71.7542   40.4165   61.2019   45.3848   66.2969   64.8194   110.536   89.2042   55.6197   100.241   80.6108   54.9706   69.1462   60.2019   64.4462   89.796   79.5337   63.6264   102.435   69.9452   73.4509   88.9642   71.3696   50.7099   61.618   74.0086   39.4165   87.3863   
57.4543   52.2015   37.9473   22.4722   28.0179   0   30.329   80.1329   82.6257   53.3192   100.873   84.8911   72.1726   64.1885   65.2933   76.3327   24.2462   99.1662   93.1628   100.9   100.147   82.105   87.4698   49.176   74.1952   63.5982   85.4742   89.4687   136.906   115.533   83.6375   111.348   108.629   79.6198   81.3121   73.196   86.0792   114.779   99.7963   75.0339   127.744   73.1378   101.469   98.2318   78.0081   67.4114   88.0006   102.026   48.176   107.28   
45.6508   41.2311   33.6006   13.0384   16.5529   12.0416   0   72.3205   71.1608   56.6956   89.8056   75.1779   60.7077   56.4819   55.4556   68.788   27.0828   88.3303   86.7652   88.1163   91.8001   73.5796   77.6586   39.3311   66.2544   50.5576   80.131   73.6941   126.471   105.757   71   103.824   96.9327   71.5235   76.204   67.2597   71.9464   105.367   93.9755   74.5092   115.29   67.448   87.8928   89.6817   75.4603   61.9943   78.1709   88.3303   48.3452   96.3099   
57.2014   65.0538   82.8553   43.2897   43.0116   64.0703   56.3205   0   41.4766   94.0247   92.5544   88.2014   51.1151   44.8579   85.1682   100.452   77.4139   107.561   115.133   79.2302   116.02   20.8284   96.6736   76.4018   90.4368   62.549   26.3852   65.0408   106.476   93.9968   53.7351   131.081   73.8706   61.2086   100.529   91.7998   54.1578   97.404   55.904   20.099   95.2955   103.459   50.6757   119.942   101.313   70.6624   79.9396   74.3814   82.4281   119.745   
42.0119   51.9711   76.1183   44.5982   40.6079   67.0671   56.7539   20.025   0   85.857   73.3847   66.7767   33   42.3607   71.7437   88.9256   76.8172   85.8471   99.9437   60.337   98.9003   37.2036   76.4019   67.9711   75.2473   52.4819   33.9737   47.9666   88.1891   74.7653   37.2047   110.46   54.9285   38.7588   86.7445   77.8002   34.3178   82.4138   32.7883   40.124   77.0088   97.5922   34.2127   107.559   93.2462   60.4708   57.4462   49.8927   74.788   104.556   
36.4005   25.0799   7.61577   40.4599   36.2353   39.3192   32.6956   77.8267   69.857   0   76.2904   60.0116   69.5297   69.1653   46.4709   35.3776   51.7805   67.9306   55.0513   83.8638   63.4868   98.6552   60.458   38.3848   46.1725   53.5106   97.4371   70.9061   112.815   91.4145   72.3898   73.2362   98.0588   65.0392   46.5296   50.4558   76.5017   97.1505   100.03   93.1432   107.706   35.0263   93.9499   65.1045   45.7697   48.0588   72.3287   96.8024   37.3848   65.0408   
29.1548   35.4683   66.4003   70.8802   62.6418   86.3539   74.686   76.5376   57.3847   59.0339   0   39.2788   61.5534   73.9164   57.342   62.4288   96.6972   44.9249   65.7381   49.0227   55.108   93.2199   40.9249   71.6972   48.2866   61.1548   90.3229   44.5136   57.1555   41   59.4176   64.618   60.6773   51.3553   59.8378   55.8378   57.0813   32.1555   77.4196   92.1577   51.054   67.4665   74.3878   66.4166   63.3792   59   46.105   55.9487   70.6972   58.5261   
15   19.2094   50.4777   56.7186   48.5077   70.6824   59.2368   69.8355   52.6308   43.0116   16.2788   0   55.2159   64.8045   37.9317   46.257   82.2371   37   51.2488   50.5762   46.6497   88.7436   25   55.8469   43.0278   47   86.2454   41.4131   72.6228   55.1141   50.4683   59.8634   68.8236   45.0179   42.0238   45.3848   60.0037   47.6228   74.9083   84.4471   67.3328   56.5254   74.5894   54.7151   55.0689   44.0217   34.7648   62.3792   56.2371   50.4138   
25.4558   34.9857   60.208   35.4683   29.1548   57.1402   45.6508   32.249   17   53.6004   45.5412   37.5899   0   39.8924   54.4708   72.8334   65.4296   74.5899   83.3876   48.573   84.2395   53.0775   62.5899   54.1108   58.6912   36.1108   50.9737   37.105   82.242   65.7431   29.4187   97.4533   52.8819   29.198   70.1884   61.2441   25.2956   69.6236   49.7883   49.0161   72.7584   77.5918   48.0192   87.4213   73.3028   41.4709   53.4764   49.0689   59.0139   87.424   
31.9531   37.8021   55.6597   22.8254   18.2483   45.1885   34.4819   28.0179   22.3607   50.1597   57   46.3249   13.8924   0   56.3609   78.5195   58.5216   83.3249   87.7275   62.4654   90.4318   48.8463   71.3249   56.2025   65.1885   44.8045   46.305   50.9974   96.1344   79.6356   43.3112   101.235   66.7743   41.561   70.0357   64.2017   39.1881   83.5161   55.149   48.1169   86.6419   75.5483   56.5734   93.3897   80.0599   45.0599   56.0526   62.9613   55.7805   92.881   
16   4   29.0689   41.5933   34.2053   50.9608   40.4475   67.9412   55.4707   21.4709   38.1838   21.9317   38.4708   40.3609   0   37.1975   58.0503   47.9559   48.6679   61.8946   51.2156   88.7696   38.0554   31.1245   23.0554   43.6637   86.6658   52.0139   92.7835   73.6694   56.0471   66.0408   78.3043   47.9848   37.0065   28.0623   58.9222   69.5545   87.4446   84.8051   86.8999   37.1246   81.3618   54.6085   34.3848   35.6015   46.0832   79.0089   41.0278   53.3363   
32.8938   21.9545   26.4008   56.4624   50.1199   60.0083   51.788   86.4523   73.9256   21.3776   44.9444   31.257   56.9386   58.6941   18.6011   0   69.9643   54.9892   38.1108   77.9135   48.0661   107.281   48.1087   49.2872   33.1421   61.1096   103.022   66.9711   101.371   79.9697   72.7574   53.0139   96.1609   64.6952   34.1803   33.3178   77.5232   77.0999   105.527   100.451   95.9984   19.6056   99.4471   47.0522   26.8284   53.556   62.1022   93.6362   55.8707   51.8568   
49.6488   44.0114   31.305   19   22.4722   8.24621   6.08276   62.2013   62.8172   31.7805   78.3901   62.6099   51.4296   40.5216   42.72   52.0865   0   90.6759   86.8318   92.2031   93.9357   79.5412   80.7754   44   65.7754   54.5366   86.2138   77.7809   128.505   109.351   77.0828   103.25   103.015   77.4428   74.4282   68.02   75.7171   106.608   95.6055   80.4708   117.325   66.8068   90.8947   89.108   72.0093   62.2354   82.8246   94.4131   43   95.3135   
33.9559   33.2415   57.2014   74.0068   66.0076   84.8999   74.3303   89.4707   71.8471   50.774   19.9249   19.6977   57.2451   65.8027   33.9559   31.8277   76.6551   0   45.8928   60.1825   35.2627   107.94   35   64.01   42.5707   64.6555   105.043   61.1108   77.0804   60.9249   70.166   42.0768   80.6022   64.5079   40.4009   41.5707   71.8014   52.0804   94.606   104.145   70.9789   50.3836   93.1388   51   55   56.5933   54.4625   75.8735   67.9902   40.6015   
43.9318   35.805   42.9535   74   67.2309   78.0577   69.8713   100.568   85.9127   39.0512   44.0454   35.8469   69.3542   73.6003   33.6155   18.1108   70.1783   25.318   0   80.3782   31.7389   118.392   44.2488   61.5085   42.6125   71.5046   119.222   73.9416   98.1354   82.355   84.8826   36.2483   98.6256   76.8203   38.6918   43.4924   89.8056   73.1354   109.788   113.943   95.0994   36.8955   104.391   24.1231   30.4924   67.4065   64.5668   94.1857   72.8328   38.4222   
30.8707   42.0595   74.6726   65.4599   57.8014   84.8999   72.8629   59.3043   39.3192   67.0671   22.0227   28.0713   32.573   46.2385   45.8803   59.0339   77.7946   41.1825   63.0635   0   74.721   76.5228   53.0713   71.016   61.2769   59.1061   73.2929   39.4222   57.267   35.8661   44.4951   83.2593   36.2485   45.1868   66.7399   60.2769   49.0192   35.0998   52.4415   74.0083   47.6125   78.6394   49.4097   82.7865   74   53.0717   31.8114   30.9706   73.9181   78.4852   
43.8292   38.2753   51.8652   78.6448   71.3092   85.1469   76.0592   101.02   84.8999   47.0744   37.108   32.6497   69.029   75.1798   37.108   25.7099   77.0584   17.2627   10.6301   57.7754   0   119.507   37.6716   68.2325   44.1603   75.1821   118.874   72.0088   91.0882   75.3077   83.118   26.083   94.0239   76.7178   43.3961   50.1204   89.0641   66.0882   107.558   116.02   88.162   45.3155   105.026   33.6158   41.1226   67.1199   65.2017   88.746   75.3031   24.1231   
60   67.8823   85.4927   45.5412   45.5412   66.0076   58.5491   2.82843   22.2036   80.5295   79.0569   72.5603   34.9857   30.8058   70.7672   89.2749   64.3817   92.1792   103.392   61.5224   103.812   0   97.5603   77.2656   92.3988   62.1664   29.2136   67.8692   103.425   90.0888   56.5636   129.895   71.7653   60.7214   100.842   93.1038   56.1386   96.6221   54.9919   22.9274   92.2834   106.287   53.5042   122.407   104.142   73.4908   79.6498   63.163   76.2656   122.41   
22.4722   21.3776   48.0833   62.0081   54.0093   73.3757   62.5859   79.0759   62.3699   41.1096   19.9249   10   46.8722   54.4243   22.4722   25.0799   65.146   12   26.2488   36.8782   22.6716   81.8352   0   53.5967   30   54.4722   96.2454   51.4131   77.0804   60.9249   60.4683   48.7546   73.1266   55.0179   36.9284   36.8114   66.937   52.0804   84.9083   94.4145   70.9789   44.6854   81.5228   50.3719   48.4722   51.8329   41.6982   67.8487   57.2938   43.6155   
24.0832   17.088   24.1868   26.5707   20.2485   35.1141   24.3311   60.0333   51.9711   18.0278   51.8652   35.8469   36.0555   32.2025   16.1245   29.9666   26.9258   50.01   47.4342   54.3783   52.469   62.7694   38.3275   0   39.1799   33   78.5074   61.6356   104.091   83.7083   55.1947   78.1327   88.7883   55.7883   48.1403   43.0208   61.3511   82.8559   82.0294   76.7584   100.189   49.5722   83   70.733   50.5093   38.7883   60.8246   80.4401   21   69.4608   
19.2354   10.2956   33.3017   50.636   43.1741   59.439   49.2544   75.0067   61.0328   26.1725   33.2866   18.0278   44.2041   48.0104   9.05539   14.1421   51.1957   25.632   25.6125   45.1774   28.1603   77.8332   15   25.02   0   47.2324   94.3154   56.9162   90.4421   72.1413   60.1862   54.2433   80.0703   52.1239   29.9443   21   66.1935   65.4421   92.2383   91.1008   84.3406   31   86.8413   43.3019   32.6491   41.8971   47.0167   76.148   44.0192   52.2834   
16   20   42.107   26.5707   18.3848   44.5982   32.5576   45.3431   34.4819   35.5106   44.3847   31   18.1108   17.8045   22.6274   41.1096   37.5366   49.6488   55.8032   40.3113   57.6975   48.1664   37.855   18   30.2324   0   64.1094   43.2488   89.6043   68.2033   44.3452   83.7805   65.8941   38.8885   57.3552   48.4109   43.4064   72.4707   67.2702   65.4422   87.9238   59.752   64.0114   73.5344   57.0122   28.0623   48.2947   67.1797   34.0278   75.0088   
58.7963   67.3573   86.7295   48.0937   47.2969   69.1809   61.131   5.38516   18.9737   81.4371   76.3217   70.7248   33.4215   31.305   70.4344   89.0225   67.0671   90.2109   102.533   58.0517   102.45   5   80.2122   63.5059   77.1038   48.0104   0   65.894   100.733   89.8132   54.3646   128.255   67.636   57.7325   101.341   94.4199   50.2415   93.1515   44.2312   25.4403   89.5527   104.211   44.4591   120.406   104.819   72.8145   76.4198   68.163   81.2656   114.802   
20.025   32.0156   63.561   51.0392   43.4166   70.7107   58.6941   49.0408   29.9666   56.0892   27.5136   24.4131   19.105   32.28   36.0139   51.9711   63.7809   42.5206   59.9416   14.4222   57.0088   51.5461   34.4093   41.6293   37.855   26.2488   48.8467   0   68.2037   50.0689   29.3417   81.9512   47.4591   27.8489   58.828   53.8995   40.6525   49.522   55.5106   68.1211   62.0347   68.855   50   75.3776   66.1961   45.1598   23.8995   45.3928   60.2766   72.5619   
64.0312   73.7835   106.174   100.21   92.6175   119.67   107.629   87.4757   68.1542   98.6154   41.1096   55.9017   66.242   80.1311   77.1751   86.0349   112.45   58.4209   83.7257   34.8281   75.1066   89.1067   61.0328   88.0909   73.8241   75.0733   84.7172   49.2037   0   40.3131   73.2012   100.498   48.2021   74.0986   93.9466   92.9183   72.1378   45   72.2229   103.519   25.1803   103.538   81.7007   98.2982   104.489   84.1786   62.9183   63.2616   108.746   88.0634   
42.638   52.4786   85   79.925   72.111   98.7168   86.6833   73.0068   53   77.4145   22   35.1141   47.4342   61.0983   55.9464   65.9697   91.351   41.4367   66.0303   14.8661   58.6941   75.06   41.4367   66.7083   53.1413   54.2033   71.2531   29.0689   21.4009   0   58.4105   83.5135   39.2389   53.9102   76.109   69.4883   62.4475   27.2195   67.3075   88.8744   38.1327   84.1413   64.2757   87.2763   85.3792   62.7955   46.6775   45.8366   85.3573   76.9181   
25.9422   37   65.0077   43.1856   36.6197   64.6375   53   35.7351   17.2047   58.0345   40.8044   35.4683   7.81025   21.6333   40.8044   58.6941   58.6686   54.6443   69.4046   25.4951   67.8823   38.2753   45.2769   41.1947   45.1774   23.3452   35.7771   13.3417   58.5918   40.2616   0   93.9653   50   26.0623   70.572   61.7305   29.1231   60.5948   49.6586   55.8342   73.1076   74.7454   45.587   88.4794   73.6975   39.3311   37.2412   47.4009   56.3038   84.8559   
55.7584   50.3289   61.1882   90.471   83.2406   96   87.367   112.894   96.4261   57.2189   45.618   43.8634   80.8022   87.2353   49.0408   36.0139   88.0227   26.0768   18.2483   67.2309   12.083   115.676   34.0588   64.1327   40.1622   69.7782   114.202   67.9412   80.3057   66.0984   79.3095   0   103.479   88.647   55.28   61.1622   97.8782   77.7735   118.772   128.103   96.672   55.1438   115.582   41.1421   48.7407   79.2029   75.757   98.2015   84.1153   36.2062   
47.3814   59.3043   91.0055   73.1095   66.6108   94.6256   82.9277   53.6004   34.9285   83.5464   41.6773   47.8539   37.6431   50.9117   63.2851   78.1601   88.5099   61.2699   83.2406   20.2485   78   55.109   57.0088   68.6222   64.0703   51.8941   50.636   27.4591   34.1321   25.2389   30   87.2353   0   48.0147   85.4195   80.0305   41.5862   52.4584   44.0732   71.8466   44.0217   95.0703   41.0414   101.393   92.638   64.5785   50.495   22.6023   85.9219   93.7329   
17.8885   29.1204   58.2151   41.4005   33.9706   61.6198   49.679   42.0476   24.7588   51.0392   35.3553   28.0179   10.198   22.561   32.9848   50.6952   55   47.5079   61.4003   24.1868   60.1415   44.7214   37.6431   34.9285   37.1214   17.8885   42.72   9.84886   58.8218   38.9102   8.06226   71.7008   34.0147   0   59.1022   50.6742   30.083   56.2019   49.4401   59.2142   69.7525   66.811   53.6493   80.4234   66.6588   41   30.2788   40.632   51.9163   78.4317   
26.4008   18.3576   35.805   58.2495   50.9608   65.6201   56.0089   82.8794   68.4105   29.5296   33.8378   21.0238   51.7397   56.0357   16.7631   11.1803   57.4282   21.4009   17.6918   49.0918   20.3961   85.703   13.9284   32.1403   8.06226   38.2753   84.8528   43.6578   74.9466   55.109   52.1536   32.28   68.7314   44.1022   0   29.0623   73.3674   65.9933   93.5422   95.4447   84.8919   29.9471   92.1322   41.8149   23.544   46.241   55.0789   77.8172   49.1361   44.5192   
18.7883   9.43398   32.6497   49.6488   42.2019   58.4637   48.2597   74.2765   60.4649   25.4558   33.8378   18.3848   43.6005   47.2017   8.06226   14.3178   50.2195   26.5707   26.4008   45.2769   29.1204   77.1038   15.8114   24.0208   1   29.4109   76.4199   37.6563   74.2496   53.4883   44.7214   41.1096   64.0312   36.6742   8.94427   0   63.7545   65.9933   86.1143   90.2391   84.8919   32   84.8246   44.3019   30   41.0355   45   76.2475   43.02   46.2746   
29.9666   41.1096   69   45.607   39.4462   67.4166   55.9464   33.7343   14.3178   62.0725   43.0813   38.8973   10.2956   23.3452   44.9222   62.7694   61.7171   57.8014   73.2393   26.0192   71.4493   36.1386   48.7955   45.0999   49.1935   27.1662   33.2415   15.6525   57.7754   40.4475   4.12311   82.7587   27.5862   12.083   56.0803   48.7545   0   60.0109   38.5372   53.8333   69.2254   78.8685   40.4642   90.8131   77.8206   43.4542   39.552   40.105   60.4269   88.2144   
42.0119   50.3289   82.0975   81.8596   73.7902   99.2975   87.367   79.404   59.4138   74.6324   16.1555   31.6228   51.6236   64.7611   53.4135   61.0983   91.6079   34   59.1354   20.0998   51.0882   81.6149   36.0555   65.8559   49.2443   55.4707   78.0897   32.5576   25   9.21954   45.0999   57.7235   34.2053   42.2019   49.98   49.7393   46.0109   0   72.5412   94.1081   46.3607   79.622   69.5094   82.5721   73.524   71.4383   50.178   51.0703   85.6033   74.1699   
53.1413   64.56   92.1358   63.3246   58.9406   85.7963   75.2861   32.249   18.7883   85.3756   59.5483   59.9083   32   40.8044   68.4105   86.0349   81.3204   77.2334   95.3834   38.0132   92.4175   33.1059   69.8928   68.0294   72.2357   50.04   28.2312   35.5106   58   48.1041   27.6586   103.078   24.1868   35.4401   78.721   71.8679   23.5372   56.3649   0   52.3481   64.0425   102.251   30.0828   110.888   99.8646   66.9897   59.4101   45.4709   83.9624   108.072   
55.2268   62.3699   78.721   38.4708   38.6264   59.0339   51.4782   5.09902   21.3776   73.9256   76.1577   68.4471   31.0161   24.7588   65.0692   83.4506   57.3149   88.1419   98.0816   60.0083   99.0202   7.07107   77.4145   56.3028   72.4707   42.45   10.4403   48.8365   89.4986   74.108   35.5106   110.982   55.9732   41.1096   80.4301   71.7008   34.0588   80.0562   35.805   0   92.3647   100.307   54.541   114.603   99.454   69.8188   71.28   63.2443   72.7584   115.755   
56.0803   66.6408   99.3177   90.2718   82.8794   110.309   98.2904   76.2955   57.0088   91.7061   37.054   50   55.7584   69.6419   70.2638   81.0247   103.325   56.1427   81   25.6125   73.3348   77.9295   56.5685   79.8812   68.0074   65.7951   73.5527   39.598   11.1803   15.1327   48.0208   80.05   23.0217   48.9183   70.214   68.3081   46.9574   22.3607   47.0425   78.339   0   99.0074   64.0631   94.0999   92.6448   77.077   55.8167   45.6241   96.4487   86.4622   
35.171   23.7697   23.4094   55.9017   49.93   58.1378   50.448   87.4586   75.591   19.0263   48.4665   34.5254   58.5918   59.5483   20.1246   3.60555   50.3587   35.3836   20.025   62.1289   28.4605   90.2718   28.6356   29.6816   17   42.2019   90.2109   54.5894   89.5377   69.3758   60.7454   38.2099   81.0555   52.811   14.7648   17.0294   64.846   64.622   88.2326   84.2912   84.4038   0   99.2192   41.0832   23.4031   55.3712   62.0294   92.582   50.6816   52.5836   
47.1699   58.5235   86.093   58.1808   53.4509   80.6226   69.8928   30.6757   14.2127   79.3095   55   54.4059   26.0192   35.4683   62.3618   80.0562   75.8947   72.1388   89.6939   34   87.0057   32.0156   64.405   62.0081   66.3099   44.0114   27.4591   30   57.3149   45.3542   21.587   97.8366   23.1948   29.4109   72.8972   65.9242   17.4642   53.1413   6.08276   33.541   46.1736   82.2192   0   105.378   94.8912   59.8912   53.8995   35.4391   77.8908   102.504   
45.9674   38.5876   47.0744   77.4919   70.5762   82.0244   73.6817   102.942   87.7838   43.1045   43.4166   36.7151   71.4213   76.2758   36.6742   22.0227   74.108   24   4.12311   63.2456   7.61577   105.759   26.8328   50.9608   28.3019   58.5235   104.738   61.0574   82.2982   65.2763   71.0634   14.1421   83.4865   63.1269   20.2485   29.1548   74.8131   58   96.566   100.603   80.0999   24.0832   90.9725   0   34.6155   66.4895   68.531   92.7909   69.3845   29.7047   
31.7805   21.4009   29.0689   57.5847   50.9902   62.0081   53.4603   86.3134   73.2462   23.7697   42.3792   29.0689   56.3028   58.7282   18.3848   2.82843   54.0093   29   16.4924   57   23.3452   89.1403   22.4722   31.0161   12.6491   41.0122   88.7299   50.448   83.4865   63.561   57.6975   34.0147   76.3217   49.6588   8.544   13   61.7414   58.5235   84.8646   83.4506   78.6448   6.40312   78.924   20.2237   0   50   58   86.3612   51.9531   47.4683   
8.06226   13.6015   41.3038   33.9559   25.7099   50.2195   38.2753   51.6624   38.4708   34.0588   37   23.0217   21.4709   25.0599   17   35.5106   42.638   41.5933   48.9183   35.805   50.1199   54.4885   29.8329   18.7883   23.3452   8.06226   53.8145   22.8473   70.0357   48.7955   24.3311   62.1772   50   17   31.241   22.6274   28.4429   49.0918   51.9711   49.2037   61.4003   37.1214   45.8912   51.4004   35   0   46.7468   57.632   39.7883   68.6803   
15.2643   26.2488   58.8727   53.7122   45.618   71.4003   59.4054   57.9396   39.4462   51.264   19.105   14.7648   26.4764   38.0526   30.0832   44.1022   63.8905   32.6497   50.5668   15.8114   47.2017   60.5392   24.6982   39.2046   30.0167   27.2947   58.1378   9.89949   48.9183   27.5862   22.3607   58.0517   34.0588   16.2788   34.9285   30   25.2389   28.178   45.2217   57.28   40.8167   47.0106   39.8246   51.4782   42.2966   21.2603   0   44.8927   60.2046   61.6878   
40.0125   52.0096   83.1865   64.5368   58.0086   86.0233   74.3303   47.3814   27.8927   75.8024   38.9487   42.3792   29.0689   42.45   56.0089   71.7008   79.925   57.6888   78.1857   16.9706   73.8241   49.163   52   60.4401   57.5587   43.4626   45.0111   20   40.2616   26.9258   21.4009   83.7616   8.60233   25.632   62.8172   57.4282   19.105   34.9285   21.4709   49.2443   29.1204   74.4312   18.4391   78.7909   70.0357   41.9762   27.8927   0   77.4904   88.8308   
24.7588   18.0278   24.3311   25.632   19.4165   34.176   23.3452   59.5399   51.788   18.3848   52.6972   36.7151   36.0139   31.7805   17.1172   30.8707   26   50.9902   48.3839   54.9181   53.4603   62.2656   39.2938   1   26.0192   18.0278   63.0714   42.0476   88.7299   67.3573   41.3038   65.1153   68.9493   35.171   33.1361   25.02   45.1774   66.6033   68.0074   55.7584   80.4487   30.5287   62   51.923   31.9531   19.2354   39.8246   60.7289   0   70.4536   
42.5441   38.0789   54.231   78.9177   71.3863   86.4696   77.0065   99.5691   82.9759   49.0408   33.5261   30.4138   67.424   74.2496   37.3363   27.8568   78.3135   13.6015   14.4222   54.5619   4.12311   102.343   20.6155   53.0848   28.2843   57.0088   100.802   54.5619   71.0634   54.9181   65.8559   13.4536   74.7329   58.258   21   29.2746   69.3109   47.1699   89.8109   97.7548   69.4622   30.8707   84.5044   11.7047   25.2982   49.2443   44.6878   70.8308   54.0833   0   
