15
40
999999 9 16 16 16 15 11 9 14 7 16 13 17 14 16 10 6 10 6 6 7 6 17 12 10 17 10 5 15 14 12 9 15 9 12 8 17 17 7 5 
0 7 1 3 15 7 7 5 4 3 5 5 5 11 2 1 5 3 4 3 6 2 3 4 3 15 4 4 14 3 9 5 3 6 4 5 1 6 2 3 
20
0   0   0   0   0   0   0   0   0   0   0   0   0   0   0   0   0   0   0   0   
3   3   4   3   -2   0   2   0   6   0   -2   -3   -1   -5   -3   -3   1   0   4   -4   
0   -2   -7   8   2   6   -2   7   0   -8   -5   1   0   11   4   -1   8   1   -2   -2   
2   -6   3   -12   5   -6   5   -1   5   0   -2   0   -1   -3   2   -3   10   2   2   0   
5   -6   10   -13   -6   -3   5   -4   6   -15   7   -7   4   -14   0   -4   5   -1   -2   0   
-8   6   -10   12   -8   10   -9   -1   -11   -1   -6   7   -3   6   -13   -3   -10   11   -8   2   
-4   4   -3   8   -2   7   -6   5   -5   5   -5   5   -8   1   -6   7   -7   -2   -6   11   
-2   2   -3   -1   -7   3   -2   1   -5   4   -8   5   1   2   0   1   0   3   0   0   
-3   -2   -3   0   -1   0   -3   2   0   -2   -2   3   5   -1   2   0   0   -4   -3   4   
3   -1   4   0   2   0   2   -3   2   -3   6   -3   5   -3   4   0   3   -2   1   -5   
11   0   6   -12   4   -1   10   -1   0   -9   6   -8   7   -5   4   -5   5   -5   2   -13   
3   8   -3   4   -4   5   1   6   -12   5   -4   5   -3   3   -1   0   -13   6   -5   12   
-2   13   -11   7   -13   8   -7   8   -2   4   -6   10   -4   11   -13   8   -7   0   -12   7   
4   -3   -4   0   -4   -6   1   2   -1   0   3   2   8   5   3   -2   -2   -5   -4   5   
0   0   -5   6   2   2   1   2   0   3   8   -5   -5   0   1   6   -1   0   0   7   
-7   4   -1   5   -2   7   -2   3   -5   -4   0   -1   -1   3   -3   4   -7   3   -3   -1   
-1   0   0   -2   -5   2   -3   2   -1   2   -3   4   -2   4   -6   2   0   6   0   3   
-4   8   -6   0   -5   6   -9   9   -3   9   -7   8   -8   4   -10   1   -4   4   -6   3   
2   -4   2   0   1   0   3   -2   2   1   0   -2   2   -1   0   -2   3   0   0   -4   
-3   5   -3   2   0   2   0   -1   -2   0   -1   3   -2   5   -4   2   -4   1   -1   0   
3   -1   1   -1   2   -4   0   -3   0   -4   2   -5   1   0   3   -3   2   -1   5   -3   
2   0   1   3   0   0   1   -2   -2   -1   0   0   0   -3   -1   1   0   0   0   0   
-3   4   -14   11   -13   9   -10   0   -10   9   -5   10   -9   1   -11   14   -1   8   -4   7   
-5   -2   -9   0   -7   2   0   5   -1   6   -2   -1   -6   0   -1   4   -4   8   -5   10   
-7   8   -6   6   -8   2   -9   8   -6   2   -6   8   -5   7   -4   5   -2   8   -4   8   
4   -11   14   -7   12   -12   6   -10   12   -2   15   -12   8   0   12   2   14   -4   6   -8   
-1   -7   1   -1   3   6   3   -5   2   -4   -3   -2   -2   -6   0   -1   0   0   3   8   
2   -1   1   -2   1   0   1   0   1   -1   0   -2   1   0   0   0   2   0   2   0   
6   -4   12   3   4   0   3   1   9   3   8   -12   2   -10   0   1   11   -3   4   1   
5   -3   -2   -2   -2   -7   2   -3   0   7   9   -1   9   -10   1   -7   5   -3   4   -5   
-1   -3   -4   -2   -3   0   0   7   -1   4   0   2   4   3   5   -4   2   0   2   0   
7   1   -2   0   -1   3   5   3   -4   -5   -1   -1   0   2   0   -4   5   -1   0   -1   
5   9   -1   7   -10   8   2   3   -11   1   -11   0   -4   15   -12   3   -11   5   -5   11   
-3   -2   -5   0   -6   2   -3   1   1   0   0   2   -5   -2   2   4   0   1   2   1   
2   5   -8   4   -2   0   0   11   -3   1   -6   8   -5   0   -7   1   -5   -1   0   7   
-1   7   -1   4   -2   4   -3   3   -3   4   -5   2   -1   8   -2   2   -5   5   -2   0   
-14   0   -7   7   -13   9   -3   11   -7   13   -15   10   -10   3   -7   10   -6   0   -9   6   
0   0   -4   3   -11   6   -1   14   0   8   -8   2   -11   7   1   2   -11   9   -11   4   
-1   -2   -2   -1   0   2   1   0   0   0   0   2   0   4   0   -2   2   2   -3   0   
1   0   -1   -1   0   0   0   -2   1   0   1   0   0   0   0   0   1   0   3   -1   
0   41.72   34.7703   24.099   65.8785   62.8615   50   42.105   39.3452   24   71.0217   63.0119   49.4683   57.445   48   42.6011   70   38.0217   63.5527   47   60.8121   41.1662   72.6621   57.0476   67.638   61.7633   52.0139   59.3836   67.5077   67.4309   60.8747   70.5772   57.0644   59.31   70.2917   29.8102   60.5899   69.163   53.5287   51.7567   
22.6716   0   48.4844   37.4391   75.2788   67.1149   47.0151   53.1603   58.4166   35.72   63.3021   47.6816   65.4031   70.4018   45.4009   48   88.6637   50.0713   45.457   45.4605   76.2944   63.8377   60.8794   54.1286   68.3573   82.3669   72.6174   30.7279   52.0001   90.1025   78.2713   50.2521   45.8395   46.0766   42.2947   50.4138   59.3573   48.8378   30.0454   59   
10.7703   28.178   0   34.0454   52.2884   73.6318   60.7703   25.4403   41.2643   34.7703   64.4486   59.0512   38.6982   51.6757   58.7703   46.6892   64.1841   33.2971   72.3638   55.2627   55.4215   44.0294   58.0454   66.4367   69.6261   56.2101   45.0161   58.9059   65.2898   66.0784   47.1548   63.5417   55.4367   68.9786   69.7104   24.8489   63.3011   62.1275   52.9473   45.2036   
5.09902   18.4391   11.0454   0   63.3337   66.7829   53.2956   36.4857   44.4443   27.2956   67.0408   53.054   49.7435   56   46.4591   47.7001   69.1932   42.799   62.7295   43.4591   57.5441   46.2652   69.0908   62.1466   68.4081   56.5441   55.4102   49.167   60.4166   72.5299   57.8497   66.1774   56.8058   59.3442   60.0761   33.2066   59.4081   67.2769   43.313   50.3847   
48.6004   55.3173   38.2884   46.6476   0   110.637   96.9386   51.5759   50.6979   70.9386   59.7624   62.1622   39.0828   33   92.0453   84.9776   73.7805   46.8568   100.774   90.1067   63.0977   42.6356   53.3593   104.725   107.914   69.1109   80.5295   86.0452   64.7695   89.5603   60.0555   72.7545   93.7251   100.318   97.612   63.1372   101.59   74.4236   84.2873   36.2788   
46.8615   51.4782   57.2014   49.4975   95.4254   0   37.4316   81.426   79.4748   54.5285   109.525   95.0213   95.8996   104.098   48.0509   45.3258   99.9976   84.3344   64.8392   37.3238   88.3485   88.0277   105.554   42.6356   21.2426   87.3485   65.0999   74.2713   100.306   93.2681   96.5376   101.73   45.4938   64.3814   69.3943   70.4789   29.3693   100.316   70.0744   98.6182   
35.4401   33.0151   46.1736   36.2491   82.7647   20.0998   0   71.6139   74.7853   49   96.3173   80.6968   84.8378   92.2491   35.6619   39.0263   98.7184   71.2268   51.9531   34   86.3491   76.6062   92.8934   32.3137   36.0294   90.3933   61.2385   56.401   81.9766   93.0069   93.3283   83.2672   33.544   53.1603   59.0156   65.2503   31.0623   81.853   46.2029   86.624   
19.105   28.1603   10.4403   16.6433   30.0167   65.8559   52.7731   0   41.5913   43.105   52   44.9422   39.8806   43   63.1024   51.5366   66.7955   19   73.4677   60.1024   55.8021   44.8045   53.3657   76.1526   80.0257   54.8021   55.4564   56.8973   55.4462   76.4811   56.8904   57.2492   65.877   70.0825   70.4549   35.2485   73.7414   61.9102   54.0512   42.2971   
23.3452   43.4166   15.2643   25.632   36.6742   64.4748   57.3149   20.5913   0   47.3452   72.5913   65.5335   36.7231   39.0832   66.3951   53.8697   44.3409   39.5913   86.8979   62.4432   32.3848   29.0623   69.1202   80.123   76.8066   31.6918   52.9258   71.7584   76.0374   58.6232   36.3178   76.8276   69.1508   82.6553   84.6419   32.0294   72.7235   77.3918   68.2117   35.587   
10   17.72   20.3961   10.2956   56.9386   39.6989   26   26.9258   33.2415   0   77.3364   63.3496   59.0943   66.2956   41   36.083   75.3613   45.9258   56.0439   32.2047   63.074   51.1662   76.264   49.095   49.4683   62.7161   52.9667   43.5296   65.0937   75.7075   61.8275   67.2494   38.095   52.6586   53.3905   30.7631   52.2062   66.5579   36.6274   60.6803   
53.6004   44.8219   48.0937   49.0408   34.7131   95.5249   77.801   38   56.8859   56.8595   0   33.6205   63.8292   67.7131   85.1999   89.5366   100.138   52   82.242   89.0641   89.2706   72.1145   33.4031   93.1586   106.328   88.5777   93.1098   63.7212   35.9392   114.172   83.7109   33.1108   87.757   85.1066   85.1348   71.4282   103.789   43.2627   69.0754   58.0789   
42.0119   29.6816   39.0512   37.054   40.1622   80.9506   62.6817   30.4631   50.9902   43.4166   15.6205   0   63.1999   62.2017   70.9875   77.3624   92.017   46.9422   66.522   75.1421   82.8039   60.8722   36.2195   77.9683   92.8849   82.682   84.0674   44.6816   27.8284   105.13   82.4288   25   70.4059   71.7393   71.8539   63.9001   89.039   28.6023   59.727   56.7967   
35.4683   48.1664   24.6982   34.9285   17.088   81.3019   70.8378   20.025   19.7231   44.9222   43.8292   43.1856   0   32.0828   79.9266   69.9338   56.8067   36.5359   92.4927   76.4654   47.5936   25.6619   57.0116   91.1349   94.3243   49.1548   69.3302   74.1762   68.1578   74.0803   47.0351   68.0722   80.1349   89.1074   89.8393   49.547   87.9993   66.658   73.0762   21.4031   
41.4367   54.0833   30.6757   41   15   86.954   76.844   26   24.0832   50.9608   46.0435   47.2017   6.08276   0   83.4471   75.5063   49.171   42.6186   98.5755   82.5482   53.6764   31.7447   63.0944   97.1124   100.302   54.1504   72.8035   80.259   74.2406   80.1631   45.095   72.2017   86.1124   95.1902   95.922   55.5246   93.9769   72.7407   79.159   27.4859   
28   21.4009   38.2099   27.4591   73.0068   31.0483   11.6619   43.3244   51.1566   18   66.2193   51.0392   62.3699   68.4471   0   39.0294   92.6188   62.3244   40.2488   33.2357   80.9697   69.1662   75   29.1421   43.4591   79.9697   62.8039   42.3059   71.8648   89.2011   79.8275   69.0364   22.6056   43.0227   40.2389   48.7631   35.6815   70.2388   37.1245   75.5235   
18.6011   28   29.1548   21.2603   67.2012   28.3196   19.0263   37.5366   38.6394   12.083   68.942   55.3624   53.6656   59.5063   17.0294   0   80.6396   56.5366   57.2782   33.0554   71.0241   59.7672   80.3246   46.1715   38.0832   70.2445   55.8444   55.6127   77.1767   80.2178   72.9048   78.2521   39.3576   55.8973   57.2682   41.8403   40.3132   76.8378   48.1548   66.3128   
52   73.0616   44.9444   55.0091   49.8197   84.5931   82.6075   48.7955   29.6816   61.3514   80.0562   77.801   36.2491   35.171   78.5875   63.6396   0   67.7955   115.237   90.7763   30.3693   54.1448   93.2608   107.025   101.723   36.6491   64.6232   101.44   104.242   46.2062   40.0294   102.801   96.0247   111.31   114.324   61.711   96.0247   102.907   97.8917   57.6523   
23.0217   28.0713   15.2971   19.799   27.8568   69.2965   55.2268   5   25.0799   29.8329   33   25.9422   20.8806   26.4764   45.1885   41.0366   52.4023   0   73.279   62.0375   57.4646   46.1684   44.4279   73.8727   79.1198   56.7717   60.3132   52.6563   52.2278   81.3754   57.7648   49.8469   67.794   69.0364   70.366   40.1459   75.0339   54.5446   58.1167   32.1327   
49.2443   30.1496   57.28   46.4866   84.4808   50.8035   31.9531   58.3095   72.111   40.3113   66.242   50.9902   78.3135   84.214   26.2488   43.1393   101.237   58.0086   0   53.6926   103.385   90.4104   79.1529   40.2426   66.1537   103.027   86.5891   41.3673   67.9973   112.949   102.139   66   43.1971   21.2426   27.1623   71.0743   59.8497   72.2195   40.4165   88.0616   
26   28.4605   36.7696   27.4591   74.0945   23.3238   10   44.1022   47.3814   17.2047   72.2011   57.6975   61.4654   67.4166   10.7703   9.05539   72.6911   47.0106   36.6197   0   75.407   67.1662   83.242   39.9125   44.0416   79.0732   61.1214   53.0762   79.7649   81.2851   79.0322   76.9365   29.6301   53.793   51.0092   47.9677   35.0416   77.2983   47.8948   74.5918   
39.8121   61.2944   33.4215   43.0465   46.0977   73.1642   70.3491   38.6005   18.3848   49.0408   72.7324   68.6003   30.1496   31.1448   66.2193   51.3517   12.3693   42.72   89.0505   60.407   0   44.192   85.7743   95.3615   88.7209   27   50.7924   90.1432   94.0467   45.6833   30.0499   92.5669   87.1358   99.1221   102.431   50.311   86.0072   95.549   85.6682   51.5528   
27.1662   44.2719   17.0294   28.0713   28.6356   71.1196   62.3699   17.8045   8.06226   37.1214   50.9608   46.8722   11.6619   16.2788   55.0818   44.2719   31.1448   21.2603   73.9797   52.6308   21.9317   0   65.6882   83.4661   82.3551   37.1975   54.9857   69.9464   73.2507   62.0977   28.1421   71.1072   72.4661   86.0079   86.5666   40.0916   77.5689   75.4745   69.9767   33.065   
48.6621   38.6005   44.0454   43.9318   36.3593   89.5545   71.6101   34.3657   54.1202   51.264   6.40312   9.21954   43.0116   46.0109   60   63.3246   78.8923   29.4279   59.9416   66.242   70.7743   48.8467   0   87.1878   100.732   85.812   89.0616   53.9012   35.9814   110.124   76.9888   33.1529   79.6254   76.8243   72.8243   68.8943   95.6815   35.0416   68.6459   55.8917   
42.0476   33.0151   52.345   41.5933   86.7295   28.6356   11.3137   57.28   65.0308   32.0624   77.0779   61.5224   76.4853   82.5651   14.1421   28.4605   91.7824   58.8727   22.2036   19.6977   79.4292   69.1809   70.7107   0   47.3431   93.2465   72.5522   51.2866   78.0328   99.8553   93.1581   83.1785   35   35   37   62.8255   42.3576   81.853   50.0832   88.5328   
42.638   47.5395   53.0094   45.2548   91.214   4.24264   17.0294   61.6198   60.5392   35.4683   91.4166   76.922   77.1751   82.8553   27.4591   24.0832   81.3019   65.0538   48.5077   19.2354   69.7209   67.082   85.4751   26.5707   0   91.5911   66   68.7587   93.3788   84   89.8011   96.1719   40.1245   60.1386   63.5707   60.7772   24   96.3773   62.566   90.396   
39.3954   60.7454   32.8024   42.5441   45.0999   73.3485   70.2567   37.8021   17.6918   48.7032   71.7844   67.7422   29.1548   30.1496   65.9697   51.2445   12.6491   41.8808   88.6397   60.2993   1   21.0238   69.857   79.2465   69.8713   0   50.1548   89.4502   91.1038   41.6586   24.0554   91.6981   86.7982   98.6936   102.094   49.7212   87.0072   93.2107   85.3306   47.9559   
28.4605   50.1199   31.0161   33.5261   63.5295   45.0999   46.2385   41.1947   26.9258   33.0151   79.1012   69.4622   46.6476   50.8035   45.8039   28.8444   39.6232   46.1736   71.5891   37.1214   28.7924   34.9857   75.0067   56.7979   42   29.1548   0   76.5448   92.6877   40.4008   51.4093   94.4622   66.7516   84.7417   86.0428   42.2036   57.9535   93.1436   69.6426   61.927   
35.3836   12.7279   40.4969   31.1448   63.0714   57.2713   37.3631   38.8973   55.7584   29.5296   45.2217   29.6816   58.4637   64.1327   26.3059   38.0789   85.44   37.6563   21.8403   36   73.8173   55.9464   38.833   33.2866   53.7587   73.2393   62.434   0   43.8029   102.815   84.0885   54.6105   46.8617   41.1246   38.6815   60.2927   61.9874   53.4795   32.198   69.7891   
48.5077   32.0156   47.1699   43.4166   49.7695   83.2166   63.9766   39.4462   60.0333   48.0937   20.3961   10   53.1507   57.2014   52.3927   59.5399   87.4586   35.2278   47.2017   60.4401   77.9359   56.4004   15   61.0328   79.3788   77.1038   76.6877   27.8029   0   113.248   84.5425   25.8284   74.6646   68.4443   66.4844   72.0188   84.9366   26.1623   59.2156   66.7967   
52.4309   75   51.0784   57.1402   72.5603   67.2681   72.0069   59.4811   39.6232   58.7282   96.5091   89.8109   56.0803   57.7062   72.2011   55.2178   29.2062   64.2884   97.949   63.2851   26.6833   46.0977   93.6216   82.8553   65   27.6586   26.4008   87.6185   98.2344   0   51.714   114.135   92.9152   111.115   112.119   67.9444   84.3542   113.206   95.3556   75.2103   
37.6563   57.2713   29.1548   39.8497   36.0555   76.5376   71.0634   31.8904   14.3178   47.5184   63.6946   60.803   20.3961   21.095   65.3758   52.1536   17.0294   35.3836   86.3308   61.0737   10.0499   14.1421   62.1772   79.1581   72.8011   9.05539   34.4093   69.3542   70.4344   36.6742   0   85.2305   83.4686   96.5651   98.8651   46.3472   87.0413   87.054   82.1021   41.7992   
50.2494   34.4819   48.3839   45.1774   48.7545   85.7963   66.6408   40.2492   60.8276   50.2494   18.1108   10   53.0377   56.8507   55.0364   61.8142   87.8009   35.8469   50   62.9365   78.5493   56.8595   13.1529   63.8201   81.9329   77.6981   78.2624   30.6105   2.82843   99.368   70.8025   0   73.1378   63.5782   69.292   73.2327   87.765   25.4142   62.044   66.7967   
31.0644   24.8395   41.4367   30.8058   76.5572   28.4429   8.544   46.8188   54.037   21.095   69.6563   54.4059   65.7343   71.8053   3.60555   18.3576   81.0247   48.7545   26.0768   10.6301   68.6586   58.2151   63.4114   11   25.0799   68.4471   47.1699   28.8617   55.4617   73.4983   68.1836   58.1378   0   41.9545   43.4951   51.8581   32.1245   71.7062   40.7301   79.1291   
45.31   27   53.6004   42.72   81.8841   47.3814   28.1603   55.0818   68.3081   36.2353   65.192   49.7393   75.1066   81.0555   22.0227   38.8973   97.3088   55.0364   4.24264   32.45   85.0882   70.406   58.8303   19   44.911   84.6936   67.3573   20.1246   46.7547   93.723   82.5651   49.5782   21.9545   0   19   66.9984   54.079   72.917   40.0312   86   
46.9574   27.2947   54.7083   44.0114   81.3941   51.3517   32.0156   55.4437   69.6419   38.2753   63.1348   47.8539   75.4255   81.3019   25.2389   41.8688   98.8989   55.0364   3.16228   35.8469   86.764   71.3092   56.8243   23   48.8365   86.3308   70.0357   18.6815   44.2041   96.3328   83.8153   47.0106   25.4951   4   0   69.0384   57.6196   63.2017   30.7631   86.2947   
7.81025   30.4138   9.84886   12.2066   47.3814   48.8774   40.3113   20.2485   17.0294   16.7631   57.4282   47.2652   32.45   38.0789   34.3657   21.8403   44.5982   25   56.7979   30.4138   32.311   22.4722   53.0377   48.0937   44.7772   31.9531   22.2036   43.1393   54.5711   44.9444   31.0644   56.0892   37.1214   52.8015   54.5894   0   62.1535   71.9763   53.3905   52.6164   
37.5899   39.3573   48.3011   39.4081   85.9826   12.3693   8.06226   56.0357   57.7235   29.2062   83.7616   68.9638   72.9178   78.7909   18.6815   19.3132   81.0247   59.0339   39.8497   12.0416   69.0072   63.5689   77.6981   18.3576   9   69.029   42.9535   44.911   70.9366   67.7791   70.859   73.5391   16.1245   36.1386   40.025   41.1096   0   87.8307   54.2652   85.626   
49.163   33.8378   47.1275   44.1022   47.4236   85.235   66.1891   38.9102   59.4811   49.366   17.2627   8.60233   51.6236   55.4437   54.5619   61   86.4002   34.4819   50.2195   62.2977   77.1751   55.4707   12.0416   63.6003   81.3449   76.3217   77.1038   30.4795   3.16228   98.0816   69.4046   1.41421   57.7062   49.679   47.2017   54.9181   73.0068   0   60.6611   64.2548   
30.5287   11.0454   37.9473   27.313   66.2873   47.0744   27.2029   39.0512   52.9245   22.6274   53.0754   37.4833   59.0762   65.0308   16.1245   29.1548   82.2922   39.1152   19.4165   26.0768   70.2353   54.5711   46.6905   24.0832   43.566   69.7711   55.4437   10.198   37.2156   81.3449   67.0671   39.9625   18.6815   16.0312   16.7631   38.2753   34.7131   39.6611   0   70.0454   
32.7567   43   22.2036   31.3847   16.2788   79.404   67.624   15.2971   21.587   41.6293   38.0789   36.7967   6.40312   11.4018   58.5235   51.3128   42.0595   15.1327   73.0616   58.5918   34.9285   14.0357   36.8917   72.5328   75.213   33.9559   47.927   52.7731   46.7547   60.0333   25.632   46.669   61.9839   70   70.1142   31.1127   70.3278   45.2548   54.0093   0   
