15
50
999999 14 7 16 11 12 12 5 11 10 6 7 15 7 7 5 15 16 11 11 8 14 14 5 13 6 15 17 13 5 8 15 17 14 8 15 10 16 7 7 6 7 5 11 6 14 8 7 9 5 
0 12 4 4 6 6 11 1 8 6 3 2 3 3 3 2 9 2 7 5 7 5 8 1 11 3 1 2 4 2 1 11 2 6 1 14 8 2 2 1 1 6 4 8 3 11 2 1 7 1 
20
0   0   0   0   0   0   0   0   0   0   0   0   0   0   0   0   0   0   0   0   
-5   0   -2   10   3   8   -3   9   -5   9   -10   2   -10   14   -8   5   -7   9   -5   5   
0   0   -1   0   0   5   1   -1   -3   0   1   0   -3   0   -4   2   -1   2   -1   2   
-11   4   -10   7   -9   2   -9   4   -2   11   -12   -3   -12   8   -5   12   -5   -3   -7   7   
-6   5   -6   7   -3   5   0   7   -9   5   -9   6   -5   4   -3   1   -6   5   -1   8   
9   -9   6   -4   12   -10   -5   -8   6   -6   8   -6   5   -5   11   -12   1   -5   8   -7   
-5   3   -5   6   1   4   -1   6   -3   1   -6   12   0   11   -8   2   -8   5   -3   6   
2   -1   0   -2   2   -2   0   -1   1   -3   1   -2   2   -2   2   -4   2   -2   0   -1   
-2   9   -5   6   -8   6   -7   8   -8   -4   -10   9   -4   8   -8   5   -8   9   -9   10   
2   -7   2   0   -1   -2   3   -5   2   -2   0   -7   0   -4   5   0   4   -1   1   -5   
4   -6   4   -6   0   -1   6   -6   1   -3   5   -3   1   -3   3   -1   3   -3   4   -6   
-2   2   -2   1   -5   1   0   0   -1   4   -4   3   -2   3   -3   3   -1   2   -4   0   
4   3   -8   9   -9   8   -8   15   -5   6   -3   9   -15   0   -4   5   -8   9   -10   5   
3   -3   1   -2   0   -1   0   -1   3   0   1   -3   -1   0   1   2   1   0   2   -3   
-4   4   -1   3   -1   2   -2   4   -6   3   -3   1   -4   2   -3   2   -5   2   -7   0   
0   1   0   -1   1   0   0   0   -1   0   2   0   0   0   1   1   0   0   -1   0   
-1   6   1   2   -4   1   0   0   4   5   -1   3   2   2   -3   4   1   1   2   9   
-3   15   -8   7   -3   2   -2   7   -11   9   -10   4   -2   0   -9   6   -10   13   0   4   
-6   2   -3   0   -1   2   -6   -1   -3   4   -2   8   -2   -1   1   1   2   2   -4   3   
1   2   1   1   -5   0   2   2   0   0   5   -3   -1   -1   5   0   0   -1   3   3   
4   -7   1   -4   7   -7   6   -8   2   -5   2   -5   2   -5   8   -4   3   -4   4   -6   
1   0   -1   0   -3   2   1   3   -2   1   3   -1   -1   -2   0   -10   -6   3   2   -6   
-4   8   -10   0   2   2   -3   4   -10   7   -12   0   -10   8   -7   9   -7   1   -6   0   
-4   3   -1   3   -2   3   -3   3   -4   3   -3   3   -2   1   -2   2   -2   4   -2   2   
-1   -3   0   0   -4   2   -12   11   -1   2   -2   2   -3   3   -6   -1   -2   7   -6   4   
-1   0   0   -1   1   1   1   0   -6   0   -1   0   0   0   -2   1   -1   0   0   2   
1   5   4   -12   8   -9   2   -1   6   -1   0   -1   11   0   3   0   1   -13   2   -4   
3   10   -10   -2   -10   4   0   10   -2   -2   -4   -2   1   0   -1   -8   1   11   -2   -3   
-1   -1   0   1   -2   3   -3   -1   -3   2   5   0   6   0   2   10   -2   12   -2   -7   
-1   0   0   1   0   1   1   1   0   0   -1   1   0   2   0   0   -1   0   -1   0   
0   4   1   0   1   0   0   -1   -1   -2   0   1   1   0   2   0   0   1   -2   3   
-8   4   -9   9   -9   10   -11   10   -10   11   -8   7   -9   3   -9   14   -9   14   -13   2   
-10   6   -15   13   -8   11   -7   13   -5   13   -2   8   -14   5   -10   0   -12   9   -4   14   
-2   4   -8   11   0   7   -2   9   2   10   -6   4   -3   13   -10   10   -2   -3   -4   0   
-1   1   -5   1   0   0   1   2   -1   0   -2   -2   0   -2   -2   3   0   2   2   1   
3   -1   -7   10   -8   4   6   3   3   9   -5   8   6   6   -13   -3   0   13   -3   7   
9   -2   0   -2   1   -4   1   -3   0   -3   2   -5   4   3   4   -2   -2   0   1   -8   
-3   -12   -1   -11   6   -7   15   -6   8   -7   9   -9   14   -5   3   2   10   -8   0   -9   
6   -2   5   -1   4   -1   3   -1   2   -1   2   -4   3   0   0   -1   2   0   5   -5   
-3   -1   -1   2   0   -2   1   0   -3   2   -2   -1   0   3   0   -1   -2   0   -1   0   
-4   4   -6   6   -4   3   0   2   -2   4   -3   1   -3   3   -4   3   0   5   -3   4   
-1   -2   1   2   0   -3   0   -1   3   1   0   2   1   3   0   1   0   2   2   0   
2   -2   1   -2   1   -2   2   0   2   -2   1   -2   3   -1   2   -1   0   -2   1   -2   
-7   8   -6   11   -8   9   -5   11   -3   6   -3   5   2   2   -10   9   -2   0   -4   8   
2   -3   0   -2   4   -1   2   -1   5   -3   -1   2   2   -4   0   0   6   -3   1   0   
-3   11   3   3   -4   3   -8   3   -3   4   -6   2   -3   8   -5   0   -1   12   -10   14   
-3   -3   -1   0   2   0   0   0   3   0   0   0   0   -2   6   2   1   1   1   -4   
0   3   -2   1   -2   3   -2   4   -1   4   -3   2   -4   3   -1   2   -4   2   0   3   
0   5   -5   7   -2   1   -5   1   -4   1   0   3   2   1   0   9   -8   1   -2   3   
1   0   0   -1   0   -1   0   -2   0   -1   0   0   0   1   3   -1   1   -1   2   -1   
0   56.4683   69.9185   45.6205   46.1447   78.2571   30.7551   61.1084   55   54.7063   75.8136   40.2047   65.3129   55.3187   53.4459   25.8167   51.8927   69.381   32.7703   25.0395   62.5224   71.1699   52.2278   61.6905   71.264   34.4536   64.6488   71.6888   42.0217   59.7877   67.4309   53.4681   72.3937   41.3161   60.2243   37.6301   62.4072   22.2111   45.0644   70.9732   58.0512   54.7037   30.6205   63.0297   33.0828   61.6154   66.7074   42.6274   58.805   58.3192   
35.4683   0   103.598   78.8845   58.6373   69.7449   64.252   90.6274   85.8681   23.7082   43.0172   38.0217   94.0245   77.4624   77.2451   57.4865   83.884   102.685   38.6982   59.8167   97.9907   48.8855   87.0149   82.3081   59.0789   54.97   72.8134   107.157   44.5296   95.256   72.0803   80.1529   79.8151   72.6624   71.2821   46.7099   36.0384   57.6794   75.1354   59.72   62.4599   84.8172   63.0116   28.5946   68.4367   27.1803   91.1485   55.6155   57.6807   89.4431   
54.4059   89.1852   0   42.7588   86.1783   101.302   56.833   48.4631   49.7805   109.112   121.438   86.2801   59.0122   88.5147   85.0129   63.8039   42   18   82.6056   69.5359   31.4403   115.41   45   84.4515   117.957   75.1804   82.0661   27   80.7661   50.2982   93.2945   63.2832   106.08   56.5793   76.5587   79   112.706   66.7074   69.2015   120.859   99.5991   80.8314   76.6058   117.436   66.0408   116.021   73.1378   77.0967   90.0692   55.3363   
29.5296   64.8845   25.4558   0   61.0528   88.1642   30.8661   44.6769   44.8045   84.2359   94.6226   60.7854   47.832   70.2269   67.1098   42.016   32.0278   40.4868   54.2492   40.7386   31   87.2011   33.3132   64.3735   91.1357   55.0109   71.6425   52.4558   65.451   43.6833   78.1348   52.7131   85.9734   42.4008   60.8722   54.9782   89.3413   41.4094   57   95.1774   74.9416   59.0476   45.5287   91.995   38.8537   91.1451   61.0455   63.0476   66.3356   40.0217   
27.6586   41.4367   70.1783   45.618   0   99.2349   55.0872   86.3148   57.1096   62.0919   63.8534   35.6155   57.6091   33.2643   38.8114   48.0161   73.6657   86.1048   44.0187   50.2278   76.618   51.6007   78.9312   43.2338   54.3836   57.4425   91.6942   91.0729   63.2385   87.4367   93.715   79.3191   54.6356   67.1536   87.4879   40.4131   75.8613   49.8697   37.3607   49.3836   37.4222   36.0227   37.5242   65.2339   46   63.8197   57.0147   63.3011   86.4637   66.6611   
58.6941   54.7449   86.4696   73.1642   83.2346   0   76.7694   72.2482   103.006   78.4531   97.6002   79.6958   119.002   112.456   111.426   78.749   78.0746   101.485   70.4707   72.8224   100.826   103.63   76.6604   120.385   112.244   61.6756   33.2354   105.937   51.2353   77.0081   27.1655   63.19   130.661   67.8188   54.0172   77.8218   74.0425   79.4301   103.759   114.465   111.443   113.398   89.3146   77.0345   83.6964   81.0085   120.891   57.0694   51.1868   113.186   
15   50.0899   39.4081   14.8661   36.4966   62.7694   0   55.0585   49.5707   69.7063   82.3786   46.8299   54.2241   62.8755   60.6975   22.0711   42.4094   55.3529   41.7487   27.3724   45.8661   75.4152   45.0416   64.5224   82.8535   38.1455   65.4975   66.4081   46.257   58.0156   70.037   51.4631   84.2371   41.868   60.8246   42.2358   74.0213   24.544   52.5296   85.8802   70.7922   57.3113   43.095   76.6841   30   75.2699   67.4376   54.8617   64.5876   46.4138   
45.8803   74.411   30.0832   30.6757   70.7107   58.0345   34.2345   0   62.8539   95.0237   111.9   76.7418   78.5077   97.11   94.639   56.3056   31.6491   48.0832   69.4362   60.6962   56.6497   107.048   37.4018   94.6448   111.664   55.4005   56.0128   47.8378   61.0977   31   65.6821   35.088   115.706   47.8035   50.1548   69.4617   99.4661   58.7785   78.8276   116.853   103.873   89.0069   74.3263   103.006   64.2345   101.591   91.7212   63.8688   59.5601   70.6975   
37   71.1969   32.7567   17.8045   41.1096   89.0056   26.5707   47.8539   0   90.0761   95.1605   63.6463   35.8062   59.8126   56.4731   48.1784   49.8323   46.8475   61.7792   53.0784   37.3607   85.4154   51.1177   55.622   89   62.509   89.447   50.8378   72.747   61.4878   95.9393   70.5176   75.3028   60.2053   78.6767   61.1406   95.5037   50.4013   46.077   90.4932   73.0931   48.4109   43.5466   96.7647   45.0161   98.3772   49.1725   73.3624   84.1401   28.3852   
40.7063   6.7082   94.8736   70.2353   42.7551   60.2993   55.5698   80.9197   75.4321   0   44.3452   43.4764   100.364   76.0195   81.5665   64.1947   90.5922   109.34   45.4064   65.7458   101.235   52.4006   92.5225   85.9889   52.1321   58.6232   79.5216   112.395   50.2353   96.3449   78.7885   84.5733   86.5233   74.1378   77.9903   49.4631   29.2643   62.9174   80.1158   60.4708   64.4462   78.7778   69.7198   27.4853   66.5188   26.0711   97.3217   62.3113   64.3889   94.2955   
52.8015   29.0172   106.075   80.6226   40.8534   83.6002   67.3573   97.6166   80.7775   23.3452   0   61.609   98.4625   71.4489   74.1913   75.3075   104.694   121.109   64.909   77.841   111.623   36.3547   105.029   79.4981   32.2315   81.4676   101.831   124.49   71.5155   112.589   101.098   105.299   68.8045   93.1332   98.1724   64.4382   52.6096   75.0126   78.2141   32.8045   50.1496   76.8761   67.614   45.7308   84.3847   46.4008   97.8681   84.1664   86.6979   95.0625   
17.2047   23.0217   70.9366   45.607   20.6155   63.6318   31.8277   62.6498   49.0408   26.4764   35.609   0   72.3732   50.805   49.8469   41.094   69.0974   86.0938   24   42.2442   76.607   55.8058   69.4324   61.708   55.9285   47.3095   76.7175   88.8935   45.4605   76.9923   81.0079   67.9711   62.0104   57.8044   74.7809   30.2801   55.7407   39.4158   52.1248   63.5091   42.2488   54.4969   43.0998   48.1321   37.9317   50.2021   65.4198   50.5941   67.3847   73.8197   
46.0977   78.0577   42.0119   30.6105   42.5441   100.846   38.0789   60.4152   12.8062   81.4985   83.3847   55.1453   0   50.1606   46.8211   57.6839   62.0208   55.7359   70.3263   62.5839   46.249   86.0382   63.9237   45.9699   88.5844   72.0145   102.253   57.107   82.2524   72.9017   108.116   80.0692   65.6847   73.0112   91.4826   70.6461   104.09   59.9068   42.2485   91.1134   70.2268   38.7588   56.3528   103.277   54.5216   105.238   35.7631   82.3099   96.946   29.8102   
39.8246   56.4624   71.5122   49.4975   15.2643   97.4526   44.5533   78.0577   39.3573   57.28   51.4782   35.805   36.0694   0   27.6056   55.4376   81.5252   84.5851   59.283   60.3376   75.0983   55.1889   82.8107   32.0384   57.7351   69.7682   104.141   90.1952   77.2209   93.0067   106.114   88.7719   34.0278   76.6064   95.6573   55.6774   86.3542   57.6605   39.3132   60.6378   39.3776   34.4018   43.6982   80.4982   52.2753   79.084   36.8473   78.5655   98.6296   60.0555   
38.2753   57.2451   68.0074   46.2709   15.8114   96.4261   41.9762   75.1665   35.7771   58.4637   53.9351   35.8469   32.5576   3.60555   0   59.0431   78.2987   82.6246   57.7732   62.4577   73.1378   58.7945   79.5841   34.1803   61.3407   72.7289   102.924   84.5288   79.0499   89.9543   105.706   88.1249   37.6333   78.7343   94.6241   56.2245   87.728   59.6293   34.8114   62.2945   42.9831   32.0623   47.3037   81.0453   55.8809   79.6311   36.9249   79.1125   90.0608   46.45   
8.06226   43.4626   46.4004   21.4709   31.0161   61.4003   7.07107   40.025   30.2655   48.7647   60.3075   24.7588   40.4969   40.8044   38.6264   0   44.9666   60.8039   36.8102   22.434   52.4709   73.6994   49.6222   63.3915   77.7242   33.207   66.221   70.7133   43.6472   57.1821   67.7587   50.8626   74.052   38.7105   57.6187   37.2974   66.9711   19.6056   49.0419   79.0355   61.8254   56.362   32.2788   71.0919   23.1623   69.6777   66.5982   44.9422   55.5366   53.4849   
36.8917   68.884   24.0208   18.0278   59.6657   62.8013   23.4094   12.6491   35.3553   75.0733   89.627   54.0833   48.0208   66.0076   63.0079   29.9666   0   42.0208   60.0977   44.2062   46.5803   98.8246   22.4142   80.4013   101.664   56.5747   58.9756   44.0179   58.2426   23   65.4679   42.8806   99.2517   37.9737   48.2053   64.3735   89.609   46.6816   62.3735   107.865   91.792   77.0753   62.2455   97.2782   53.1289   96.0643   75.7301   54   61.0488   54.7063   
53.8238   88.6848   1   24.7588   69.3397   86.5794   38.833   30.4631   31.7805   94.3398   105.38   70.2922   41.0122   70.5762   67.0671   45.8039   24   0   79.0081   65.4975   25.4868   110.687   45.02   84.0984   114.425   74.0088   82.9756   22.1231   81.7661   47   89.4679   63.4072   103.932   57.5793   72.2053   79.7371   112.775   63.377   70.2015   118.467   98.3645   79.771   68.8179   115.517   63.6126   114.103   74.1378   78   85.0488   55.3456   
10.7703   24.6982   64.8999   40.2492   28.0179   55.2178   25.5539   53.7122   47.1699   30.0167   43.909   10   55.3263   42.45   41.7732   18.7883   46.0977   64.3506   0   35.8099   71.2492   59.6079   61.2277   65.614   65.9285   28.0357   73.7424   82.4592   43.2354   69.0977   67.0784   56.2019   72.0104   51.3847   68.1022   29.6056   49.0588   32.9814   53.2753   68.6488   52.2488   60.9444   38.5407   51.4005   38.7631   51.8785   75.4198   44.8806   58.7851   69.0895   
8.24621   40.8167   48.3735   24.7386   35.2278   55   10.0499   37.6962   35.9026   46.6154   60.4649   25.0599   46.6154   46.2385   44.2832   6.40312   29.2062   47.8853   16.9706   0   55.7386   76.3624   46.4109   69.7946   75.4643   37.1803   58.8292   70.0084   44.587   52.2062   61.7881   46.1655   80.2663   34   58.7463   43.7005   66.0293   26.0087   53.3107   79.2194   65.1699   62.7651   38.6819   68.3711   28.0623   67.997   73.0013   42.6977   45.1448   56.4637   
46.5296   81.8596   10.4403   17   60.2163   85.1469   31.7805   32.6497   22.3607   87.2353   97.0824   62.426   32.249   61.0983   57.5847   38.4708   22.8473   9.48683   57.2451   41.4367   0   102.88   38.1661   73.9068   106.618   69.926   81.8229   31.6099   78.0375   45.8473   88.3153   60.6578   95.126   58.1152   71.0526   70.9412   105.304   56.3245   61.7658   109.6   90.5574   69.5691   61.0109   107.958   54.8167   107.05   65.0978   76.8473   80.3939   44.074   
47.1699   34.8855   97.4526   72.2011   28.6007   88.6002   60.4152   93.0484   69.6563   31.4006   15.1327   30.8058   70.7107   37.108   39.8497   53.6656   83.6301   96.6747   40.6079   55.3624   87.8635   0   99.3977   65.01   22.1231   68.6435   105.292   118.739   74.0351   106.63   106.966   96.8098   50.1386   85.5681   101.195   58.0789   60.665   69.381   65.9614   23.0554   37.8114   64.6234   64.8688   57.1838   66.5371   55.7696   73.9553   77.0083   92.1095   86.2422   
37.2156   68.7677   25   19.3132   60.4152   61.6604   24.0416   11.4018   36.7151   75.0067   89.8721   54.3783   49.3964   67   64.0312   30.4631   1.41421   25.02   46.2277   29.4109   24.1661   84.0952   0   81.8155   103.078   57.989   60.3898   45.4321   59.4853   24.4142   64.2195   42.6469   100.666   39.3879   49.6195   65.7877   91.0232   48.0959   63.7878   107.151   88.0405   74.6712   61.911   97.3623   50.6155   95.9481   77.1443   55.4142   62.463   56.1205   
46.6905   68.3081   67.082   48.3735   26.9258   105.361   47.4236   78.6448   34.3657   69.6348   64.4981   46.5188   27.2947   13.0384   11.1803   45.4863   66.0984   66.0984   51.614   51.614   56.7186   50.01   67.2681   0   70.7232   78.2488   110.443   84.4017   87.3542   88.9667   113.245   95.9854   41.6008   84.1891   103.105   66.8884   98.8991   65.0918   36.3914   72.4883   52.3657   25.2111   56.1127   92.1597   65.3137   90.7455   37.3137   89.3179   96.7588   52.8329   
51.264   38.0789   101.213   76.0263   31.8904   92.1792   64.4127   97.1442   73   34.1321   15.2315   34.9285   73.5731   39.2173   42.1545   57.6975   87.6641   100.424   44.7214   59.4643   91.5478   4.12311   88.1419   51.923   0   72.757   107.136   119.196   78.1582   110.664   108.788   100.923   54.2617   89.6913   104.218   59.2019   63.3964   73.4751   67.9665   26   32.3576   67.9132   62.607   60.4655   70.5619   59.0512   76.0322   80.0312   95.7595   88.6044   
13.4536   33.2415   57.3847   35.2278   39.9249   45.2769   21.0238   41.4005   47.0744   39.6232   56.8595   24.0208   57.5847   53   51.614   17.088   35.805   57.0088   14.0357   11.1803   51.4198   54.5894   35.609   60.1415   58.6941   0   53.605   79.1319   24.4403   56.7253   55.1155   42.4605   82.542   39.6011   52.0737   43.0294   60.4838   29.6015   58.4001   77.6448   66.2696   67.8934   44.0741   61.8361   31.4929   60.4219   80.1611   31.2195   38.4722   67.4376   
49.6488   57.8705   68.0661   57.4543   76.6942   19.2354   49.4975   39.0128   74.4043   64.3273   86.4696   59.439   86.8332   89.4707   87.818   50   44.9222   68.2495   49.7293   43.8292   67.6757   88.2043   43.6807   95.4411   92.1358   36.7696   0   86.8507   47.1044   58.7703   26.0711   39.112   119.312   46.9835   25.7703   67.2133   68.231   65.2224   94.7132   111.26   99.6156   104.266   80.2693   79.5136   67.8652   85.0509   112.862   42.8617   39.1327   93.0253   
57.6888   92.6607   4   28.4253   72.4224   90.4489   42.72   33.8378   33.8378   98.27   108.977   74.027   42.107   73.0068   69.4622   49.6488   28.0179   4.12311   68.2642   51.8845   12.2066   100.005   29   67.9117   103.711   61.0983   72.0069   0   84.6419   51.0179   93.2195   67.2832   107.035   60.5793   76.2231   82.7995   114.585   65.1077   73.2015   121.806   102.488   80.8658   72.941   119.404   67.0232   117.99   77.1378   81.0967   89.0666   56.2805   
23.0217   29.5296   65.8027   45.0111   47.1699   36.2353   31.257   46.0977   57.4891   36.2353   56.5155   28.4605   68.0074   61.2209   60.208   27.5136   42.9535   65.521   19.2354   21.587   60.6712   57.0351   42.4853   69.3542   61.0082   10.4403   31.257   69.6419   0   65.9535   50.7678   51.6105   90.4709   46.1868   47.726   37.8254   56.4006   40.0418   68.0862   80.0905   70.7093   77.7254   53.6422   58.1242   41.9332   56.71   89.7248   27.2426   34.1245   77.6708   
44.7214   74.9533   25.2982   26.6833   68.4471   62.0081   32.0156   5   43.4626   81.3449   97.0979   61.7738   55.9017   75.0067   72.0069   38.2753   9   25.632   53.2541   36.7151   27.6586   91.7878   8.06226   74.9667   95.8541   41.7253   43.1856   29.1204   47.4342   0   64.8179   34.2237   108.252   42.4307   55.1548   70.2684   98.609   52.5766   71.3735   114.843   96.1028   82.7335   69.9528   100.703   58.6777   102.134   84.7301   63   64.5601   63.7063   
52.4309   56.0803   74.8131   63.0635   78.7147   12.1655   54.037   46   79.6116   62.2896   85.0235   60.407   91.8368   92.1141   90.6973   53.7587   51.4198   74.9667   51.0784   47.4236   74.0405   87.9659   50.2195   98.8585   91.7878   39.1152   7.07107   78.7718   31.9531   50.0899   0   46.1831   121.331   54.0546   32.8414   68.626   75.3021   67.7745   97.4954   111.021   101.649   107.009   83.0514   77.7841   70.6081   76.3699   115.29   45.4138   42.6433   98.0536   
37   59.9083   44.2832   34.7131   64.2806   42.19   30.4631   17.088   52.3259   66.5733   85.235   51.9711   65.0692   74.4648   72.1249   33.7343   20.8806   44.4072   42.2019   29.0689   43.6578   82.7647   19.6469   77.8781   86.885   28.4605   24.0416   48.2597   30.6105   20.2237   30.5941   0   107.786   37.1655   27.3417   68.4359   75.5224   53.3398   74.9333   105.82   94.22   87.7744   66.0131   88.5028   54.4966   87.0886   95.7586   49.4008   43.4722   74.7348   
55.9732   64.8151   88.8876   67.4759   28.6356   111.517   62.2896   96.0208   56.3028   63.8122   51.1957   48.0104   50.774   18.0278   21.2132   58.0517   84.0238   87.9318   56.4358   63.0635   78.4474   36.1386   85.0059   23.6008   36.3456   68.542   105.309   90.1388   75.6637   93.0215   107.331   91.7824   0   94.6341   113.685   67.8394   93.0766   75.6882   53.8782   56   45.4131   42.9258   61.7259   91.2975   70.3031   89.8833   54.8751   91.922   107.014   67.6632   
25.0799   51.6624   42.5793   26.4008   52.1536   46.8188   18.868   22.8035   43.0116   58.1378   75.1332   40.8044   55.4437   62.3618   60.0833   21.587   18.9737   42.4264   31.3847   17   39.1152   71.5681   18.3848   66.1891   75.6902   18.6011   31.4006   46.5296   24.1868   23.4307   36.7151   12.1655   79.6241   0   39.2132   58.4762   69.7336   41.1926   65.3735   94.6235   81.1249   76.1793   53.8659   77.4028   44.7493   77.5412   85.6578   34.1246   45.3452   64.634   
42.0595   56.648   57.5587   46.8722   69.6419   29.0172   39.8246   29.1548   64.0312   63.3246   84.1724   54.0833   76.5768   81.5414   79.6241   41.1825   34.2053   57.7062   44.1022   35.3412   56.921   84.0952   32.9848   86.6083   88.1419   30.2655   10.7703   61.5224   27.6586   33   17.2627   13.3417   98.0306   21.2132   0   61.2652   73.4707   59.867   86.5867   107.151   96.3321   96.7632   72.68   85.2426   61.7583   83.8284   105.646   45.1868   36.6015   85.8472   
10.6301   25.7099   65   39.9625   24.4131   58.8218   25.6125   55.4617   45.5412   30.4631   42.4382   7.28011   53.0848   38.8973   38.2884   18.6011   47.2017   64.405   3.60555   18.0278   56.9386   38.0789   47.4342   48.2597   42.2019   17.0294   53.1601   68.2422   22.8254   54.7083   54.626   44.7214   52.8394   33.5261   47.2652   0   52.6643   32.8412   52.4401   61.0744   49.5289   60.4358   38.6815   54.3045   34.1245   52.8903   65.6236   45.3516   55.5016   64.0425   
44.4072   13.0384   95.8541   72.8011   54.231   47.0425   57.9741   77.4661   81.2219   15.2643   37.9473   34.9285   89.0898   69.3542   70.0071   51.9711   73.9256   95.462   34.0588   48.0833   89.493   46.6154   73.5731   80.9938   49.3964   38.4838   54.231   99.5389   31.4006   78.8162   50.9608   61.5224   77.801   55.4707   55.4707   36.0139   0   66.6183   87.0533   69.6708   75.4135   89.4254   72.5994   29   69.4876   35.0416   100.348   54.609   65.5252   99.006   
7.2111   41.5933   47.7074   23.4094   33.0606   57.8014   8.544   38.8973   33.541   47.1699   60   24.4131   44.0114   43.6578   41.6293   3.60555   29.6816   47.1699   17.2047   2.82843   40.3113   54.231   30.0167   48.8262   58.3095   13.6015   46.6154   51.1077   24.0416   37.5766   50.2494   31.257   60.6383   19.105   38.0132   17.6918   49.4773   0   46.8277   77.2864   65.2624   55.6173   35.8844   68.6052   26.7678   68.7731   62.1664   37.3607   47.9733   53.6879   
31.0644   59.1354   52.2015   31   22.3607   89.3756   29.5296   60.8276   20.2485   62.0322   63.1585   36.1248   20.2485   19.3132   15.8114   28.3196   48.3735   51.264   38.2753   34.6554   41.7852   50.774   49.4975   18.0278   53.8238   44.2041   78.2432   53.7122   54.0833   57.3149   82.0731   59.9333   36.8782   48.3735   69.0652   35.4401   70.859   31.8277   0   71.7443   58.6908   27.1803   38.7631   84.2569   44.9072   86.1804   37.6433   67.4135   79.8003   40.6918   
55.9732   42.72   105.209   80.1561   35.3836   97.0155   68.8767   101.843   76.3806   38.4708   17.8045   39.8121   76.2758   41.1461   44.2945   62.2415   92.1954   104.403   49.6488   64.195   95.4254   9.05539   92.7038   53.4883   5   63.6396   97.1288   107.615   66.0076   100.464   96.7471   91.7824   36   80.5233   93.1343   47.0744   53.7122   62.9682   56.8507   0   37.3576   69.3546   67.607   63.5353   75.5619   64.0116   77.9934   85.0312   100.132   90.7444   
39.0512   40.4599   84.5991   59.9416   14.4222   89.4427   50   83.9524   55.1543   39.4462   30.1496   26.2488   55.2268   21.3776   24.0416   43.9318   73.3757   83.7616   35.9026   47.1699   74.6324   15.8114   74.0405   34.3657   18.3576   49.4975   85.6154   86.8389   54.7083   82.0061   86.6487   76.0263   24.4131   64.1249   79.7621   32.5576   53.4135   45.3982   35.609   21.2603   0   45.9531   48.5466   65.4131   60.4222   65.5172   58.2249   76.8429   87.9697   70.4916   
39.598   62.8172   62.0967   42.0476   22.0227   98.2904   40.3113   72.0069   29.4109   64.6297   61.6117   40.4969   24.7588   11.4018   8.06226   38.2753   59.5399   61.131   44.9444   44.4072   51.6624   47.7598   60.6712   7.2111   50.1597   53.0377   88.2326   63.2456   62.3699   68.469   91.6788   70.7743   26.9258   59.0339   79.404   41.6773   75.2861   41.6173   11.1803   52.3546   31.9531   0   43.0832   87.115   56.0876   85.7008   30.1655   78.5938   89.552   42.4951   
15.6205   43.0116   55.6058   30.5287   15.5242   74.2496   21.095   55.3263   29.5466   46.5296   51.614   20.0998   35.0571   24.6982   22.8254   16.2788   44.1475   54.8179   21.5407   21.5407   46.0109   41.8688   44.911   31.1127   45.607   29.0689   65   58.1378   38.2884   52.9528   68.0074   50.01   41.7732   37.855   56.8595   18.6815   54.3323   18.9737   16.7631   49.6488   29.5466   24.0832   0   68.2318   29.6015   70.192   49.1059   56.2099   66.6855   45.8329   
47.1699   11.7047   100.722   76.5572   50.9902   58.0345   61.7414   84.8528   82.7647   8.24621   27.7308   34.1321   89.2749   65.521   66.7083   55.1543   80   100.24   36.4005   52.3546   93.5201   38.1838   79.8123   77.8781   40.4599   44.2041   64.5136   104.235   39.0512   85.703   61.6117   69.6563   71.6938   62.2896   64.8845   37.3631   11   53.2259   70   44.4072   47.4131   72.8354   54.231   0   69.1413   26.4142   99.5519   65.609   69.3854   100.064   
6.08276   41.4367   49.0408   23.8537   28   62.482   10   43.1741   31.0161   46.5188   57.3847   21.9317   40.5216   38.2753   36.2491   3.16228   33.1059   48.4149   16.7631   8.06226   40.8167   50.5371   33.6155   43.6005   54.5619   17.4929   51.8652   52.2015   27.7308   41.4367   55.3173   36.4966   55.3173   24.3311   43.382   16.1245   50.4876   5.38516   26.9072   59.0931   40.7922   36.4005   13.6015   53.1413   0   67.6982   62.7074   40.6271   53.2071   51.541   
46.6154   11.1803   100.344   76.0592   49.8197   59.0085   61.2699   84.8646   82   7.07107   26.4008   33.2415   88.3629   64.2884   65.5134   54.626   79.8123   99.8499   35.8469   51.9711   93.0376   36.7696   79.6492   76.6877   39.0512   44.0454   65.146   103.832   39.2046   85.6329   62.3699   69.814   70.3278   62.2415   65.2993   36.6879   12.0416   52.7731   69.0072   43.0116   46.0652   71.7008   53.3385   1.41421   52.5547   0   98.6614   66.4472   68.861   99.1714   
47.7074   74.1485   58.1378   42.3792   34.0147   105.891   44.8219   73.0548   26.1725   76.3217   73.7564   51.4198   16.7631   22.8473   19.9249   44.5982   60.407   57.1402   54.626   50.9902   48.0104   59.7746   61.6847   11.3137   62.0322   60.803   94.1754   58.5491   70.7248   68.9638   98.2904   74.6257   34.8281   63.6003   84.6463   51.6236   86.3481   48.1664   16.6433   63.9766   43.9659   12.1655   33.1059   84.4808   43.4166   83.3847   0   84.0436   96.135   41.0238   
22.6274   33.6155   62.0967   42.0476   48.3011   36.0694   28.8617   41.8688   55.3624   40.3113   60.1664   30.5941   66.3099   61.8547   60.6053   25.9422   39   61.8466   20.8806   19.6977   57.3149   60.0083   38.4838   69.3109   64.0312   9.21954   28.8617   65.9697   4.24264   43.2666   30.4138   26.4008   76.922   20.1246   24.1868   24.3516   35.609   22.3607   53.4135   69.029   56.7539   62.2254   38.2099   43.2782   26.6271   43.4166   70   0   36.9284   75.2756   
35.805   43.6807   65.0692   49.3356   62.1691   24.1868   38.5876   39.5601   64.846   50.2892   71.8471   44.3847   76.6616   75.4718   74.0608   37.5366   41.0488   65.0308   34.7851   31.1448   62.3939   73.1095   40.1123   82.3286   77.0584   22.4722   15.1327   69.0652   16.1245   42.45   16.6433   22.4722   90.802   23.3452   13.6015   38.2753   41.8808   33.9706   65.7647   82.0549   70.6045   75.1665   51.4004   51.4296   38.8973   51.8941   82.134   13.9284   0   85.0014   
39.3192   72.4431   37.3363   23.0217   39.6611   93.1504   30.4138   53.2259   5.38516   76.2955   80.0625   49.8197   7.81025   36.0555   32.45   33.2415   40.7063   36.3456   49.0102   39.2173   27.074   68.2422   42.0595   29.8329   71.4003   50.2892   79.0253   38.0789   60.7289   48.8467   84.0536   57.3149   52.3927   47.634   68.7677   47.0425   83.006   36.6879   17.6918   74.5185   53.2635   25.4951   29.8329   83.863   33.541   83.0241   21.0238   58.8727   68.9638   0   
