15
40
999999 10 16 5 14 6 7 14 5 16 6 11 16 12 10 14 15 5 5 17 17 7 16 17 15 7 8 8 10 6 6 5 15 14 12 11 13 8 9 7 
0 4 4 1 2 2 6 7 2 15 3 5 1 5 4 1 2 2 4 6 15 6 10 10 7 4 6 2 9 2 3 4 3 9 7 9 3 2 3 2 
20
0   0   0   0   0   0   0   0   0   0   0   0   0   0   0   0   0   0   0   0   
-3   0   -5   3   -2   4   -4   2   -5   3   -1   2   -6   1   -6   1   0   7   0   5   
0   1   -5   6   7   11   0   3   -9   2   -1   3   3   3   -4   2   -5   3   -8   8   
2   0   2   -1   2   -2   0   -1   1   -2   0   -2   2   -2   2   -2   0   -2   4   -3   
-8   0   0   -1   2   5   -5   1   -3   1   -2   0   -6   5   -8   0   -5   -3   2   -4   
-2   4   0   1   -3   2   -6   3   -1   6   -4   2   0   0   -2   3   -1   3   -5   0   
-5   1   -3   5   -6   2   -7   7   -7   3   -6   5   -4   7   -4   4   -5   4   -1   4   
1   -11   -7   -11   5   -5   7   -1   4   0   0   -2   -6   -2   1   1   11   -4   2   0   
-2   2   -2   0   0   1   -3   0   -1   4   -1   2   -1   2   -1   1   0   2   -1   2   
11   1   -3   -3   5   11   4   1   -1   -7   0   -5   -6   6   0   4   0   -1   6   -1   
0   3   0   0   1   0   0   2   -1   0   0   0   0   3   -1   3   -3   1   0   0   
-1   3   -6   10   0   8   -1   5   -8   7   -9   4   -2   0   -8   4   -6   3   -4   7   
4   -6   2   8   1   1   11   5   -6   3   -5   2   0   -4   -7   -1   1   0   4   13   
0   -2   0   3   -2   8   -4   6   -4   6   -11   9   -11   9   -11   8   -5   10   -10   2   
3   -2   -7   -1   4   0   0   0   -3   -5   -4   3   0   -1   -2   1   2   1   -1   6   
-5   5   -1   8   0   0   -1   11   -1   0   1   1   -3   7   -5   0   -1   0   -9   3   
-2   9   -1   11   -2   2   -9   3   -8   1   -6   1   -2   6   -3   11   -12   6   -9   12   
0   0   0   1   0   0   -2   2   -2   0   0   1   -1   1   0   1   -2   0   -1   0   
0   0   0   0   1   0   0   -1   1   0   1   -3   0   0   1   1   1   -1   2   -2   
14   -2   11   -11   6   -10   4   -5   11   -10   11   0   7   -6   7   -15   15   -2   5   -12   
-7   8   -6   6   -7   14   -6   14   -12   3   -10   14   -8   14   -12   4   -12   8   -11   8   
-4   0   -3   -2   1   0   -3   0   1   0   0   3   -1   -1   -1   1   -3   1   -2   0   
-5   4   -11   12   -9   0   -11   7   -9   3   -12   10   -4   2   0   -4   -8   5   0   1   
-3   10   -5   4   -4   8   -13   8   -11   5   -7   0   -5   9   -12   2   -1   11   4   7   
-2   10   -8   10   -7   -2   -7   7   -10   8   -7   14   -15   12   -9   11   6   5   -3   12   
-1   0   -2   -2   0   0   -5   3   -3   4   -3   2   -1   0   0   1   -1   3   0   4   
-5   4   -4   7   -3   5   -6   4   -6   7   -5   3   -5   4   -4   4   -6   7   -8   6   
-4   5   -4   4   -4   8   -6   5   -2   4   -5   4   -4   1   -4   3   -6   3   -3   4   
9   -9   7   -6   5   -7   8   -4   1   -3   8   -7   4   -4   4   -7   6   -10   8   -2   
0   -4   0   1   -3   -3   -2   0   1   -2   1   0   0   0   3   0   0   -1   0   0   
3   0   1   0   1   -3   5   0   -1   -4   3   -1   2   -1   2   -3   3   -1   2   -2   
0   2   -1   0   0   1   -2   3   -2   1   -1   1   -1   0   0   0   -1   0   0   3   
-4   -3   -3   5   -6   1   2   7   -2   5   -7   9   -10   5   -4   0   -4   2   -6   5   
-6   3   -4   7   -2   4   -8   14   -3   8   -6   11   -9   9   -3   5   -11   13   -10   10   
1   -3   8   -4   0   0   7   -6   7   -5   0   -6   0   -5   8   -1   3   -12   5   -4   
-3   6   -3   2   -7   1   -5   6   -2   7   -5   11   -7   5   -11   1   -4   9   -6   6   
-3   2   6   2   2   10   0   1   2   4   1   0   0   0   3   -5   -1   -4   0   7   
-2   -1   2   3   0   1   -2   2   -1   -3   -1   3   -2   0   0   -1   -1   2   0   1   
-6   6   -5   6   -7   7   0   1   -4   6   -3   3   -8   4   -3   8   -1   8   -8   8   
-1   -4   2   -2   1   -3   5   0   0   -2   7   -3   4   -1   0   -4   5   -1   3   -2   
0   35.1803   50.1361   74.5511   47.1794   54.0135   68.5991   60.3626   42.2354   40.7099   57.2156   41.7648   51.4005   55.4462   56.4475   56   50.3456   43.2746   59.5961   61.609   52.8701   67.9706   70.8556   80.4004   60.1182   58.4838   66.8539   60.382   67.1275   37.2354   64.2616   67.1856   46.1359   70.4617   70.2897   48.1868   56.8904   45.2036   58.1214   63.2969   
11.1803   0   61.3164   83.5715   34.8661   65.1939   77.6194   71.5429   31.088   46.6007   56.6232   33.7047   43.2286   64.4665   58.2966   57.4849   61.526   54.4549   51.8906   60.793   32.7883   57.2717   82.0359   82.9292   61.7324   47.7849   73.6941   55.7732   71.2976   29.53   71.0652   69.5448   57.3163   81.642   77.4518   37.0263   58.2311   33.0454   57.6962   74.4773   
33.1361   44.0114   0   52.2861   77.3095   37.3961   40.3097   37.0416   71.811   59.8281   72.7246   65.2311   76.8358   42.0294   75.9313   65.0882   34.1333   27.0623   90.7564   51.8267   70.4059   99.6448   56   65.1562   72.3315   91.3848   51.8062   86.8431   62.0977   70.3715   63.1476   51.2278   35.6205   70.7191   35.8062   74.4665   44.5466   73   61.3431   29.2643   
58.0086   66.242   34.0147   0   95.9506   39.095   28   50.0771   97.33   55.9762   106.739   78.9396   84.1809   42.105   109.946   65.9331   68.148   61.077   117.605   76.1354   87.6831   110.431   39.2315   97.3389   106.346   100.952   73.162   115.412   57.7851   95.244   97.1624   83.4105   69.6352   101.092   57.3005   82.0339   78.5613   97.6439   60.1022   41.0217   
25.1794   14.8661   58.3095   80.9506   0   76.9333   90.2168   85.5419   39   55.7732   54.9625   40.0832   54.1403   79.3326   61.5933   68.4782   70.5788   68.4539   39.2047   70.3028   43.8035   51.0689   89.2011   89.4224   58.3401   45.4709   87.7704   62.4966   77.4277   34   72.2096   76.8805   68.1736   83.897   91.0294   49.2995   65.5668   28.7082   63.8262   87.3671   
37.0135   45.1774   20.3961   21.095   59.9333   0   39.9839   45.864   76.2654   41.0868   88.0996   64.3631   67.3517   26.831   90.4895   55.9449   50.0147   44   96.6096   65.6013   65.1664   90.8685   34.4642   85.5523   86.884   81.3817   61.1736   97.3955   41.6271   74.2489   82.8862   71.6239   49.0483   91.1152   52.305   63.0488   64.9427   78.2228   56.5296   36.8087   
51.8941   61.3514   23.6008   12   76.2168   18.0278   0   34.1007   87.4302   55.1096   93.2918   73.7462   85.3795   32.1529   96.5659   66.0784   52.2483   46.6228   108.473   62.6353   80.2886   105.071   45.8035   82.3166   94.3418   96.5457   57.1857   104.872   59.6548   86.1126   86.657   71.2839   55.8512   89.5844   41.3242   73.0085   68.057   93.5143   70.4866   25.0454   
45.0444   56   12.0416   32.0624   70.1783   26.4008   20.0998   0   81.1624   65.5379   79.5616   68.1507   86.2357   37.095   81.0681   75.5027   41.1591   34.088   100.329   49.4109   82.4475   108.146   59.8497   67.7188   79.1685   99.6205   42.0868   92.0066   68.0278   78.9682   69.9847   60.5766   47.6621   71.0803   31.2801   76.0833   51.3836   85.0075   69.6717   33.0554   
22.0227   17.088   52.811   80   13.6015   59.0339   73.4302   64.0312   0   62.0488   50.4197   45.1661   59.3275   77.4689   49.2312   74.5235   67.0956   62.0744   37.0227   62.5739   49.0713   59.8973   91.0071   77.5354   53.2025   51.8058   77.4974   41.0799   81.6483   21   52.7967   64.3964   59.6394   74.5619   78.6712   54.1143   55.2938   39.72   74.7842   82.0753   
25.7099   28.6007   34.8281   41.9762   41.7732   23.0868   41.1096   45.2769   45.2769   0   81.0538   34.6918   43.2843   49.9177   82.1574   32.0278   64.0846   57.0135   73.9542   70.8941   48.7192   67.3587   49.8869   89.3923   79.6396   57.9762   80.0339   84.3739   41.5407   58.1307   84.8456   77.5582   58.3412   92.417   70.6344   41.4391   66.2445   50.609   32.3693   59.8954   
37.2156   39.6232   54.4885   87.4185   39.9625   68.4763   77.9872   62.6259   26.4197   62.8013   0   64.0899   82.8518   84.211   19.0198   93.2156   58.0522   62.1047   59.2434   50.2997   72.4115   85.6282   101.321   53.0706   15.4142   78.2255   66.6488   29.1327   102.932   47.4197   40.1421   56.3766   57.0512   54.8707   76.8595   76.6495   51.178   65.8634   89.3303   83.7529   
14.7648   11.7047   41.2311   57.9396   24.0832   37.3631   54.7449   53.1507   28.7924   17.6918   50.0899   0   41.8567   63.5933   69.1097   47.831   58.1022   58.0394   59.373   67.4975   31.4164   58.6471   67.2597   88.0282   65.5041   49.1603   77.4649   67.4779   52.2753   41.2347   75.7083   74.6281   58.4093   85.2265   74.1413   34.434   63.4004   36.0278   42   70.4954   
36.4005   29.1548   60.8358   69.1809   32.1403   51.3517   69.3542   72.2357   43.2897   28.2843   68.4105   21.9317   0   73.8171   84.8308   46.5539   80.0339   74.7454   66.6593   86.5344   32.4403   42.1661   72.3984   108.255   83.8247   37.3848   97.0088   82.0661   55.8503   52.3275   91.7124   94.8137   71.0803   106.862   88.6421   27.8062   85.2495   45   42.2488   87.342   
39.4462   48.4665   17.0294   19.105   63.3246   5.83095   13.1529   21.095   61.2944   28.4429   68.5055   41.5933   56.7186   0   87.5252   56.4969   49.5864   42.5153   98.3171   67.4264   70.291   94.6027   40.2952   82.1856   83.9197   85.1158   60.9762   96.3095   46.0156   76.6815   78.6946   68.2572   52.6499   85.7107   48.2788   63.0109   61.576   77.621   60.8122   32   
40.4475   42.2966   58.0517   91.022   41.5933   72.0694   81.5659   66.0681   28.2312   66.0984   3.60555   53.0094   70.8308   72.111   0   96.4475   61.6578   65.7102   62.849   53.4708   75.0849   88.1285   104.927   56.6761   19.0198   80.037   70.2543   32.7383   103.321   49.2312   35.0312   55.9026   60.6568   57.6228   80.465   79.3229   54.7836   67.8803   92.9359   87.316   
42   41.4849   51.0882   47.676   51.4782   34.6699   51.0784   60.208   58.5235   18.0278   79.1012   29.8329   25.5539   40.4969   82.2192   0   75.4494   68.3783   89.2059   85.8634   56.4669   66.6488   58.0606   107.42   94.5154   62.6005   92.2758   97.2581   40.3178   71.0149   102.873   94.4796   69.3104   110.445   85.7024   49.1868   84.2723   65.8606   31.831   69.4707   
31.9531   43.0116   14.3178   48.1041   55.5788   34.0147   37.1214   19.8494   47.0956   43.2666   42.8019   44.1022   65.6049   31.257   46.2277   60.9016   0   28.0711   84.1184   37.1803   71.5563   93.856   68.479   50.2345   58.2161   84.3881   40.4012   71.9346   75.6418   61.9015   54.4093   37.0238   23.8489   58.4588   41.3178   70.8015   38.8114   76.057   75.6359   42.2029   
29.2746   40.4475   8.06226   42.0476   54.0093   27   31.6228   17.088   47.0744   37.0135   46.669   39.8121   60.7454   24.5153   50.2096   54.3783   7.07107   0   84.0971   41.0278   67.2259   93.6811   60.1814   57.3056   62.0833   84.8629   47.4723   75.8018   68.2445   66.5099   55.8246   44.0949   30.9199   65.5299   34.0357   64.0208   42.5407   66.4782   68.5489   37.3266   
41.1096   31.7648   73.7564   98.0051   17.2047   76.9415   92.8493   85.3288   22.0227   58.8982   42.4382   41.2311   45.31   80.1124   42.638   67.424   69.029   68.593   0   83.2008   55.7359   58.3883   106.368   95.5087   57.8524   50.2746   97.5489   51.8024   93.5064   36.3607   74.8195   86.4191   81.6621   88.0616   100.694   61.9365   77.3165   41.3452   81.0309   103.021   
35.609   45.793   25.4951   59.1354   56.3028   45.0111   47.927   29.4109   45.7056   51.8941   35.3412   49.4975   71.4213   42.4264   38.4708   69.857   11.1803   18.0278   67.6018   0   78.5813   97.8553   78.2092   48.7697   50.7554   93.5779   40.0333   64.4739   86.2723   66.7056   43.7588   37.0499   35.0292   54.2843   46.6716   81.9819   34.2801   75.9017   84.2634   53.3833   
26.8701   18.7883   54.4059   67.6831   22.8035   48.1664   66.0681   66.2193   33.0606   25.7099   57.9741   13.4164   10.4403   53.0094   60.4152   29.8329   57.4543   53.2259   37.7359   62.3699   0   41   72.575   101.445   73.3883   42.2788   90.8813   72.1379   56.0268   42.0713   85.8573   88.0445   70.7074   97.3318   84.4831   31.2801   76.8168   36.2788   42.4253   83.6702   
47.927   37.1214   78.6448   92.228   29.0689   73.1095   91.0494   90.6091   42.638   50.3587   68.8186   37.4833   24.1661   78.0064   70.1783   49.6488   79.8499   76.5376   32.3883   82.8553   25   0   93.8123   115.959   84.2328   24.4868   110.084   83.7179   80.0164   55.2029   95.0045   104.058   84.0071   112.381   105.25   51.9723   92.977   42.2029   66.4149   107.909   
51.8556   58.1378   37   15.2315   72.2011   17.4642   22.8035   39.8497   73.5935   30.8869   85.4283   48.2597   56.0892   20.025   89   33.0606   51.0882   44.1814   89.4036   62.2013   56.0803   79.8123   0   101.323   100.843   88.8631   78.6378   111.578   42.6469   87.6677   97.7164   88.112   66.5126   105.288   64.1277   65.8467   79.1153   81.4959   53.1496   47.8489   
56.4004   65.0692   48.0104   80.0625   72.4224   68.1836   68.2495   48.2701   59.6825   75.3923   38.833   71.0282   92.8009   65   40.3113   93.4077   34.2345   41.3038   79.7057   23.7697   83.0963   100.896   85.0059   0   52.6563   107.232   51.632   67.3385   107.195   76.426   41.7386   33.9284   55.1622   30.1803   60   102.095   48.6982   95.7564   105.664   75.2713   
38.1182   40.7922   54.5619   87.6584   41.3401   68.884   78.1025   62.482   27.7849   63.6396   1.41421   51.1566   69.6419   68.7968   3.60555   80.0562   42.638   46.6905   43.8292   34.8855   59.203   70.214   85.9069   37.6563   0   79.5907   63.9885   30.547   103.432   48.7849   37.0384   47.5576   58.4655   46.5466   70.8538   77.8185   41.7849   63.1885   90.7446   83.8262   
38.4838   27.7849   69.2315   83.9524   21.4709   64.3817   82.2192   81.2158   34.9857   41.9762   61.4003   28.1603   18.3848   69.1158   63.0635   43.6005   70.3847   67.0522   29.2746   73.5731   16.2788   9.48683   72.111   92.0978   62.7694   0   101.331   76.0656   71.0181   48.3848   87.7825   97.2394   79.5323   105.368   98.373   37.5372   86.0159   35.3848   57.4166   98.4958   
47.8539   58.6941   26   55.1453   70.342   46.1736   43.1856   23.0868   60.407   59.0339   49.6488   60.4649   82.0061   41.9762   52.5547   76.2758   16.4012   22.0227   82.3893   15.0333   73.7835   95.7549   61.8142   25.632   49.0408   86.3308   0   78.7815   87.8006   77.1882   56.5899   42.8045   40.2501   55.8124   41   86.0435   39.2036   88.5009   87.3431   53.1403   
43.382   41.7732   66.8431   98.4124   36.4966   78.4092   89.8721   76.0066   25.0799   68.7095   15.1327   53.3667   68.0661   79.3095   13.0384   83.1986   56.4358   59.4054   32.8024   49.98   58   63.1585   94.578   53.3385   16.0312   57.28   64.56   0   105.642   46.0799   48.0696   63.5889   72.184   62.5778   85.7889   78.7995   56.72   63.107   95.3667   96.1074   
47.1275   49.7393   46.0977   34.7851   61.8466   26.6271   40.2244   53.0094   66.6483   21.5407   83.9524   38.2753   39.3954   32.0156   87.3212   14.3178   58.2409   51.2445   78.5684   68.4471   42.0119   63.561   19.6469   92.1954   84.7231   56.9386   72.0902   90.2497   0   76.2656   102.095   95.2647   70.469   113.958   77.8014   50.3836   87.7852   71.8034   29.6015   63.4357   
19.2354   12.53   51.4198   77.1038   10   56.0357   71.1126   62.9682   5   41.0488   30.8707   24.1661   38.3275   58.6686   32.8938   53.7587   47.0425   46.2709   22.3607   46.8402   28.0713   38.8973   70.0071   62.426   32.2025   30.8058   61.1882   30.0666   62.2656   0   57.7967   68.4296   64.6394   76.9828   80.3066   49.5563   60.2938   31   66.1661   80.6842   
40.2616   46.0652   47.8853   81.8413   50.2096   64.846   71.3442   53.9073   36.7967   64.1249   14.1421   54.7083   75.1532   63.6946   16.0312   81.6149   34.4093   39.8246   55.4707   24.7588   64.846   79.2465   82.28   24.7386   13.0384   71.0634   37.5899   29   84.0952   40.3609   0   45.9148   51.6011   37.8045   63.67   81.9062   34.6011   71.3609   93.3217   76.6122   
43.1856   52.4976   35.2278   68.4105   61.2944   55   56.921   37.5766   49.3964   61.4654   33.3766   57.6281   79.511   52.2398   35.9026   79.4796   21.0238   28   70.6045   10.0499   70.0357   89.0505   72.111   13.9284   32.5576   80   17.8045   48.5077   78.4474   51.4296   20.2485   0   44.8727   37.6815   44.4138   89.5239   36.3137   82.4296   93.8348   63.2267   
22.1359   33.2415   15.6205   48.5489   46.1736   31.0483   38.9487   25.632   38.6394   35.3412   39.0512   34.4093   56.0803   29.9666   42.638   53.3104   9.84886   8.544   60.2993   16.5529   47.7074   70.0071   48.5077   40.1622   39.2046   60.5392   26.0768   51.225   52.469   38.0526   33.8378   26.2488   0   57.1725   40.0907   62.2782   31   66.2869   62.5395   44.8848   
55.4617   62.6817   53.7587   87.0919   67.897   73.171   75.5844   56.0803   54.5619   77.1298   30.8707   70.214   91.4166   70.7107   31.6228   95.0789   39.4588   46.2709   73.0616   28.2843   81.3019   96.8762   90.4489   11.1803   29.5466   88.5268   34.6699   44.3847   95.5249   57.9828   17.8045   18.6815   43.1045   0   63.0954   99.708   52.4056   85.1783   105.644   81.6618   
43.2897   54.4518   12.8062   39.2046   68.0294   31.305   27.2947   7.28011   60.6712   47.634   56.8595   53.1413   73.3553   26.5707   60.2163   63.7024   14.3178   14.0357   82.3893   22.6716   66.4831   90.2497   46.0977   41   56.6127   80.7775   16   70.7107   57.8014   60.1332   47.3814   30.4138   22.0907   48.8467   0   76.8358   47.0689   80.5138   72   34.2788   
24.1868   19.0263   48.4665   60.4152   27.2947   41.0488   59.0085   60.0833   35.3553   18.4391   58.5491   9.43398   12.8062   46.0109   61.2944   24.1868   52.8015   48.0208   43.4166   58.7282   7.28011   32.0624   48.8467   80.4487   59.6825   23.5372   69.2026   60.407   35.3836   30.4138   63.9062   67.0075   43.2782   79.6053   60.8358   0   69.8032   43.5589   40.9317   74.8558   
31.8904   41.2311   29.5466   63.561   50.5668   47.676   52.8394   35.3836   39.2938   51.2445   28.178   46.4004   68.2495   45.8803   31.3847   69.2604   15.8114   21.5407   61   7.28011   58.7282   77.9359   65.1153   24.6982   27.7849   68.8186   22.2036   42.72   69.3542   40.8534   18.6011   11.3137   17   26.1725   29.0689   55.8032   0   71.8534   79.5395   58.0143   
22.2036   11.0454   55   75.6439   6.7082   54.7814   71.5681   67.0075   17.72   35.609   43.8634   18.0278   26   58.5235   45.8803   44.7772   53.8516   51.4782   23.3452   55.9017   16.2788   27.2029   66.2873   73.7564   45.1885   18.3848   69.2892   42.107   55.3173   13   52.8015   61.8547   44.1475   70.1783   65.4905   20.5913   50.774   0   57.2019   84.2643   
37.1214   37.6962   45.3431   44.1022   48.8262   29.5296   46.4866   54.6717   54.7814   12.3693   74.3303   26   26.2488   35.3553   77.5242   5.83095   55.0727   48.5489   65.2993   64.0781   28.4253   50.3289   30.1496   87.6641   75.2396   43.4166   70.4557   79.1202   13.6015   50.1597   76.3217   73.736   47.5395   89.4986   58   21.9317   63.6003   42.2019   0   66.3383   
47.2969   57.7062   15.2643   23.0217   72.3671   20.8087   11.0454   9.05539   67.7791   42.3792   69.3109   53.0377   70.342   15   72.8354   55.4707   27.2029   22.6716   88.3233   37.5899   65.4905   90.3549   31.7805   57.2713   69.2965   81.1542   32.1403   82.0061   46.6905   66.0984   61.6117   46.2385   30.8058   64.846   16.2788   58.8558   43.0116   68.469   50.2494   0   
