15
60
999999 8 11 11 9 14 6 16 5 13 16 11 13 11 10 15 12 9 11 13 10 8 14 11 6 13 11 13 10 13 15 12 13 17 6 6 6 5 10 6 7 12 13 9 16 11 17 16 16 7 8 12 16 15 8 15 11 7 9 7 
0 3 3 9 4 13 1 3 4 1 8 6 6 7 9 7 7 8 4 11 6 7 6 9 2 1 5 9 4 9 3 6 12 8 3 3 1 4 4 3 2 5 2 1 4 7 16 6 12 4 7 10 1 7 6 11 2 3 5 2 
20
0   0   0   0   0   0   0   0   0   0   0   0   0   0   0   0   0   0   0   0   
-5   7   -3   5   -2   6   -2   3   -6   1   -4   3   -7   5   -3   5   -5   6   -4   8   
3   -6   8   -1   4   -3   8   -7   4   -7   7   -5   8   -7   8   -7   4   -5   6   -5   
7   -6   5   -9   8   -6   8   -6   7   -7   2   0   7   -9   8   -1   5   -6   7   -3   
-2   0   -2   0   2   0   -2   -3   0   5   1   3   0   -3   0   -1   2   -1   1   1   
-10   4   -4   5   -9   6   0   11   0   5   -1   0   -11   3   -4   5   -3   0   -2   8   
0   -1   3   0   4   -5   2   -3   1   -2   2   -2   0   -2   2   -1   5   -1   6   -1   
0   14   -1   -1   0   3   -14   2   2   1   -1   0   -5   7   0   -1   -5   5   -3   10   
3   -2   2   -2   3   -1   1   -1   2   -1   1   -3   2   -2   1   -1   2   -2   1   -1   
6   -3   4   -3   -1   2   3   -3   5   0   6   -3   2   -4   5   -2   2   -1   0   -1   
-9   7   -7   3   -4   6   -7   11   1   -1   -13   3   2   11   2   6   -1   1   -10   6   
3   -3   3   -3   -1   -1   5   -5   3   -6   0   0   4   3   9   -8   3   0   4   -3   
10   -4   3   -2   3   -1   -1   -5   0   -4   3   -4   1   -2   1   -3   0   3   0   2   
0   0   4   0   3   3   3   1   3   -8   5   0   2   -11   3   0   5   4   0   -3   
3   -3   -1   0   3   -1   4   -7   2   -2   3   0   0   -7   2   -7   4   -3   5   -3   
7   -6   7   0   3   1   3   2   2   -3   -1   -3   -3   -11   -3   -3   1   -4   1   2   
2   -3   11   5   9   -5   0   -1   0   -5   3   -3   4   3   0   -2   0   0   1   -5   
-5   6   -7   4   -1   7   0   8   -4   5   -3   4   -5   7   -6   5   1   3   -1   8   
-6   0   0   -3   2   0   0   2   0   0   -2   0   0   0   -3   -1   0   0   0   4   
-1   -1   -2   -7   -5   8   0   -1   2   4   -5   7   -5   -2   1   0   0   1   -3   4   
0   3   -4   5   -8   1   -5   4   -6   4   0   5   -6   -1   -1   6   -3   5   -3   8   
-2   1   -1   3   0   0   1   1   -2   -1   -1   0   1   0   -1   -1   -1   3   0   1   
11   -6   9   -5   5   -6   3   -2   12   -5   1   -13   6   -5   0   -6   4   -6   4   -3   
-9   4   -7   6   -4   6   -6   7   -6   9   -9   5   -5   5   -9   7   -6   0   0   10   
-1   0   0   3   0   -2   -1   0   2   0   2   -1   0   0   0   -1   0   0   0   -5   
-5   7   -8   5   -5   1   0   8   -3   9   -13   6   0   5   -6   5   -3   8   -5   1   
-4   6   -10   5   -2   1   -2   11   -9   4   -9   5   -10   5   -4   7   -6   7   -3   11   
-10   6   -12   7   -11   7   -5   9   -6   5   -4   3   -7   4   -6   2   -13   13   -12   13   
-9   9   -5   5   -4   9   -8   1   -5   7   -10   4   -7   4   -7   8   -7   7   -5   6   
-12   4   -4   5   -7   7   0   -5   -4   1   0   -2   -1   2   -3   -1   -1   7   -1   1   
-12   11   -6   12   -13   5   -6   7   -9   9   -9   -7   1   14   -11   -1   -10   7   -6   10   
0   -5   9   -8   2   -2   -1   -1   8   -9   5   1   5   -9   7   -5   4   -3   0   -8   
-6   4   -10   2   -5   0   0   4   0   5   -1   8   -4   0   -9   3   -2   2   -9   6   
-9   -2   -5   8   -14   7   -6   9   -2   6   -9   7   -9   5   -2   9   -10   5   -6   4   
1   -1   2   -2   2   -1   0   -3   2   -1   2   -2   0   -4   4   0   2   -3   0   -4   
-2   5   -3   0   1   3   -2   1   -4   3   0   1   -2   3   -1   1   -2   4   -5   0   
0   3   0   -1   -1   0   0   -1   -4   4   2   -1   -3   2   0   1   -4   -2   1   4   
0   0   -1   2   0   0   0   0   0   0   0   -1   0   -1   0   -1   -1   0   -1   0   
-4   0   -9   3   -6   4   -9   7   -3   8   -8   6   -7   10   -5   7   -10   2   -3   9   
1   0   2   -1   1   2   0   1   -2   1   0   2   0   -1   0   2   -3   0   1   0   
-1   0   -1   4   -3   3   -3   1   -1   0   0   3   -2   2   -4   2   0   2   -1   2   
0   7   -5   -3   -2   2   0   5   -3   1   4   6   -5   9   -4   1   5   3   -6   4   
8   -5   -2   -1   5   -4   6   -7   6   -8   2   3   0   -7   10   -6   0   -6   6   -4   
-1   3   -6   6   3   -1   1   2   -1   0   -6   2   4   7   -1   -1   3   -1   -1   2   
-4   5   -9   4   -3   0   -9   9   -4   3   -7   -1   -7   1   -9   0   -6   6   -4   6   
-6   5   -4   0   -5   8   -4   7   0   6   -5   7   -6   6   0   0   -4   2   -5   5   
-6   15   -7   4   -10   4   -9   10   -14   5   -12   10   -5   13   -8   3   -3   9   -6   8   
-15   8   -14   13   -8   12   -14   6   -15   3   -13   5   -4   7   -3   9   -6   10   -8   8   
-12   11   -8   -2   0   11   -5   9   -6   1   -6   10   2   3   -6   14   -1   2   -10   8   
-6   5   -3   6   -4   3   -2   5   -5   5   -4   3   -4   6   -3   7   -5   4   -3   3   
0   7   -6   0   -1   2   -6   5   -1   2   -5   4   -2   1   -5   2   0   5   -7   4   
-8   11   -9   4   -10   9   -4   6   -12   4   -7   7   -2   4   -1   7   -7   0   -4   4   
-13   0   0   5   -1   4   1   -5   -8   4   -7   2   -10   2   -3   8   -1   13   -5   5   
6   2   8   -11   0   -7   10   -10   5   -2   0   -2   11   -2   -1   1   6   -2   1   4   
-4   2   -4   8   -4   4   -3   4   -6   3   -7   5   -8   5   -7   4   -4   1   -2   2   
9   -12   12   -15   10   -6   9   -8   10   -9   6   -3   10   -10   10   -7   5   -12   2   -6   
0   -2   7   2   0   -8   3   3   3   -7   1   2   0   1   -5   -2   4   0   2   -1   
-5   6   -3   3   -4   2   -2   4   -4   2   -6   6   -4   4   -4   6   -7   7   -5   2   
-4   2   -1   4   -2   3   1   0   1   5   -1   -4   0   3   -5   0   1   4   -3   8   
2   2   1   -3   0   -1   3   0   1   0   0   1   -2   2   0   -1   0   0   1   1   
0   55.2156   69.6656   35.0294   40.1965   66.2892   72.4569   49.6802   40.0599   46.1448   56.1832   58.5305   59.5845   33.8885   62.4549   28.5602   70.2635   56.5076   55.0366   71.8262   60.4264   74.2404   81.6852   60   61.4853   57.5947   36.1803   41.9706   74.6888   36.0312   57.0132   66.9368   59.9204   40.4764   49.7321   39.0384   57.449   62.4577   26.2195   64.4125   83.8313   60.2217   56.3507   71.8146   55.8313   58.3358   57.704   44.0868   69.3927   69.9181   73.4257   62.4583   58.6557   33.0278   85.397   51.4037   57.825   46.0185   41.8927   31.6525   
37.2156   0   69.8035   72.245   64.5296   95.7085   80.0076   50.7131   40.7601   79   31.7047   68.5711   58.5441   71.1041   84.2648   65.7758   71.7587   93.6896   77.8849   27.0416   88.8679   88.3205   108.849   46.6008   69.4748   73.4891   45.4605   42.1896   96.0494   57.1361   35.6205   98.8155   46.4111   77.692   81.6108   52.2488   38.6008   45.2097   63.4351   101.628   98.8924   42.9737   72.0599   68.8017   79.6103   91.0838   40.8087   54.1152   46.2485   67.9608   96.807   93.6612   59.4187   70.2433   103.492   81.4831   65.3517   83.2341   52.2488   64.4005   
51.4004   50.8035   0   73.3278   47.9013   115.185   33.868   37.6274   79.8652   95.9213   81.407   104.621   98.9228   66.6099   113.144   77.8595   21   101.683   106.437   77.8451   62.5594   121.65   90.718   51.4006   33.1564   37.6356   70.5619   69.8652   126.089   79.471   86.424   87.0678   96.8441   87.6251   78.5106   70.037   89.0424   85.8053   76.9083   104.465   132.281   92.2967   35.7415   31.6569   104.961   55.2821   86.214   88.5052   66.1475   29.099   80.0235   57.6689   97.994   82.8571   129.532   95.7088   29.0333   90.3236   81.2309   63.0132   
17.0294   54.0833   57.5847   0   45.0447   61.6122   73.8516   57.2099   57.0893   40.8035   64.0833   61.7453   69.9821   26.0711   62.0846   25.0711   78.5847   44.4279   62.5441   81.1249   53.7805   81.9799   62.9354   77.0294   69.9358   58.2311   46.6586   52.8312   70.4437   53.0606   72.7321   48.8329   75.8358   33.3178   35.7279   47.7321   74.4784   79.4871   38.6015   52.0588   79.8547   77.2511   67.8044   80.1664   56.8862   54.5914   74.7334   56.541   86.4221   80.9839   50.8938   50.4683   70.0446   36.1803   83.4152   43.5898   71.2945   38.2047   58.922   45.2237   
24.1661   46.5296   32.28   25.4951   0   84.9487   51.6794   40.5529   64.226   64.3848   71.3249   81.1726   79.8911   38.9737   81.7489   46   51.0007   69.923   79.2027   73.5712   43.6125   97.492   66.3128   57.19   39.9911   43.6373   51.3883   58.0588   94.2466   55.5601   74.3415   70.6807   83.3412   57.8121   59.0624   59.1361   75.531   79.8172   50.3856   77.5539   100.333   84.3878   41.4012   55.0405   72.3149   40.1246   80.8558   64.1699   67.2635   51.8782   64.2493   40.1661   82.8218   57.1938   107.462   69.0849   35.868   63.6997   66.0587   35.544   
50.2892   80.0999   100.185   43.6005   68.7968   0   117.452   96.4703   76.3285   44.8087   85.0974   47.0525   64.9345   69.3651   35.8661   55.9487   118.797   37.8403   37.2036   104.731   93.4659   45.305   86.5773   110.289   107.787   101.832   70.2353   75.6121   44   62.0106   88.8053   70.5461   82.3516   51.5239   67.0476   75.1453   85.8928   94.6514   65.649   55.0179   45   96.0448   104.404   121.378   39.1245   95.4112   90.6194   64.5933   119.045   118.216   84.8466   94.0688   71.3062   56.4008   50.6586   47.2603   103.664   47.4008   79.2939   81.9416   
56.3028   66.0076   18.868   56.8507   32.6497   100.424   0   47.8408   85.5681   93.6839   86.0382   109.828   108.154   65.1167   114.038   77.2897   38.4012   99.7259   111.339   92.4231   58.2046   126.147   82.2684   68.3356   34.9345   33.5149   77.7688   76.985   126.741   85.8841   93.9382   81.5405   107.915   86.1969   75.877   76.7694   101.267   100.209   78.2895   101.798   132.516   99.8114   31.2788   41.4131   104.965   52.8058   99.0756   93.7718   81.4177   41.6716   70.2268   57.1448   109.558   84.6352   131.215   93.4122   30.8114   88.027   93.7946   56.8044   
29.1548   34.7131   22.6274   38.2099   16.5529   78.924   32.5576   0   57.9666   75.2996   60.2099   82.7647   78.6498   49.1605   88.8022   57.2872   41.8395   82.6378   84.1913   61.7547   58.1096   101.104   82.8657   39.807   32.6815   42.8035   50.0156   47.9666   101.3   62.0568   68.0977   77.857   79.2705   68.233   61.2652   52.6228   71.4603   71   55.3743   88.037   107.386   77.6868   40.6155   48.3238   79.3682   56.6776   73.2445   67.9183   63.4833   47.807   73.9464   56.719   79.3939   62.1825   108.439   75.8129   38.0294   70.4283   71.0474   34.0278   
25.0599   20.2237   60.4152   41.4005   44.0454   60.407   71.5681   39.2173   0   65.5667   33.0554   54.4819   43.7629   57.9613   65.0918   52.4933   81.0568   75.961   61.4264   45.6356   82.0432   70.0824   99.9136   57.4969   71.8989   74.4138   28.8924   30   81.2979   37.3178   28.4536   90.2334   38.8983   65.4   74.7921   36.083   31.088   40.9555   51   84.2728   80.9093   41.2073   77.4935   83.2912   66.3327   77.9682   35.1245   40.9371   64.2616   80.1289   90.4302   84.2115   42.8341   58.0877   74.5847   63.7545   70.7853   61.2769   26.0711   56.7124   
31.1448   65   79.6241   22.8035   48.0208   20.8087   79.6492   58.8218   47.0106   0   71.7824   46.6757   61.2217   45.8329   43.7514   35.6015   94.9506   28.2127   41.02   90.2728   66.4782   58.1123   70.2459   91.1448   88.0119   81.0346   56.0966   61.9318   54.1216   48.6956   75.4643   54.2361   80.1415   27.7213   42.4955   58.3323   75.2163   83.5733   40.0883   39.7544   55.7185   85.3702   81.5917   98.7557   35.2361   68.6004   81.9178   51.8857   100.538   99.899   62.9739   72.3028   73.2731   30.6015   60.5216   19.2361   83.8888   24.6569   67.9444   62.7973   
31.1448   11.7047   57.5847   48.0833   46.3249   69.4622   70.7107   38.2099   9.05539   55.7136   0   59.0031   48.252   62.6004   72.1675   59.705   74.407   83.9262   65.7876   34.6469   88.4308   74.5716   108.969   52.9706   70.8915   81.0135   37.9478   33.2127   84.2197   43.0868   27.0623   96.9161   41.1073   71.6212   80.877   39.4391   33.2971   31.1021   57.3644   93.3282   86.7951   28.8661   78.8255   79.4617   67.5129   84.2434   39.0384   42.0179   57.9532   76.6003   98.977   86.491   42.5862   64.1726   81.8047   72.8099   76.2393   70.3323   30.5602   57.5601   
38.2753   54.5711   88.3912   43.7379   62.2656   31.9061   94.578   65.7647   34.4819   30.6757   42.9535   0   32.8885   64.0906   31.4642   50.6742   107.604   58.8884   32.8489   77.4581   89.8561   43.0294   98.3806   91.5893   98.4463   95.87   51.0978   55.6756   45   42.6125   59.9671   82.983   58.0555   56.0804   66.5526   52.0091   59.9993   66.0762   49.311   65.9711   43.584   65.9138   94.626   105.654   42.6011   90.5181   60.2543   34.2047   90.9295   107.285   88.5728   93.7515   52.4951   47.1361   37.2594   49.9118   96.1003   55.3326   44.4429   69.9278   
40.3113   42.5441   84.5991   51.6236   63.7887   49.7393   94.1541   62.6498   24.7588   45.2217   31.0644   17.8885   0   71.0877   49.3528   62.1848   103.527   73.4343   44.7308   61.5725   96.5462   50.1548   109.255   81.126   94.9568   94.9791   46.8163   49.5032   62.7159   38.3311   49.216   93.9062   35.4391   64.6527   80.1764   49.6918   48.3788   48.3809   61.2105   83.8534   57   46.1448   95.0154   99.7221   56.4683   97.0006   49.5032   41.1108   80.1784   102.757   101.639   101.123   31.6158   64.0116   51.054   64.4577   95.5441   60.5296   33.6918   70.3173   
17.8885   53.1507   51.2445   7.07107   18.9737   50.6063   49.8197   33.0151   42.9418   29.8329   48.6004   49.7293   56.0803   0   67.0642   32.1421   69.9744   50.4401   63.1935   80.1923   42.0768   81.4748   57.5703   72.8221   58.9647   59.2053   45.0689   58.2872   77.5147   51.1523   71.3954   46   77.809   40.3889   38.5602   53.3853   74.0298   79.7025   35.0278   59.1298   85.2726   77.4665   59.8378   74.0141   57.889   47.632   75.0593   59.0132   80.307   70.8518   45.5287   44.1204   76.5442   43.2514   84.7486   44.5926   54.8416   39.2074   59.7812   38.1327   
44.6542   69.2604   96.0208   43.2666   66.468   14.8661   99.0353   73.7835   49.0918   22.8035   58.0345   17.4642   35.3412   50.2195   0   52.0135   114.092   51.0162   30.6158   91.0606   89.2817   36.2483   90.2427   101.534   103.082   101.498   61.1202   65.6205   28.0384   52.6349   73.3043   74.2115   68.9988   50.5249   65.299   61.9541   71.5155   79.6787   60.6893   61.2938   33.6011   79.5163   101.005   112.098   33.434   91.4039   73.8568   44.1496   104.532   114.572   85.7774   93.7349   57.9535   51.2025   40.72   42.0396   98.9588   47.4604   58.0454   76.3067   
14.5602   51.4296   61.2699   7.07107   30   38.9487   62.2415   40.5216   36.7696   18.3848   44.2041   36.6742   44.911   13.4164   37.0135   0   79.6498   43.0713   50.7771   77.7694   55.4932   67.8188   70.0064   74.5602   69.9911   65.3021   44.9348   48.5287   65.0519   42.8537   65.2232   55.9039   72.0727   29.9443   40.4165   44.807   67.8576   72.3286   28.8102   52.3847   69.6058   72.5804   66.9576   77.3246   43.8035   61.0484   66.4976   46.4951   83.953   81.8782   57.9648   57.5368   69.3322   21   73.9336   37.6208   65.868   35.3417   56.4529   42.2594   
53.2635   53.7587   3   58.6941   33.2415   101.597   16.4012   24.8395   63.0635   80.9506   60.407   90.5539   87.1321   52.2015   97.8008   62.6498   0   101.596   108.3   80.8003   64.5265   124.65   91.71   54.4006   29.0454   40.6356   73.5619   72.8061   125.839   82.471   87.4692   90.0678   97.7123   90.6251   81.5106   73.037   89.9106   88.8033   79.483   107.465   131.402   86.5672   38.7415   30.0623   104.208   58.2821   87.0821   91.5052   62.0744   31.4031   82.2851   58.2019   100.994   83.6498   127.813   96.7941   32.0333   91.409   84.2309   58.8672   
42.4264   78.1089   86.6833   29.4279   54.4059   21.8403   83.7257   67.6018   60.8276   14.2127   69.3542   43.4166   59.0339   35.4401   31.4006   28.0713   87.5957   0   51.0555   103.361   65.6161   65.6488   63.7634   102.426   92.0135   82.7978   64.0104   71.2109   59.439   62.5569   89.2812   47.7321   90.3303   41.0312   38.4131   66.2462   89.4289   96.7175   48.0021   26.6023   62.3897   96.6531   88.4648   105.396   49.0799   68.8179   90.8866   62.8219   108.729   106.284   64.2492   76.6392   84.8559   38.5153   63   33.4487   88.8011   38.8695   81.0762   65.6488   
41.0366   62.6498   92.3147   42.5441   64.0312   22.2036   96.6747   69.814   42.4264   25.02   51.2445   9.84886   27.7308   49.1935   7.61577   35.7771   94.2603   36.0555   0   85.8914   89.865   38.5242   94.6152   96.9999   101.563   97.6662   55.3573   60.9444   35.6542   50.3847   69.816   79.2561   61.3866   51.2415   62.6621   57.7185   65.0306   73.6864   51.4215   62.6578   41.2168   73.8757   95.4301   111.005   30.1803   93.6204   69.6544   44.0535   100.778   110.955   87.9939   93.0124   50.3412   55.6215   40.4391   44.2561   98.8615   49.6768   54.2918   72.689   
48.8262   12.0416   59.0085   65.8027   58.3095   88.955   75.5381   45.5412   28.6356   75.2728   19.6469   61.131   46.5725   65.1153   77.0584   62.7694   62.0081   88.7694   70   0   97.7616   89.5196   120.89   46.6356   78.2227   85.5307   55.3575   52.8596   102.255   59.7073   32.2483   110.857   46.6011   87.7902   93.6524   53.1214   40.1661   33.6011   75.0458   112.908   102.814   34.6433   84.1015   78.4718   87.1598   97.3901   38.5407   61.6647   46.4165   75.3095   108.849   98.4756   62.2331   81.854   97.6265   92.3901   77.3933   89.9126   50.2071   73.4135   
42.4264   71.8679   48.2701   31.7805   25.6125   70.8025   37.3363   41.1096   66.4831   51.4782   70.3847   75.505   82.0061   26.0768   73.8241   38.833   47.676   50.9117   74   83.7616   0   105.619   46.0416   80.8431   52.1998   40.4951   67.1507   71.3471   100.106   75.919   92.1857   43.2029   102.347   57.0595   51.2029   69.8707   97.5711   100.844   61.1046   71.0135   107.13   99.2507   45.927   69.173   79.7467   26.2801   96.5331   83.4971   92.876   69.6259   34   24.3246   101.082   59.833   106.606   66.4503   49.5261   61.0652   84.3191   44.8707   
54.8179   70.2282   105.361   57.9396   78.492   31.305   111.018   82.7345   50.5668   40.1123   58.5235   17.0294   29.1548   64.4748   18.2483   51.0784   107.49   49.6488   15.5242   75.505   89.493   0   107.057   105.446   114.827   112.413   65.0882   72.1086   39.8045   59.6419   73.5355   91.026   63.0454   66.6764   78.1863   67.0096   68.7631   75.3452   66.3404   76.2511   34.3178   75.2996   110.954   122.683   45.7045   104.201   71.3132   51.234   104.498   124.315   102.255   107.434   52   60.8188   32.0623   59.3484   112.643   62.5533   58.0114   86.4704   
59.9083   94.7945   76.4003   43.8292   51.3128   66.7083   64.0703   67.7422   84.9058   53.0377   90.802   82.8734   94.255   42.2019   75.1066   49.7695   75.71   44.911   78.0577   106.832   28.1603   93.0054   0   107.549   80.3601   68.6554   87.2708   96.0442   99.8953   91.3958   113.359   40.0312   119.665   59.5412   51.9531   90.9452   115.994   121.904   75.2713   64.5601   107.164   119.668   74.0872   97.3332   81.0098   54.4404   116.267   92.5506   118.576   97.7861   37.0416   52.4848   113.874   70.7695   107.212   65.0098   77.6864   66.366   101.801   72.8145   
46   23.6008   31.4006   60.0167   42.19   95.1893   49.3356   25.807   40.4969   77.0584   33.9706   74.2496   64.8151   56.3205   86.6833   60.1332   34.3657   88.2043   80.9938   28.6356   66.8431   90.824   93.4933   0   57.6742   64.8365   57.7577   51.0555   114.394   64.9556   59.2213   102.321   70.0119   86.4764   87.0722   55.5216   62.2017   62.2367   72.2195   110.412   116.157   62.8366   62.6005   47.0185   101.484   82.3147   64.4095   75.9884   28   45   99.7534   82.3561   76.5568   79.0278   111.509   92.0064   59.7359   92.0185   63.4342   59.4367   
44.5982   52.0384   11.1803   48.3011   22.8254   91.586   14.0357   18.6815   57.8705   70.8308   56.7186   82.6196   80.9568   41.6293   88.6172   52.6972   11.0454   76.896   85.5628   61.8142   37.108   99.3579   65.2534   36.6742   0   25.7047   68.6972   66.6482   115.581   77.8812   83.7809   76.0081   93.8543   79.1162   68.7962   71.3043   87.0069   87.8207   66.4023   93.555   121.667   85.5847   24.198   40.4411   93.6492   43.8329   90.7209   85.4593   64.6742   37.2788   70.7449   53.7587   98.0203   73.6972   119.879   86.2219   25.1231   80.8368   81.2573   46.8329   
41.5933   57.4891   22.8035   41.2311   17.4929   84.8116   15.6205   22.8035   59.4138   64.0312   60.0333   79.7559   80.6536   34.2053   83.5464   46.669   22.2036   68.4251   81.4002   68.3081   25.4951   95.9635   53.6004   45.8039   11.7047   0   68.8811   70.7702   111.585   73.0529   87.0956   68.698   95.2219   70.2178   61.3847   71.4773   90.5018   91.1355   64.0104   93.2282   116.275   88.8994   24.2361   41.8568   89.8078   39.2483   91.0068   81.6628   73.8039   45.8927   59.4951   41.2485   100.249   67.669   117.015   78.7979   34.6023   73.4127   83.4859   47.9422   
11.1803   28.4605   54.5619   27.6586   32.3883   53.2353   62.6498   32.0156   13.8924   36.6742   20.6155   34.0588   31.6228   29.0689   44.5982   23.6008   56.8507   49.6488   39.3573   39.3573   53.1507   51.0882   71.0211   42.2019   49.7393   49.0408   0   23.2801   72.6366   27.4853   42.3461   75.0689   52.7907   48.4384   59.6784   27.2361   44.9805   51.7177   34.1245   75.5928   77.6427   49.4816   63.4342   74.4885   63.6563   66.1597   49.017   38.9706   62.0435   79.8226   74.5976   70.231   47.1361   44.2081   71.3182   55.9103   62.9574   57.1989   36.1172   42.8328   
16.9706   21.1896   51.8652   33.9706   34.0588   60.075   61.9839   29.9666   10   43.9318   14.2127   38.5876   32.7567   34.4093   50.6952   30.5287   54.3783   56.921   44.9444   32.249   56.921   55.4707   76.6094   36.0555   48.4665   49.4975   7.28011   0   77.6728   30.6015   38.4536   79.6553   46.0156   55.7185   66.7027   27.099   41.088   45.3148   41.4046   81.0781   80.2481   43.0787   66.1746   69.0882   60.966   68.1597   45.1245   35.4709   64   77.037   79.938   72.2822   47.5744   49.9983   75.847   63.1678   64.1736   62.9891   30.8114   41.4764   
57.6888   81.0494   109.041   55.4437   79.2465   17   111.723   86.8217   60.8276   33.6155   69.5845   27   43.7379   62.482   13.0384   49.5177   110.802   38.4708   18.4391   88.0909   85.0882   17.8045   83.3607   99.2975   101.533   96.1769   57.3847   63.2456   0   63.6488   86.3427   86.2029   79.1769   59.2383   74.7621   74.9925   83.4697   92.1187   69.8606   64.0111   32.9865   89.8827   111.588   125.136   46.4724   102.216   86.8952   57.188   117.57   127.607   93.7946   105.889   68.7803   60.5982   26.6619   52.8515   111.997   55.1152   71.0838   89.3413   
16.0312   33.1361   63.0317   29.5466   39.5601   47.0106   70.6612   40.4599   14.3178   32.6956   23.0868   25.6125   24.3311   32.7567   37.108   23.8537   65.2993   46.5296   31.3847   42.72   58.2151   42.638   73.3485   49.6488   57.9828   56.648   8.48528   13.6015   49.6488   0   42.7714   77.8445   49.305   53.1876   60.6773   34.434   45.4058   54.1889   35.1245   71.3783   69.1965   51.9529   71.9194   82.6896   49.0161   74.367   49.4423   25.4853   70.5287   85.9493   77.3939   75.0083   54.1662   44.8537   62.8719   51.9316   71.4427   49.0644   37.6015   47.6837   
38.0132   15.6205   64.846   54.6717   54.3415   71.8053   78.5175   46.0977   13.4536   59.9416   8.06226   43.0116   28.4605   55.7584   59.3043   50.2096   67.72   73.9256   52.0865   18.2483   78.1857   57.2713   97.9081   39.2046   64.4981   68.0661   27.0185   21.4709   70.0071   27.4591   0   101.126   36.9759   75.4569   85.45   43   30.0623   24.4472   61.143   96.8473   84.5762   22.2111   86.7133   81.3939   75.5752   89.1175   30.3852   50.0801   49.6699   82.5515   101.287   93.24   48.3238   71.0409   79.5145   77.2081   80.9722   73.5235   38.6225   62.4342   
46.6905   83.0963   73.0616   29.8329   43.6807   51.5461   64.3273   60.0833   71.218   37.0135   77.8332   66.9104   78.7718   30   59.2115   34.9857   73   29.7321   62.0322   95.0158   27.2029   77.026   16.0312   85.0882   62.0081   51.0882   57.4891   63.6553   67.9117   58.8303   84.5044   0   105.669   56.6142   43.2047   77.565   102.306   107.314   60.72   43.807   92.1218   106.699   69.4578   92.9449   65   51.541   101.483   81.342   110.307   94.1025   27.3137   47.5261   99.8775   55.8469   92.7321   51   76.7291   54.3766   88.5831   68.1327   
45.8803   31.4006   80.0562   60.8358   66.0681   67.5426   92.7631   60.208   22.0227   60.1415   22.4722   36.0555   18.4391   63.5689   53.4883   55.0727   82.8734   74.3303   45.8803   31.3847   88.0738   47.0106   104.652   55   78.8543   81.2219   34.9285   32.0156   62.1691   31.305   15.8114   90.05   0   77.6259   88.9452   48.541   30.8102   30   66.4295   97.5318   75.4391   38.0225   98.1902   97.2053   70.4786   99.991   32.6301   52.8927   65.4813   98.3629   108.699   104.298   30.0454   76.0727   69.4931   79.3776   92.808   74.208   40.0278   73.492   
26.4764   62.7694   71.8679   14.3178   39.8121   29.7321   70.8025   51.9711   46.6154   9.43398   54.7083   37.3363   49.6588   21.095   31.9531   12.0416   73.0068   16.0312   33.2415   73.7902   42.0595   48.6621   45.5412   72.1734   62.6099   55.2178   34.4384   41.6293   43.0465   32.6497   60   29.6142   62.6259   0   37.5242   54.7423   75.5224   84.3573   36.3848   42.6335   64.0899   82.2111   71.9181   89.3662   38.4853   58.2041   78.5392   53.6026   95.8692   91.6902   51.054   64.7861   75.8204   32.1231   64.6872   22.4853   75.68   23.1231   68.3691   54.301   
29.7321   66.6108   63.9531   12.7279   32.0624   43.6005   59.4811   47.2652   54.037   24.6982   60.8112   52.0096   62.3618   14.5602   47.4342   17.8885   64.5368   24.4131   48.6621   78.4092   27.2029   64.1327   31.9531   70.8802   53.6004   44.3847   40.3609   46.6905   58.1378   41.6773   67.3573   17.2047   72.9452   15.5242   0   60.4601   85.125   89.4321   42.9033   48.9615   79.6141   89.5185   64.5982   85.1242   53.3284   51.4795   84.3862   58.9116   94.8672   83.9406   40.0907   49.5576   81.7487   33.4165   80.1881   38.0095   65.4773   34.6469   71.6248   52.693   
13.0384   26.2488   54.037   29.7321   33.1361   55.1453   62.7694   31.6228   12.083   38.833   18.4391   35   31.3847   30.8869   46.1736   25.807   56.4004   51.8652   40.7185   37.1214   54.5711   52.0096   72.9452   40.5216   49.6488   49.4773   2.23607   5.09902   58.8727   9.43398   25   59.5483   33.541   36.6742   42.45   0   43.1711   49.4472   36.3606   77.4509   77.1772   47.2111   63.8017   73.7401   55.4588   67.6833   46.178   33.8045   59.0114   76.5862   75.4003   71.8058   47.7631   46.0662   72.2594   58.069   61.0106   58.4984   31   41   
42.0476   23.6008   72.7324   57.9828   60.531   69.8928   85.9884   53.4603   17.088   60.2163   15.2971   39.4588   23.0868   59.9333   56.5155   52.8015   75.5844   74.4043   49.0306   24.1661   83.5225   52.2398   101.71   47.2017   72.0069   75.0067   30.8707   26.6833   66.2722   29.0689   8.06226   87.6584   7.81025   61.5224   70.4557   29.1548   0   26.2983   60.238   97.7196   80.0868   24.0623   92.0274   89.4562   69.231   94.8431   27.8284   45.4224   57.7321   90.6138   104.555   98.9656   35.7631   68.093   74.1408   77.2013   86.4557   74.6018   30.5563   68.1597   
46.3249   21.1896   71.8053   62.8013   62.8172   76.844   86.209   54   21.4009   66.5733   16.4924   46.5296   30.0167   64.1405   63.561   58.0517   74.7329   80.7094   56.0892   18.6011   86.7295   59.1354   106.231   44.2945   72.1734   76.2365   35.2278   29.9666   73.3348   34.7131   8.544   92.6175   13   67.3573   75.4321   33.2866   7.07107   0   64.2494   104.791   87.0167   23.2361   92.1687   89.2872   76.3021   97.6565   32.831   52.4935   58.2139   86.1249   108.687   101.779   37.3452   75.1641   81.0707   84.2724   86.5413   81.6728   37.6274   70.9732   
9.21954   44.3847   59.9083   13.6015   30.6105   41.1096   63.2535   38.0132   29   22.0227   36.6197   32.311   38.2099   18.0278   36.2353   7.81025   61.6117   33.9559   33.4215   55.4707   44.1022   48.0208   57.2713   55.0364   52.4023   48.0104   16.1245   23.2594   49.2037   16.1245   42.45   42.72   47.4131   18.3848   25.5539   18.3576   45   50.2494   0   55.8534   69.8364   64.6611   65.0106   80.7896   42.4591   63.1741   59.6878   41.6098   74.8276   79.1377   63.4866   62.1482   63.2606   28.8102   67.8556   40.8701   63.7955   37.2483   49.3576   40.6274   
48.7647   85.235   89.822   34.0588   57.7062   28.0179   85.0882   72.0278   68.6003   22.6274   76.9415   51.9711   67.624   39.1152   39.2938   34.2053   90.471   8.60233   44.3847   96.1769   50.2195   57.4891   39.5601   93.9042   79.555   70.2282   56.8595   64.0781   45.0111   54.3783   81.8352   25.807   82.7587   22.4722   25.9615   59.0931   82.6196   88.8144   40.8534   0   70.992   104.046   90.5597   111.086   53.5183   74.4259   99.4889   70.1679   115.681   109.584   53.1207   70.3028   89.411   47.1176   71.6023   37.5183   91.4388   41.3238   87.2012   74.2511   
62.482   82.7103   113.851   61.8547   84.8999   25   117.516   91.4002   62.6418   40.7185   71.0634   28.1603   43   68.8186   18.6011   55.6058   115.745   46.3897   21.6333   88.8144   92.1303   14.3178   91.2414   102.157   106.832   102.069   60.9016   66.2118   8   52.7731   70.5762   75.71   61.131   50.0899   65.3911   62.1772   66.0303   73.0068   54.4518   53.0094   0   88.5081   117.063   130.621   47.2504   108.294   82.6142   60.6358   118.044   132.4   101.144   112.323   64.3359   68.5982   20.3246   59.9546   117.56   63.1152   72.3292   94.1345   
45.2217   18.9737   69.6348   61.8466   61.131   77.201   84.1487   52.0096   20.5183   66.3702   14.8661   47.2652   31.1448   62.9682   64.1327   57.28   72.5672   80.455   56.7186   16.6433   85.235   60.2993   105.119   42.0595   70.1142   74.3303   34.2053   28.6531   74.1687   34.2053   7.2111   91.6788   14.7648   66.8431   74.5185   32.2025   8.06226   2.23607   49.4975   88.4816   74.0608   0   91.0336   87.7753   77.2932   96.3286   31.0828   53.4847   56.881   84.9214   107.493   100.451   39.5813   76.1553   82.1988   82.2642   84.3254   80.7346   38.6186   69.6453   
40.3113   55.3173   21.3776   40.8044   16.4012   84.4038   16.2788   20.6155   57.5587   63.6003   58.0086   78.5493   79.0569   33.8378   82.7587   46.0109   21.0238   68.4471   80.4301   66.0984   26.9258   94.8683   55.0818   43.6005   10.198   2.23607   47.4342   47.676   95.462   55.1543   66.0303   52.0096   79.3095   54.9181   44.5982   47.8017   73.0274   74.1687   47.0106   70.5195   101.237   72.2496   0   43.3551   88.7161   40.6469   91.9724   79.3246   71.6005   43.4764   60.9258   43.4845   94.5702   67.0109   114.866   77.4034   23.7082   73.0086   78.3482   40.6982   
52.4786   47.8017   5.65685   60.1664   35.3553   102.044   24.4131   23.3238   59.0762   81.7068   55.4617   88.5268   83.6002   54.1295   97.0979   63.3246   8.06226   89.4986   93.0054   55.2268   53.1601   105.551   81.3204   27.0185   16.1555   27.8568   54.4885   51.0882   110.136   62.9682   62.3939   77.3175   77.8781   74.3303   67.3647   53.7401   70.3847   68.9638   61.2944   93.0591   114.621   66.7608   26.2488   0   102.692   59.9884   88.6103   86.5591   55.0185   27.1623   85.6803   63.3258   97.1523   84.3246   125.786   96.8156   34.6902   93.3369   81.8995   57.3516   
36.2353   64.0312   87.367   33.8378   57.3149   16.1245   89.8053   65.3682   44.2832   14.0357   53.3385   18.6011   35.4683   40.8044   9.43398   27.6586   89.0505   25.0799   11.1803   72.8354   64.4748   26.0768   67.0075   79.8311   79.6492   74.2765   37.6563   44.2832   21.9317   31.0161   55.7853   51   52.4786   22.8035   38.3275   39.4588   54.231   61.0983   27.4591   33.541   28.0179   61.3514   73.5391   88.6848   0   81.0076   72.3624   43.4951   98.4702   106.153   73.8575   84.3061   59.8019   43.8035   45.9258   33.2717   91.2546   36.6815   62.2616   67.8878   
40.0125   66.6483   41   32.2025   20.1246   73.6614   30.8058   34.6554   62.9682   53.6004   66.0984   75.2861   80.2247   25.632   75.2928   39   40.4475   54.8179   74.7329   78.3901   7.28011   90.0777   35.4401   60.208   29.8329   18.2483   50.1597   53.1507   87.0919   56.0357   74.0405   33.541   84.8528   44.2041   30.4795   51.3517   79.8311   82.5651   43.1741   55.0727   93.8136   80.9568   19.6469   45.8803   65.8635   0   97.339   81.521   87.3881   63.1233   41.2801   20.1231   97.2958   60   108.891   66.6894   43.3551   64.8394   81.9051   45.6833   
41.1825   20.8087   70.214   57.4282   58.8558   71.1688   83.7257   51.2445   16.1245   60.7454   13.0384   41.1947   25.318   59.0593   58.0517   52.4976   73.0821   74.8866   50.636   21.5407   82.2192   54.4518   101.02   44.4072   69.7209   73.0068   30.0167   25.2982   68.1175   29   5.38516   87.2009   10.6301   61.6198   70   28.178   2.82843   5.83095   44.6878   83.006   68.1175   6.08276   71   67.7791   55.3624   78.339   0   48.2508   55.055   87.9367   103.578   97.5805   38.5915   67.0377   76.372   79.879   86.1604   77.4014   33.3848   66.7746   
23.0868   39.1152   71.5052   33.541   47.1699   41.5933   78.7718   48.9183   19   30.6105   28.0179   17.2047   18.1108   38.0132   30.1496   26.9258   73.7564   44.8219   23.7697   47.3814   64.0078   34.2053   76.5506   57.3847   66.2873   64.4748   16.9706   21.4709   42.2019   8.48528   30.3645   61.327   29.7321   33.0151   44.5982   17.8045   29.6816   36.2353   20.0998   53.1507   44.7772   36.2491   63.0714   71.4493   25.4951   62.514   30.4138   0   76.8159   93.0049   83.5418   82.1336   48.8473   47.4951   54.4641   49.8465   78.8151   54.4795   32.8661   54.7393   
52.3927   20.2485   44.1475   68.0074   53.2635   99.0454   62.2977   37.4833   40.2616   82.4924   31.9531   74.7262   62.6099   65.307   88.955   66.9403   47.0744   94.7259   82.5651   19.4165   78.5175   90.4765   104.403   13   49.6588   58.5235   46.0435   39   101   52.1536   34.6699   94.8947   49.679   78.8543   79.7057   44.0114   42.0119   37.4833   60.8276   101.139   102.883   35.3553   56.3028   39.4588   83.1505   72.1388   39.2046   58.8558   0   56.2966   110.836   92.2619   74.5393   85.4205   111.986   101.34   71.6063   98.0759   62.5133   71.5111   
54.9181   50.9608   5.09902   61.9839   36.8782   104.216   22.6716   25.807   62.1289   83.7735   58.6003   91.2853   86.6083   55.7853   99.5691   65.3911   6.40312   91.214   95.6033   58.3095   53.3667   108.301   81.4923   30   16.2788   27.8927   57.28   54.037   112.606   65.7647   65.5515   78.1025   81.0247   76.2168   68.7314   56.5862   73.5391   72.1249   63.6318   94.541   117.201   69.9214   26.4764   3.16228   91.0659   46.0977   70.9366   74.2496   42.2966   0   85.1225   62.768   100.315   86.3911   127.701   98.7021   34.1323   94.9927   84.8484   59.8347   
48.3735   82.807   65.9242   32.8938   39.4462   61.8466   55.2268   55.9464   73.4302   45.5412   79.0569   74.0608   84.1724   30.5287   68.2495   39.2938   65.4905   40.2492   70.2567   94.8472   18   85.5862   12.0416   81.6333   54.7449   43.2897   59.5399   64.8999   77.7946   62.3939   86.2844   11.3137   93.6216   37.054   22.0907   61.4003   90.3549   94.6678   46.4866   37.0135   85.44   93.4933   44.5533   70.6116   59.5399   25.0799   89.5545   66.2193   92.4175   71.0211   0   42.0832   102.938   55.4367   101.741   59.5393   67.5261   56.7376   90.2662   62.8707   
44   70.6612   43.0116   35.4683   24.1661   76.0592   31.1448   38.2884   67.082   56.3028   70.214   78.848   84.1487   29.1204   78.2943   42.3792   42.2019   56.6392   78   82.365   6.32456   93.4077   33.541   63.6553   31.9531   20.2485   54.231   57.2713   89.8888   60.0083   78.1601   33.5261   88.955   46.8722   32.5576   55.4437   83.9524   86.6833   46.8722   56.3028   96.7471   85.0706   21.9317   48.1041   68.884   4.12311   82.4621   66.3702   75.743   48.0833   24.0832   0   101.367   63.3792   111.559   69.3574   42.6356   67.2045   85.8927   49.8064   
43.0465   38.4187   83.6481   56.0446   65.4905   57.3062   94.5569   62.3939   23.2594   51.8556   27.5862   25.4951   7.61577   59.8415   42.9535   49.6488   86.3134   65.8559   35.3412   40.8534   85.3756   36   99.368   61.5224   80.9938   81.7863   33.1361   32.573   51.1957   27.1662   23.3238   84.1724   11.0454   55.5698   67.4166   32.3883   16.7631   23.3452   42.45   74.411   50.0899   24.7386   80.05   82.1523   42.8019   83.006   19.3132   22.8473   57.9828   85.235   88.8876   87.023   0   67.3322   58.0114   68.037   93.3989   67.6972   39.7631   73.3883   
18.0278   53.8516   66.1891   11.1803   35   34   67.2086   45.2217   37.8021   13.6015   45.793   33.1361   43.0116   18.0278   32.2025   5   67.6018   24.5153   31.3847   64.846   42.72   46.8188   51.2445   64.0078   57.6888   51.6236   25.4951   32.6956   44.5982   24.0416   51.225   35.8469   54.6443   8.94427   19.4165   27.7308   53.0754   58.7282   9.48683   31.3847   50.8035   58.1378   50.9902   68.1542   22.8035   43.382   53.0377   25.4951   70.214   70.2638   41.4367   46.6154   48.3322   0   64.2443   31.4296   70.868   32.0674   58.3612   47.2594   
59.397   77.4919   110.535   60.4152   82.4621   27.6586   115.109   87.9659   57.5847   40.5216   65.8027   23.2594   37.054   67.2309   17.72   53.8516   112.539   48   18.4391   83.1865   91.3893   8.06226   92.4392   97.509   103.966   99.8098   56.8595   61.7738   11.6619   48.5489   64.9384   76.6551   55.0364   49.6488   65.146   57.9828   60.1332   67.0671   51.8556   55.2268   6.32456   68.1836   98.8585   111.041   26.9258   92.5905   62.2896   40.3113   97.719   113.701   85.9069   95.7079   44.0114   49.2443   0   59.7577   115.651   63.6074   66.0736   91.0494   
32.0156   66.4831   79.7057   22.4722   47.8853   21.2603   79.2023   59.203   48.7545   2.23607   57.3847   32.8938   47.4342   29.4109   24.5153   18.6815   80.9568   12.2066   27.074   76.896   50.2494   42.0476   51.0098   78.0064   70.7107   63.6003   38.0789   45.3542   34.8855   34.4384   61.7738   35   62.2415   8.48528   23.2594   40.2616   62.2013   68.5055   23.0217   20.5183   42.1545   68.2642   63.2456   81.9329   16   52.6308   62.6817   32.6497   83.7257   83.9345   43.7379   55.2178   54.037   14.1421   42.2019   0   83.7308   26.8929   61.8722   60.7852   
41.2311   51.3517   15.0333   44.2945   18.868   87.6641   15.8114   17.0294   55.7853   66.888   55.2268   79.404   78.3901   37.5766   84.9588   48.8262   15.1327   72.8011   82.0731   61.6117   33.5261   96.0469   61.6847   37.7359   4.12311   8.60233   46.9574   46.1736   97.8366   55.0727   63.1269   58.0345   77.1038   58.5918   49.4773   47.0106   70.4557   71.007   48.7955   75.4321   103.247   69   6.7082   19.6469   75.9276   26.2488   68.2642   63.2851   50.6063   20.0998   50.9902   28.6356   78.7464   53.8238   100.499   66.7308   0   76.784   76.985   43.1725   
27.0185   62.2977   74.3236   17.2047   42.5441   26.4008   74.027   53.8516   45.2769   5.65685   53.6656   33.541   46.5296   24.2074   27.8568   13.3417   75.5844   15.8114   29.1548   73.0068   46.0652   44.5533   49.366   73.0068   65.3682   58.4123   33.8378   41.1096   39.1152   31.0644   58.5235   33.3766   60.208   4.12311   19.6469   36.0555   59.5483   65.6049   18.2483   23.3238   46.0652   65.215   58.0086   76.5506   18.6815   48.0104   59.8164   30.4795   79.0759   78.5493   41.1096   50.774   52.6972   9   45.5412   5.38516   61.4003   0   61.0454   55.6011   
27.8927   26.2488   67.2309   42.9418   49.0918   56.2939   77.7946   45.6946   7.07107   44.9444   14.5602   28.4429   17.6918   45.5412   44.0454   37.4433   69.8355   59.0762   37.0135   33.0151   70.214   44.0114   86.7698   47.4342   64.2573   65.1153   17.1172   15.8114   55.2268   13.6015   15.5242   72.4017   18.0278   45.9674   55.2268   16   15.5563   21.6333   29.6816   67.2012   56.5155   21.4709   63.3482   66.0303   40.2616   67.2681   15.8114   14.8661   46.4866   69.0652   75.6439   71.3442   16.7631   37.5366   51.2445   46.8722   61.9839   44.0454   0   57   
15.6525   41.4005   38.0132   20.2237   8.544   62.1772   40.8044   18.0278   36.3456   41.6293   39.5601   53.8516   55.3173   15.1327   58.7963   23.2594   39.4462   49.6488   55.9732   53.4135   30.8707   70.214   53.8145   41.4367   29.8329   25.9422   24.0832   26.4764   71.7008   31.0483   47.4342   43.8292   58.3095   34.2053   29.6142   25   53.1507   55.9732   22.6274   54.0093   77.0779   54.4243   24.6982   40.1622   49.8197   26.6833   51.6624   38.6264   51.1077   42.1545   41.7732   30.8058   57.2189   28.178   74.411   41.7852   26.1725   36.4005   41   0   
