15
60
999999 8 5 5 14 7 15 15 13 10 5 12 9 17 13 9 14 15 5 5 13 16 16 12 10 9 14 8 16 9 6 9 9 8 14 10 16 8 11 8 13 6 5 8 12 7 11 10 11 17 14 8 12 16 17 9 14 13 14 10 
0 7 4 1 4 3 8 6 8 7 1 7 2 16 11 5 4 1 1 1 8 11 3 2 4 1 5 3 10 1 3 1 4 4 9 5 3 4 3 4 5 2 1 2 11 6 8 9 2 16 1 1 2 7 11 7 2 12 1 2 
20
0   0   0   0   0   0   0   0   0   0   0   0   0   0   0   0   0   0   0   0   
0   0   2   -3   1   -2   -2   -3   2   0   1   -4   0   -6   0   -1   5   -2   2   -6   
1   0   2   0   1   -1   1   0   3   -1   0   -1   0   -2   1   0   1   0   2   -1   
-4   3   -1   2   -3   2   -2   3   -3   3   -3   3   -2   2   -2   4   -1   4   -2   3   
-8   5   -3   8   0   2   -11   12   -6   8   0   5   -5   2   -1   9   -2   8   -9   5   
5   0   5   0   0   -2   0   0   5   -1   6   -1   4   -2   1   1   0   -4   0   -2   
0   -2   -9   7   -9   10   -2   10   -6   8   -7   13   -5   7   -2   7   6   5   0   5   
-6   -3   -5   4   -5   3   -2   -6   -4   4   0   13   -3   -8   -2   2   -4   6   3   4   
-5   -6   -2   4   -1   1   -4   -2   1   -5   4   -4   6   0   7   -5   3   -4   2   4   
-1   -1   0   -5   2   0   -1   -4   2   -1   -5   0   3   -2   -1   -3   3   -2   4   0   
-2   1   -1   2   -1   3   0   2   -1   2   -2   2   -2   0   -3   1   -2   2   -3   1   
0   9   -8   6   -4   1   -3   -2   -3   0   -1   3   -6   3   -7   1   -5   -2   -1   5   
-5   5   -1   4   -1   6   -1   4   -5   1   -6   5   -3   6   -2   5   -5   4   -4   5   
-9   4   -9   7   0   1   -11   5   -14   -4   -5   14   -10   13   -6   0   -13   6   -7   10   
-6   5   -5   2   -6   8   -5   2   -7   4   -9   2   -3   5   -7   9   -12   4   -7   6   
-3   2   -6   7   -2   9   -5   5   -8   6   -5   8   -8   6   -7   3   -4   3   -5   7   
7   -4   4   -13   10   -2   11   -9   11   -9   1   -2   10   -11   5   -7   9   -3   2   -4   
1   6   -2   4   6   9   -10   2   -7   8   -14   6   -1   5   0   5   -4   9   0   3   
2   -1   2   -1   0   0   0   -1   0   0   1   -1   0   -1   1   -2   1   0   2   0   
1   -3   3   -2   0   -3   3   -2   3   -2   2   0   3   -2   2   -1   0   -1   0   -1   
-9   7   -11   7   -10   6   -8   8   -12   6   -1   13   -1   7   -12   5   -7   11   -7   11   
-2   9   6   7   -6   5   -1   -3   -2   0   -2   -2   0   10   3   1   0   -4   9   1   
-12   14   -10   12   -13   5   -9   14   -11   14   -3   10   -10   5   -10   12   -9   9   -12   8   
1   0   -5   -7   -1   -1   0   0   -1   -4   9   -1   7   0   0   0   2   0   4   -3   
-2   3   -2   3   -4   1   -1   5   3   2   -5   4   -4   8   -9   3   -3   6   -6   6   
-1   0   -2   6   -3   8   -2   7   -5   1   -4   2   -1   5   -6   4   -7   1   -5   5   
7   -5   5   -4   11   -6   -2   -4   1   -6   9   -4   3   2   4   3   7   1   7   -10   
-1   -5   5   -3   6   0   2   -3   4   -5   2   -3   0   -5   4   0   5   -6   3   0   
-7   6   -11   10   -3   0   -10   10   -15   9   0   11   -8   -2   0   10   -5   0   -5   12   
-3   4   -4   -1   -1   2   2   4   -4   0   -2   2   0   8   0   2   0   9   -1   -1   
0   2   -2   2   -4   0   -3   3   -4   0   1   4   -2   1   0   1   -2   3   -2   3   
4   -1   -2   4   0   -4   -2   5   -4   1   1   6   0   8   0   2   -2   0   2   2   
-1   5   1   7   -8   8   0   5   -7   7   -2   2   -8   1   -5   6   -6   6   -2   1   
2   -6   3   0   2   -6   6   -2   5   -3   2   -2   5   -2   5   -2   0   0   4   -4   
3   5   3   3   0   13   -10   9   -4   3   -3   9   -8   6   -2   0   -4   8   -6   6   
6   -3   1   0   4   -3   1   0   0   -5   0   -2   -2   -1   -4   -7   0   1   4   -1   
5   2   -7   -1   -6   -5   0   -2   9   0   -5   8   -7   0   -1   0   -9   0   4   -9   
-3   5   0   2   -3   2   0   -2   -6   2   -7   2   -5   4   -1   6   3   5   -3   1   
-3   1   0   6   -2   3   0   4   -4   2   -8   8   -4   -1   0   8   -5   5   -3   9   
-1   0   -2   1   -2   4   -2   3   -1   3   -5   6   -2   1   -5   1   -8   5   -1   0   
-5   5   1   9   -6   7   -5   12   -10   9   -2   2   -5   9   -11   5   -1   12   -9   11   
2   -2   2   0   0   -4   2   -2   2   2   2   -2   3   -2   2   0   0   -3   3   0   
2   -2   0   -2   0   -2   1   0   2   -1   1   -3   0   -2   2   -2   2   -1   0   -3   
-1   -2   -6   0   0   6   -3   3   -3   3   -4   2   -3   3   -4   3   -2   4   -3   6   
0   -4   -1   -3   7   0   4   -3   0   -11   6   1   4   0   4   -3   -4   -1   7   -5   
-3   -1   -3   1   -2   0   -2   0   0   1   -2   4   -2   1   -3   0   0   4   -1   1   
-6   6   -10   2   -3   0   -6   4   -10   4   -8   1   -7   7   -10   10   -5   8   -3   1   
-4   -1   0   0   1   0   -2   -1   -4   3   -3   5   2   -5   0   3   1   -3   0   5   
-6   4   -7   3   3   -2   -3   -2   0   4   -5   4   -5   10   2   0   -1   4   -3   3   
0   -9   8   -3   2   -9   5   4   0   -3   11   -6   2   -2   2   -5   4   -9   1   2   
2   -3   6   -2   3   -3   11   3   5   -11   0   2   7   -5   1   -6   6   0   -4   0   
1   2   0   1   0   4   0   0   1   0   0   3   0   0   -2   -1   0   2   1   2   
-8   2   -3   -2   2   9   -2   3   -3   6   -7   3   -3   4   0   0   -8   4   -8   2   
-1   0   -8   14   -13   1   -4   7   -5   9   -11   6   -2   8   -5   4   -3   15   -4   8   
0   -3   1   0   4   -1   -1   5   -2   11   0   -6   -6   6   9   0   2   4   -1   0   
0   5   0   0   -1   1   0   5   -2   0   -3   0   3   1   -3   1   -2   4   0   1   
-11   7   -8   7   -5   12   -4   9   -3   3   -10   3   -14   3   -2   1   -12   3   -10   2   
-12   7   -9   5   -3   4   -9   12   -7   7   -12   6   2   1   -10   10   -8   5   -4   4   
-2   0   -1   -1   -1   1   1   5   1   0   8   -1   -2   -2   2   3   4   -7   0   0   
5   -2   3   -8   5   -1   2   -4   8   0   5   -8   0   -6   2   -5   0   -2   4   -1   
0   55   44.1548   40.4459   48.6699   50.2353   58.7194   64.9663   75.2451   37   78.2099   56.6005   46.2743   43.3049   76.8836   32.2066   46.0529   53.3631   86.102   53.4005   43.7864   64.3597   61.1699   42.0713   65.476   32.1245   58.7194   59.3125   31.1231   74.3633   23.1231   36.8403   51.5153   60.8621   59.7379   63.3863   46.1603   69.0608   58.8534   64.2217   41.4131   53.6005   76.0784   43.7924   47.084   49.6931   41.9545   60.2353   71.8394   63.0341   59.7588   44.1662   78.2268   55   50.1868   66.107   68.1765   57.3118   40.7588   39.0217   
39   0   77.1269   69.3872   35.0623   40.5959   82.8512   63.0748   59.7365   48.0623   112.309   33.3848   80.3817   61.9784   72.8819   64.6098   61.9277   67.5674   83.2702   91.0286   58.7871   62.0751   75.7478   73.5498   94   57.2675   88.2462   80.3808   61.4475   64.0408   61.3792   72.711   78.2456   81.3288   61.598   64.111   83.3877   72.154   93.8499   91.9035   79.0087   43.7477   109.078   45.6356   73.3323   23.0623   58.1616   34.3137   39.8661   71.6484   54   61.8044   39.561   57.72   45.7386   79.8638   102.786   61.1995   52.0789   76.0364   
29.1548   63.1269   0   51.7131   70.6198   62.9525   40   92.1665   101.331   61.9444   73.2939   66.8444   57.3113   66.5782   103.611   34.6155   69.1725   46.9444   112.268   25.6023   69.0096   91.6257   53.3107   60.3249   75.8466   58.3401   33.4012   74.8014   37.7704   103.429   41.0416   52.805   30.3417   41.0868   62.6071   90.2393   17   95.3095   52.2312   76.5428   55.6228   67.9408   56.8917   54.4487   30.3085   76.5785   65.4149   70.2983   88.5335   52.8403   85.381   43.5065   86.8682   53.6468   54.2618   74.9016   45.4009   84.1158   69.6972   22.2462   
18.4391   51.8556   37.0135   0   67.109   68.6744   73.1361   57.8554   71   39.4709   60.325   72.9464   27.0384   30.6525   69.9594   49.1603   38.1359   68.3323   78.2518   60.3154   34.9737   62.2113   79.609   29.198   51.2504   36.6491   68.1143   44   49.5622   73.799   41.5622   23.6056   39.8537   71.0803   78.1769   60.6604   51.7131   65.1781   48.1321   44.9258   30.198   69.9464   57.0465   62.2314   61.5006   61.3249   34.0333   75.0096   88.6033   81.4732   54   62.6052   86.0634   73.4391   68.6259   43   60.0813   55.6742   48   53.4384   
34.6699   8.06226   56.5685   49.5782   0   40.0278   71.3789   67.6563   65.0899   48.4138   108.848   32.8167   76.5847   61.927   77.8172   53.0717   64.2938   57.7443   88.2462   77.8077   61.8785   66.6563   68.1308   71.859   93.8497   58.1152   80.1172   80.7458   50.4819   72.1031   55.5899   67.1507   75.5244   70.3346   46.8904   67.1507   72.2269   76.9874   92.1332   89.452   72.0517   36.4164   102.964   36.6155   61.1172   31.1245   56.0476   30.1231   40.3848   64.4189   52.6563   47.2727   36.6333   51.9259   31.1172   84.6822   100.961   68.1022   56.8973   73.6916   
36.2353   25.4951   48.7545   54.231   17.6918   0   59.8179   82.4883   82.7817   57.9577   111.355   23.2111   81.2694   74.6023   92.7865   46.644   76.6856   44.534   103.223   68.7759   73.7589   81.4883   54.5084   78.3067   101.711   63.6511   69.9838   91.3127   45.4058   87.2873   52.132   73.0757   69.2928   58.2955   37.2127   83.7671   64.1956   91.8194   86.3832   96.6023   75.3754   22.0828   96.4806   22.6023   55.6879   48.5574   71.0955   38.2127   49.6142   50.9561   67.4883   47.2385   40.5153   37.0278   31.083   90.3127   83.8355   77.9406   74.5891   61.7063   
41.1096   65   20   54.1295   57.2713   44.0114   0   104.828   111.812   72.3228   93.2939   65.254   77.3113   82.1193   116.061   47.067   85.9227   33.72   125.263   37.6861   84.2759   104.095   33.4118   79.0781   95.8466   72.7699   29.1421   93.5525   46.8277   114.611   53.9071   71.0803   50.3417   20.6056   51   102.459   37   109.704   68.5356   90.9205   68.0744   65.6369   72.7814   52.2156   36.4536   82.1875   78.5611   70.588   88.3413   35.4391   94.8123   39.3311   84.5267   49.8927   55.2616   93.9345   59.1214   98.298   81.8559   34.6977   
48.8365   48   76.844   42.72   52.469   67.72   89.8053   0   35.1555   50.8904   90.2955   79.8017   61.1699   45.9258   31.8062   76.8112   42.5372   101.098   40.9545   102.217   42.4094   19   110.006   55.3275   67.8235   54.484   107.556   52.171   76   41.0357   71.4976   65.7703   82.5737   109.609   95.5156   29.1623   93.844   25.8489   90.8521   64.9902   72.9181   82.6952   99.7665   79.3911   95.9204   57.02   48.6531   73.7732   77.1221   107.534   32   91.2486   87.561   93.6053   75.0931   56.2053   99.7963   32.9443   49.2074   87.8582   
57.2451   43.6578   86.3308   55.5788   50.0899   67.2309   96.6075   16.5529   0   59.2594   106.848   76.2005   76.0931   61.1771   33.7447   87.3128   59.0901   100.977   42.3065   109.131   57.054   35.5529   116.914   67.0377   83.1494   59.643   113.829   67.5964   84.192   22.0828   80.2832   76.7251   92.8845   113.83   96.9804   39.6977   103.331   42.4018   103.711   81.5431   84.6279   78.5635   112.625   85.0075   102.193   61.02   59.6079   69.1295   73.2398   114.243   36   97.3627   83.2188   101.378   81.2072   66.5964   115.66   46.0263   57.9285   94.1311   
17   31.1448   46.0977   21.4709   30.4138   40.05   57.3149   32.6497   40.2492   0   81.7959   61.8782   48.5093   40.3999   60.6878   44.4253   37.105   66.6063   71.0409   69.5467   38.0312   51.6497   76.0574   44.2488   65.7778   29.2195   75.7194   57.0555   45.4951   62.332   40.1231   43.6982   61.3246   77.8621   70.4799   55.6228   60.9444   53.0132   69.603   59.4533   51.6689   61.8121   77.1506   54.3553   64.084   43   37.7047   56.6155   61.0109   77.2253   47.2594   58.3573   67.0471   69.9634   49.1548   56.0555   78.3043   50.0416   37.198   56.0217   
61.0737   97.3088   59.2284   45.4533   94.7629   96.8349   78.9177   76.2955   92.4175   66.6108   0   112.309   50.2866   75.6316   98.1758   79.3682   76.3756   101.923   102.15   79.1895   79.1434   92.7698   108.096   64.5933   43.074   73.4282   87.6671   60.3038   80.0379   106.281   79.4788   67.0119   58.5982   99.201   115.533   89.1642   74.2939   86.1758   57.0156   52.318   61.7967   114.674   51.1603   104.866   89.5368   106.608   79.4866   116.897   127.622   112.069   97.4114   98.2922   131.396   112.875   107   69.2966   71.2769   97.3303   88.0635   81.4746   
36.2353   18.3848   52.811   53.3385   10.8167   7.2111   50.0899   62.3699   60.8276   36.8782   97.3088   0   80.3769   72.7437   88.6338   50.9929   73.9832   51.7451   99.0628   73.5982   72.6952   76.821   61.7195   78.3067   101.711   64.2662   77.1949   88.0821   49.0384   82.4256   54.6509   73.0757   73.4456   65.5066   44.4238   77.8141   67.8516   85.7587   90.6501   96.3315   77.5873   29.2939   100.885   29.8134   59.0384   41.447   66.8642   24.0711   48.2077   58.1672   63.473   43.0192   36.1246   44.2389   29.0384   92.9337   87.753   68.7587   67.714   58.5982   
31.0161   64.3817   43.0813   13.0384   62.482   67.1193   62.0967   47.1699   62.0725   33.4215   33.2866   66.3702   0   38.3776   74.105   54.2927   41.0832   80.3164   78.227   64.9136   44.5478   65.0956   88.2462   28.0554   38.6424   39.2074   72.7125   32.3848   52.8058   80.4004   44.8058   32.434   46.2947   82.3881   89.4648   63.2832   56.3113   62.105   54.4138   32.3178   35.4868   82.9848   64.108   74.8085   68.4876   74.3633   47.0717   87   94.4324   90.4365   64.0832   71.5685   99.1018   86.0161   80.0364   33.105   60.638   61.6362   45.0832   61.7551   
26.9258   47.7074   51.6236   15.6525   47.927   57.4282   67.1193   27.2029   41.0122   17.72   53.7122   54.5711   21.3776   0   56.0439   52.9102   21.6056   78.4282   65.8306   75.5379   29.1231   45.0623   88.0957   37.3693   51.3246   30.1803   83.694   37.3848   50.7696   56.3132   48.5296   31.4924   55.5062   82.6165   82.0294   46.0554   67.3656   47.8029   63.7846   45   45.8505   75.698   72.699   70.7182   67.8516   60.7053   29.0828   66.264   78.7309   85.7844   41.9258   67.6004   84.5603   81.9258   66.8748   36.3848   75.7338   37   29.8995   65.9476   
60.8276   57.5587   88.6002   53.6656   62.8172   78.7718   101.833   12.0416   17.4642   44.6878   83.1505   73.0821   56.5155   38.0132   0   88.003   52.4384   108.868   32.4403   109.441   54.451   31.0416   120.745   64.0833   73.5533   60.9736   117.736   58   85.33   33.6619   79.4444   69.5056   91.4145   117.968   107.557   37.0623   102.233   29   100.548   75.0294   76.0322   92.3743   107.622   91.4327   103.527   69.0616   57.2075   82.9403   83.0294   118.343   44.0416   100.369   97.1197   105.647   87.1347   58   111.838   39.8087   51.1248   99.8494   
12.2066   43.2897   20.025   28.1603   37.108   32.5576   29   60.8112   68.2642   28.4253   65.3682   34.9857   39.2046   38.9102   72.8354   0   57.0595   48.866   98.2213   45.6273   54.9625   76.479   52.4401   54.2779   77.6825   44.3019   46.9531   71.5191   30.1623   86.5698   31.4868   49.0469   49.6716   49.6056   54.2491   75.5056   37.025   81.1801   54.8246   71.5224   50.8058   50.8206   73   40.0416   37.5563   61.8997   54.1611   52.079   70.3202   52.541   71.8782   37.4642   69.0755   46.8617   35.9545   71.1603   64.8973   69.4311   52.8782   36.3693   
29.9666   47.8853   55.1725   19.2354   48.7032   59.1354   70.4557   23.7697   38.0132   19.105   55.7136   55.9017   24.0832   3.60555   34.4384   42.0595   0   81.7223   61.2019   77.7171   18.1623   42.7697   91.1366   30.0333   48.2536   33.7859   84.9227   32.6011   54.3751   54.3363   52.1352   35.098   59.0891   85.8679   85.635   44.1896   70.9485   44.2074   67.3675   48.6056   49.4334   79.3036   76.2819   72.335   71.1402   59.4969   32.6883   69.8696   80.1158   89.1885   45.5314   70.3205   85.3365   84.9666   66.0104   34.0278   79.3167   40.105   33.505   65.225   
37.3631   50.5668   30.2324   54.3323   42.5441   27.2947   17.72   82.9277   86.977   50.6063   87.9204   33.9559   65.0077   64.195   94.8683   26.1725   67.0671   0   121.647   48.2415   81.135   99.1266   30.6301   79.4344   102.212   69.4876   46.8246   92.9177   46.4295   106.686   54.421   74.2034   60.0983   29.1327   34.3132   99.2325   46.7567   103.619   73.1808   96.1427   73.1427   49.3775   83.2385   41.4018   43   71.3436   76.485   58.0269   75.8859   30.6158   87.9501   28.4018   67.81   31.198   51.6271   97.3323   64.9902   94.0608   78.1219   50.6982   
70.0928   67.897   97.1854   61.2944   73.2462   89.1964   111.198   21.9545   26.3059   54.4059   86.1452   83.5225   62.3939   45.8039   10.4403   82.2192   42.2019   104.848   0   117.87   58.2782   40.9545   130.463   71.7973   79.5811   68.6674   125.318   65.0278   94.6012   34.2237   87.8365   77.2964   100.533   126.907   116.854   38.8035   109.268   35.0278   109.426   75.6604   86.4726   100.4   113.298   101.346   112.243   74.7551   62.8365   91.5083   92.0064   127.978   49.7351   110.809   107.202   115.56   95.9568   67.1221   118.832   50.249   61.5651   107.427   
36.4005   70.0286   7.28011   43.1393   63.2851   54.4243   19.3132   83.7616   93.5201   53.3104   60.208   58.9406   47.8853   58.1378   95.4411   27.1662   61.7171   33.2415   103.856   0   76.2897   97.2166   50.6536   66.1077   81.1983   65.6202   25.544   80.2701   45.0505   110.709   48.3217   58.0454   35.5913   37.8473   67.5547   97.5194   24.2801   100.913   48.2843   80.2031   57.5876   73.7751   53.276   60.1736   35.8885   83.8586   72.695   77.5784   95.8136   50.6197   92.6611   50.7866   94.1483   60.2019   61.5419   80.9903   35.0278   91.396   76.9774   29.5263   
27.7849   44.7772   53.9073   18.9737   45.5412   56.0803   68.6003   23.7697   37.054   16.0312   57.7754   52.7731   25.4951   4.12311   34.9857   39.9625   3.16228   64.622   43.2782   60.6053   0   40.09   88.9548   33.1956   50.0694   31.6619   82.0147   35.7634   54.8927   51.341   50.8058   35.6155   58.8274   85.8928   81.2681   41.0831   68.0096   47.3697   67.1058   49.1231   49.1717   72.0742   76.0202   66.1566   71.9748   53.514   28.791   65.1582   75.4055   89.9075   40.09   71.7235   82.1745   79.561   62.0274   37.19   79.055   32.0278   22.7082   64.5782   
48.1664   47   76.2758   42.3792   51.4782   66.7608   89.0955   1   16.1555   31.8904   76.4853   61.3922   47.0956   26.9258   12.8062   60.1082   23.5372   82.0975   22.8254   83.2166   23.4094   0   107.748   53.5705   66.0397   50.009   105.424   50.6212   74.5799   35.7228   68.8556   58.4182   81.8742   107.099   94.0562   18.6056   90.7935   26.7703   90.5113   65.9902   66.4198   81.7809   99.4257   80.3911   93.0034   55.0128   44.178   73.2286   77.8558   104.593   33   85.7248   84.1809   94.6053   75.222   53.4819   100.44   25.0623   46.1176   86.0634   
47.1699   60.4152   34.4819   63.3482   52.3546   36.0555   16.4012   93.4773   97.591   61.0574   93.6216   43.0813   73.2462   74.0945   105.437   35.4401   77.0779   10.6301   115.378   35.3553   74.7329   92.6553   0   89.2412   108.278   79.2944   45.5434   103.548   56.4608   117.316   62.4348   81.7024   63.4975   28.8062   44.9434   109.863   51.4819   114.071   79.2042   102.147   79.2164   58.1383   88.2412   50.9061   38.0217   80.8201   87.1152   63.6588   81.521   27.1231   98.5802   39.0319   76.5708   41.8282   62.2572   106.348   70.3831   104.482   87.9287   51.0989   
28.0713   57.3847   46.3249   10.198   56.3028   62.9365   64.0781   38.3275   53.0377   26.2488   41.5933   61.327   9.05539   12.3693   48.0833   38.3275   15.0333   64.4981   54.5619   52.0096   16.4924   38.2099   73.5459   0   37.2594   37.7147   74.2638   33.8661   52.0689   67.4453   44.0689   22.0623   48.45   81.2783   87.7008   56.8155   61.2929   53.7696   54.9375   34.2094   30.4222   78.0781   60.7056   71.8637   71.6986   66.2768   33.8114   77.9209   87.2597   85.8471   54.2951   72.2375   92.9361   81.0303   69.9608   32.8661   64.3964   48.1321   35.4709   63.6364   
50.448   80   61.8466   32.0156   79.404   86.0349   81.3941   50.5964   67.0671   49.0918   27.074   84.5813   20.025   32.5576   56.4358   59.2115   33.3017   85.0235   59.0762   65.7875   36.0694   50.9215   93.1343   23.2594   0   59.2324   90.0795   34.6525   72.8308   79.5514   64.8308   45.3217   61.0966   98.1779   109.49   62.4342   73.9396   60.5533   61.8019   30.3246   43.0689   101.337   72.4533   94.2404   88.5126   89.5362   57.0708   98.8217   110.103   109.106   74.4835   91.5935   116.037   104.29   90   36.5529   77.8595   68.0971   58.7303   81.7801   
16.1245   40.3113   43.0116   12.6491   39.1152   46.8722   57.0088   33.8378   44.643   9.21954   57.4282   44.5982   24.2074   11.1803   45.607   28.3019   13.9284   53.1413   54.4518   49.93   11.6619   33.2866   63.1585   17.2047   40.3113   0   74.844   44.6356   47.2476   60.714   39.2476   36.2547   51.2415   76.3653   75   48.458   60.0116   52.8782   60.7812   51.414   38.8035   62.4342   69.6956   59.9169   61.6005   49.2053   21.831   57.0595   70.2304   79.1586   42.2843   60.2907   74.7454   71.1245   58.3743   47.5651   72.7304   41.4008   32.8489   55.1462   
42.5441   73.2462   14.1421   51.0882   66.0303   55.109   14.1421   90.802   99.7647   59.5399   68.0294   60.407   56.356   65.7647   102.616   31.9531   69.3109   30.8869   111.288   8.544   68.0147   90.2109   30.4795   60.2163   74.3303   57.0088   0   88.0945   51.9125   116.907   55.1838   66.5894   44.1353   34.7477   65.1421   104.381   31.1421   109.452   55.0139   88.6738   66.1316   74.9829   61.82   61.3814   41   90.7207   78.8397   81.1245   99.3657   49.5812   99.293   53.4732   95.6243   57.7185   65   89.0437   43.5718   98.258   83.3029   36.3883   
42.0476   66.3702   60.4152   24.7386   66.7083   75.505   78.5493   35.171   51.5461   36.4005   41.3038   73.0821   18.3848   18.7883   42   52.7731   18.6011   78.9177   46.0977   65.7343   21.6333   35.4401   88.0738   14.5602   15.6525   28.6356   74.0945   0   66.6291   64.0306   58.6291   36.6225   62.2307   94.7131   100.771   48.0156   74.6961   52   68.7182   37.0312   44.2029   90.118   75.2658   84.709   80.935   74.0818   38.6982   85.0523   97.0388   100.407   59.5441   84.1809   103.342   95.5905   78.7887   23   78.9566   51.4819   44.3415   72.8727   
9.84886   40.4475   23.0868   27   34.4819   31.1448   31.8277   58   65.192   25.4951   66.0379   33.0151   38.6394   36.7696   70.0357   3.16228   39.8121   27.6586   79.511   30.2655   37.5899   57.28   37.3363   37.054   58.5491   25.9422   35.1141   51.3517   0   84.0587   26   46.6892   41.4131   50.2039   55.928   73.2351   40.0868   78.5083   57.9869   70.9572   48.6757   53.2276   69.8652   39.8035   35.4391   59.0512   47.7732   50.9285   69.811   49.171   64.2597   37.0278   69.1398   50.024   39.1168   69.9201   59.4849   67.1606   50.6077   39.5316   
59.3633   49.0408   88.193   55.7853   55.1543   72.0069   99.4887   14.0357   6.08276   42.4382   90.2552   65.7951   61.0737   40.6079   11.6619   70.8025   37.3363   90.6863   20.2237   95.2943   36.8782   14   101.316   52.1536   64.2884   45.6946   101.872   49.0306   67.8012   0   82.4864   72.1003   95.639   117.396   101.576   32.6056   103.383   36.5913   103.631   78.9384   79.1153   84.6462   112.832   85.5396   103.24   64.7852   58.178   75.2122   79.3226   112.517   41.799   94.3095   85.5845   100.023   79.215   64.0521   113.832   39.0623   54.8469   98.385   
4.12311   42.3792   25.0799   19   37.5899   37.4433   37.8021   52.4976   61.2699   21.0238   59.4054   38.1838   30.8058   29.5296   64.4438   9.48683   32.7567   35.5106   73.5527   32.311   30.8058   51.8556   44.9222   29.0689   50.636   19.2094   38.5876   43.4166   8   63.2851   0   40.9634   38.8806   55.1779   59.6542   67.5094   42.0799   72.0876   54.5766   61.1221   45.5362   56.4786   72.3606   43.5296   40.4131   53.8162   41.0403   57.737   75.9625   57.171   61.4936   45.0278   74.2232   52.2156   41.6125   58.566   54.1123   60.6101   44.8819   43.1448   
21.8403   55.3173   38.2753   3.60555   53.1507   57.7754   56.0803   43.6807   57.2189   24.6982   42.0119   56.9386   9.43398   16.4924   54.231   31.0161   19.9249   57.1402   61.4003   44.0454   20.2237   43.4166   65.9242   8.06226   28.6356   15.6525   52.2015   22.4722   30.0666   57.0701   22.0907   0   38.0832   74.4455   81.5782   60.8222   55.2753   61.8318   51.5776   41.7518   27.0623   73.552   60.652   65.6204   59.6807   64.8577   37.4834   72.712   84.0928   79.2376   57.107   66.0065   89.6689   74.3063   63.7032   40.9283   57.4853   52.2515   38.1948   56.4005   
24.5153   63.2456   16.2788   23.8537   58.1808   55.2268   36.1248   66.2118   77.8845   39.1152   44.5982   57.4282   27.2947   39.4462   77.4145   22.6716   43.0465   43.3244   85.1469   20.5913   42.4853   65.7951   49.4975   31.8277   45.607   33.2415   29.0689   45.2217   24.4131   78.7718   20.8806   24.0832   0   56.7303   74.6888   81.6995   33.2788   83.1193   33.2047   59.6125   40.0278   73.4921   50.4591   60.6905   44.6833   74.2084   55.0725   74.7506   92.9917   69.1191   75.5258   59.7853   91.7471   69.5333   58.6261   60.3997   45.2237   73.4643   60.0116   38.525   
42.2019   63.8905   23.0868   56.0803   56.0446   42.0476   3.60555   90.6091   96.8297   58   82.201   48.3735   64.5368   68.6003   102.65   30   71.8679   15.1327   112.161   22.8473   69.8928   89.8721   12.8062   66.1287   84.0119   58.2495   17.6918   80.6536   32.6497   99.905   39.1152   58.1893   39.0128   0   49.446   104.376   40.0868   111.013   71.1316   93.109   70.109   63.3927   76.1234   50.0868   38.7648   80.0286   80.0804   68.1295   86.097   39.0446   96.6351   37.0868   82.5629   46.3308   53.2173   94.9938   57.8751   99.4311   82.8782   38.3033   
43.7379   39.598   47.4236   62.1691   31.8904   14.2127   37   80.9938   81.3019   51.4782   101.533   21.2132   74.4648   68.0294   92.3093   36.2491   70.1783   19.3132   102.694   51.614   67.2681   80.0562   25.02   71.7008   94.1488   57   50.0899   85.2115   36.0555   85.9593   43.6807   65.5134   57.6888   34.2053   0   97.9798   64.4236   104.491   90.0882   103.731   80.7308   34.2094   99.7982   36.815   51.572   60   78.831   45.2843   61.6293   42   81.701   35.4165   54.728   31.434   45.2957   102.147   84.3034   89.9719   81.6604   62.3609   
47.3814   49.0918   75   40.3113   53.1507   67.9117   88.459   3.16228   19.6977   31.6228   73.1642   62.8013   44.2832   24.6982   13.6015   59.4643   21.1896   82.1523   22.8035   81.8413   21.4709   3.60555   92.6499   35.5106   47.4342   32.0156   89.0225   32.0156   56.7274   17.1172   50.9313   41.1096   63.9531   89.3756   80.9568   0   89.2425   29.0111   88.4434   66.0777   65.9328   79.774   96.2158   79.5178   90.0067   55.1957   42.6271   71.2218   75.9421   104.597   31.1176   85.7371   85.7052   93.7165   73.2151   49.0483   97.3847   23.0554   44.1791   86.0491   
28.1603   63.3877   3   34.7131   57.0701   50.1199   23   75.1665   85.0882   44.9444   56.2939   53.8516   40.3113   49.5782   86.8389   20.0998   53.1507   32.7567   95.268   8.60233   52.0096   74.6257   37.3631   43.8292   58.9406   41.3401   16.4012   57.8014   23.0217   86.7698   24.0416   35.805   13.3417   26.0768   49.4975   73.2393   0   94.2182   40.4951   72.6291   50.8707   70.0364   50.4093   56.5933   32.4962   77.8534   63.171   72.1788   90.4199   55.0281   83.6243   45.6943   88.9256   55.8346   56.0542   73.3095   43.6301   82.7408   68.9191   24.434   
52.8015   57.1402   79.3095   43.2666   61.0737   75.505   93.8616   9.84886   24.8395   38.0132   71.1758   70.5762   44.9222   27.8029   12   65   24.2074   88.5889   18.0278   85.9127   25.4558   10.7703   98.9798   36.7696   44.5533   36.8782   93.4345   30   62.426   20.5913   56.0803   43.4166   67.1193   95   88.3233   8.06226   77.3369   0   91.3987   63.0109   67.1918   87.8362   97.4751   87.58   95.3476   63.258   47.1448   79.284   84.0043   111.597   39.1799   93.7994   93.7675   101.779   81.2774   53   100.902   31.1176   48.164   89.4324   
40.8534   79.8499   28.2312   34.1321   75.1332   72.3464   47.2969   76.1577   89.6772   53.4603   32.0156   74.6324   30.4138   49.0306   86.3308   39.8246   52.3927   58.1808   92.7038   28.2843   52.7731   75.9276   62.6259   38.2753   42.8019   46.0109   36.0139   48.2597   41.6173   89.627   37.5766   32.5576   17.2047   50.6952   74.027   73.4983   25.4951   75.0267   0   50.8782   48.5153   90.6452   33.2956   77.8951   57.9913   90.5465   65.163   91.9036   108.472   78.9039   88.0818   71.1894   108.9   81.3297   75.7791   63.5188   39.3178   84.8009   69.0818   49.9291   
45.2217   76.5768   55.5428   26.9258   75.452   81.1542   75.1332   50.9902   67.1863   45.4533   25.318   80.0625   14.3178   30   58.0086   53.4603   31.3847   79.1012   61.6604   59.4643   33.8378   51.1957   87.0517   19.2094   6.32456   36.4005   68.0074   16.0312   52.9528   64.9384   45.1221   23.4094   39.2938   77.7817   88.7694   47.8539   52.6308   46.0109   36.8782   0   40   96.8722   64.2244   88.6517   79.285   85.0391   49.6554   93.46   106.464   101.817   71.9258   85.8864   111.146   97.3376   86.7346   39.0294   65.8035   65.8656   54.6803   71.2228   
24.4131   61.0328   33.6155   10.198   58.0517   60.5392   52.6308   51.6624   65.2763   31.3847   36.7967   60.6053   9.48683   24.5153   62.0322   30.8058   27.8927   56.1427   68.884   38.5876   28.2843   51.4198   64.0703   14.4222   29.0689   22.8035   47.0106   27.2029   30.6757   65.1153   23.2594   8.06226   18.0278   55.109   66.7308   49.0408   30.8707   50.9902   24.5153   23   0   77.0079   57.8109   66.7731   62.4389   69.9464   44.2313   79.863   91.6042   79.8467   64.198   67.7035   94.685   73.6657   64.8719   42.5918   53.9857   60.312   46.2571   54.3766   
38.6005   20.6155   53.8516   55.9464   13.4164   6.08276   50   65.307   63.5059   39.8121   99.6393   3   68.9638   57.4891   75.9605   36.6197   58.8558   33.3766   86.4002   59.7746   55.7315   64.3273   42.0595   64.0781   87.3212   47.4342   60.8276   75.9605   34.8281   68.542   40.3609   59.5399   59.203   48.0937   19.2094   65.7647   55.0364   73.5527   76.4003   82.7345   63.0079   0   100.713   27.6015   56.2019   43.6778   68.8786   27.0711   37.5372   57.0389   66.0727   44.3059   39.1246   43.1105   28.8661   92.8835   89.9183   71.7587   70.3137   61.5982   
51.0784   90.0777   36.8917   43.0465   85.4225   82.4621   54.7814   84.0119   98.1835   63.1506   28.1603   84.8764   37.108   57.2189   93.6216   50   60.407   67.1193   99.2975   35.4683   61.131   83.863   70.6824   45.7056   45.4533   55.3263   42.2019   53.7122   51.8652   97.7394   47.8539   41.0122   27.4591   58.3095   83.6301   81.2158   34.4093   82.0061   10.2956   40.2244   33   86.6083   0   88.1495   66.9055   100.772   75.4586   102.079   118.768   86.088   97.0465   80.1036   118.848   89.6525   85.9545   70.2129   37.2483   93.1588   79.207   58.8433   
28.7924   28.6356   40.3113   47.1275   20.6155   8.60233   37.2156   65.3911   67.0075   35.3553   88.7525   13.0384   59.808   52   76.922   24.0416   54.0833   21.9317   87.2353   46.1736   51.1566   64.4748   31.9061   56.2939   79.1202   41.0488   47.3814   69.4622   22.8035   71.2811   29.5296   50.5964   46.6905   35.6931   16.1245   65.192   41.5933   72.4224   63.7809   74   52.7731   13.6015   73.8783   0   45.1555   51.6979   62.8797   36.4391   51.1387   47.868   71.1176   29   49.1176   37.8661   25.3246   88.0957   77.2944   78.0941   61.5412   55.2025   
27.6586   54.3323   13.4536   41.4367   47.0425   36.6879   13.4536   76.3675   83.4865   43.9318   71.1688   41.5933   50.4876   53.8516   88.3912   15.5563   57.1402   17   97.7446   17.8885   55.2178   75.6637   23.0217   51.5461   70.2567   43.6005   19   66.0984   18.4391   86.2148   24.4131   43.6807   26.6833   14.7648   34.0588   75.0067   15.8114   80.4301   41.1825   64.1249   41.1947   42.2019   50.2195   28.6356   0   75.8179   65.4314   65.0747   79.7391   45.561   82.6988   34.1555   76.131   40.7588   51.5108   82.9792   50.7131   84.9704   68.4175   32.0623   
35.6931   8.06226   62.1289   46.3249   13.4164   30.8058   66.4831   40.0125   36.6742   25   91.6079   24.1868   58.4123   40.6079   49.8197   42.107   40.4969   53.535   60.208   69.2604   37.4433   39.0128   63.8201   50.9313   73.1095   34.2053   73.3485   59.0762   39.0512   41.7852   39.4588   49.6488   60.208   65.7951   45   41.0488   62.0081   49.0918   76.243   70.0071   55.9464   26.8328   86.3308   32.0156   54.8179   0   55.8886   38.4642   44.9545   76.6831   50.02   60.0813   47.6233   62.7547   43.9258   74.5247   93.5712   46.1403   49.8058   69.3323   
21.9545   42.2019   48.4149   15.0333   42.0476   51.3517   62.8013   28.6531   40.6079   11.7047   57.3062   48.5077   24.1661   6.08276   40.2244   34.1321   8.24621   58.8727   48.8365   55.2178   5.83095   28.178   68.942   15.8114   37.8021   5.83095   62.482   24.6982   31.7648   41.1096   25   17.1172   37.6962   64.0703   62.0725   26.6271   46.6154   31.1448   49.163   34.6554   25.02   51.4198   58.0086   46.0109   49.4065   35.3836   0   62.31   72.7156   80.4831   39.02   66.1207   78.6809   76.8212   56.0125   42.274   72.5674   37.8587   22.0828   60.9762   
36.2353   11.3137   56.2939   52.0096   4.12311   14.2127   55.5788   56.5685   54.1295   33.6155   96.8969   7.07107   65   51.264   66.9403   37.3363   52.2015   40.1622   77.3692   62.8013   49.0408   55.5788   49.6588   59.1692   82.365   42.0595   65.0308   70.0071   34.9285   59.2368   38.833   55.6058   59.0593   54.1295   28.2843   57.2189   57.0088   65.123   76.1577   78.2304   60.1082   9.43398   86.4523   18.4391   46.0435   17.4642   45.31   0   41.2483   63.6931   56.7794   47.257   40.7564   49.7648   35.2403   86.2293   91.2168   63.6046   61.0204   65.6693   
52.8394   14.8661   74.5252   66.6033   18.3848   29.6142   73.171   59.8415   52.2398   46.0109   112.045   23.0868   79.2086   62.426   68.0294   55.3624   62.434   56.8859   78.0064   81.0494   59.3633   58.8558   65.521   72.2496   94.8103   55.1725   83.1505   80.9938   52.811   58.1378   55.9017   70.0928   76.5572   71.4493   41.6293   61.3922   75.1864   69.4262   93.4719   91.4385   75.6042   23.5372   103.755   36.0139   64.195   21.9545   57.0088   18.2483   0   77.4678   68.8661   64.0102   27.083   63.5395   49.502   94.7298   109.465   68.0948   66.9449   81.685   
44.9222   56.4358   34.9285   61.6604   48.3735   31.9531   18.4391   90.4268   94.1116   58.1808   93.6803   39   72.0278   71.7844   102.343   33.541   74.6726   7.61577   112.361   36.6197   72.2357   89.5879   4.12311   71.8471   92.0054   60.7454   32.5576   86.3134   35.171   97.949   42.9535   64.3817   49.2443   15   21   89.6939   37.6962   96.1769   63.1585   86.0058   63.0079   37.9473   71.5891   28.0179   22.561   60   66.4831   45.618   61.4003   0   93.2432   36.0175   72.4684   33.9284   53.3017   101.52   70.6443   101.531   84.9779   44.5941   
40.2492   33   69.3542   40   37.6563   53.4883   79.8123   15   17   23.2594   80.4114   47.8017   48.2701   26.9258   25.2982   51.3128   24.6982   70.9366   35.7351   76.5572   22.8035   14   81.5659   39.2938   57.1402   28.2843   82.7647   41.6173   48.2597   19.799   44.2832   42.107   61.3922   80.1561   67.1193   16.2788   68.1542   24.3311   74.0608   55.9017   50.04   50.6952   83.0241   51.9711   66.6108   25.02   25.02   41.7732   45.1221   78.2432   0   79.9485   69.2268   84.6017   63.793   55.8044   97.5873   23.0623   42   79.271   
27.1662   40.8044   28.8444   45.0111   32.9848   20.6155   24.3311   71.5612   75.6637   39.3573   82.2922   26.0192   56.5685   53.6004   83.4865   17.4642   56.3205   11.4018   93.4933   34.0147   53.7587   70.7248   22.0227   55.0091   76.531   42.45   34.5254   69.1809   18.0278   79.3095   26.0192   48.0937   38.2753   23.0868   19.4165   70.8308   30.6105   77.3692   54.6717   70.859   48.2701   26.3059   64.3817   13   16.1555   42.9418   48.0833   31.257   49.0102   18.868   59.5483   0   61.1308   38.4018   38.3246   84.5853   66.8686   82.6106   67.925   38.2603   
55.2268   22.561   72.8011   71.0634   21.6333   24.5153   68.2642   70.1783   63.7887   51.9711   116   20.1246   84.0238   69.3181   79.0569   55.0727   69.857   51.0098   89.202   78.7464   66.7083   69.1809   58.4209   77.9359   101.02   60.7454   79.6241   88.1022   53   69.5845   57.6281   74.6525   77.3886   66.0681   33.541   71.4493   73.9256   79.511   94.578   97.0824   79.2086   18.9737   104.848   32.573   61.131   30.5941   63.5295   19.105   12.083   54.3323   55.2268   45.1221   0   61.5431   47.8397   102.425   107.878   76.7344   74.6399   78.7228   
38   42.72   38.1838   56.1427   34.6699   18.0278   27.8927   79.6053   81.8352   48.3839   93.5201   25.0799   67.897   63.7887   91.3017   28.8617   66.2873   10.198   101.533   42.2019   63.561   78.7147   18.0278   66.0303   87.8237   52.6118   40.7185   80.025   29.2746   86.0233   37.2156   59.3043   49.2443   25.318   9.43398   79.2023   40.3609   86.1626   65.215   82.201   59.6657   24.0416   74.6525   14.8661   24.7588   46.7547   58.0517   31.7648   47.5395   13.9284   66.5733   11.4018   41.0122   0   40.1906   94.0562   73.4643   89.6355   76.4073   49.662   
24.1868   24.7386   40.2616   42.1545   17.1172   12.083   40.2616   59.0931   61.0737   29.1548   85   13.0384   55.0364   46.0435   70.6612   21.9545   48.0104   26.6271   80.9568   46.6905   45.0444   58.1808   37.0135   50.9608   74   35.2278   49   63.7887   20   65.215   25.6125   45.6946   44.4072   39.2173   22.3607   58.8727   41.1096   66.0984   61.6117   69.0797   48.5489   14.8661   71.8471   6.32456   30   26.9258   40.0125   16.1245   34.3657   33.3017   45.793   16.1555   33.121   20.8087   0   82.0382   78.5392   64.1597   61.3192   54.4158   
42.107   65.8635   60.9016   25   66.3099   75.3127   78.924   34.2053   50.5964   36.0555   42.2966   72.8011   19.105   18.3848   41   52.9528   18.0278   79.0759   45.1221   66.2873   21.095   34.4819   88.295   14.8661   16.5529   28.4429   74.6257   1   51.4782   48.0521   43.566   22.8473   45.8039   80.9938   85.1469   31.0483   58.3095   29   49.0918   17.0294   27.8029   75.6902   54.626   69.3542   66.4078   58.5235   24.3516   69.6419   80.455   86.4928   40.8044   69.2604   87.6641   80.0562   63.6396   0   75.7171   48.6155   43.8032   73.8727   
44.0454   81.7863   21.4009   43.0813   75.9605   69.8355   37.1214   85.7963   97.9847   59.3043   45.2769   73.4098   42.638   58.6941   96.6644   38.8973   62.2415   50.9902   103.832   18.0278   62.0322   85.44   53.3385   49.3964   56.8595   53.3667   24.0416   60.959   41.4849   98.6712   40.1123   42.4853   20.2237   40.7063   68.7677   83.3847   19.7231   85.8836   14.3178   50.8035   34.9857   74.686   18.2483   61.2944   34.7131   79.511   57.5674   76.2168   94.255   54.6443   81.5843   50.2195   93.5201   59.4643   60.5392   61.7171   0   93.688   79.6501   43.6471   
40.6079   40.1995   69.1158   36.6742   44.1022   58.9406   81.3449   8.94427   19.0263   24.0416   74.3303   53.7587   43.1856   22   20.8087   52.4023   19.105   74.0608   30.8869   76.1577   18.0278   8.06226   84.6286   34.1321   50.1199   26.4008   82.9277   34.4819   49.5177   19.3132   44.4072   38.2099   59.4643   82.0366   72.111   9.05539   67.6018   17   70.7107   49.3964   46.2709   56.7186   79.1581   56.4624   67.9412   32.1403   21.8403   48.1664   52.8867   81.5414   8.06226   62.6817   62.6498   70.6612   50.1597   33.6155   79.404   0   34.5529   79.6296   
24.7588   38.0789   52.6972   21   38.8973   50   65.8559   24.2074   34.9285   10.198   63.0635   46.3897   30.0832   9.89949   36.1248   36.8782   9.84886   60.3738   45.3431   59.6825   6.7082   23.6008   70.7107   21.4709   42.45   9.84886   66.6108   28.3019   34.2053   35.8469   28.3196   23.1948   43.0116   66.8431   61.6604   22.6274   51.1077   28.3019   55.0818   39.8246   31.0644   49.366   64.0312   45.5412   52.4023   30.8058   6.08276   42.45   52.6972   67.9779   19   49.2443   60.0083   58.5235   39.3192   27.7849   63.0635   16.5529   0   63.7806   
23.0217   55.0364   8.24621   34.4384   48.3735   40.7063   19.6977   71.7008   80.1311   39.9625   63.2456   44.5982   42.7551   47.8017   83.6301   12.3693   51.225   24.6982   92.6337   15   49.5782   71.0634   31.0644   44.3847   62.3939   38.1838   19.6977   58.8727   15.5242   82.3772   19.2094   36.4005   18.6815   21.8403   40.3609   70.0928   9.43398   75.0067   33.8378   56.2228   33.3766   45.6946   43.2782   32.2025   8.06226   54.3323   43.8634   48.0521   66.2873   30.5941   63.1348   21.2603   64.622   31.4006   32.0156   59.2368   29.1548   63.6003   47.5079   0   
