15
60
999999 5 5 7 14 9 17 8 6 7 16 17 9 6 12 7 14 12 12 7 10 8 13 17 14 10 17 12 11 15 14 17 11 11 6 10 11 12 17 7 5 5 11 5 13 14 9 15 5 15 12 8 9 13 14 5 11 5 17 16 
0 3 2 6 10 6 12 6 1 6 1 11 6 2 8 3 8 4 3 6 8 4 10 7 8 6 6 11 4 14 5 4 6 2 2 5 7 10 14 1 4 4 9 2 11 4 1 2 4 8 6 1 6 6 5 2 8 4 2 8 
20
0   0   0   0   0   0   0   0   0   0   0   0   0   0   0   0   0   0   0   0   
0   0   0   0   0   0   0   -1   1   0   0   0   0   1   -1   0   0   0   0   0   
1   -2   1   0   1   -1   2   0   1   -1   0   0   0   0   1   -2   0   1   1   0   
0   4   -3   2   -4   6   0   4   -6   4   -1   3   -2   6   -3   3   -6   0   -1   3   
11   -3   0   1   0   -9   0   -1   3   -2   0   -4   0   2   4   -4   3   -4   1   -6   
0   -5   5   1   4   0   3   -4   6   -1   3   -3   7   -4   5   -5   2   0   4   -8   
6   -2   8   -5   12   -5   8   -12   5   -4   14   -1   13   -10   8   -9   11   -15   8   1   
-2   1   0   0   -3   0   0   3   -1   -2   -2   0   2   3   -2   0   0   1   -3   -2   
1   -4   3   -3   3   -3   1   -2   3   0   2   -3   4   -4   4   0   3   0   0   0   
3   -5   3   -3   1   -1   5   -3   3   -3   3   -3   4   -2   2   -2   2   -4   5   -5   
8   4   0   6   6   -3   -3   -1   0   0   8   -3   2   -8   5   -4   6   0   0   0   
-2   -7   9   -1   14   -12   0   -7   15   0   10   -14   9   -14   14   -3   3   -10   1   -15   
-5   3   -7   3   -2   6   -2   2   -7   3   -2   4   -5   3   -5   1   -1   3   -6   6   
4   0   1   2   0   0   0   -3   0   0   1   -1   0   -3   1   -3   0   1   0   0   
2   -6   2   -7   2   -8   6   -6   11   -3   7   -6   9   -4   -1   -8   4   -8   8   -8   
-7   -1   -4   1   -1   2   -3   2   1   1   -1   2   -2   4   -2   3   0   3   -3   2   
-2   10   -5   2   -2   1   -3   0   -7   2   -2   1   -3   3   -8   10   -2   3   -3   2   
11   -2   5   -11   5   -2   5   -2   3   -5   6   0   5   -8   11   -2   1   -4   2   -2   
-4   2   -5   6   0   9   -3   0   2   0   -11   4   -6   8   -9   10   -5   4   -5   11   
3   0   -1   -1   1   -1   2   0   0   -1   1   -1   2   0   3   0   5   -3   2   0   
0   0   -3   0   -7   0   -2   2   0   4   -1   2   0   3   0   -3   -2   -5   -4   4   
6   -4   1   -2   2   -7   1   -1   -2   -3   3   -5   2   0   2   -2   2   -3   -1   -2   
0   1   -12   7   -8   -3   -5   3   -3   7   -11   9   -5   4   -5   7   0   1   -9   6   
0   1   5   0   9   3   3   1   0   -5   9   -10   2   -5   0   -2   -5   3   3   -1   
-11   7   -14   3   0   8   -5   9   -6   13   -8   4   -13   2   -2   9   -13   7   -4   6   
7   -5   0   -10   2   -6   7   -5   8   -3   4   -3   7   -10   3   -7   4   -4   5   -5   
6   -7   15   -9   13   -7   15   -9   6   -7   0   -6   5   -2   -4   -13   13   -5   9   -5   
4   -8   4   0   2   -7   2   -10   3   -5   6   -5   5   -4   -7   -2   3   -2   6   -6   
3   -4   0   5   3   3   0   -4   2   -3   3   1   0   -3   0   4   -1   2   0   3   
-5   8   -11   8   -8   11   -3   3   -6   6   -2   0   -4   10   -4   3   -5   9   -11   3   
-3   1   0   3   1   2   -7   0   0   3   -5   1   -6   1   -6   1   -2   -6   -2   2   
7   6   -1   -1   -8   -8   0   -7   -9   6   6   -5   -5   -1   -1   4   2   3   0   1   
11   -6   3   -4   8   -9   8   -7   6   0   7   -8   1   -3   3   -4   1   -1   2   -2   
-6   6   -7   3   1   9   -2   3   0   0   -4   4   1   4   -3   -1   -5   4   -4   0   
0   3   -1   3   -2   5   -5   1   -1   3   -3   0   -4   1   -1   1   -3   5   -2   2   
0   -1   0   2   -1   0   -3   -2   0   0   0   1   1   -2   4   -7   5   3   3   -5   
0   10   0   5   -9   8   -5   8   -8   7   -4   9   -6   7   -7   1   -9   10   -6   3   
2   -2   6   -1   3   -2   3   -8   11   2   3   -11   8   0   4   -6   0   -8   8   -8   
-8   -6   1   -8   5   -2   1   -5   6   -3   -3   -10   -4   1   0   -1   -8   2   -3   0   
0   -3   3   -1   3   -1   4   -3   1   0   2   -1   3   2   1   0   2   2   2   -3   
-2   1   -1   1   -2   1   0   0   0   0   -2   -1   0   1   -1   1   0   0   0   1   
0   0   0   -1   1   0   -1   -1   1   -1   0   0   0   -1   0   -1   1   1   1   0   
0   0   1   -8   -1   -3   -3   -3   1   -1   0   0   0   1   6   -5   3   -2   3   -2   
1   -2   1   -2   3   0   1   0   2   -2   1   -2   3   -2   2   -1   1   -1   2   -2   
6   -2   2   -5   2   -3   -1   -4   10   -11   1   0   5   2   2   -4   4   -2   2   -4   
9   -11   1   -8   10   -11   12   -5   7   -4   5   -8   11   -6   6   -12   11   -12   4   0   
-1   0   -4   1   6   3   0   0   3   -4   0   -6   1   -1   1   -5   -4   -1   9   -4   
-1   0   -5   -1   4   8   -1   -2   -3   1   -4   0   7   2   0   4   -3   1   0   0   
0   -1   1   -1   1   -1   0   -1   0   0   1   0   1   0   1   -1   -1   0   2   0   
6   -11   3   -7   7   -3   4   -7   9   -3   0   -1   13   -8   9   -10   4   -3   6   0   
-1   3   -3   5   7   -2   0   1   0   -3   3   2   8   -4   2   -3   4   -4   10   -4   
0   1   -2   0   -2   0   -3   2   -2   1   0   0   -2   4   -1   4   -2   1   -4   4   
-6   3   -3   3   -8   2   -7   5   -5   1   -6   -2   0   3   -5   3   -4   1   -3   7   
3   -2   4   -6   3   -12   3   0   3   -1   3   -4   -2   -1   1   -3   1   0   0   -1   
-2   0   1   -7   -7   -8   4   -1   -2   2   -2   3   0   2   2   -2   2   5   1   -1   
3   -1   1   -2   1   0   3   -1   1   -3   0   -1   1   -1   2   -1   2   -2   2   -2   
-5   3   0   4   -1   6   0   3   -4   5   0   2   -8   -1   -4   -2   -6   1   -5   5   
3   -2   2   -2   0   0   0   -3   3   -1   0   -1   2   -2   2   -1   3   -3   1   0   
3   -11   5   -11   12   -12   9   -7   9   -5   6   -10   10   1   9   -8   5   -7   4   -6   
1   2   -1   2   -1   -8   -10   1   2   -6   1   0   -2   -1   -3   0   -3   8   2   5   
0   56.4367   69.04   45.2539   53.7359   58.27   57.3415   70.7922   64.4382   68.1672   74.9451   32.53   75.2999   69.4707   57.4222   68.0635   31.099   34.4222   68.5399   50.0179   58.2299   54.6007   61.7922   54.7002   66.0833   69.5383   35.1803   49.7297   80.7024   55.3259   62.7008   53.171   54.2801   64.2338   43.2843   67.3956   65.7598   55.0143   62.0104   57.598   44.2036   39.2036   63.6542   41.8661   65.0104   59.688   52.6197   47   63.1725   35.6433   42.6586   72.4287   72.9815   75.4782   43.0179   51.5106   61.8539   75.959   76.8769   66.4975   
41.4367   0   68.2263   76.131   27.2195   88.9813   37.8494   63.5671   26.7703   65.9902   64.129   59.4093   77.1386   108.942   75.5615   55.9217   51.4005   61.4599   55.1848   82.6498   79.7289   89.7009   58.3253   90.0738   46.6155   52.9487   52.2843   86.8059   56.5061   64.1597   69.0818   83.8823   92.382   61.4133   56.9487   36.6015   59.6131   64.252   41.8114   38.8045   70.471   75.439   67.9017   46.2843   89.5122   95.0616   51.1386   88.4078   54.2022   56.9706   80.4831   105.088   47.0192   80.0339   78.0322   47.6125   86.6408   73.4518   118.314   92.922   
50.04   51.6236   0   56.8958   58.7258   103.935   48.2857   21.0828   59.8795   20.2361   27.544   74.7001   119.382   117.61   101.891   38.819   66.0918   80.6629   31.2788   51.7967   48.6586   87.5477   36.7756   66.9313   51.9098   32.1108   58.9584   76.4432   67.9305   98.7452   105.679   101.717   84.3503   34.544   87.7379   83.456   36.8661   35.2971   85.0548   53.268   55.9249   66.0595   105.291   58.7293   50.1039   74.2441   93.3978   84.0389   32.6525   75.208   70.6972   69.8984   60.3631   34.0554   65.2019   50.2488   42.0416   120.18   118.278   58.9249   
28.4253   61.131   40   0   73.1212   67.6004   62.551   58.6618   73.808   53.9303   61.4236   56.1257   103.725   79.0247   79.9016   70.0727   46.9061   62.8475   64.4907   28.099   28.3178   49.0143   52.3141   38.3417   72.2442   66.7167   47.1603   33.9249   87.5907   83.7512   90.2462   71.6004   43.4605   51.2381   71.7096   91.4199   61.7416   42.0185   86.0347   65.9396   34.4031   29.4031   89.3464   57.9559   43.8403   37.0278   81.045   45.3417   62.8469   64.0687   32   46.1548   78.1909   55.1445   28.2361   56.72   39.02   104.384   89.8027   48.4009   
37.7359   9.21954   42.4264   54.037   0   86.342   27.6301   56.0563   20   57.4401   60.0472   50.4215   79.4905   106.39   74.8154   50.7099   56.0761   54.8403   52.4138   75.3091   68.4974   85.9871   47.141   83.1869   41.1421   53.4631   51.2594   80.5689   48.3674   67.6004   75.5399   82.1027   91.3542   50.229   58.7612   44.2246   50.6816   50.2491   38.8395   35.9443   67.5412   72.4876   77.1212   45.2594   79.8377   88.1746   60.3582   84.7359   43.0179   48.1321   80.3946   99.6322   38.8806   66.8197   71.1453   41.4012   71.7754   75.6117   114.613   90.6586   
37.6962   72.1803   86.4928   53.6004   71.7008   0   87.7186   100.833   91.7008   99.3445   106.136   53.2884   69.9181   43.2485   41   103.663   66.7063   55.8277   102.064   73.7488   81.9182   39.1246   92.9963   68.3289   98.0536   103.7   62.8467   50.9432   114.75   48.1361   58.2873   31.099   47.0644   96.4165   60.1618   92.0066   103.456   87.1969   94.6938   91.7166   63.0104   64.6128   56.0512   74.4782   89.9057   72.5765   72.1736   43.7321   98.6324   62.2099   58.0116   90.5844   105.263   108.745   77.788   88.8972   92.6204   85.208   48.7924   92.0821   
36.1248   19.8494   31.8277   46.8722   10.6301   72.7186   0   44.5313   28.1854   45.9151   47.6977   58.1363   88.7564   105.595   80.3793   33.1108   50.2025   63.1545   37.8806   63.1699   59.2897   85.3817   35.616   75.3891   28.6084   39.3776   49.3293   75.4765   44.3305   73.2115   80.5864   89.2958   79.7343   38.704   61.1699   48.4215   37.6977   41.5427   49.4696   20.1231   63.2719   58.2719   87.7511   46.4009   68.6143   83.8999   70.9881   79.8218   31.4929   58.7622   70.1543   87.2531   37.105   62.2046   70.2701   31.831   66.7598   85.5195   113.002   77.5399   
49.6488   46.7547   6.08276   43.1393   37.6431   86.8332   27.2029   0   50.7967   26.3188   26.4721   70.2032   113.839   117.694   98.2151   32.7498   62.0937   75.3188   26.198   54.4599   51.9061   90.821   32   73.0141   45.8406   26.0416   53.1152   77.0642   58.4588   95.8467   103.932   102.82   85.9611   32.6158   84.8395   75.1127   28.9443   36.6433   76.4825   44   59.6773   60.4072   102.393   57.4952   52.3631   80.1671   88.1273   87.7853   38.0384   72.3095   74.4437   74.28   55.3209   36.1327   69.2769   35.9545   48.1244   112.722   124.361   65.0077   
42.4382   10.7703   42.0119   57.3149   5   76.6942   11.4018   36.7967   0   56.1968   58.2884   55.4215   84.4905   110.74   79.8154   44.5125   58.8021   59   49.2824   73.0086   70.6915   85.0282   47.0177   85.2467   32.0499   48.3019   53.1059   84.7626   43.7657   72.6004   79.8521   87.1027   91.1361   48.9857   63.7612   45.4307   48.8709   52.9445   43.4197   28.0623   64.2443   68.1295   78.672   50.2594   80.016   93.1746   61.909   88.6483   42.8946   53.1321   80.56   97.4924   34.2788   70.93   76.1453   38.088   76.7754   80.6117   119.315   88.9417   
48.0104   50.9902   2.23607   37.8021   41.7732   84.3445   31.1448   7.07107   41.6173   0   29.7801   69.9181   116.471   115.381   99.147   39.8209   65.1104   76.4974   33.2691   52.6554   49.6125   85.3189   32.6301   65.8365   52.9117   33.1127   57.2099   71.727   65.3615   96.0009   104.086   100.866   81.2626   29.2111   84.9936   79.5664   34.2971   35.1529   80.6127   51.0711   53.6962   62.8246   102.323   54.2938   45.3645   73.9569   92.4637   81.4152   34.8885   72.4637   69.8021   65.2892   58.855   33.544   65   43.0256   44.2777   116.664   120.515   55.2753   
53.9351   48.6004   8.544   47.4236   39.6611   91.214   29.5296   4.47214   38.2884   10.2956   0   74.0116   116.655   122.162   102.687   32.8885   66.5658   79.791   27.8284   58.932   53.083   92.39   30.6886   75.3428   45.9793   26.1803   57.5874   81.0309   56.0644   100.319   108.404   104.362   89.3801   27.083   89.3116   76.7397   25   41.1155   78.5005   48.4721   63.9918   63.8262   106.865   58.0116   55.304   78.4987   90.6551   84.9638   41.1965   76.7817   76.8164   74.9807   55.8707   31.1172   72.5782   40.4266   50.573   115.049   126.822   65.5709   
12.53   34.4093   56.7186   40.8044   33.4215   38.2884   35.4683   55.0818   38.4187   54.9181   59.0085   0   66.0147   72   48.7082   68.5791   30.2195   25.7082   68.0729   60.6878   68.5353   49.7351   63.1707   64.5668   63.4984   70.2445   44.088   60.3192   79.2206   46.6849   51.2508   58.2132   58.107   66.2587   34.6433   62.8044   65.2445   60.72   59.6827   55.0132   48.6105   51.7336   49.0147   40   77.5404   72.218   44.2426   58.0143   59.0476   24.2426   55.1886   84.9587   70.3385   76.7746   55.5478   54.8782   74.3839   62.7955   87.0807   78.6198   
60.208   59.0085   102.318   88.3912   65.4905   54.9181   73.7564   99.2975   69.1809   100.846   102.489   48.6004   0   90.0477   49.5261   106.867   71.8608   64.4378   110.973   107.326   111.038   85.942   107.773   112.969   96.2275   111.957   79.431   99.493   107.093   43.6903   35.088   70.1321   97.6053   109.776   50.0156   69.9711   108.145   104.894   69.859   92.9797   93.2354   97.2402   36   77.6426   122.188   118.341   48   96.4598   103.684   58.4072   102.867   131.104   103.46   122.888   101.693   98.8845   122.062   28.8102   103   126.705   
55.4707   92.1954   101.514   64.6297   91.2414   20.2485   91.4002   102.694   96.2081   99.2975   107.154   58   71.007   0   55.5216   122.39   79.203   75.8628   119.449   83.514   92.9475   57.0832   108.43   84.131   118.302   121.515   81.5733   67.0999   133.746   68.3845   78.5358   48.0599   62   110.597   75.2451   111.309   116.638   101.377   105.924   111.523   79.6847   82.345   76.2997   89   100.051   89.6396   82.9242   62.6232   105.236   79.258   76.1536   101.604   124.259   114.998   76.514   106.981   103.65   95.2334   31.0499   98.0987   
35.9026   57.9828   85.2115   60.9016   60.0083   22   64.0312   84   64.8845   83.2947   88.0227   29.1548   33.5261   40.5216   0   97.142   53.3417   40   96.6075   80.7647   89.2194   52.8469   92.3255   87.2032   92.6396   99.3993   68.0999   70.1083   101.207   35.4018   34.4924   32.0294   62.8722   93.0584   38.2094   74.1997   94.3993   89.8748   68.8145   84.1543   76.5894   71.5894   38.1172   67.9187   100.913   86.7672   47.0768   64.5206   88.2024   48.6833   76.9073   101.459   98.8889   104.298   78.9205   82.9242   97.7566   62.3364   69.01   102.4   
51.9711   33.6155   24.5153   55.0727   25.7099   89.4427   18.1108   18.4391   22.8473   25.1794   17.8885   53.1601   91.0824   107.378   82   0   66.7554   74.7746   32.9443   70.0369   62.8418   96.714   34.6815   84.9779   33.6015   30.7082   57.8167   88.9975   37.095   91.3223   98.6972   104.41   97.8451   42.2132   79.2807   64.793   33   48.2853   64.5494   38.2339   70.063   73.4059   98.0061   56.0789   70.5438   85.6938   84.7541   91.2804   38.2354   73.842   82.8027   88.9798   37   49.0058   75.9386   34.5529   66.5569   101.322   127.201   76.8142   
5.09902   36.4005   49.0918   31.9061   33.0151   40.7063   32.2025   48.0937   37.8021   47.1699   52.2398   9.21954   57.8014   59.203   36.1248   48.7545   0   34.9277   66.4405   53.7754   57.2046   57.2866   56.3509   57.3792   58.9318   68.3356   36   54.8287   76.533   50.8469   60.4703   57.6962   56.3633   58.7449   43.8629   70.2769   63.6296   49.5254   67.1094   52.3256   39.6333   44.3026   58.2342   34.8167   66.3289   64.787   53.4622   49.0832   52.2278   33.4622   47.7577   77.5278   69.3075   75.4198   48.1169   56.6096   66.953   72.015   81.0538   66.4976   
14.4222   40.4599   62.2896   42.4264   40   31.8277   42.1545   61   45   60.407   65.0308   6.7082   45.9674   51.7397   23   59.7746   13.3417   0   74.446   63.2497   69.5745   46.4006   69.6926   64.774   70.2066   75.4443   46.732   54.5994   85.9288   39.8254   47.8387   47.8029   54.6684   71.0833   28.4222   59.6946   71.9527   62.867   61.1483   61.7214   49.6497   52.0694   49.2324   41.2036   79.4326   72.0803   42.7697   47.3883   65.5695   25.7082   57.0808   86.8509   77.0467   83.4828   57.4401   57.4166   76.2761   67.2017   79.0762   79.8393   
50.3289   39.1152   16.2788   49.4065   30.4138   88.0227   20.8806   10.198   28.6007   17.0294   10   53.4603   94.5939   105.119   82.6075   8.24621   47.8017   59.8415   0   62.5619   55.3668   90.0066   27.2066   75.9112   34.6155   18.2361   55.5186   81.5386   45.3412   93.0714   100.446   101.381   89.4206   31.9284   81.0298   69.0096   28.8284   39.2625   69.2533   41.0037   61.0403   64.681   99.2975   53.57   62.3938   81.7674   84.2022   83.4105   29.2127   71.3486   78.1707   82.3186   44.1896   41.1172   67.4004   32.0294   55.2046   106.025   127.206   71.3415   
32.5269   62.6498   36.7967   5.09902   55.0818   58.6941   47.1699   40.4599   58.0086   34.6554   44.5982   44.6878   92.6984   69.4622   65.7647   53.7122   35.609   46.7547   47.5079   0   33.4168   54.1133   53.3556   34.4222   75.0517   65.744   52.2593   39.0239   87.8011   85.2026   94.5934   76.6994   48.5595   52.2795   75.1769   90.9533   62.783   43.0599   91.1337   67.293   37.1421   34.5021   93.7025   53.4005   39.7631   42.1268   85.1466   49.0167   57.5398   66.9183   36.4642   49   79.3246   52.2243   29   61.819   36.0998   107.483   94.9018   41.9706   
37.2156   60.7289   27.6586   14.3178   52.3927   67.1863   43.2897   31.9061   54.5894   25.6125   35.805   48.4149   97.0052   78.9177   72.2357   46.8402   39.2046   51.6236   39.9249   9.84886   0   63.3321   49.1603   38.3452   71.6552   57.9477   57.2211   48.2427   82.0455   90.0515   98.4165   81.8802   57.7783   49.4678   79   88.736   59.3363   40.2483   90.8241   63.1699   39.0263   34.0263   97.4296   56.2022   34.4018   40.807   89.8353   57.3192   48.2843   72.6575   45.2628   46.4443   72.5587   43.3049   34.4924   62.0526   27.1803   111.21   99.0812   34.2788   
28.6007   69.3181   71.5122   35.0143   66.2873   20.1246   64.3817   72.9178   71.0282   69.2892   77.3886   35.7351   68.942   30.0832   35.8469   79.0253   33.2866   31.4006   76.0066   40   49.163   0   81.9094   49.6466   91.6581   94.2426   58.6653   32.261   107.253   68.2607   70.3393   45.0227   28.3137   81.9884   59.8228   91.0953   90.6548   72.9352   89.2951   83.1754   47.8753   45.4138   73.9641   58.4166   70.5372   53.0132   71.1507   25.0499   81.9112   53.855   50.3452   76.4109   99.4865   85.4838   47   80.1113   74.0333   91.7324   51.2866   69.3667   
40.7922   40.4599   11.6619   37.2022   31.241   78.1601   20.6155   9   31.3847   10.6301   13.1529   46.0977   90.824   94.4299   75   18.6815   39.1152   52   12.2066   35.3553   28.1603   64.8845   0   63.7418   42.6833   30.434   50.0056   69.2956   55.7766   89.9621   97.3485   93.7579   77.5497   30.6056   80.4222   69.0371   25.434   24.2956   70.0805   40.7386   54.2053   60.4833   95.1124   52.1999   52.0139   68.9672   78.846   76.8595   26.1231   69.366   65.9749   70.4437   53   37.6011   55.2046   37.8661   51.1548   106.135   115.112   62.4391   
38.0789   74.0068   50.9313   13.3417   67.1863   54.231   60.208   54.8179   70.5762   48.8365   58.8982   50.5668   96.0469   61.131   65.9469   67.9779   42.3792   50.774   61.9112   14.4222   23.3452   34.176   49.7393   0   85.5859   80.0584   56.339   35.4642   100.932   88.3361   95.6338   69.4836   45.8769   64.5797   79.1962   101.478   75.0833   55.3602   99.1724   79.2812   38.0907   39.8725   93.3977   67.8228   43   22.3852   89.5619   38.5967   67.7545   69.5619   35.0416   37.6333   91.5326   65.4295   34.0416   70.0617   49.305   111.908   78.2993   42   
48.0833   20.6155   35.7771   58.2409   14.1421   84.0536   12.2066   30.0167   10.0499   35.8469   30.6105   46.1411   79.2275   103.078   73.736   13.6015   43.9318   52.8394   20.6155   58.0517   53.0377   76.4853   26.6833   71.5681   0   33.799   54.6914   87.6831   32.8114   81.7425   87.8042   95.3942   91.9359   50.9105   70.7853   55.2321   43.095   50.979   49.8469   25.4853   70.7595   70.4784   85.5681   53.2415   78.6972   93.8447   71.7542   86.0282   43.6994   61.4236   82.3609   97.127   27.2111   61.7277   77.7746   34.5242   75.8201   89.7538   124.96   87.3165   
52   38.9487   18.1108   51.614   30.4631   89.6939   21.3776   12.0416   28.3019   19   11.1803   54.7449   95.1262   106.944   83.863   6.7082   49.3356   61.1882   2.23607   49.7393   42.1545   77.9359   14.4222   64.1405   19.799   0   57.5847   83.6047   43.8032   94.5891   101.964   103.556   91.4868   33.1555   82.5475   67.6534   25   38.7178   69.3026   36.5407   63.1065   66.7471   101.534   55.8061   64.3645   82.9615   86.4382   85.4821   31.2788   73.5847   78.3707   84.2892   42.6977   42.2976   67.6004   34.2655   57.4407   106.075   125.221   73.5776   
11.1803   34.2345   40.1123   28.1603   28.7924   48.8467   25.4951   39.1152   33.1059   38.2099   43.2897   17.088   65.192   66.5733   45.0999   40.8167   9   22.2036   39.2173   30.8707   32.5576   38.8973   30.1496   40.3113   37.6431   40.8534   0   56.8266   69.8256   59.8469   68.3388   64.3514   56.8956   54   50.6258   61.1774   55.5836   52.7099   58.9318   45.6182   43.2483   47.1948   66.1027   29   59.9318   62.6965   59.8246   49.6155   53.3059   41.3306   53.839   74.315   62.5982   64.72   51.6356   51.4131   59.738   79.6607   88.0573   66.8365   
28.0179   68.6586   59.1692   19.9249   63.5689   36.7696   59.0593   61.6117   67.7791   56.9386   66.0303   39.3192   80.9938   45.0999   49.5177   70.9366   33.0606   37.6431   66.4831   24.5153   34.2053   16.7631   54.5619   17.4642   71.1969   68.593   34.7851   0   102.185   71.3028   78.405   58.0789   34.544   69.2374   66.0653   94.7262   79.1228   60.0198   90.0283   79.1824   36.7235   32.4728   86.8755   55.5216   54.0862   38.1005   80.4128   30.2111   67.9326   62.7551   21.0711   55.0976   92.6981   74.0803   44.72   76.6449   58.9449   102.115   68.0497   55.6742   
63.7024   30.0832   45.5412   73.3894   27.4591   99.0202   28.0179   39.4588   22.4722   46.2709   38.3275   60.803   88.278   118.343   87.2067   21.095   59.397   67.424   29.2746   72.8011   66.9104   92.1954   39.1152   86.6487   15.8114   27.4591   53.4135   86.954   0   94.0562   99.165   109.562   107.744   60.6146   86.2203   57.1214   50.0644   62.6621   58.0119   39.2074   82.082   86.2897   97.9849   63.8365   91.1291   106.056   81.2218   101.84   58.4872   75.5912   98.1722   109.559   32.4868   69.4448   89.0267   48.8707   84.4792   98.006   139.451   97.9093   
37.2156   50.1597   83.7437   64.6607   53.6004   33.1361   59.2115   81.7435   58.2409   82   85.4751   27.2029   24.6982   51.923   11.4018   77.3175   35.8469   22.8254   79.0063   69.2026   74.4312   44.5982   72.8354   71.5891   67.6831   80.0062   44.2719   56.3028   80.0562   0   25.0463   43.4311   69.0364   90.3128   32.0416   63.1569   91.2971   83.9214   57.9817   78.5971   72.4751   74.8948   22.8102   57.7551   102.176   93.9743   29.5563   67.7393   86.2505   46.5372   77.3738   109.222   92.481   103.978   80.2334   76   99.0695   53.1603   80.4118   102.345   
45.793   55.0818   91.6788   73.2462   59.5399   38.2099   66   89.4427   63.9531   89.9889   93.0591   35.4683   17.088   55.4437   16.4924   84.0238   44.2832   31.3847   86.209   77.801   83.006   51.8941   80.604   79.9812   73.6817   87.0919   52.5547   64.405   85.1645   8.60233   0   48.5218   76.6498   97.6964   34.9561   66.9754   99.7285   92.5237   61.6545   82.3053   77.8201   80.8431   17.2361   66.3574   107.744   102.044   38.1587   73.6888   90.4853   55.1395   85.0147   117.119   96.2309   112.243   88.8109   84.6023   107.647   37.0227   85.5024   110.781   
35.171   67.8823   84.7172   53.6004   67.8012   5.09902   69.3542   84.7231   72.8011   82.6075   89.0505   34.4093   50.2195   25.0599   17.0294   86.406   37.6962   27.8029   85.3815   58.6941   66.7533   22.0227   75.9276   55.4707   80.455   86.977   46.1736   38.0789   95.2103   28.0713   33.3766   0   50.3364   94.4883   55.2388   87.4975   98.679   87.2215   85.535   89.4225   67.7123   64.8539   50.6127   65.3322   91.0605   73.7313   57.1096   44.8869   87.2772   53.5111   59.1499   93.104   102.664   103.024   69.0227   85.2195   92.6204   70.3994   52.8378   90.736   
32.28   73.6817   67.6018   28.4605   69.3542   31.0644   65.7343   69.8928   73.7902   65.3682   74.3303   42.107   79.6053   37   46.8722   78.5175   37.3631   39.1152   74.411   32.9848   42.72   11.3137   62.6259   24.3311   77.9359   76.4853   40.7063   8.544   93.7443   55.0364   62.6498   33.3017   0   77.4737   67.5374   98.8099   87.6668   68.2541   94.2904   84.8566   45.2675   41.0168   77.8466   60.0977   62.6302   46.5136   81.8849   29.2801   76.4766   64.8234   29.6151   61.9644   101.242   79.622   52.2488   83.7906   67.4805   99.6725   52.3631   64.2182   
42.2966   44.0454   8.544   36.1248   34.8281   79.3095   24.2074   7.61577   34.9857   7.2111   12.083   48.3735   93.7763   95.0789   77.0584   21.2132   41   54.0833   13.9284   33.8378   26   65.307   3.60555   48.2597   30.0832   16.1555   32   54.2033   42.0119   75.3127   83.1986   77.2787   62.426   0   82.318   72.629   29.0395   25.2195   73.6676   44.3305   57.8108   57.0135   97.3882   51.5576   47.1361   66.807   82.4515   76.9386   29.7287   69.788   68.1248   66.7731   52.0606   40   58.8101   41.4391   47.0192   108.679   114.789   60.2788   
28.2843   38.9487   72.2772   56.6392   41.7612   37.1618   47.1699   70.0357   46.4866   70.6045   73.6817   16.6433   32.0156   57.2451   19.2094   65.2763   25.807   14.4222   67.0298   60.8112   65   43.1045   61.1882   65.192   55.7853   68   33.541   51.6236   68.542   12.0416   19.4165   32.2025   52.1728   63.7887   0   54.6989   81.8878   75.3323   59   67.293   64.0719   66.4916   34.8518   55.6258   92.1359   85.7416   36.0499   61.8105   75.6909   36.53   68.7122   100.713   80.6418   91.9605   71.3021   71.5215   90.1382   53.8024   85.0403   92.3046   
50.3587   13.6015   65.1153   72.9932   22.8035   76.0066   33.4215   60.1082   23.4307   64.5368   61.7171   40.8044   51.9711   96.2549   58.6941   45.793   45.2769   45.6946   52.0096   74.9533   73.736   76.5376   54.037   85.4751   32.249   51.614   45.1774   78.3135   37.1214   49.0408   51.9711   71.2811   82.3772   57.6281   39.6989   0   70.9214   73.0526   31.3852   50.1127   84.0725   84.3593   69.2072   59.8857   102.036   106.67   57.6006   92.0526   64.9144   54   93.0173   118.689   57.7096   89.6232   91.6337   61.214   94.5789   67.1736   124.119   106.524   
47.7598   38.6005   14.8661   46.6154   29.6816   85.44   19.6977   8.94427   28.3196   15.2971   10   51.2445   93.145   102.421   80.399   10   45.3542   57.5587   2.82843   44.7772   37.3363   73.2462   9.43398   59.1692   21.095   5   36.6879   63.6553   31.0644   77.0584   84.3801   82.8613   71.5891   11.4018   65.123   51.7397   0   33.7296   68.5211   39.8208   61.1856   67.5094   98.4924   56.3985   58.5378   78.1433   82.4685   85.3934   32.0411   74.177   72.0517   78.1367   42.561   41.1172   63.6004   34.8578   53.054   105.217   123.952   65.9711   
35.0143   45.1774   15.2971   27.0185   36.2491   71.1969   26.2488   16.6433   37.6431   13.1529   21.095   42.72   89.8944   86.3771   70.5762   28.7924   34.5254   47.8539   22.4722   25.0599   18.2483   56.4624   10.2956   39.4462   35.0143   24.6982   25.7099   45   48.6621   69.9214   78.1089   69.4622   53.2541   9.21954   58.8727   58.6686   19.7231   0   75.0886   46.3719   49.0599   51.8029   91.7347   44.7308   52.2947   56.9535   85.5345   65.8853   27.0499   66.9627   59.0185   61.1655   53.3192   42.088   52.7407   43.6155   44.5407   105.371   104.443   49   
48.0104   15.8114   67.2086   72.0347   24.8395   71.6938   35.3836   62.482   26.4197   66.468   64.405   37.6563   46.6905   91.9239   53.8145   49.1935   43   42.0595   54.9181   74.3303   73.8241   73.2462   55.8659   84.1724   35.8469   54.7083   43.9318   76.0263   42.0119   43.9318   46.6476   66.888   79.6304   59.4138   35   5.38516   54.4059   59.6406   0   54.4819   79.2656   84.2336   63.8837   55.0789   103.864   105.443   55.4253   89.4478   66.8765   59.3852   90.669   118.189   55.2616   89.3303   91.0283   58.0122   96.6149   62.0488   119.726   108.103   
39.598   17.8045   34.0588   50.9902   8.94427   75.7166   4.12311   29   8.06226   33.6006   30.8058   38.0132   73.9797   94.6414   66.0984   17.1172   35.4683   44.7214   21.4709   51.2445   47.1699   68.0147   23.3238   64.3273   8.48528   21.5407   29.2062   63.0635   24.2074   60.6712   67.1193   72.2011   69.6419   26.9258   48.6621   31.1127   20.8087   29.8329   33.6006   0   58.6578   62.395   83.4815   48.7588   71.737   84.4221   68.9431   77.6817   34.6155   57.0764   74.2774   89.1665   35.6964   60.9249   67.3927   31.2195   67.2445   84.556   116.475   78.3877   
18.3848   52.0096   39.9249   10.2956   45.5412   48.0104   39.5601   41.6773   49.2443   37.6962   46.1411   30.6105   78.5684   61.6847   52.3927   50.448   21.6333   32.6497   46.0109   14.1421   19.9249   31.6228   34.2053   22.0907   51.4782   48.1041   18.2483   20.5183   67.082   55.2178   63.8201   47.1699   28.4253   34.1321   46.669   63.3877   43.1856   25.0599   62.1691   43.6578   0   28   78.028   46.1868   48.0167   44.4759   71.0044   42.8254   52.1098   51.8281   34.6525   56.4504   71.7063   53.4708   28.4403   50.2353   47.1052   93.4059   80.405   49.1127   
22.2036   57.0088   42.0595   6.40312   50.4876   48.1664   44.2719   44.4072   54.1295   39.8246   48.8262   34.6699   82.0244   60.4152   54.5894   54.4059   25.9422   36.0694   49.5177   11.1803   19.0263   30.4138   37.4833   17.1172   56.0803   51.6624   23.1948   17.2047   71.5891   58.258   66.8431   47.8539   25.5539   37.0135   50.3289   68.3593   46.6905   27.8029   67.082   48.3839   5   0   81.0683   51.1868   45.8568   39.5024   74.8233   40.7434   54.8528   56.8281   27.4018   50.2278   76.7063   56.5601   32.831   55.2353   45.4231   97.4654   77.9169   50.8029   
44.6542   52.8867   89.9889   72.3464   57.4282   39.0512   64.0078   87.6641   61.8142   88.3233   91.2414   34.0147   17   56.7186   17.1172   82.0061   42.9418   30.2324   84.2912   76.8375   81.8352   52   78.8543   79.3977   71.5681   85.1469   51.0784   64.0703   82.9699   7.81025   2.23607   34.1321   62.6099   81.4923   17.72   49.7393   82.4924   76.5506   44.4185   65.0692   62.8013   65.9469   0   63.3186   107.655   101.783   31.7631   75.4543   89.3601   44.0832   85.1413   116.175   96.0931   109.681   87.6721   83.8102   106.508   36.2132   81.4831   109.439   
14.8661   28.2843   41   33.9559   23.2594   51.4782   21.4009   39.1152   27.7849   39.2938   43.0116   16   62.1772   70   45.0999   38.0789   10.8167   22.2036   37.6563   36.4005   37.2022   43.4166   30.1496   46.2709   33.2415   39.0512   6   40.5216   48.8365   42.7551   50.6952   48.3322   46.0977   32.5576   31.3209   39.2046   35.3553   27.7308   38.0789   24.7588   24.1868   29.1548   49.0408   0   64.6004   66.5547   54.2354   55.6155   51.2026   34.2354   56.2099   76.3939   58.5059   67.7507   49.5254   39.5407   64.3825   75.0328   91.743   71.481   
48.0104   71.5122   31.9531   21.8403   62.9365   75.3127   53.3667   37.3631   64.7611   30.3645   40.4969   59.5483   108.074   85.0529   82.2922   54.3323   50.3289   62.426   46.6905   16.7631   11.4018   56.2228   36.0139   25   62.2013   48.8365   43.9318   40   75.1066   85.1469   93.7443   75.4321   48.0937   33.1361   76.0592   84.6936   44.4072   27.2947   84.9706   57.0701   30.0167   27.8568   92.6553   48.6004   0   47.0599   99.7809   61.5589   52.1214   79.7809   49.3075   43.2278   80.6139   38.1868   38.5372   64.1217   22.0623   122.344   100   31.0623   
43.4626   79.0569   53.4135   18.0278   72.0625   58.1378   64.7765   57.6888   75.326   51.4004   61.6117   55.9464   101.213   63.6396   70.7672   71.6938   47.7598   56.0803   65.2993   18.0278   25.807   38.0132   53.2259   5.38516   75.9276   67.5352   45.5412   21.6333   90.802   76.6942   85.0412   59.6825   27.5136   51.4782   70.4911   90.6697   62.6099   42.9535   89.4427   68.884   27.2947   22.3607   84.5044   51.4782   25.0599   0   94.9471   42.8444   70.0033   74.9471   34.0294   40.4642   96.2187   61.3814   39.0294   74.7478   47.1222   117.293   79.8767   34.6815   
36.6197   36.1386   76.3217   65   41.0488   46.1736   48.3735   73.3757   45.2769   74.8465   76.6551   24.2074   26   65.9242   26.0768   66.1211   33.3017   23.7697   69.0507   68.884   72.1803   53.1507   64.846   74.3034   55.1453   69.7209   39.8246   61.3514   66.2193   15.5563   18.9737   41.1096   62.1691   67.7791   10.0499   33.6006   67.4685   64.0078   28.4253   49.0408   54.8179   58.8218   16.7631   36.3593   83.4506   79.6492   0   69.7853   76.7454   46.5798   78.0714   109.048   77.5224   98.9506   79.6375   75.1728   98.4736   44.8395   93.9475   99.7993   
25   66.4078   62.6498   25.0799   62.1691   29.7321   58.8218   64.4981   66.6483   60.4152   68.9638   35.0143   74.4312   39.6232   42.5206   72.1388   30.0832   32.3883   68.4105   30.0167   39.3192   10.0499   56.8595   24.5967   71.0282   70.4344   33.6155   7.2111   86.8389   49.7393   57.6888   30.8869   7.28011   56.9386   45.8803   75.1332   65.6049   47.8853   72.4431   62.6817   22.8254   20.8806   57.4543   38.9102   46.1736   28.8444   55.7853   0   74.9352   58.0965   28.2822   62.2301   94.5317   76.2962   45.0217   73.0608   64.0899   92.3886   59.6432   59.4166   
37.108   37.2022   15.6525   35.8469   28.0179   74.6324   17.4929   13.0384   28.6356   14.4222   17.0294   42.0476   86.7295   91.236   71.007   19.2354   35.2278   48.0104   14.2127   34.5398   28.2843   61.9112   4.12311   48.7545   25.0799   16.2788   26.3059   52.3259   38.6394   68.7314   76.4853   72.2772   60.208   7.2111   57.0701   50.8035   11.4018   10.0499   52.4023   20.6155   31.8277   35.4683   74.7329   26.0768   37.1214   52.5547   60.7454   54.2033   0   60.3122   62.87   71.2154   48.1328   41.7242   59.3277   26.6619   54.2303   98.5281   111.189   59.0499   
16.6433   33.9706   60.208   45   34.1321   38.2099   37.3631   58.3095   39.1152   58.4637   62.1289   4.24264   44.4072   58.258   26.6833   55.3173   13.4536   6.7082   56.1427   48.9183   52.6308   37.855   49.366   54.5619   47.4236   57.3149   21.0238   42.7551   61.5873   23.5372   31.6228   33.9706   45   51.788   12.53   39   54.037   46.4866   35.4401   39.5601   34.8281   38.833   30.0832   19.2354   63.7809   59.9333   20   38.0526   45.2769   0   59.302   89.0608   73.0127   81.0172   59.6612   58.776   78.4973   63.5533   85.7844   79.9512   
27.6586   66.4831   52.6972   13   60.6383   43.0116   55.1543   55.4437   64.56   50.4777   59.8164   39.8497   84.2021   52.1536   53.9073   65.8027   32.3883   39.3573   60.8769   17.4642   27.2029   23.3452   48.7955   12.0416   67.1193   63.0317   32.249   7.07107   82.7345   59.6657   68.0147   43.8634   15.5242   48.1664   53.7122   77   58.0517   38.9487   75.1665   59.2368   15.6525   11.4018   67.4759   38.2099   33.0151   17.0294   63.0714   13.3417   46.8615   43.6578   0   49.6749   87.3587   63.2541   24.7703   65.8878   52.02   100.284   67.8873   51.0832   
57.4282   88.0738   51.8652   29.1548   80.0625   75.5844   71.2531   57.28   82.4924   50.2892   60.407   69.8928   116.846   80.604   87.4586   73.9797   61.0574   71.0634   66.4906   26   28.0179   55.4617   55.4437   21.6333   81.0062   68.6586   56.8595   38.9487   94.5304   92.6337   101.119   77.026   44.9444   52.7731   85.4283   100.688   64.1327   46.0435   100.245   75.1665   39.4462   35.2278   100.419   62.3939   19.9249   17.4642   94.0479   46.1411   56.0803   74.0608   33.6006   0   99.3627   58.1116   55   82.7422   41.9871   132.688   97.3075   37.1655   
55.1725   26.0192   37.3631   63.9062   20.8806   91.2634   19.105   31.3209   16.2788   37.855   30.8707   53.3385   85.0235   110.259   80.7775   13   51.0882   60.0333   21.1896   63.3246   57.5587   83.4865   30   77.1622   7.2111   19.6977   44.5982   77.6981   9.48683   74.4648   80.2309   87.6641   84.6286   33.0606   62.6418   36.0555   22.561   39.3192   40.2616   15.6205   57.7062   62.1691   78.0897   40.3609   66.0076   81.3204   61.5224   77.801   29.2746   54.5619   73.3553   85.2877   0   61.9879   79.7428   35.4709   75.615   96.4923   132.043   88.171   
51.4782   59.0339   9.05539   36.2491   49.8197   86.2844   39.2046   15.1327   49.93   8.544   17.1172   59.7746   106.888   99.925   87.2983   33.541   51.4198   64.7611   25.318   32.249   22.4722   69.857   18.6011   45.607   44.3847   27.1662   42.72   56.0803   54.5894   86.977   95.1893   85.0235   64.622   15   75.9605   72.6223   23.7697   17.088   74.3303   41.8808   38.4708   39.5601   93.6376   44.7772   24.1868   47.3814   80.9506   60.4401   21.9317   63.5689   49.2443   43.8634   46.3249   0   52.4838   48.5936   33.1245   119.309   116.985   48.249   
28.0179   62.0322   42.2019   2.23607   55.1453   51.788   48.2701   45.2769   58.5491   40   49.5782   40.4969   87.6926   62.514   59.6825   56.9386   31.7648   41.7732   51.4004   7   16.4924   33   39.2046   12.0416   59.7746   53.6004   28.6356   17.72   75.0267   63.7809   72.3464   51.923   26.2488   38.2099   56.0803   73.6817   48.6004   29.0689   72.5672   52.3927   10.4403   5.83095   71.5052   34.5254   23.5372   17.0294   64.6375   23.0217   37.7359   44.6542   10.7703   29.4109   65.5515   38.4838   0   58.9561   41.074   103.292   78.6119   39.4722   
35.5106   25.6125   26.2488   42.72   16.4012   72.8972   5.83095   21.9545   17.088   25.4558   24.6982   36.8782   77.8845   90.9725   65.9242   16.5529   32.2025   43.4166   17.0294   42.5793   38.0526   63.0317   14.8661   56.0446   15.5242   18.0278   24.4131   56.3028   30.8707   62   69.1809   69.857   63.4114   18.4391   50.01   39.2046   15.2971   20.6155   41.0122   9.21954   36.2353   40.7185   67.2681   21.5407   47.8539   60.4152   52.1728   56.7274   11.6619   39.3192   51.8845   66.0681   21.4709   33.4215   44.2719   0   57.0595   91.3505   112.387   69.6155   
47.8539   66.6408   24.0416   25.02   57.7754   78.3135   47.7598   29.6142   59.1354   22.561   32.573   58.5235   107.075   89.56   83.2166   47.0425   49.3964   62.1772   39.2046   20.0998   11.1803   60.0333   29.1548   31.305   55.7315   41.3038   42.0119   44.5533   68   85   93.5361   77.9295   52.9528   26.0192   75.1665   80.0625   37.054   21.5407   80.7775   51.2445   31.0483   30.1496   92.2822   45.9674   8.06226   32.2025   81.8352   50.0899   30.8058   62.6817   37.4833   27.8568   59.0762   16.1245   27.074   42.0595   0   121   105.316   38.1245   
60.959   54.4518   100.18   89.3756   61.6117   60.208   70.5195   96.7729   64.9384   98.8383   99.7246   48.7955   7.81025   77.2334   38.3275   87.3212   57.9828   47.2017   91.3947   93.4345   97   72.7324   88.5664   97.9081   74.9667   91.7606   64.6607   83.6481   83.006   28.1603   22.0227   55.3263   83.006   91.6788   32.8024   46.1736   90.1388   88.5099   41.0488   70.342   79.3095   83.0963   21.2132   61.0328   108.245   103.175   24.8395   77.3886   84.5281   44.5533   86.2844   118.229   80.399   105.309   88.8651   75.0267   106.668   0   102.696   124.48   
60.8769   99.4032   104.278   65.8027   97.7446   28.7924   97   106.005   102.65   102.044   110.476   65   81   10.0499   50.01   112.201   65.0538   59.0762   109.293   70.342   80.0812   33.2866   98.1122   60.2993   108.931   111.221   71.7008   45.8803   124.451   61.3922   65.2763   33.8378   37.3631   98.4124   65.9242   104.317   106.532   89.4427   100.185   100.449   64.405   62.3939   66.4831   75.6902   85   62.0081   74.9466   41.6293   95.1893   65.7343   52.8867   78.2304   116.043   101.843   63.6003   96.0469   90.2441   87.1436   0   96.6896   
49.4975   76.922   39.9249   21.4009   68.6586   73.0821   59.5399   45.2217   70.859   38.2753   48.4665   61.6198   109.659   81.0987   82.1523   61.8142   52.4976   63.7024   54.3415   16.9706   16.2788   53.3667   43.2897   20   69.0072   56.5155   47.1699   36.6742   82.3893   86.0523   94.6414   73.736   44.1814   40.6079   77.7817   89.8109   51.9711   34   89.6939   63.3877   31.1127   27.8029   93.723   52.3546   8.06226   18.6815   85.7963   43.4166   44.0114   65.8559   30.0832   12.1655   73.171   32.249   22.4722   54.231   16.1245   110.39   80.2247   0   
