15
40
999999 11 13 10 12 12 7 7 8 8 5 12 7 5 17 12 14 9 15 15 8 12 17 7 15 6 8 10 12 9 7 11 11 12 14 13 10 8 9 5 
0 1 11 7 4 4 2 6 5 6 4 5 2 1 13 10 6 3 5 2 7 5 11 3 10 3 3 5 6 5 2 2 1 9 8 1 8 2 5 1 
20
0   0   0   0   0   0   0   0   0   0   0   0   0   0   0   0   0   0   0   0   
2   0   0   0   1   3   2   6   1   0   -1   5   2   -3   0   3   0   -4   -1   1   
-9   5   0   7   -7   -1   -3   7   0   4   -8   2   -4   2   -6   6   -5   2   -8   -1   
-8   10   -10   7   -6   3   -3   5   -3   7   -4   5   -2   4   -6   4   -6   10   -5   6   
-6   6   -11   8   -3   0   -6   3   0   9   -9   7   -11   1   -5   8   -6   4   -2   5   
-5   3   -3   3   0   -8   -3   3   1   0   -8   2   -6   0   -1   0   -3   8   0   4   
-2   2   -1   4   -2   3   -3   4   -3   0   -5   5   -1   2   0   4   -4   3   -4   6   
1   0   2   0   2   -3   -1   0   -2   0   0   -3   1   -7   2   0   1   -2   0   -3   
0   2   -3   0   0   3   0   1   -1   0   -1   3   -3   -1   1   1   0   -3   -2   0   
-3   5   -4   4   -7   5   -3   7   -1   7   -4   3   -5   3   -6   2   -7   1   -6   6   
0   0   0   0   0   -1   0   0   0   0   0   0   0   0   1   0   1   0   0   0   
-7   0   -2   3   -2   7   7   6   -5   3   -3   -4   -2   3   3   7   -2   -4   -2   4   
-1   1   -5   4   -6   5   -7   3   -7   3   0   4   -7   4   -6   6   -3   3   -7   4   
-1   4   -3   1   -3   2   -4   4   -3   3   -3   3   -1   3   -2   3   -3   0   -4   3   
-6   11   -7   11   -13   10   -8   1   -7   14   -3   9   -8   12   -4   10   -12   6   -8   9   
2   1   -3   -3   -2   -6   -2   1   0   1   0   -1   -1   1   3   2   1   -1   3   0   
2   0   -2   0   5   1   0   0   1   -3   2   -1   3   -4   -2   -3   -3   -3   0   5   
4   -3   5   0   6   -7   0   -1   4   -2   3   -6   3   -2   4   0   0   -2   2   -2   
5   -12   15   3   6   -10   11   -11   12   -4   15   -8   5   -4   1   0   6   -8   11   -4   
6   0   -10   5   -1   1   -2   6   -1   7   2   9   -7   -3   -4   -2   -5   4   -3   11   
5   -2   2   -3   1   0   2   -1   -2   0   1   -1   4   -6   1   -2   3   0   1   -2   
-4   0   -10   2   -3   7   0   -3   2   8   -2   3   6   3   0   -2   5   2   0   -4   
0   -1   -3   0   2   -6   -8   -4   4   0   3   4   7   4   -1   -11   6   1   0   2   
-3   2   -2   7   -3   3   -6   3   -4   5   -1   0   -5   7   -3   1   -3   1   -4   2   
-1   -11   1   5   0   0   -3   -3   5   -8   -2   -2   3   0   -4   -6   6   -12   -1   -2   
-2   0   2   5   0   0   -5   5   -4   2   -1   1   -1   2   -3   0   -3   -1   -4   6   
-1   2   -2   1   -2   2   -1   1   -6   3   -1   3   -1   1   -4   4   -5   1   0   2   
-6   6   -5   6   -8   4   -6   4   -1   1   -3   6   0   3   0   0   -6   2   -4   4   
4   -11   12   -6   12   -7   6   -8   0   -4   9   -11   10   -4   0   -6   8   -8   7   -2   
-3   4   -3   0   -5   0   2   2   -2   8   -2   2   -2   4   -4   2   -2   1   0   6   
-2   0   -3   1   -6   1   -1   2   0   4   -1   0   -2   1   0   0   -2   2   0   0   
-2   3   -2   3   -5   5   -4   0   -1   0   1   -2   -6   0   -4   -3   -1   0   5   -2   
4   -6   0   2   9   4   0   -1   0   -7   -4   -2   0   0   -3   -2   5   2   0   -2   
-6   6   -6   10   -3   12   -10   2   -3   1   -1   2   -5   2   -12   6   -4   1   1   0   
4   -2   9   0   2   -2   1   -5   4   -4   5   -2   4   -3   -1   -1   -5   4   2   -4   
-7   5   -11   10   -6   10   -10   3   -7   6   -6   10   -1   8   -9   13   -10   8   -11   2   
-4   1   0   7   -8   3   -4   0   -6   1   -7   6   -7   8   -6   3   -5   2   -5   3   
-3   7   -3   3   -6   6   -2   4   -3   5   -8   5   -3   6   -6   6   -5   4   -6   5   
-1   2   -8   2   -4   1   -3   0   0   1   -2   5   0   2   -7   1   -5   1   -1   3   
-3   2   -4   2   0   2   -1   1   -2   1   -2   1   -3   2   -1   2   -1   1   -1   2   
0   55.5923   73.0803   54.7094   60.5141   66.0833   31.9114   61.5126   48.5287   79.5134   50.2312   68.8768   51.2215   64.4276   52.5268   45.6732   54.3693   42.5539   56.6173   43.8568   48.2312   76.3699   45.6481   51.392   45.0907   24.2956   60.9285   54.8044   43.3238   68.7074   59.1774   30.6158   29.3693   60.3377   62.4984   81.4114   61.9285   54.0132   62.9222   76.3149   
37.6962   0   78.8193   88.0922   66.4282   96.1899   59.6918   53.7567   50.1309   113.38   46.0096   85.8213   83.7014   97.76   90.223   76.5137   59.72   37.0384   90.1041   62.1549   45.2933   52.0238   65.6918   63.0924   31.6918   61.9918   49.6586   54.9706   38.1327   90.3099   32.6023   59.7567   62.2311   93.9469   96.1076   87.1249   84   87.6223   87.0983   43.9615   
56.0803   57.0088   0   77.6431   40.1421   118.062   78.9202   102.92   54.0173   94.4518   48.9848   48.2462   74.5398   82.0692   95.0727   71.0644   42.6155   78.1275   77.6712   54.0644   59.5261   106.144   55.541   48.6008   67.1275   76.1694   100.16   108.44   80.28   121.817   80.1249   72.1258   62.2769   82.2019   81.4367   25.6158   102.73   77   40   98.2192   
39.4081   74.027   60.0167   0   64.9612   82.9719   52.0296   98.5991   67.7034   41.6205   71.2659   53.9487   20.5765   26   37.2636   27.7098   61.2709   79.6396   21.0198   49.8025   69.4142   115.778   45.5745   55.1123   72.4142   44.4138   89.9745   94.2125   77.5224   88.5268   97.3286   57.7255   48.8149   23.7388   25.8995   81.3047   62.8722   17.4142   61.6431   115.723   
42.0119   47.8539   14.1421   49.0102   0   104.737   63.439   89.4648   31   86.1231   38.0907   41.4307   61.7388   73.1458   77.3246   54.6232   25.7082   61.6343   67.1526   32.4642   41   99.8777   36.8942   25.8489   55.2278   64.0373   80.2789   87.5585   59.3982   103.714   80.4563   49.5106   50.1448   72.749   74.8379   36.4009   90.6525   66.4244   33.4012   91.8155   
48.0833   71.8401   104.062   66.9104   89.9389   0   63.5206   66.9791   94.2485   99.5354   93.699   114.036   81.98   89.7486   65.01   80.3829   100.071   73.808   84.7619   91.94   91.8423   90.3542   91.784   99.0836   80.4981   64.3249   66.0416   60.2709   80.3095   27   101.133   71.2268   77.4526   83.2697   87.2564   126.34   36.0998   84.3246   111.005   92.1643   
6.32456   42.72   61.5549   38.0132   47.4236   42.5206   0   63.8543   54.8532   79.6337   56.5398   72.6597   51.5416   64.0132   49.1321   45.9933   59.0122   48.8784   57.2654   50.1813   54.5398   79.0692   51.9727   57.7166   50   24.6158   54.0555   57.1461   48.8568   69.5206   65.502   36.9403   35.6939   60.3401   63.9127   83.8246   43.6356   55.4274   66.8467   82.6395   
45.6946   32.7567   86.885   84.5991   75.4255   52.6118   46.6476   0   74.3203   125.208   68.9351   108.811   96.9161   110.122   95.7797   91.3678   85.2871   45.2746   102.312   88.469   76.4134   43.5372   90.0211   86.007   62.8187   69.9903   31.7703   33.7082   54.0666   68.0454   51.4138   72.3249   75.064   106.032   108.193   111.826   84.3062   99.7078   108.617   44.1868   
30.5287   31.3209   28.7924   51.5461   17   78.1025   36.7151   58.5491   0   93.1666   21.3852   52.0789   65.4727   77.5461   81.2046   58.2616   36.2788   43.4391   71.9179   41.9317   20   80.3423   41.3238   36.8114   32.4391   53.6879   63.5163   70.7959   42.6356   97.225   57.5601   43.0217   47.3452   75.2849   77.4456   53.4009   80.3508   68.9603   44.9666   72.28   
64.6607   99.3579   77.3175   25.4558   69.1231   84.2912   62.6817   109.293   75.1332   0   93.7956   72.0096   46.0323   42.6205   55.7857   51.8782   83.4033   103.538   41.524   70.3649   94.8701   141.031   71.0303   80.5682   95.7386   69.8697   114.737   118.586   101.549   110.428   121.716   81.9866   72.1378   37.4009   41.3848   95.3776   84.6297   42.8701   68.4518   140.976   
30.0832   25.9615   32.9848   55.1543   22.0907   76.6094   36.4005   53.9351   5.38516   79.2591   0   57.464   66.7053   78.8674   79.2299   59.6578   35.2788   40.7386   72.3592   37.4307   19   74.439   46.709   39.095   37.8243   52.4833   60.2217   68.5118   40.3516   95.2765   58.5638   47.4722   41.02   75.1664   81.0538   57.5216   80.0362   72.5685   50.3518   69.923   
52.1728   69.2892   26.2488   38.9487   23.4307   96.1769   55.6597   93.2631   38.0789   52.0096   43.4626   0   50.6197   56.4849   71.8014   57.6422   49.139   80.8757   59.9684   43.0093   58.0789   117.902   38.5372   44.8035   70.518   73.7045   99.5202   106.8   78.6396   118.234   95.6389   69.6609   59.8121   57.9535   56.4367   45.0179   93.9359   56.3629   34.2462   110.359   
35.5106   69.6563   56.5155   4.47214   45.0999   65.7343   34.5398   80.9506   47.1275   29.7321   50.6952   36.6197   0   28.564   37.0117   21.2111   57.3384   73.415   20.7678   49.5505   64.8467   111.88   45.3225   51.0139   67.2947   46.2312   85.2353   90.315   71.3328   88.2749   92.2877   51.4833   45.4253   23.4868   25.6476   79.3514   63.26   17.1623   52.5398   107.098   
49.4065   83.7377   65.0692   10   55.4437   74.1687   47.8853   94.5145   60.0083   15.6205   63.9531   41.4849   14.1421   0   40.4558   35.3532   69.3287   87.5572   21.8102   59.8025   78.9888   125.776   55.5745   65.1123   81.4369   54.4138   99.3775   104.211   85.4493   95.0985   106.43   65.6255   58.8149   22.0711   26.1623   86.5028   71.0833   27.4142   60.107   121.24   
38.4838   76.1577   75.9605   20   63.3246   50.01   34.1321   78.5684   61   34.5254   63.1981   57.8014   21.2603   24.7386   0   42.4714   74.0339   77.9532   36.095   66.1922   79.2046   113.201   61.72   72.2742   75.7773   44.2312   85.593   90.3464   75.7171   72.7186   97.6612   59.9659   59.2099   35.3848   45.8995   99.4371   52.1496   37.4142   73.8001   114.799   
29.0689   62.482   51.8652   11.6619   39.6232   63.5689   28.8617   74.7329   40.2616   36.8782   43.6578   34.6554   7.2111   21.2603   24.1661   0   52.1344   69.6609   27.9012   39.5771   59.7852   105.439   35.105   54.1496   61.8611   38.3776   82.9173   83.8733   67.6712   85.2681   85.8378   48.1091   38.2603   30.6202   32.7809   73.2713   69.2832   24.2956   47.0644   104.147   
35.4683   42.72   20.6155   46.2709   6.7082   83.4865   41.0122   69.1809   11.4018   68.0074   16.7631   26.8328   42.107   53.6004   59.0339   36.0139   0   54.8408   62.8748   31.0384   31.4018   91.2021   36.0294   29.3246   43.8408   58.833   74.918   80.9104   54.0374   97.006   68.9618   47.8444   45   65.5938   67.7546   43.1091   84.6478   59.2693   40.1094   83.6818   
25.5539   13.0384   57.7235   63.6396   46.1736   59.808   30.0832   29.2746   29.2746   89.0955   24.7386   64.9384   59.4138   73.5527   63.9531   52.4023   40.0125   0   80.1816   56.4631   39.6015   52.9487   60   57.4006   26   49.8495   41.6155   45.8568   25.2361   70.0727   36.6977   36.9317   45.4006   82.9006   85.0614   79.2534   72.0093   76.5761   74.2412   48.8024   
41.6173   76.0592   60.6712   2.23607   50.01   68.7314   40.2492   86.8332   53.1413   23.3452   56.8595   38.9102   6.40312   7.81025   21.095   13.6015   47.5184   65.7647   0   49.0663   70.8429   117.987   44.5941   57.3484   73.4123   46.6499   91.6384   95.3941   77.7359   90.7629   98.6909   57.8865   51.0509   24   20   82   65.1082   19.6503   58.943   113.501   
27.8568   47.1699   31.0644   33.541   17.4642   74.4043   32.249   68.469   18.868   56.3649   23.4307   25.02   29.2746   41.4367   46.0977   23   13.0384   40.8044   34.9285   0   37.9317   93.7531   28.4721   29.6158   51.3071   51.3196   79.1378   82.6612   61.5036   96.5642   73.7584   48.5013   38.6525   52.7614   54.5601   53.8652   72   46.4368   43.2627   89.6069   
28.2312   26.5707   33.5261   53.3104   22   75   34.5398   53.6004   5   77.5242   2   42.72   48.8467   62.1772   61.2046   41.7852   16.2788   24.3311   55.0364   21.9317   0   76.439   46.3238   41.095   33.6015   52.5268   58.643   70.1878   42.3516   86.8354   55.9285   46.6155   43.02   72.3335   73.9333   58.4009   78.1755   66.009   49.9666   70.5322   
62.3699   33.541   90.1388   101.671   81.3941   76.1183   65.0692   23.5372   64.7611   127.016   59.439   102.489   97.6166   111.665   98.7168   90.802   76.1577   38.9487   103.856   79.3095   59.9083   0   98.9487   93.6994   64.9487   86.6655   50.8869   46.0832   57.8904   90.3647   41.173   75.8804   84.3493   121.103   123.264   112.113   101.171   114.779   109.728   23.0623   
28.6356   51.0392   33.541   29.2746   20.6155   73.7835   32.311   71.0211   23.3238   51.8941   27.8029   23.5372   25.0799   37   42.72   19.105   17.0294   44.0114   30.5941   4.47214   26.2488   82.7647   0   30.0454   51   47.4591   75.7131   82.3166   59.8694   94.2233   78.2305   40.02   36.2788   48.5667   49.171   57.0165   75.9466   42.2422   33.5529   92.0592   
33.6155   46.6154   23.6008   40.1123   9.84886   81.0555   38.6005   71.007   15.8114   61.6847   21.095   22.8035   36.0139   47.2969   53.6004   30.1496   6.32456   42.2966   41.3038   7.61577   20.1246   79.6994   11.0454   0   48.2505   56.9152   78.7676   86.2699   58.1096   102.323   70.0364   48.8568   43.0227   59.5007   59.7056   45.4138   79.6158   53.1762   32.5602   88.0914   
22.0907   17.6918   47.1275   56.4004   35.2278   64.4981   28   40.1995   18.4391   81.6884   14.3178   54.1295   52.0096   66.0681   59.7746   44.8219   29.0172   11   58.4123   30.4631   13.6015   48.8467   34   31.4006   0   45.9359   45.0483   53.3275   30.198   81.0727   45.1725   29.8114   40.6008   75.4421   77.6028   71.6288   71.3173   69.1175   63.4057   59.8024   
10.2956   47.927   58.8982   30.4138   44.8219   46.3249   7.61577   54.2033   36.6879   55.2178   37.4833   50.1597   26.9258   40.3113   28.2312   21.3776   38.833   35.8469   32.6497   28.3196   35.5106   72.1388   27.4591   35.3836   31.7805   0   61.6713   64.7619   52.9739   73.1041   69.4731   33.1245   36.8924   48.8378   52.5734   80.7974   50.8329   44.0881   61.012   82.3573   
34.9285   27.6586   78.1601   73.9256   66.0984   48.0416   36.0555   10.7703   49.4773   98.737   45.2217   83.0542   70.2353   83.863   68.593   63.9766   59.6825   20.6155   76.1577   58.1378   44.643   30.8869   60.531   61.0737   31.0483   43.566   0   34.2801   42.8806   63.7922   55.2312   57.5472   63.3542   91.3886   95.8829   99.8689   73.3964   87.3976   93.6339   50.8617   
40.8044   33.9706   85.44   79.1581   73.3485   46.2709   41.1461   6.7082   56.7539   103.586   52.4976   90.0056   75.6439   89.0056   72.3464   69.6419   66.9104   27.8568   81.3941   65.0308   51.923   30.0832   67.2681   68.1836   38.3275   48.7545   7.28011   0   45.1603   60.0132   55.2866   57.2966   67.788   97.5923   101.291   107.11   73.6063   92.8062   97.0061   50.895   
23.3238   15.1327   57.28   61.5224   45.3982   58.3095   27.8568   30.0666   28.6356   86.977   24.3516   63.6396   57.3149   71.4493   61.7171   50.3289   39.1152   2.23607   63.6553   39.2938   23.7697   40.8167   42.3792   41.1096   10.198   33.6155   20.8806   28.1603   0   72.3087   38.9338   39.1678   43.4109   80.4328   82.5935   81.4894   71.4924   74.1082   72.4437   51.0385   
47.7074   66.3099   103.6   72.0625   89.627   10   42.9418   44.0454   76.4199   91.2414   74.2765   98.2344   70.3491   80.0562   56.7186   67.2681   83.006   55.0727   74.027   75.1798   72.8354   67.3647   75.1532   81.3019   61.2209   48.1041   40.7922   38.0132   53.8516   0   87.6804   70.2033   77.0768   92.0274   94.027   126.028   46.0998   87.5114   108.706   87.0074   
45.1774   8.60233   64.1249   82.3286   55.7853   75.1332   49.7695   30.4138   39.5601   107.713   34.176   77.6209   77.9872   92.0978   83.6301   70.8378   50.9215   19.6977   84.386   55.7584   34.9285   26.0192   59.6406   55.0364   26.1725   55.4707   28.2312   33.2866   21.9317   68.6804   0   55.9839   65.0984   101.458   103.619   88.007   91.707   95.1335   84.5267   39.1108   
7.61577   32.7567   49.4065   41.7253   35.5106   55.2268   13.9284   46.3249   23.0217   67.1789   22.4722   48.1664   37.4833   51.6236   43.9659   30.4795   28.8444   21.9317   43.8406   23.1948   20.6155   60.4649   25.02   27.8568   15.8114   16.1245   35.6931   42.2966   19.8494   54.2033   40.8044   0   23.8489   60.0977   63.1309   71.9115   57.564   54.6456   58.5729   70.7342   
12.3693   41.2311   45.2769   32.8024   31.1448   59.0339   16.6433   56.0446   23.3452   58.1378   25.02   39.8121   28.4253   42.5206   38.2099   21.2603   25   31.4006   34.8281   15.6525   23.0217   70.1783   16.2788   22.0227   23.6008   13.8924   45.3542   51.788   29.4109   59.5399   49.5782   9.84886   0   51.8805   54.0412   67.4365   58.6005   45.5559   49.8318   78.2028   
43.2782   78.6003   64.7765   5.09902   54   67.2681   41.3401   87.983   56.6127   21.4009   60.1664   42.9535   9.48683   7.07107   18.3848   16.5529   51.3517   67.9412   4.12311   38.6394   58.3095   105.646   34.3657   45.1774   61.0328   33.8378   77.3886   82.365   65.7951   73.0274   86.8332   46.0977   37.4433   0   24.1231   86.1231   67.9712   22.5132   62.0267   115.646   
46.4004   81.0555   64.2806   7.07107   54.1479   71.2531   44.7772   91.4166   57.9396   18.3848   61.7414   41.4367   11.4018   3.16228   22.1359   18.6011   51.9711   70.7107   5   39.5601   59.9333   108.706   35.171   45.7056   63.4114   37.2156   80.7775   85.8836   68.593   77.026   89.3756   48.7955   39.8246   4   0   86.4546   69.9432   24.4853   63.2693   118.027   
63.4114   64.1249   7.61577   64.56   21.4009   111.288   68.7677   94.3663   36.4005   80   40.5216   28.0179   61.3514   68.7314   81.4371   57.2713   28.0179   65.2534   65   37.6431   41.1096   97.0206   39.6611   30.4138   54.7083   65.7951   85.7263   93.0054   64.846   111.018   71.007   56.8595   52.345   69.1231   68.2495   0   109.643   78.5137   47.6158   105.835   
34.9285   67   88.7299   46.8722   74.6525   20.0998   28.6356   57.3062   65.2993   64.6297   65   77.9359   45.8803   54.0833   30.1496   44.2832   68.6003   54.0093   48.6621   58   63.1585   80.1124   56.6392   65.192   55.3173   29.8329   49.3964   50.6063   52.0384   26.6833   72.3395   42.5441   43.6005   47.1699   51.1566   95.5877   0   62.0977   90.1922   92.1089   
38.0132   72.6223   59.2284   1.41421   48.0416   66.0984   36.6742   83.2406   50.2892   26.8701   53.8516   38.5876   3.16228   11.4018   19.8494   10.2956   45.1774   62.2254   3.60555   32.3883   52   100.265   28.1603   39.0512   55   29.0689   72.5603   77.8203   60.1082   71.1126   80.9197   40.3113   31.4006   6.32456   8.48528   63.8905   46.0977   0   55.7021   109.603   
44.9222   61.0983   23   37.6431   16.4012   90.2109   48.8467   85.1469   29.9666   54.4518   35.3412   8.24621   34.5398   42.107   55.0727   31.0644   18.868   56.7186   38.0789   17.2627   34.5398   94.255   16.5529   14.5602   45.8912   43.909   75.0067   82.0061   55.4437   91.7061   69.4622   40.4475   32.573   42.2019   41.4367   26.9258   72.6223   37   0   102.247   
57.3149   25.9615   82.2192   96.2601   73.7564   76.1643   60.6053   24.1868   57.28   121.696   51.923   95.1893   92.0978   106.217   94.6256   85.1469   68.6804   32.8024   98.4124   72.45   52.4976   8.06226   76.0592   72.45   42.0595   67.3573   28.8617   30   34.8281   68.0074   18.1108   54.6717   64.2028   100.419   103.325   89.0505   78.1089   94.8472   86.977   0   
