15
50
999999 7 12 10 10 7 6 6 12 10 15 16 5 15 8 12 14 6 15 7 13 16 6 12 17 7 16 6 14 12 15 14 16 16 10 16 13 10 14 6 11 6 10 15 7 12 16 8 17 8 
0 5 5 9 5 3 5 4 5 3 3 5 1 14 2 2 11 4 11 2 5 8 2 8 2 4 4 3 13 1 3 3 3 1 7 6 5 1 2 1 4 4 8 11 2 2 3 5 2 4 
20
0   0   0   0   0   0   0   0   0   0   0   0   0   0   0   0   0   0   0   0   
-4   4   -6   6   -6   6   -7   4   -2   5   -1   2   -6   3   -3   3   -3   3   -4   2   
5   0   -4   3   5   -3   8   3   -1   1   -1   -4   3   -1   -5   0   1   1   -1   -6   
2   -6   10   -7   9   -7   5   -2   8   -10   8   -6   6   -2   7   -3   7   -5   8   -6   
-5   2   0   0   4   4   1   0   -2   -6   5   0   2   1   0   0   3   -2   5   -8   
-1   0   -1   4   -1   -1   0   0   -4   4   0   0   -3   4   0   3   -1   4   -3   -1   
-2   0   -2   3   0   1   -2   2   -3   4   2   -2   -2   0   -4   1   0   1   0   0   
-2   5   -3   4   -5   3   -4   5   -3   5   -3   1   0   0   -3   5   -6   2   0   2   
3   1   -6   7   0   1   -6   0   3   0   1   3   3   -10   -3   3   0   -1   -7   8   
10   -3   5   -9   0   -9   8   -8   0   -5   2   -6   2   -8   -3   -6   0   0   7   -4   
-9   9   -2   5   -15   4   -5   -2   -8   3   -5   1   -3   2   -7   4   -1   9   -6   4   
-14   3   -13   5   0   13   -10   6   -7   6   -7   6   -4   2   -15   9   -14   5   -8   9   
-1   1   0   1   0   -1   -3   1   0   1   -1   0   -3   0   0   0   -1   0   0   0   
1   12   -11   7   -6   -2   3   10   -6   2   -5   12   -8   6   -11   0   -3   3   -3   8   
0   0   2   0   -5   0   1   0   0   1   1   -1   0   0   1   0   0   0   1   -1   
-4   5   -11   4   -6   9   -7   4   -3   6   -3   8   -6   6   -11   11   -10   10   -11   5   
-5   7   -9   14   -8   8   -6   9   -10   11   -14   11   -14   8   -4   4   -12   7   -6   8   
-1   0   -3   -3   0   0   2   2   -1   0   0   0   -3   -1   2   -1   0   0   -2   1   
-8   10   -7   13   0   10   -7   3   -5   11   -5   4   9   7   0   6   -2   4   -7   2   
2   -4   4   0   0   0   2   -1   6   0   1   -1   3   -2   1   -3   2   0   2   -2   
5   -8   9   -9   10   1   6   -3   11   -8   0   -5   0   -10   11   -1   5   -7   5   -8   
13   -4   -2   -5   13   -11   11   -10   10   -9   7   -14   14   -13   3   -4   12   -15   14   -4   
1   -3   0   -1   6   -2   3   -2   0   -2   2   -3   2   -1   1   0   0   -2   0   -4   
-11   12   -11   9   -3   6   -1   6   -6   6   0   5   -9   5   -7   12   -6   12   -6   12   
-9   5   -8   6   -10   7   -7   9   -6   8   -6   6   -7   9   -14   11   -8   7   -10   12   
-5   6   0   2   -4   1   -7   3   -2   2   -5   4   -4   4   -4   3   -5   1   -5   5   
5   -5   2   -4   0   -12   -3   -10   12   -9   9   -5   6   -4   3   -9   11   -5   8   -12   
5   -3   3   -2   5   -1   1   -4   1   -2   0   -3   1   0   0   -3   0   1   5   -3   
2   -1   4   -4   3   -12   12   -7   4   -8   10   0   7   -4   6   -6   -1   1   0   -5   
-6   2   -2   -1   -7   11   -9   12   -12   2   -6   7   -2   3   -3   5   -6   3   1   8   
-10   10   -14   12   -15   13   -5   12   -6   11   -9   15   -8   4   -14   13   -14   8   -8   6   
-2   3   -3   10   -4   4   6   6   -5   4   -3   -2   4   5   -3   0   -7   5   -2   11   
5   9   5   -3   1   1   10   2   0   0   -12   -4   -1   2   -6   3   6   6   0   -1   
-5   7   -12   5   -4   3   -5   0   -7   5   -2   0   -2   4   -5   5   -6   15   -4   -5   
-4   9   -10   10   -9   10   -5   1   -7   3   -10   0   -4   1   -6   5   -8   5   -4   6   
-9   11   -12   2   -6   6   1   11   -4   -4   -15   5   -1   0   2   12   -8   7   -10   0   
6   -2   1   4   -2   -5   0   -4   8   0   3   1   -1   -1   -1   3   6   -4   -3   -1   
-3   -5   2   -2   -1   -6   1   3   -6   1   9   5   0   2   4   0   5   -3   6   4   
-2   7   -7   6   -4   9   -6   5   -11   9   -13   8   -9   6   -12   8   -12   11   -10   4   
3   -3   2   -1   1   -3   0   -2   0   -1   1   -4   2   -1   1   -1   3   3   1   0   
-2   1   0   0   1   0   1   0   -5   1   -1   0   3   0   1   1   3   -1   -3   1   
0   -6   3   -4   0   -1   2   -2   0   -1   4   -2   1   -2   3   -1   2   -5   2   2   
-6   7   -5   2   -7   8   -7   7   -4   2   -7   5   -5   2   -10   4   -2   3   -5   6   
-5   4   6   1   -2   5   0   9   0   5   0   -1   -5   1   -6   0   -11   2   -8   -1   
3   -3   2   4   0   0   0   -1   0   -1   4   -2   4   1   0   2   0   0   2   -3   
-6   4   -1   8   -1   0   -1   5   -11   -2   0   1   -5   4   -10   0   3   1   -3   8   
4   0   -6   9   0   4   -10   3   -5   -2   0   8   0   9   -7   8   -1   6   0   2   
-3   2   -2   0   1   5   -2   0   -7   4   -1   6   0   0   -4   0   -1   4   -5   0   
-9   5   0   14   -6   6   -7   4   -4   4   -4   2   -1   -2   -6   13   -11   3   0   2   
-4   6   -4   5   -3   3   -5   4   0   1   -3   2   -3   3   -3   5   -4   3   0   5   
0   59.0512   64.1826   35   68.0754   51.1555   63.2832   57.6431   59.7515   84.0457   34.1555   73.0088   60.2077   42   70.8663   46.4307   38.8661   55.3954   57.9649   46.3209   50.0227   63.5412   35.8806   67.17   57.0132   59.0116   30.6056   53.8617   41.5602   71.2334   70.6495   79.3649   76.6281   69.6034   49.9026   54.6228   79.4401   64.1096   55.2022   25   73.3095   64.4626   69.1699   61.5412   44.0832   63.9625   50.1448   68.4135   73.2178   57.7648   
39.0512   0   99.0482   40.7386   104.983   69.2312   27.2111   83.5345   61.7829   108.973   57.0254   52.1248   85.8694   44.9407   109.918   52.6203   61.6771   68.0047   62.4998   80.2288   86.1836   79.8852   74.9319   92.0922   95.3354   67.5592   59.2195   33.2906   71.7607   99.8836   103.801   77.6534   43.8927   87.3305   56.9462   69.5153   111.129   76.1698   88.6535   53.2195   74.5587   40.0768   56.8167   79.9747   69.7449   86.9932   26.2195   103.419   53.4966   28.6619   
44.911   82   0   74.3095   63.2769   81.6607   103.139   75.3072   82.0501   49.5941   72.521   100.816   33.8924   70.7835   58.6041   81.898   53.3192   90   78.9216   43.8661   36.8661   95.2765   50.3019   35.7195   32.6619   71.9606   58.4264   92.1038   49.6956   66.4475   72.4089   110.686   111.032   56.1156   74.8924   56.2525   67.0956   58.1393   62.7772   65.3735   116.641   109.374   86.5669   59.6894   48.8688   30.6205   92.2396   70.1728   104.095   99.2496   
14.3178   24.7386   58.3095   0   82.0517   52.6977   51.9497   62.7162   59.1327   87.4326   35.6977   67.2449   61.8017   33.1327   84.3738   40.0238   35.9545   59.0512   62.6199   51.0185   58.0147   72.0937   49.632   70.2385   66.19   64.1123   30   44.3132   43.3132   78.037   83.203   77.9181   63.4576   73.0918   54.5576   54.1248   89.437   63   66.0119   24   78.3624   53.8024   67.4552   74.4065   49.541   68.264   43   82.7313   66.7046   36.4391   
53.0754   89.1852   45.2769   65.8027   0   60.1774   108.653   46.5581   108.874   90.1201   65.9178   123.732   66.4805   88.277   32.9915   73.6701   74.5106   73   106.449   57.1779   55.0017   61.8722   49.5106   70.1088   49.099   102.747   67.7587   94.1257   55.2238   19.099   24.6301   79.7611   128.682   99.5843   102.978   89.0902   32.2462   102.878   38.0278   76.0517   89.406   99.2527   114.652   104.288   81.6941   75.2189   103.22   29.4853   126.293   102.242   
32.5576   52.0096   64.6607   35.9026   45.1774   0   67.0377   33.4642   92.2223   105.722   33   97.28   76.8295   69.0354   72.707   36.6433   65.3044   28.7703   89.06   62.2099   65.9117   27.0384   51.7696   83.7677   74.8238   91.5693   53.9026   64.0827   53.4093   60.1026   59.4977   43.1725   92.8585   96.5518   82.4603   83.0424   70.3201   90.8392   44.0713   55.0571   47   53.1618   100.336   94.0988   69.626   92.4003   57.0116   57.2616   100.16   69.8941   
44.2832   7.2111   88.0909   30.0666   92.5743   53.0377   0   82.6003   68.448   113.96   60.2312   56   91.8683   52.1518   113.372   54.0227   66.0211   67.7771   69.7109   81.0851   88.0813   77.2013   79.6986   99.3033   96.2566   74.7703   60.0666   32   73.3798   106.554   106.447   81.9373   48.0161   94.5242   64.1573   76.7264   118.34   83.3809   92.7061   54.0666   78.8426   44.3607   64.0278   87.1783   76.3922   94.2043   31.1529   104.211   58.7612   35.873   
37.6431   66.5282   55.8032   46.3249   28   17.4642   68.6003   0   97.3946   100.995   42.0185   107.15   73.0803   79.4577   55.1656   54.1076   64.3587   42   95.608   58.7612   61.4585   34.1246   48.3209   79.3409   59.651   96.6547   60.025   72.6004   48.1403   42.5612   39.4722   60.6368   107.221   99.1125   87.5457   80.0076   52.7788   96.1144   26.53   62.6431   62.3244   70.4243   106.813   96.1012   75.231   82.4654   74.4759   43.8035   110.468   80.2028   
45.607   43.6005   66.0379   41.0488   94.8736   76.2365   50.448   83.2406   0   76.2977   74.8888   40.0217   66.254   42.3131   106.437   78.3091   49.3648   96.2981   17.1623   68.6895   73.8897   103.275   73.3633   73.1864   83.2612   27.0454   58.375   66.2596   69.6261   105.298   113.398   112.325   52.1204   52.0808   24.8489   47.0768   122.218   44.4951   100.809   62.7732   112.198   81.1202   23   44.0185   58.2099   69.4296   59.1885   114.02   45.025   51.121   
63.4114   92.9731   30.5941   73.4302   75.8024   90.4268   99.96   84.534   62.2013   0   92.8977   102.212   44.4684   85.1809   85   101.709   68.9161   114.905   76.1354   59.3316   55.3113   116.781   69.497   41.9545   61.4439   70.1566   75.7983   107.762   71.0988   86.0211   100.433   131.539   112.047   47.4591   78.5794   64.7152   97.0584   58.7   91.4759   78.8999   134.67   121   85.2013   54.2278   57.3315   39.0832   110.64   98.7647   105.219   107.609   
16.1555   40   55.4617   19.6977   49.6588   17   42.9418   27.0185   59.3043   77.7946   0   81.6408   64.0408   50.1108   76.7112   36.4868   45.0995   42.2594   73.4221   53.6699   57.6558   44.0384   43.5136   74.4163   69.1736   73.2231   33.6977   51.2312   45.8254   62.8188   65.9694   60.1725   82.2028   82.2025   65.3598   63.5246   75.0136   72.9228   48.7648   33.1108   64   60.0588   78.0167   77.6967   60.2387   76.8145   47.8058   69.4342   86.4023   56.1368   
57.0088   36.1248   86.8159   46.9574   109.713   82.28   41   93.1504   23.0217   85.2115   66.6408   0   88.511   57.4683   124.481   81.2741   72.2701   98.1986   40.184   88.3586   92.5051   109.318   90.0067   93.1099   101.775   49.0588   73.2015   64.2611   86.5147   121.239   126.405   111.642   33.4536   73.1022   47.8706   62.4342   132.639   67.5168   109.213   67.2015   110.199   76.2016   38.0278   65.04   72.7062   92.0548   57.19   125.422   24   45.8058   
35.7771   70.3491   13.8924   47.8017   52.469   61.2209   76.7919   56.0803   52.1536   29.2062   49.0408   73.0068   0   60.0454   57.97   77.0086   43.8292   84.7672   67.4799   37   34.1655   88.2593   42.0599   24.0623   32.0278   62.3569   52.6428   83.0522   52.9072   70.3814   77.0992   104.393   95.7248   47.4109   61.5354   45.5409   80.9881   53.3377   63.0744   57.1245   108.221   98.1624   71.4358   51.9061   32.1245   30.3852   80.3273   79.0086   96.2638   74.0083   
21.6333   27.5136   56.7186   15.1327   74.2765   50.3587   34.5398   58.6941   26   65.4599   33.541   35.4683   44.0454   0   91.9857   55.1565   33.4642   74.184   40.1794   53.6962   61.2719   77.3971   57   68.1077   67.4883   42.313   41   43.7321   54.3132   88.0071   92.2829   92.5847   51.5899   58.1649   36.4642   39.0599   100.437   56.6497   76.8355   35   93.4952   64.1391   49   58.7967   52   72.0977   42.2074   90.0468   48.6006   31.2788   
55.4617   93.984   33.541   69.4622   16.2788   56.5685   98.3717   40.8044   92.0217   63   56.7186   109.481   43.8634   74.8866   0   85.2763   78.9857   82.8044   106.275   61.4093   54.4093   74.929   53.9857   67.9257   52.9422   101.231   70.0727   104.236   64.1825   30.8924   40.909   93.7718   126.476   89.1642   102.883   84.2012   39.3178   91.6803   51.6356   75.3738   100.119   104.272   115.022   89.591   75.9879   64.1615   99.3815   39.7588   123.487   105.901   
23.4307   35.4683   64.8845   21.0238   56.921   16.6433   37.0135   31.6228   62.0725   86.4523   9.48683   66.0984   58.0086   36.1248   65.2763   0   52.7359   35.0278   75.2944   61.909   67.1426   43.6817   53.0005   82.0709   71.6597   78.4378   43.0185   39.0227   55.3123   72.3056   71.095   48.2053   79.2477   89.6862   72.589   71.1204   81.146   78.5059   58.1527   40.7065   56.3412   39.02   79.0322   84.9719   66.5079   77.6259   43.4008   70.6656   79.2534   55.4683   
14.8661   43.2897   39.3192   21.9545   60.4649   47.2969   49.8197   50.3587   34.4819   51.4782   31.0161   50.6063   27.074   17.4642   58.8982   37.7359   0   70.2615   51.6442   38.5913   46.9258   74.3353   41.4492   49.5254   56.2491   47.7924   32.4018   59.7141   35.1246   75.8032   83.846   85.9412   69.0541   49.868   49.4446   30.7631   80.8431   51.2488   70.0682   38.2127   88.1756   74.5748   54.2022   48.6757   35.7047   49.8329   52.6431   81.6099   66.0648   48.7431   
39.3954   50.0899   75   39.0512   55   10.7703   49.6488   27   80.0999   99.905   23.2594   83.1986   70.7672   54.1479   67.082   18.0278   54.231   0   93.3221   72.9802   76.682   34.7279   62.5399   94.492   85.5941   96.4609   56.9535   57.0505   62.8634   69.502   66.4722   31   93.6321   104.099   88.4493   84.994   79.7196   96.1822   53.4708   56.3702   42.799   50.6105   96.0062   100.937   80.3963   93.8222   57.7852   68.032   97.2811   73.3927   
43.9318   44.6878   62.9682   40.3113   92.4392   75.06   51.6624   81.4923   3.16228   59.1354   58.0775   26.0768   49.0918   25.1794   89.2749   61.2944   32.2025   79.3095   0   66.0078   70.1543   102.098   70.9386   68.1411   79.4242   22   61.5372   66.3259   67.3271   104.068   112.177   109.5   50.6742   46.0623   28.0111   39.0217   113.046   42.4721   98.7289   57.3113   112.341   83.0139   26.1623   38   50.3553   68.3011   61.2072   112.345   46.0868   48.8378   
23.3452   61.2046   21.587   37.0135   43.0813   46.2277   67.0075   41.7612   53.1507   44.2041   34.6699   71.0282   15   37.6962   38.8973   43.909   20.5913   55.8659   50.448   0   24   72.8745   25.4403   39.0623   39.8114   65.793   36.0238   69.5788   38.0416   56.0789   67.2194   86.8659   89.286   62.4109   64.8406   50.0689   70.3735   57.8657   50.0147   46.0185   93.2277   82.929   74.7934   61.6725   36.6525   43.2485   73.2343   66.0744   82.6003   68.975   
30.2655   68.1836   14.8661   44.0114   41   50.9117   74.0068   44.2832   58   40.3113   40.7063   76.8505   12.1655   44.2719   34.4093   50.0899   26.9258   60.959   55.1543   7   0   77.9501   32.4403   35.3576   30.434   67.4704   43.0179   76.5788   41.8885   53.9026   65.6301   91.959   95.8618   59.5764   69.484   50.8024   67.31   52.9102   56.9285   53.0185   97.9117   87.0821   81   64.0716   41.799   38.4642   79.5689   70.4853   89.6003   74.0339   
45.5412   62.2656   74.2765   48.5077   46.8722   13.0384   62.2013   20.1246   89.1403   101.514   30.0167   94.255   72.4017   63.1981   60.7454   28.1603   60.208   12.7279   88.0227   57.4543   61.4003   0   62.4342   96.4639   79.7756   103.24   63.7144   67.183   66.4477   62.6858   58.0128   41.0278   103.513   109.59   95.3765   90.971   72.9034   102.939   46.6546   63.1274   43.5372   63.3384   107.193   107.082   82.6644   99.8646   67.6656   60.1123   107.414   82.9325   
20.8806   59.9083   28.3019   35.171   35.5106   36.7696   64.9384   31.3209   59.3633   54.0833   27.5136   75.0067   25.0599   40   34.9857   37   25   46.8615   56.9386   10.4403   14.1421   47.4342   0   49.1222   44.5761   69.5635   37.1246   74.7424   33.3246   46.8058   58.8497   77.8615   91.5899   66.0899   68.7419   52.7475   60.8688   60.5443   50.0832   45.8806   83.7696   76.02   79.2022   64.351   39.3311   51.4138   71.0254   58.2753   86.8354   71.2788   
43.8292   77.7817   12.083   55.6597   56   68.7677   84.3445   62.6099   56.3649   21.9545   57.0088   78.1089   8.06226   51.0392   45.3542   66.0303   34.5254   78.492   53.2259   22.6274   18.3576   79.6304   32.2025   0   40.09   60.4391   55.8141   89.6752   51.1146   71.2526   80.6301   109.492   99.5105   44.5941   63.3709   44.731   72.5491   46.7577   71.1367   61.1466   114.687   102.286   75.0454   48.1679   37.0868   19.099   87.1684   80.2896   99.3127   81.1863   
38.0132   76.6551   11.6619   52.1536   35.0143   53.8238   82.2192   44.2041   67.2681   41.7612   46.1736   86.2844   18.0278   53.4883   25.9422   55.6597   36.2491   64.3506   64.3817   15.8114   9.43398   62.9365   18.6815   21.0238   0   72.8026   51.8352   85.3902   40.1868   53   59.6444   95.3506   105.078   65.4386   72.4798   55.7732   65.0789   62.3441   49.121   61.8299   100.824   93.6241   85.0634   68.0889   43.0689   40.1228   88.158   64.4996   98.4117   83.4679   
43.0116   50.2494   56.4004   42.0595   88.5494   75.1665   57.3847   79.9062   11.0454   51.1566   58.2151   34.0588   42.638   27.313   84.2021   62.5859   29.6142   80.4114   8   45.793   49.8197   88.2043   53.3104   46.1411   58.7963   0   62.0159   71.0451   64.7388   100.116   112.16   110.791   58.6742   39.0623   33.6301   38.0294   110.457   35.4721   95.8077   58.1123   116.321   87.9317   34.0454   31   55.2324   65.2401   66   111.224   54.0644   56.8378   
3.60555   40.4475   42.4264   16   53.7587   35.9026   46.0435   40.025   43.3244   60   19.6977   55.9732   32.6956   20.5183   55.0727   27.0185   11.4018   42.9535   41.4849   21.0238   28.0179   48.8365   20.1246   40.7185   36.2215   40.1123   0   49.7131   40.8924   66.9305   73.7922   73.9535   72.1082   61.2698   49.5261   42.1648   75.8769   54.6431   56.5876   27   76.9151   66.0385   60.1885   60.0775   40.5183   58.7151   51   71.6443   69.1189   51.7971   
32.249   14.3178   77.1038   19.3132   77.8781   38.2099   15   53.6004   52   92.5905   28.2312   49.0918   67.0522   29.7321   84.4038   22.0227   41.1461   35.7771   52.3259   55.5788   62.514   48.0208   52.0384   74.9466   70.0643   56.3028   34.7131   0   62.6264   91.05   93.0726   66.7771   58.2105   87.897   61.7008   68.7921   103.169   80.9244   76.9959   43.3132   64.0435   39.2643   64.4326   84.7293   68.8542   87.5772   25.0711   92.6883   63.682   33.4165   
14.5602   53.6004   32.6956   28.8617   40.6079   34.4093   58.6941   32.1403   54.5894   56.0803   22.8254   69.2965   26.9072   34.0588   41.1825   32.2025   20.1246   43.8634   52.3259   12.0416   17.8885   46.0652   6.32456   34.6554   24.1868   49.3356   13.8924   46   0   53.1304   65.1743   74.8634   85.6487   66.8365   63.4186   50.8877   67.1934   63.0116   53.2029   33.3132   80.6553   71.2225   74.0809   64.0106   45.6556   53.7545   64.705   64.5999   81.2086   65.3008   
49.0408   85.8836   40.4475   62.1289   5.09902   44.0114   89.5545   27.4591   90.1388   71.0211   46.8188   105.38   47.3814   70.0071   13.8924   54.5711   55.8032   54.231   87.6641   38.0789   35.9026   47.1275   30.8058   51.0098   30   83.6481   49.5177   75.0267   36.1248   0   29.7292   83.598   121.597   94.4853   98.9434   83.5533   35.4018   88.8128   33.0312   69.438   86.6045   93.591   109.706   95.1569   70.1369   70.1088   94.6246   34.5843   117.333   98.568   
54.4059   87.8009   54.3415   65.7647   10.6301   39.8497   90.4268   22.4722   98.387   84.9294   47.8017   111.4   60   76.0263   26.9072   53.7122   63.9766   48.6621   96.1769   48.8365   48.0416   39.0128   39.8497   64.3817   43.4166   93.0484   55.7584   75.4718   43.8634   14.3178   0   75.4358   127.036   103.459   104.309   92.5972   41.1555   100.394   41.2047   77.1766   78.2896   92.7322   115.947   104.201   79.1808   83.4807   94.6003   27.2361   124.627   101.149   
56.3649   61.6117   90.6863   54.9181   64.7611   26.1725   59.4643   38.0789   95.7549   116.516   40.2492   96.6282   87.3212   70.0357   78.7718   34.2053   71.1758   17   95.1893   72.3464   77.0779   18.0278   62.9365   94.921   79.6492   96.7729   59.9333   47.676   60.4401   65.146   56.4358   0   105.499   119.991   105.449   101.939   90.8576   112.711   64.6088   73.36   25.0828   62.5766   112.109   117.906   95.7985   110.822   70.4518   78.1401   111.358   81.0925   
57.6281   27.8927   93.0054   45.2769   110.635   78.3901   31.0161   91.214   33.9559   95.0474   64.2028   13.4536   79.555   37.5899   112.361   61.7738   54.626   77.6209   36.6742   75.1532   81.5414   89.4707   77.3886   85.5102   90.8735   44.5533   57.4282   42.0595   71.2811   106.668   111.036   89.4986   0   82.469   57.0135   71.3263   133.305   78.2096   108.048   69.2769   102.451   67.9695   47.8447   74.6742   82.6003   94.4114   53.8469   126.042   32.8114   44.0185   
49.6488   70.3278   40.8167   55.2268   81.5843   81.3449   77.5242   80.895   35   27.4591   65.7419   58.0086   29.4109   43.6005   73.1642   72.7186   34.9857   89   32.0156   40   40.6079   93.9202   50.0899   28.8444   47.4342   24.0208   46.0652   73   48.8365   76.4853   88.459   105.991   68.469   0   53.5579   35.105   101.394   32.1803   90.0147   68.0918   122.958   104.693   58   34.0623   53.9258   47.4951   85.8079   106.074   78.0853   74.8793   
35.9026   39.6989   58.1378   32.5576   85.1469   67.0298   46.8615   73.4983   9.84886   58.1378   50.04   28.7924   44.2832   17.4642   82.7345   53.4603   24.6982   71.4493   8.06226   43.8406   49.0408   80.0062   49.6488   49.3356   58.4123   10.6301   33.5261   45.793   44.7772   80.4487   88.5494   87.4757   37.0135   32.28   0   34.6815   105.541   40.3776   88.5891   52.4642   108.315   77.4603   31.7279   41.6301   47.4109   67.2719   55.6536   104.316   41   43.2843   
31.6228   52.3927   39.9625   36.1248   72.0902   64.0312   59.5063   66.0076   26.0768   41   47.7598   47.4342   26.0768   25.0599   67.2012   54.1202   16.7631   70.9366   23.0217   29.0689   32.8024   76.9025   37.3631   30.6757   41.7732   17.0294   28.1603   54.037   34.2345   67.1193   77.201   87.8465   55.3263   19.105   18.6815   0   97.6062   26.4868   79.0836   54.9757   104.932   82.6222   49.0768   32.9284   40.4164   49.7747   67.2674   92.5844   59.6815   55.8534   
60.4401   97.1288   47.0956   73.4983   8.24621   53.3385   100.648   36.0555   101.02   77.0584   57.7754   116.675   56.0446   81.3449   14.3178   65.146   66.8431   63.0317   98.4733   48.3735   45.31   54.4518   41.8688   58.5491   38.0789   94.1541   60.8769   86.0058   47.3814   11.4018   16.1555   72.1803   118.068   85.44   91.4002   77.4145   0   98.2202   44.433   80.6946   94.4451   104.166   121.045   102.092   81.1477   77.6481   105.581   34.5602   128.59   109.937   
41.1096   59.1692   43.1393   45   79.3788   73.4983   66.3702   75.0267   25.4951   37   57.2451   48.3735   29.8329   32.6497   73.0616   63.5059   26.2488   80.4114   22.3607   36.4005   38.9102   86.3481   45.5412   32.2025   47.1699   14.5602   37.6431   62.2415   43.0116   74.3303   85.1469   97.3088   58.0775   11.1803   21.3776   9.48683   84.1724   0   85.5867   53.8121   114.419   91.1038   48.4951   24.4721   37.2132   47.6586   74.8571   97.4326   62.3776   63.9285   
37.2022   71.5612   44.7772   48.8365   18.0278   28.0713   74.7061   12.53   81.4371   74.4648   31.7648   94.2019   47.0744   58.8218   28.6356   38.8973   47.1699   38.4708   79.3095   34.0147   34.9285   32.6497   24.0832   52.811   33.121   76.5376   38.5876   59.9333   27.2029   16.0312   17.2047   50.5668   94.0479   74.0068   71.5891   61.1882   26.2488   69.5845   0   60.5161   74.7136   77.9173   98.7761   87.3935   62.3735   71.91   79.5706   35.2788   107.422   81.2681   
5   34.5254   48.3735   10   58.0517   35.0571   40.05   41.7852   41.7732   64.8999   18.1108   52.2015   38.2753   17   60.3738   23.7065   14.2127   40.8044   40.3113   27.0185   34.0147   48.0937   25.632   46.2385   42.19   40.1123   6   28.8617   19.3132   54.037   59.203   57.5847   52.6308   49.0918   32.249   30.4138   65.437   39.8121   42.0119   0   78.3095   55.1825   61.0116   59.2832   41   62.0476   42   73.4135   64.4777   46.4391   
58.3095   59.5399   94.6414   55.3624   70.406   30   56.7539   43.3244   95.7079   119.67   42.4382   95.1315   90.5539   70.342   84.119   35.3412   72.9452   19.799   95.3415   75.6637   80.7217   23.5372   66.6033   98.2904   83.8153   97.4166   61.9112   46.0435   63.6553   70.6045   62.2896   6.08276   87.2983   107.912   87.8009   89.4427   77.9295   98.8433   55.7136   59.0339   0   56.4819   110.476   118.317   99.626   112.967   71.1145   82.5059   109.725   79.4599   
43.4626   26.0768   87.9318   32.8024   81.2527   37.1618   22.3607   54.4243   67.1193   106   34.0588   62.2013   79.2023   44.8219   90.2718   25.02   54.6443   30.6105   67.5352   66.4078   73.0821   43.2782   61   87.2353   79.6241   71.5612   46.5188   15.2643   55.5428   79.2465   76.896   37.5766   53.2353   87.6926   61.0574   68.6222   89.4986   77.1038   63.3482   41.1825   34.4819   0   79.697   95.3941   82.1825   101.066   39.9317   94.4235   76.514   48.6808   
47.1699   40.8167   70.3278   41.1096   97.6524   76.7919   47.4342   84.7585   5   67.1863   60.0167   18.0278   56.4358   26.4764   95.462   62.0322   37.2022   80.0062   8.06226   56.5685   61.7171   89.56   62.2013   60.9262   71.0634   16.0312   45.1885   50.2892   57.1402   93.0054   100.722   95.2575   29.1204   40   12.7279   30.4138   104.019   30.4138   83.6481   43.0116   94.8947   65.192   0   46.0623   58.4176   70.9464   59.3244   115.583   32.0333   49.0161   
45.5412   62.9682   44.6878   49.4065   82.5651   77.8845   70.1783   79.1012   27.0185   35.2278   61.6847   50.04   31.9061   36.7967   75.591   67.9779   30.6757   84.8646   24   39.8121   41.7852   90.7083   49.2544   33.2415   49.6488   16   42.0595   66.468   47.0106   77.4919   88.6454   101.769   60.407   8.06226   24.3516   13.9284   87.0919   4.47214   73.3348   44.2832   103.315   81.3941   32.0156   0   41.6853   47.0689   79.0042   101.905   64.0489   67.6359   
24.0832   54.7449   29.4109   33.541   58.6941   54.626   61.3922   54.231   38.2099   39.9625   39.6611   57.7062   16.1245   28   54.037   47.5079   11.7047   62.7694   35.3553   15.6525   19.799   67.0671   24.3311   23.0868   29.0689   30.2324   20.5183   52.8015   22.0907   53.7122   64.0312   79.7559   63.6003   26.9258   29.4109   13.4164   64.0078   21.2132   48.3735   25   82.0975   66.0379   42.0119   25.02   0   36.2483   64.3478   77.3618   70.4109   59.2788   
39.9625   72.9932   15.6205   51.264   57.2189   66.4003   79.6241   61.4654   51.4296   24.0832   53.8145   73.0548   5.38516   46.0977   47.7598   62.6259   29.8329   75.8222   48.3011   20.2485   17.4642   77.6981   30.4138   5.09902   22.3607   41.3401   36.7151   70.5762   32.0156   52.1536   65.0308   92.4554   80.4114   25.4951   44.2719   25.632   60.4152   27.6586   52.3927   42.0476   95.5877   83.1865   55.9464   29.0689   18.2483   0   82.4759   83.0079   85.2719   77.3765   
31.1448   9.21954   75.2396   17   80.1311   43.0116   13.1529   57.3149   45.1885   88.6397   30.8058   42.19   64.3273   24.2074   85.3815   26.4008   37.6431   41.7852   45.6508   54.0093   61.0082   53.6656   51.788   72.0347   69.1158   50   33   7.07107   45.5412   76.922   78.6003   54.4518   35.8469   67.8012   39.4081   49.0918   88.1192   56.8507   62.434   27   53.0094   21.9317   43.3244   60.959   49.3356   67.4463   0   94.2368   57.0119   28.3693   
53.4135   87.4185   52.1728   65.0692   8.48528   40.2616   90.2109   22.8035   97.0618   82.7647   47.4342   110.422   58.0086   75   24.7588   53.6656   62.6099   49.366   94.8103   47.0744   46.0977   40.1123   38.2753   62.2896   41.3038   91.5478   54.6443   75.2928   42.4853   12.083   2.23607   57.7062   110.309   86.5794   87.2353   75.5844   14.5602   83.4326   16.2788   58.258   63.5059   77.1622   99.4786   86.885   62.3618   63.0079   78.2368   0   122.736   97.5469   
55.2178   36.4966   84.0952   45.6946   107.713   81.2712   41.7612   91.7061   20.025   82.2192   65.3911   3   70.2638   33.6006   107.168   65.2534   48.2701   82.5651   23.0868   68.6003   74.3303   93.4077   72.8354   75.2728   83.7616   31.0644   54.037   49   67.2086   103.325   109.622   96.3328   15.8114   55.0091   26   44.5982   114.586   45.3982   92.4175   50.4777   95.0211   62.514   15.0333   47.0425   55.0727   70.2282   42.0119   108.6   0   44.2655   
31.7648   11.6619   72.2496   18.4391   84.2021   51.8941   18.868   64.2028   33.121   81.6088   37.2022   30.8058   60.0083   16.2788   87.2067   35.4683   33.0151   52.3927   33.8378   52.1728   59.0339   63.5689   52.3927   67.1863   67.9117   38.8973   32.311   19.4165   46.0977   80.4487   84.1487   66.1211   27.0185   58.6686   28.2843   40.8534   91.8368   47.5079   67.2681   26.8328   65.0308   34.176   31.0161   51.3128   44.1022   62.2896   12.3693   83.4865   30.2655   0   
