15
30
999999 17 8 7 10 14 16 10 5 17 11 9 7 15 9 6 9 13 13 12 10 12 15 5 10 17 13 10 15 10 
0 2 4 3 3 4 3 9 2 8 3 8 2 8 8 3 3 5 4 8 1 6 6 4 2 5 11 8 11 3 
20
0   0   0   0   0   0   0   0   0   0   0   0   0   0   0   0   0   0   0   0   
-8   6   -6   5   -4   0   -11   8   -13   5   -14   15   -4   6   -11   8   -8   8   -9   3   
1   3   -2   0   0   -1   0   2   2   2   -1   0   -3   0   3   0   -1   1   -2   0   
5   -5   7   -3   3   0   3   -2   0   -2   4   -4   3   -7   5   -2   7   -6   4   -2   
1   0   -3   0   0   0   2   4   0   -3   3   3   2   -1   -2   5   0   -3   -1   -1   
-1   1   3   2   8   -5   -1   -6   3   -5   0   -4   -2   -3   0   -1   -6   0   -2   1   
4   -6   13   -1   5   0   -3   -12   2   -13   9   0   -2   -6   6   -4   4   -2   7   -1   
5   -6   0   0   5   -6   -2   -10   4   2   1   -10   0   0   0   -4   -2   0   8   3   
-2   2   -2   1   -1   2   -2   2   -3   1   -1   1   0   2   -1   2   -1   2   -1   1   
-11   8   -13   9   -1   4   -5   8   -1   2   -12   10   -7   8   -1   -2   0   9   -5   7   
-5   3   -5   5   -6   9   -3   3   -1   0   -11   0   -11   7   -4   6   -3   4   0   0   
6   -2   2   -2   2   -6   8   -5   6   -1   1   -6   6   -3   3   -2   9   -6   4   -7   
-3   6   -4   4   0   0   -2   5   -2   1   -5   0   0   2   -2   5   -3   1   -2   0   
11   -9   0   -15   9   -4   0   -11   7   -5   3   -7   3   -12   -3   -8   0   -9   8   -8   
2   0   0   2   -1   -5   0   1   3   -5   0   1   -3   3   6   -1   3   -1   3   1   
-2   4   -3   3   -2   2   0   2   0   4   -3   4   0   5   -3   5   -3   1   -5   4   
-7   2   -4   1   -6   9   -5   7   -4   6   -6   7   -7   8   -3   7   -3   9   -2   6   
-9   1   -3   10   -10   4   -11   6   -1   10   1   2   -6   7   -11   4   -10   9   -7   11   
4   4   5   9   0   -3   -8   -3   -4   4   2   1   0   3   -5   3   -4   -5   -1   7   
0   -2   -3   -5   -1   -7   0   -3   10   -6   4   -4   -2   1   -2   -1   -2   -2   8   2   
1   0   3   -3   -2   4   -3   0   0   -1   0   2   3   -4   4   -1   -3   0   -3   1   
7   0   -7   -2   -11   -5   1   -4   -2   0   0   -3   -3   0   0   1   -5   6   5   4   
7   -11   10   0   13   -11   5   -4   -2   0   1   -8   6   -13   0   -13   5   -3   2   -5   
-2   2   -4   1   -3   3   -2   2   -2   3   -1   2   -2   2   -3   2   -3   2   -2   1   
-5   3   -8   4   -4   6   -6   8   -4   5   -5   9   -8   0   -10   7   -9   6   -8   3   
10   -11   2   -13   9   -6   9   -8   10   -6   12   -8   4   -14   7   -9   6   -6   11   -5   
0   3   -3   8   -6   3   -9   2   -3   -1   -8   6   -2   4   -8   12   1   -3   -1   11   
2   -3   0   -6   1   -1   -2   -1   0   -2   7   0   1   -5   1   0   1   -2   2   2   
-2   12   -10   11   -7   11   -10   12   -4   8   -11   14   -8   14   -6   11   -6   5   -3   12   
5   -3   1   -5   -1   0   2   0   0   -3   3   -5   4   -4   2   -2   6   -6   0   -5   
0   53.9026   67.7397   79.9268   73.0905   43.1725   70.2445   52   76.0415   46.0666   35.105   62.3172   44.0689   77.4003   80.38   42.2036   72.614   83.9431   74.2015   63.6946   68.7852   70.0106   63.2311   65.9418   33.3693   50.0156   71.4072   64.025   72.2769   87.897   
35.9026   0   99.6057   60.0488   103.647   65.9902   102.887   84.4622   107.7   57.0465   42.8035   82.208   75.0779   56.0488   103.221   75.5894   72.2494   113.294   96.661   95.2712   99.4919   103.951   82.6804   90.7008   56.2099   71.8145   93.0253   97.9276   70.4885   114.404   
51.7397   83.4865   0   129.624   26.4032   54.6155   42.3019   56.5951   22.2801   91.0592   85.9295   97.0655   78.8172   128.299   97.5046   44.6985   86.0703   38.1327   98.6934   39.5234   41.5153   27.4403   40.0357   36.0357   79.6825   58.7343   70.0977   55.4138   112.865   32   
63.8905   41.4367   115.624   0   129.747   100.954   124.828   104.731   133.497   61.0106   70.8219   74.7062   89.7951   31   97.3949   103.112   111.662   138.698   88.3395   120.693   116.489   124.753   121.01   124.3   71.4891   113.251   117.258   125.813   73.1736   147.624   
51.8556   85.4751   8.48528   115.261   0   61.6931   42.1246   50.541   24.1231   91.5731   86.9605   95.6432   78.0872   129.256   92.0367   48.8869   84.5762   29.8489   93.5381   40.2704   36.0278   31   47.5153   44.521   78.258   65.0128   58.8322   43.0208   99.4927   31.6433   
26.1725   50.9902   33.6155   86.954   37.6563   0   64.931   56.4649   55.8956   71.0278   57.0813   83.8707   69.2537   100   93.6908   28.8062   54.6742   65.8259   94.0366   60.8857   56.6431   54.1321   38.6918   36.8087   53   23.3246   67.0096   55.8121   89.0282   65.6155   
51.2445   87.0919   28.3019   110.436   20.1246   47.2969   0   42.9575   44.2477   80.4223   86.3495   79.8823   61.634   122.201   74.8149   53.1248   101.173   44   77.8624   34.6158   33   42.4391   55.0135   51.0135   72.3385   70.6215   39.587   32.6619   89.4043   51   
34   69.4622   39   89.5879   33.541   40.4599   21.2132   0   55.6563   58.8634   66.0408   70.8634   52.6271   103.267   56.4367   53.6586   95.1341   58.9462   65.107   38.6977   35.2956   49.3954   65.4969   61.4969   57.2415   63.7844   37.6619   29.2956   73.535   65.1843   
55.2268   88.3233   7.28011   118.828   4.12311   39.5601   23.4094   37.6563   0   93.5446   90.3318   97.0692   79.0275   130.103   94.0813   51.345   85.1835   24   95.695   37.0273   39.0864   24.9443   39.0238   35.0238   81.0081   56.3113   59.8827   44.0713   103.616   34.8062   
30.0666   43.0465   76.0592   47.0106   73.5731   56.0089   65.0692   43.8634   77.5242   0   36.9317   44.2047   44.7883   57.382   63.4401   72.2702   102.681   96.8413   54.3847   79.2456   75.7587   85.6003   93.2976   92.8176   44.0278   79.3335   62.3735   69.7587   36.2971   105.216   
19.105   22.8035   70.8378   44.8219   70.8378   43.0813   68.4471   49.0408   74.2765   21.9317   0   54.9487   51.9848   67.4382   76.4811   61.3086   75.5235   95.2808   70.1536   78.7825   74.5399   85.9469   81.7731   79.89   33.1245   66.4059   78.5587   72.8595   58.2288   102.481   
43.0813   60.208   81.0247   57.7062   76.844   67.2681   64.1405   43.8634   80.9568   17.2047   38.9487   0   33.2483   74.5867   47.0208   82.0775   113.021   102.782   38.1327   82.5611   78.6154   90.1249   92   96.1025   52.8707   90.5927   61.0454   73.1295   39.083   108.487   
29.0689   55.7853   62.8172   65.7951   58.8727   50.5964   47.634   26.6271   62.9682   18.7883   32.9848   18.2483   0   76.1703   46.3196   58.4475   98.153   80.6239   45.3238   60.3786   56.8917   70.9915   82.075   81.0083   34.868   71.921   46.6816   50.8917   52.9258   90.5161   
61.4003   41.0488   113.071   4   112.486   85   107.201   86.267   116.103   43.382   42.4382   53.7587   62.1691   0   100.78   103.111   106.269   137.719   91.8915   117.586   116.489   124.752   120.872   121.809   71.4885   107.471   105.756   110.603   68.19   144.129   
57.28   81.939   80.2247   81.3941   74   76.5376   56.7186   41.4367   78.0064   39.5601   59.4811   24.0208   28.3196   77.4145   0   83.8845   126.473   94.5176   27.0554   75.2516   71.0089   86.921   100.565   101.348   63.1876   99.8621   51.2278   69.01   59.2278   105.643   
22.2036   54.5894   29.6985   86.0523   30.8869   12.8062   36.1248   27.6586   33.8378   49.2443   41.2311   58.0775   40.4475   83.6002   64.8845   0   67.4805   57.7063   85.7713   44.4151   40.1725   49.4008   37.2237   41.1896   50.6228   36.1308   57.325   41.5136   85.5413   61.6985   
51.614   50.2494   64.0703   91.6624   70.5762   36.6742   83.4865   76.5506   71.1758   78.7909   58.5235   94.0213   80.604   91.2688   108.577   49.2443   0   95.1758   121.812   90.8974   89.2023   83.6978   63.7285   67.4979   84.9833   47.573   103.684   90.7579   108.776   95.1581   
61.4003   95.2943   15.1327   124.483   9.84886   47.2969   22   39.9249   8   81.8413   80.2808   83.7735   66.1891   121.622   78.5175   40.7063   79.1581   0   99.8624   41.2485   45.8766   32.9443   47.0238   43.0238   88.1069   64.3113   61.587   52.0713   109.342   27   
52.2015   74.2428   81.0555   72.3395   75.5381   73.5391   59.7746   42.107   79.6304   31.3847   52.1536   15.1327   23.3238   68.3593   9.05539   62.6418   103.812   81.0247   0   78.8013   74.5587   90.2531   99.8656   98.7527   58.1918   95.2448   56.2753   71.4026   45.1725   107.181   
45.6946   81.2712   22.4722   106.668   15.1327   39.8121   7.61577   19.6977   19.0263   62.482   63.6318   63.561   46.1411   103.586   59.0339   29   75.8947   20.2485   61   0   19.2426   26.083   56.7321   52.7321   64.2037   63.1366   39.0832   29.4868   93.2328   46.7761   
41.7852   77.4919   24.5153   102.45   18.0278   37.6431   10   15.8114   22.0907   58.258   59.5399   59.6154   42.0595   99.3579   56.0089   26.1725   74.0945   24.1661   57.5587   4.24264   0   30.3257   46.5269   51.8329   68.4463   56.6293   42.587   32   89.3464   48.5261   
47.0106   80.9506   10.4403   110.309   5   34.1321   18.4391   29.1548   8.94427   68.6003   65.9469   72.1249   54.0833   107.517   70.0643   26.4008   68.2495   14.4222   71.2531   12.083   14.1421   0   39.8473   43.9681   76.2867   57.4567   51.1662   41.5699   102.69   36.6433   
41.2311   68.6804   18.0278   104.01   24.5153   17.6918   40.2244   42.0476   25.02   69.4262   59.5399   78   60.075   101.872   82.5651   20.2237   46.1736   33.0151   81.3941   32.8024   32.5269   22.8473   0   21   70.6918   37.1555   71.8856   61.7374   99.7257   49.2053   
42.9418   71.7008   14.0357   106.254   20.6155   20.8087   37.0135   40.4969   21.0238   70.342   61.5873   78.1025   60.0083   104.01   81.4923   21.1896   50.1597   29.0172   80.7527   29.7321   29.8329   19.2354   4   0   68.811   41.1555   68.4813   52.6699   103.726   46.0357   
12.3693   38.2099   59.6825   57.4891   58.258   38   53.3385   33.2415   62.0081   18.0278   16.1245   30.8707   18.868   54.4885   47.0106   31.6228   63.2851   67.2086   41.0366   49.2037   45   53.2635   51.6624   52.811   0   59.0454   65.5496   62.5372   54.3248   89.9014   
32.0156   53.8145   33.7343   91.2414   39.0128   6.32456   50.9215   45.9674   40.3113   62.0081   48.0833   73.5459   56.921   89.4707   82.7647   18.4391   32.573   48.2597   79.8499   43.3244   41.6293   36.1248   16.1555   19.9249   44.0454   0   73.3342   59.9527   95.1038   65.2892   
44.4072   79.0253   46.0977   95.2575   39.2046   52.0096   21.587   11.6619   43.1045   48.3735   57.5587   44.0454   29.6816   91.7061   35.2278   39.2046   88.2043   43.2897   38.2753   24.0832   21.587   35.6931   52.1536   50.1199   41.4367   57.3847   0   34.8114   72.1543   70.1131   
40.025   75.9276   30.4138   98.813   24.0208   39.8121   11.6619   10.2956   28.0713   53.7587   56.8595   54.1295   36.8917   95.6033   50.01   27.5136   76.4853   29.7321   51.6236   9.48683   6   20.0998   37.0135   34.6699   41.6773   44.4185   15.8114   0   83.8307   54.5261   
45.2769   54.4885   88.8651   46.1736   85.4927   71.0282   74.4043   53.535   89.5545   15.2971   35.8469   12.083   26.9258   42.19   35.2278   63.5059   93.7763   93.0591   26.1725   73.0616   68.9638   80.6226   83.7257   84.3445   33.0606   77.1038   55.1543   63.8122   0   116.98   
67.897   100.404   17   131.59   16.6433   50.5668   32   49.3356   12.8062   90.2109   86.977   93.0484   75.2396   128.888   88.459   46.2277   79.1581   10   90.802   29.8329   33.5261   21.6333   34.2053   30.3645   74.8131   50.2892   53.2353   39.2938   101.98   0   
