15
60
999999 8 10 16 6 15 11 16 15 16 7 14 7 15 6 7 9 8 7 7 6 8 7 6 15 17 16 10 9 9 17 10 9 16 11 16 5 6 15 17 13 12 8 17 5 7 9 8 10 9 13 6 8 8 17 8 16 14 5 13 
0 1 2 5 2 6 9 14 3 12 2 3 1 4 1 1 1 2 2 5 1 1 2 1 11 8 7 6 5 3 13 5 4 13 10 11 2 3 7 11 3 11 3 12 3 5 1 2 4 1 8 4 2 3 11 7 7 6 3 6 
20
0   0   0   0   0   0   0   0   0   0   0   0   0   0   0   0   0   0   0   0   
4   -2   2   0   2   -4   -1   -1   6   1   5   2   1   -2   0   -2   0   -1   0   0   
8   -5   8   -7   7   -4   9   -1   6   -1   8   0   6   -7   0   -1   8   -4   2   -7   
9   -3   0   -3   2   0   -4   0   -5   0   -7   0   2   0   -2   4   -5   10   -8   0   
0   5   -6   4   -6   0   -4   4   1   2   0   0   -1   4   -5   5   -3   -1   -4   1   
1   -6   5   5   2   -13   9   1   6   -3   14   0   10   -3   10   -8   0   -5   9   -4   
-1   0   -2   -3   0   2   2   0   2   0   -3   0   0   -2   1   -2   2   -5   3   0   
1   10   4   2   6   -7   9   0   8   -11   8   -7   5   1   -2   -5   6   1   10   1   
0   7   1   -6   2   6   -1   -10   5   9   -2   6   -5   10   -13   -2   -8   4   -9   0   
-15   7   -4   6   -10   -3   -2   1   -2   1   0   5   -1   -4   0   4   -6   -4   -3   7   
-2   4   -3   4   -5   3   -1   2   -3   5   -6   0   -4   5   1   3   -5   6   -4   2   
-13   14   -9   6   -8   12   -8   13   -13   11   -12   2   -11   5   -11   8   -5   1   -6   6   
-4   3   -7   4   -2   4   0   4   -2   4   -6   2   -5   4   -2   3   -1   5   -3   1   
-7   14   -10   15   -12   11   -6   12   -14   11   -14   1   -13   14   -11   10   -8   10   -7   12   
-1   2   -3   4   0   0   2   -1   -2   1   0   4   0   0   -2   1   2   1   0   0   
-1   -3   1   -2   0   -2   1   0   3   -1   -2   0   -1   -3   3   -1   1   1   1   -1   
-4   1   3   0   2   2   1   -1   -3   -1   -1   8   -2   2   -4   0   -1   -4   3   -1   
-1   5   -3   4   -3   0   0   5   -4   2   -2   3   -1   3   -4   3   -2   3   -2   2   
-5   1   -6   3   -3   3   -2   6   0   3   0   2   -6   0   -3   4   -5   0   -3   4   
0   -1   3   -3   3   -3   2   -3   0   -4   5   -2   3   0   4   -3   0   -3   6   -2   
0   -2   1   1   0   -5   0   0   0   2   1   1   4   -1   0   3   4   -1   4   -2   
2   -7   6   -5   5   -7   4   -5   3   -7   3   -5   5   -6   5   -4   4   -3   4   -7   
-2   4   -5   5   -4   7   -7   5   -1   3   -1   6   -4   3   -6   4   -3   6   -5   0   
3   1   3   -3   3   -4   4   -1   5   -2   6   -1   2   0   0   -2   1   -3   0   -4   
1   5   8   -4   -2   5   1   1   5   0   4   9   -3   1   7   4   5   -4   -4   5   
6   -11   6   -7   7   -5   6   -2   12   -6   7   -8   13   -11   0   -14   4   -2   10   -15   
7   -2   1   -4   0   -5   6   -6   7   -5   2   -2   6   -7   3   -8   7   -10   3   -8   
0   2   -6   1   -7   0   -5   1   -6   5   -2   4   -1   1   -6   6   0   2   -1   6   
1   -6   5   -1   3   -4   3   -3   5   -2   0   -4   4   -1   4   -4   5   -2   2   -5   
-5   8   -4   7   -9   6   -7   5   -8   6   -8   3   -5   4   -3   6   -4   4   -1   8   
-6   8   -6   4   -5   4   -4   3   -4   0   -10   9   -5   5   -1   1   -5   -1   -7   4   
-5   4   -3   5   -4   0   -6   7   -4   5   -1   7   -5   3   -4   5   -4   8   -6   5   
-4   5   -4   6   -5   2   -7   1   -1   5   -9   8   -6   6   -9   2   -2   4   -1   9   
13   -8   5   -4   7   -7   5   -8   4   -9   15   -9   5   -7   7   -7   2   -3   0   -5   
4   -1   -2   -3   -1   -4   0   0   3   -1   -1   0   -2   0   2   -1   1   0   -2   0   
6   10   -8   -5   -4   5   9   7   7   -11   -1   -2   2   -1   -2   -3   0   2   7   -1   
0   0   0   2   -1   0   -1   0   -1   1   -2   0   0   0   0   0   -2   0   -2   1   
-3   4   -4   4   0   5   -4   6   -3   5   -3   4   -3   3   -3   2   -3   5   -6   1   
-15   -1   -6   9   -6   3   -14   9   -10   4   -3   7   -10   11   -4   11   -2   11   0   3   
8   -13   3   -11   9   -9   10   -2   5   -9   12   -5   9   -5   10   3   11   -6   7   -8   
-5   8   0   3   -6   9   -3   6   -7   3   -8   6   -8   4   -12   2   0   6   0   6   
7   -5   5   -9   7   -12   5   -5   1   -5   9   -6   10   -3   0   -3   3   -5   9   -7   
3   -3   0   -3   3   -2   0   -2   4   -1   3   -5   3   -4   1   1   1   -2   -2   -2   
0   -5   14   -7   7   -3   6   -10   11   -2   8   -8   14   -12   13   -13   14   -6   4   -5   
-1   0   -1   3   -1   3   -3   3   -3   4   -3   1   -3   3   -2   4   -3   4   -2   1   
0   5   -2   2   -2   3   -6   3   0   5   -5   2   -5   0   -3   4   -3   2   -2   0   
-4   5   -9   3   -2   4   -3   6   -3   6   -4   6   -4   2   -2   0   0   2   3   9   
5   -2   4   -1   4   -3   6   0   3   -6   2   -8   3   -4   6   -4   2   -7   7   -8   
-5   -3   0   -3   6   0   1   -3   5   0   1   1   3   -4   2   -4   4   1   -5   2   
2   0   0   -3   -1   2   1   -2   2   0   2   5   1   2   2   -2   1   0   3   -2   
-6   13   -10   5   -3   7   -6   9   -7   2   -3   7   -2   7   -10   8   -1   2   -9   9   
0   0   1   2   -1   -2   0   0   3   0   0   0   0   -1   -1   0   3   2   0   -1   
-5   6   0   3   0   0   -5   2   0   4   -3   2   -2   5   -1   2   -4   1   -3   1   
-4   0   -3   0   0   0   1   1   0   0   -1   3   -1   0   0   3   -2   -1   -2   -1   
0   0   6   6   0   -1   -7   1   -8   5   -6   -1   3   -4   -4   14   -8   2   -4   6   
6   -3   5   -3   7   -6   6   -4   2   -3   4   -3   7   -2   4   -1   0   -3   4   -3   
-2   -5   -8   0   -10   0   -7   3   -6   -4   -2   6   1   -1   -11   0   -3   7   -6   3   
-3   -7   -6   -6   -3   0   4   1   -7   -3   -2   5   4   3   -5   0   3   1   -4   -1   
-2   0   -3   0   -1   0   -1   2   -1   0   0   1   -1   0   0   1   -3   1   -2   1   
3   5   1   10   -4   -6   -5   0   1   -4   -5   7   1   1   -3   0   -1   7   2   1   
0   57.2053   51.2505   70.9089   41.5407   36.6015   65.5533   56.8388   87.5527   64.0104   61.6175   46.6586   53.0624   23   65.4388   70.2041   65.187   38.1803   75.3783   61.993   52.9559   73.8233   37.3666   53.5007   76.7738   57.1248   69.566   51.9559   63.7511   64.7695   49.609   63.1964   58.0119   71.3927   30.1555   61.5933   86.7809   69.0937   40.2485   72.7441   66.3927   55.2156   55.5899   59.7759   33.4642   52.1548   43.2947   74.5544   57.5398   50.5576   65.6004   40.4951   64.0306   73.1402   56.4093   45.6982   63.6488   48.6716   61.1214   51.1603   
39.0512   0   89.3341   91.442   76.4401   51.0156   94.6226   80.5139   76.2668   55.3738   46.4147   57.1042   73.6717   54.1778   101.193   88.4763   49.0436   69.7523   101.683   101.044   71.9443   51.3178   76.4178   86.406   42.4008   56.3015   50.7712   71.8615   37   59.6794   34.06   51.414   45.0917   40.6205   69.2067   34.2788   65.9711   89.214   38.5289   94.9854   35.6205   30.2111   94.6411   26.4472   52.4954   73.9017   82.3459   72.8424   24.2111   62.4081   50.3209   68.8803   27.0499   71.4282   91.7968   68.0408   84.0303   75.3263   62.8219   65.8615   
37.1214   71.4493   0   47.2195   49.9611   67.8517   64.0104   33.2094   123.825   98.9072   80.5884   78.3506   76.7243   55.9756   61.1814   95.502   90.5657   44.0393   82.2843   60.4031   79.8722   89.9256   40.2094   26.3246   102.662   86.709   94.6349   80.3719   88.1618   76.974   75.5153   77.4129   77.1392   95.911   35.095   95.1022   121.577   87.5891   69.0278   38   95.1814   79.0713   54   80.0689   51   75.9181   48.8403   110.634   81.123   58.2315   81.9697   45.2108   98.4992   109.22   73.8402   40.7386   57.4819   35.1245   62.1825   87.1415   
53.7122   74.4312   30.8058   0   71.3268   86.9042   92.2304   34.8114   141.265   117.348   72.4572   97.3859   99.9401   73.3028   90.859   118.791   108.222   67.2445   107.048   86.859   102.925   79.0082   61.2769   45.5153   97.0119   106.614   112.465   101.925   80.8932   66.0111   77.5063   70.7707   68.8516   93.922   63.45   105.529   132.745   113.745   79.4542   30.2195   97.4355   83.8078   84.8058   86.8779   61.4264   99.7559   76.0098   127.169   87.3188   55.5067   75.7525   51.883   101.481   126.852   98.2396   47.4109   35   56.2415   49.6757   97.4371   
21.5407   60.4401   28.178   55.3263   0   56.1361   41.9422   55.5494   101.019   76.7932   81.5633   56.2019   47.5576   43.2488   42.4951   67.4279   71.3173   35.8167   56.0512   43.5332   52.7967   92.0779   30.5475   49.3569   98.3144   74.4323   80.9406   55.7232   85.2918   81.3637   71.1496   79.9542   77.9578   91.3765   28.8661   75.0082   96.0263   63.0185   61.7891   66.178   87.9334   76.7562   37.2938   72.7754   55.0049   44.0185   22.0623   80.2293   75.0803   70.2875   87.1411   57.2491   85.342   78.8151   42   54.8938   77.2104   45.1948   69.5371   55.8378   
17.0294   32.0156   53.8516   69.8928   33.1361   0   65.4907   73.44   71.5883   46.2813   62.7032   33.6301   42.9025   35.6015   67.4976   55.9143   36.8473   39.632   72.6717   70.8415   37.8035   77.1281   53.9678   70.1019   74.4164   34.105   42.8328   47.7631   66.3743   72.3149   52.4665   66.1957   61.8995   69.6435   46.7567   42.2843   72.7547   54.3113   34.9737   87.4262   65.4236   54.5106   69.5226   56.8024   45.4109   45.0832   55.1983   55.8121   56.2267   67.587   73.4976   57.5245   59.0655   63.1461   53.1214   62.7276   80.6782   58.6989   68.0306   41.7631   
44.5533   80.6226   48.0104   78.2304   25.9422   49.2443   0   79.7851   103.448   86.4395   106.171   70.5711   56.0147   67.5533   28.4031   60.0595   82.9104   60.5554   30.2971   34.434   54.0512   117.069   49.7851   72.0093   121.327   75.4349   85.4741   55.05   108.304   107.306   94.1623   105.896   102.565   115.27   54.8083   91.5286   98.9195   53.6155   80.6003   86.0069   110.946   99.7689   34.0384   96.902   78   52.0689   48.0045   85.9316   94.666   92.187   110.154   79.1663   107.672   85.2534   39.3693   74.6941   93.6241   64.3839   95.4794   56.1995   
38.2753   63.3246   19.2094   15.8114   40.0125   54.8179   63.9531   0   125.828   101.099   65.1948   81.2993   85.4313   61.2753   76.5764   103.01   91.6652   53.6276   93.5442   72.9675   89.4606   74.2025   45   31.4536   90.0416   88.9229   97.6507   89.7419   74   61.105   66.1661   61.3132   62.025   84.4264   44.6833   92.2345   121.755   97   66.1825   42   83.8713   70.5711   66.7281   72.5388   48.1548   79.6003   51.4966   109.032   70.3028   42   74.5921   39.4642   90.3744   111.415   74.0083   37   39.8114   42.4642   48.5153   83.7419   
73.5527   61.8466   109.636   125.877   84.7231   56.5685   87.3212   111.198   0   44.9258   107.586   59.9674   70.5492   87.5871   109.865   65.3761   52.3593   96.2006   99.2369   110.564   65.4665   113.164   108.022   126.67   97.0062   56.9543   51.249   64.4665   98.8466   121.159   95.9065   112.557   106.938   94.1622   103.325   64.9888   29.2956   73.2036   88.2309   139.936   89.2046   92.0577   109.114   87.9638   99.8153   78.1523   106.785   40.6178   86.0577   109.383   110.145   114.048   78.2046   39.2036   98.0179   115.54   133.854   111.208   124.213   70   
48.0104   37.0135   84.9058   99.2472   62.2977   31.0644   71.0634   84.8528   26.9258   0   77.7972   35.5913   53.4834   59.0454   92.0707   62.0488   25.434   70.6965   86.618   92.5373   48.4006   88.3313   85.0322   101.166   78.3124   35.6491   27.3852   47.4006   74.0135   91.4851   66.5184   83.0591   76.75   72.8293   77.8211   39.095   38.6433   65.5188   61.3113   115.725   68.8197   61.5184   89.965   62.4166   75.0088   58.0119   84.3599   44.9549   61.2246   93.4763   87.3344   87.884   64.0634   43.5407   77.034   87.0357   109.005   89.7633   90.3034   49.0161   
45.4533   27.5136   64.56   56.2939   65.192   48.7032   89.8721   50.0899   89.2861   63.7887   0   74.5102   89.5785   57.4382   106.864   104.617   74.2268   71.4885   120.169   102.864   86.5067   33.2195   75.9083   75.5169   50.5707   78.8549   77.606   90.1688   35.4018   36.2066   36.0384   29   27.6056   45.0238   70.6972   61.7925   93.4848   103.014   52.7321   81.6891   44.6008   38.2788   97.5659   39.3961   49.8058   93.7864   85.8406   100.006   45.2036   48.0416   24   49.4401   54.5635   98.9418   100.812   57.8497   67.5725   73.1597   49.0768   90.4662   
27.6586   31.9061   64.3506   80.2122   42.2019   10.6301   54.5711   65.2993   45.9674   20.5913   53.6004   0   42.6216   46.2316   74.4595   58.9982   33.5475   50.2622   71.3062   74.9261   40.8942   80.5134   61.5188   80.7321   74.3069   25.4853   30.7631   40.8114   68.811   82.0093   59.6005   73.5691   67.2445   70.5093   57.3868   47.8254   56.1248   55.4187   43.0799   96.8576   67.5266   54.6005   72.3538   52.1298   56.041   40.4008   64.2642   47.037   49.8938   78.2015   77.6004   66.2494   58.956   45.6228   62.8292   69.8035   91.3074   66.3289   75.8705   34.8114   
32.0624   54.5619   60.2163   83.8153   32.5576   23.7065   34.0147   68.0074   54.4243   37.2156   72.2357   23.6008   0   52.1403   61.3192   37.2354   50.1516   56.6956   52.0147   62.025   22.0828   100.18   62.0488   78.9746   94.9197   42.1066   50.1386   21.0828   87.4302   96.0215   75.9333   89.9022   85.606   88.6988   55.6293   65.3249   64.0744   34.7631   58.6802   98.2163   85.9718   74.0833   56.6962   70.3028   65.0408   28.831   54.6199   47.7648   68.0833   82.6201   90.9605   72.5575   79.2896   56.121   48.3607   77.7606   95.7112   68.6952   83.0072   27.8102   
5   34.2053   41.6293   56.3028   26.2488   13.6015   48.2701   41.2311   70.0357   44.0454   42.4382   24.0832   32.1403   0   66.8964   65.1713   50.4488   35.1245   75.2014   63.4507   47.0606   69.9181   42.3666   58.5007   74.4605   46.5576   54.8462   53.2231   62.9698   66.0833   48.8277   65.4398   59.1152   67.2494   35.1555   55.8857   78.1082   66.9034   33.6525   73.9258   66.8552   54.0151   57.0476   51.2027   38.4642   49.0832   48.2947   69.4135   48.9666   48.0156   63.793   44.9258   61.2551   69.706   59.5366   43.9258   67.4782   52.6271   55.054   48.1662   
45.8039   83.1925   44.1814   74.8131   25.4951   52.4976   6.40312   61.131   93.145   76.0066   90.5539   58.6941   39.3192   49.93   0   62.5065   86.6188   51.0518   36.7002   30   59.4884   117.23   47.121   64.8976   122.394   79.0703   88.108   60.3982   109.555   106.311   95.4129   104.459   101.836   115.183   53.8489   94.7819   101.456   53.9625   80.5134   82.1814   111.617   98.6419   23.8489   96.9919   79.2682   49.0588   46.0799   85.5177   94.7559   89.0958   111.404   76.0574   109.835   86.8108   32.0294   77.8325   98.5344   66.5188   90.4718   60   
51.2445   68.4763   77.8974   102.786   49.7393   40.7922   42.0595   86.977   48   41.0488   89.2861   36.6742   19.2354   51   48.3735   0   63.7632   65.5697   53.6208   69.6906   37.1108   115.82   73.0339   96.4687   110.877   55.8281   59.5206   40.2483   105.066   112.666   91.1586   106.054   100.592   106.295   74.4094   79.8507   66.2003   27.544   73.6657   113.567   103.849   91.2748   66.3289   87.6938   83.939   37.4094   71.8016   49.318   86.568   97.006   108.145   91.7396   93.6324   48.1725   51.9706   94.9258   114.893   87.9306   102.243   47.0456   
39.4462   29.2746   76.5376   89.9389   55.3173   22.8473   66.9104   75.6902   36.3593   9.43398   55.2268   13.1529   34.176   35.2278   71.3442   42.45   0   62.4793   84.4591   87.0634   46.9666   80.2174   74.6718   92.9469   69.8516   35.0623   28.2426   53.0689   66.2746   82.6831   58.0512   74.5919   68.2828   64.3244   69.6017   39.7648   41.0768   68.5717   50.8869   105.811   59.3244   53.0512   85.5068   53.2966   68.2582   53.5537   77.3795   43.5745   51.0606   79.0593   76.2115   79.4023   55.1059   42.1603   72.5894   75.8112   102.706   79.4819   86.8845   47.9258   
11.1803   50.2195   29.0689   51.2445   10.8167   25.632   35.805   35.4401   80.604   56.356   54.4885   35.7771   32.6956   16.1245   36.0694   51.5461   48.4665   0   62.6382   51.5954   54.7783   83.6574   28.7703   51.0156   87.9541   57.909   66.5401   53.7783   73.6406   73.8571   60.7893   70.9396   68.4104   80.9908   32.9443   67.9163   89.2811   62.6905   46.3209   67.0689   77.5731   66.3959   45.3561   67.1699   41.2074   52.1603   30.1245   79.7039   65.0912   55.0132   75.28   45.6586   75.208   78.2896   42.5136   48.0799   64.2544   37.0278   58.4367   54.4006   
54.3783   86.6833   63.1269   93.0484   39.0512   54.6717   15.2971   78.4092   82.1523   70.342   99.6243   57.3062   34.0147   57.2014   20.6155   34.3657   68.1542   47.5395   0   40.3516   56.0975   127.12   65.0821   85.5131   128.737   76.1213   84.1533   55.0975   117.825   118.769   103.987   115.852   112.39   121.605   67.9173   96.956   94.4285   43.0768   89.6454   101.127   119.987   104.14   44.4644   104.317   86.1196   52.0644   61.1135   78.4475   102.098   102.553   119.979   92.7896   113.304   77.0333   43.1246   88.4828   108.921   77.1691   105.976   59.5933   
43.566   81.5414   40.1995   70.859   22.6716   51.4198   9.43398   57.28   94.255   76.1643   87.8635   58.2151   40.025   47.8853   4   50.4777   71.0634   33.4215   24.3516   0   60.1791   114.749   46.7269   61.3897   120.34   79.89   88.9782   61.1078   107.062   104.035   93.175   102.626   100.629   114.048   51.5376   93.7041   102.146   57.9625   79.7425   78.1995   109.959   98.1962   23.4031   95.447   74.629   49.7494   42.4709   86.2084   94.8267   86.3445   108.702   73.3238   107.181   87.5014   32.72   68.8516   89.0821   61.9418   86.111   64   
33.7343   52.2015   64.0312   86.539   36.7967   22.8035   39.0512   70.7743   49.3964   32.3883   71.4703   20.5183   5.09902   33.0606   44.4072   18.1108   29.9666   35.8469   38.2753   45.1221   0   97.8727   64.6172   82.1225   94.6023   35.9317   47.6228   25   87.0149   95.1184   72.8727   88.9992   83.6804   89.8012   58.7772   65.0878   58.9762   37.0278   57.7772   102.031   84.8012   72.6975   58.8603   72.6481   67.1985   32.7703   58.859   42.9258   70.4121   81.0762   95.4703   74.2294   79.2514   48.3019   42.4591   76.2409   97.383   72.8747   88.1063   28.0828   
57.8014   37.1214   73.9256   61.0082   77.0779   61.0983   102.069   57.7235   98.656   74.108   12.53   65.5134   84.6936   54.9181   102.533   101.533   66.0076   66.4831   112.071   99.7246   83.8153   0   85.6047   84.0111   45.0648   88.4559   86.831   97.4865   32.3178   42   43.9917   38.0384   32.8114   37.8537   78.4045   70.3385   103.093   115.39   62.858   83.4631   42.178   45.1662   107.381   51.926   56.45   102.077   96.6076   109.582   52.1361   53.0725   34.2195   61.6637   56.2753   108.168   108.997   65.6806   68.7125   76.9737   47.2415   96.8332   
21.095   59.4138   19.2094   45.2769   10.0499   36.4005   34.7851   30   91.022   67.082   59.9083   46.5188   41.0488   26.0768   33.121   59.0339   59.2368   10.7703   48.6621   29.6816   44.8219   71.218   0   45.5339   95.8171   68.6793   77.2819   62.1315   81.3166   76.8044   68.6701   73.8869   70.3028   89.0658   34.2111   76.6498   99.7322   73.0684   57.0912   57.2094   87.4878   72.2261   41.3238   72.5428   44.1548   54.0684   29.4853   86.7443   75.0435   64.6796   83.9083   51.6589   85.1256   88.1388   51.0167   47.1868   68.2769   36.6015   69.207   57.0122   
38.6005   70.406   6.32456   24.5153   32.8938   55.6058   54.0093   13.4536   111.946   86.6083   61.1882   66.2193   64.1405   42.72   50.3587   82.2922   77.9359   32.0156   69.029   46.3897   67.6757   69.8928   23.2594   0   102.211   89.2777   96.9824   85.2232   87.4536   74.0364   75.0085   74.28   75.4786   96.0569   40.3452   92.5744   119.013   93.9137   66.4976   33.1108   93.0253   84.0247   60.3246   81.0248   57.3246   75.0593   52.2947   110.004   78.7887   55.4536   79.0967   48.0768   97.4558   110.305   71.1728   44   50.3019   40.1245   59.7696   80.2716   
61.7738   26.4008   87.9659   81.7863   83.1865   57.9828   105.437   75.0267   81.0062   59.9083   25.4951   58.2495   80.9197   57.4543   107.378   94.6678   53.8516   72.45   112.539   105.309   78.6003   24.8395   80.0562   85.2877   0   80.3738   77.172   95.6874   37.1245   55.9232   47.2029   47.3209   49.1603   33.2111   90.0548   60.6796   89.2496   112.294   58.1207   106.7   34.8167   43.5967   114.502   45.807   72.0871   98.0366   102.574   97.4261   43.8029   70.6123   46.5707   74.9352   43.8806   96.0119   111.104   77.3877   89.0347   93.5672   70.4782   92.2623   
36.1248   34.7851   72.6705   88.6002   49.6488   19.105   59.4138   73.7564   37.4833   12.6491   59.0339   8.48528   26.2488   32.5576   64.0703   34.8281   8.06226   43.909   60.1664   64.0078   21.9317   70.4557   54.5894   74.6525   60.3738   0   32.0499   43.2354   71.7851   89.2383   66.1135   82.0317   75.7298   69.6588   65.8617   47.8271   49.1391   58.9595   51.5652   103.325   64.6588   61.1135   79.2116   60.5724   64.5159   48.4157   71.711   50.1948   58.3363   80.5733   77.0317   74.7347   60.9625   50.2225   64.3908   76.4835   99.7736   72.7963   80.5515   37.2354   
43.566   32.0156   80.6226   94.1754   58.9406   26.8328   69.4622   79.9312   32.249   5.38516   58.5491   16.7631   36.1386   39.4081   74.108   42.5206   4.24264   52.3927   69.8928   74   31.6228   69.029   63.1585   82.0975   55.6597   10.0499   0   44.6757   69.0156   85.9506   61.2966   77.3482   71.5281   66.7851   73.5895   40.4924   44.0285   68.1699   53.9857   110.054   61.7851   56.2966   89.1169   57.5393   72.2437   57.1638   81.0029   42   55.3032   77.1348   76.514   80.7809   50.7851   43.7099   74.0818   80.0538   101.801   82.8461   90.6014   47.2853   
33.9559   51.614   64.6607   86.9253   37.5366   22.561   40.05   71.1758   48.4665   31.4006   71.1688   19.8494   6.08276   33.1361   45.3982   18.2483   29.0689   36.3593   39.2173   46.0977   1   83.4865   45.4533   68.2422   78.0064   21.0238   30.6757   0   86.8403   93.7621   73.5235   88.7564   84.4605   86.2811   59.2769   61.5876   59.9762   38.0278   57.5347   101.353   83.2012   73.2433   59.8603   69.1202   67.1814   28.7047   59.4533   43.9258   69.6476   81.1517   91   74.451   77.4885   49.3019   43.4591   75.811   97.6046   71.8774   87.195   23   
49.679   23   72.5672   65.7343   70.4557   49.7393   94.1754   59   84.3445   60.0083   9.48683   52.811   73.4302   45.9674   95.4254   89.3197   52.1536   59.6406   102.825   93.0054   72.0139   14.3178   66.1891   69.5845   16.1245   57.0701   55.0091   71.5891   0   42.6083   29.1421   35.4018   31.0416   34.6619   79.0826   53.1152   88.6726   103.894   48.0096   85.5769   35.8661   30.3178   103.015   38.1609   57.1618   90.5966   89.7651   95.7281   35.9249   51   30.4018   58.9269   48.1661   94.3139   102.154   63.8539   70.8262   79.0875   49.3553   87.1891   
49.7695   41.5933   59.5399   45.0111   66.6108   57.3149   92.358   42.3792   102.786   76.6551   14.8661   64.0312   79.8311   48.0833   92.0054   98.0051   67.6831   56.6039   103.769   88.8651   79.9062   16   59.4643   55.0364   38.4838   70.4557   71.3092   79.7621   23.6008   0   49.632   33.6023   41.7648   53.8537   67.3613   75.4241   106.655   111.626   65   68.042   56.2884   53.1449   97.2032   52.0147   53.2377   95.1601   82.291   107.648   55.4683   38.105   35.2066   45.8904   68.6431   109.654   99.1175   51.2353   50.0143   63.0897   33.3576   88.8241   
35.609   16.4012   61.2046   59.5063   56.6039   36.2491   80.0562   50.01   77.1622   51.1957   13.0384   40.6079   59.9333   31.8277   81.4002   76.5376   42.4264   45.793   88.7299   79.0569   58.8727   25   52.9245   59.0085   27.2029   46.0109   45.8912   58.5235   14.1421   25.632   0   32.5049   26.1803   34.3961   63.4698   45.7805   82.3724   90.5604   36.4929   80.1911   36.025   27   88.8753   26.6023   41.5153   80.5206   75.9175   85.8822   25.8489   40.1661   36.0294   58.1361   43.4511   84.5867   84.3109   62.0135   69.6063   69.5412   51.1548   75.4193   
45.793   33.1059   61.0983   50.636   64.3817   51.1957   89.6437   45.5412   94.5569   68.6586   6.40312   57.0789   74.3303   43.382   89.8721   91.9837   59.8415   53.9073   100.17   86.977   73.9797   13.0384   58.258   57.28   31.3209   63.0714   63.3482   73.7564   15.6525   8.60233   17.4642   0   29.3246   43.2947   69.702   63.2447   99.077   105.507   53.9571   74.3166   51   36.5407   99.1821   40.632   50.7321   92.4652   84.0318   103.346   43.3131   39.3132   30.4031   52.2025   55.6431   102.002   96.421   51.6742   58.6166   67.8272   38.095   81.9117   
42.0119   26.8328   61.131   53.8516   61.6198   45.8803   86.3713   47.0106   88.2326   62.3699   3.60555   51.2445   69.2892   39.1152   87   86.5852   53.6004   50.9313   96.2601   84.2912   68.6804   15.8114   56.3028   57.8705   28.1603   57.0088   57.0701   68.4105   12.0416   14.7648   11.1803   6.32456   0   40.0868   64.1574   56.8123   92.1606   100.192   47.6732   73.5399   42.0599   38.1803   93.1343   34.3132   42.2029   87.4471   81.0558   94.9139   34.8806   44.025   27.6056   53.0156   53.8827   95.7606   93.445   57.9988   64.7791   64.6154   44.4196   81.6418   
54.5894   19.7231   81.4985   76.922   76.0263   50.9313   98.2293   69.2604   77.1622   54.7449   21.0238   51.6236   74.027   50.2494   100.17   88.193   48.0833   65.307   105.418   98.1122   71.8471   23.8537   73.0548   79.0569   7.2111   54.231   50.2195   71.2811   11.6619   35.2278   20.3961   27.2947   23.0868   0   81.8655   49.7343   85.6942   105.243   53.1561   96.6267   29   35.4642   107.297   38.6011   59.911   91.0067   95.4315   91.6577   43.9342   60.5622   41.0217   70.4639   43   90.2435   104.053   75.5158   81.3573   82.9242   61.0172   85.5846   
16.1555   53.0848   21.095   42.45   14.8661   32.7567   40.7185   26.6833   88.7299   63.8122   52.6972   43.2666   41.6293   20.8806   39.6611   60.407   55.4707   8.94427   53.8516   36.4005   44.7772   64.0312   7.2111   23.3452   73.0548   51.614   59.5399   45.2769   59.0339   52.4976   45.8803   51.0882   49.0918   66.0984   0   73.4891   96.5475   71.3173   48.0147   56.456   78.7611   67.7647   45   65.7545   41.9545   53   32.6205   87.3508   63.5184   49.5093   73.2405   36.4709   80.1347   85.9366   51.4579   33.0278   61.0122   36.2195   61.8469   63.2244   
41.5933   16.2788   77.7946   86.0523   61.0082   28.2843   76.844   73.2462   45.607   21.095   43.6807   22.8254   46.3249   36.6742   80.5233   56.8507   14.7648   52.2398   80.1311   79.6241   42.8019   53.3385   62.6498   78   39.2173   22.0227   16.4924   42.0119   39.1152   57.3847   31.7805   49.0408   42.72   33.7343   57.4891   0   55.8416   78.2442   40.0768   105.204   44.8617   45.5136   93.7218   42.4094   68.1022   63.2262   82.3643   56.4849   40.4899   71.9466   63.5395   81.6001   36.3848   56.9251   81.4057   80.3095   94.6087   78.0322   73.1378   57.5876   
63.7809   51.9711   100.21   115.745   76.0263   46.7547   80.7527   101.178   10.2956   16.6433   79.3095   36.1248   47.0744   60.1082   86.3134   43.9318   26.0768   71.2811   77.1038   87.0976   41.9762   88.955   81.8352   102.303   72.2496   27.6586   21.9545   41   74.6726   92.6553   67.0522   84.4808   78.1601   68   79.2023   35.6931   0   67.0278   75.7699   130.984   80.5549   78.0635   99.4808   74.9406   91.6003   69.7047   98.0886   34.442   76.1822   99.0893   98.4685   102.374   72.0779   33.0278   84.4352   101.888   123.755   100.455   106.947   62.72   
48.0937   70.214   71.5891   97.7446   43.4626   40.3113   33.6155   82   56.0803   46.5188   88.955   38.4187   16.7631   48.6621   39.9625   8.544   46.4004   46.6905   26.0768   42.2019   18.0278   101.39   53.1413   76.3217   96.6075   38.4187   47.1699   18.6011   89.8944   96.5401   76.5572   91.0934   86.0349   89.8721   55.3173   60.1415   51.3517   0   75.285   109.432   101.802   90.7252   59.65   87.0658   81.5579   44   65.5249   48.0151   84.8463   96.6777   106.698   87.0274   96.0527   51   43.2488   88.345   110.945   83.7182   99.7703   41.6011   
20.2485   19.105   52.9528   60.208   41.7852   18.9737   63.6003   47.1699   67.2309   40.3113   29.7321   25.0799   42.5441   15.6525   65.5134   59.6657   30.8869   31.3209   71.5052   63.5295   41.7612   42.1545   40.3113   52.4976   41.8808   32.0156   34.9857   41.4849   31.4006   39   17.4929   32.3883   26.9258   34.6699   34.0147   26.0768   56.9386   59.2368   0   76.1289   47.28   35.2476   72.6975   31.1245   43.0278   58.19   61.4454   70.109   33.3178   42.178   50.5261   52   44.1548   70.7026   72.0951   58.249   75.4709   52.8782   54   50.7351   
52.6308   77.8781   24   9.21954   50.6952   69.4262   72.0069   15   125.936   99.7246   62.2896   79.9812   80.9568   55.9017   68.1175   99.5389   90.6091   48.3011   87.0919   64.1249   84.119   68.1836   40.8044   18.1108   87.6926   88.459   94.8472   84.5991   71.5681   52.2398   63.8905   57.0351   59.5399   82.3772   39.3573   88.2043   115.974   93.9202   62.1289   0   98.4416   82.6222   78   86.9311   59.1022   91.1577   64.3982   124.032   85.3028   55.025   78.2984   49.249   104.464   125.294   89.0083   46   40.0278   52.5287   52.2215   96.404   
52.3927   15.6205   81.0987   78.4347   73.9256   47.4236   95.4149   69.8713   72.1734   49.8197   23.6008   47.4342   70.1783   47.8539   97.6166   83.863   43.3244   63.3246   102.069   95.7131   67.8012   28.178   71.5681   79.0253   10.8167   49.6588   45.3542   67.2012   14.8661   38.2884   20.025   30   25.0599   5   64.7611   28.8617   63   85.8021   32.2025   83.4326   0   37.1245   104.9   39.1555   60.1814   85.4213   93.4491   85.3467   39.8316   60.1911   45.2678   72.1507   28   85.4846   100.545   78.72   85.6923   85.0807   64.2214   81.482   
37.2156   11.6619   65.0308   64.405   58.5918   35.5106   81.2158   54.5711   73.0821   47.5184   16.2788   38.6005   59.1692   33.0151   82.9277   75.0267   39.0512   47.8539   89.1403   80.7775   57.6975   27.1662   55.6597   63.1269   24.5967   43.2897   42.2966   57.2713   14.3178   29.9666   5   21.5407   15.2315   17.4642   48.7647   27.5136   63.0635   75.591   17.6918   68.6222   16.1245   0   90.0627   28.1231   46.5153   75.8819   77.9785   82.6257   29   45.1661   40.2788   55.4833   36.3576   81.2115   88.632   66.1947   73.603   70.57   52.1321   68.4269   
37.5899   75.9605   35   65.3758   16.4012   46.5296   13.0384   51.4198   92.1141   72.6911   81.5659   54   37.6962   42.0476   9.84886   50.3289   67.0298   27.2029   28.2843   6.40312   42.72   93.3809   23.3238   41.0488   99.363   60.2993   70.1783   43.6578   86.8389   82.4621   72.9452   80.6102   77.9872   92.1792   30   74.8131   84.4808   42.4264   57.6975   59   89.8999   74.793   0   88.822   65.9313   56.1526   37.2315   85.4609   91.0142   79.0007   102.483   65.98   101.62   89.121   39.1232   61.5079   83.6899   51.6742   85.6396   57.9762   
36.2491   7.81025   66.0303   67.1193   57.7754   32.8024   79.6304   56.6127   68.9638   43.4166   20.3961   35.1141   56.3028   31.7648   81.6333   71.6938   35.0143   47.1699   86.977   79.6492   54.5894   31.0644   55.5428   64.4981   25.807   39.4588   38.2099   54.1202   17.72   34.0147   8.60233   25.632   19.3132   18.6011   48.8365   23.4094   58.9406   72.5603   16.1245   70.9366   16.1555   4.12311   73.7902   0   50.1176   74.3146   77.2944   77.0725   25.2361   48.7684   44.3311   59.2938   30.8114   77.1745   82.2495   69.7551   77.7261   68   56.2552   66.8597   
17.4642   34.9285   37   42.4264   34.6554   29.4109   60   29.1548   83.8153   57.0088   30.8058   38.9102   49.0408   17.0294   60.1415   68.0074   47.634   24.2074   71.1196   57.28   50.0899   42.45   29.1548   35.5106   51.6624   47.0106   51.8556   50.1597   37.1618   32.6497   24.5153   29.7321   27.2029   44.911   21.9545   44.1022   73.6003   65.3758   18.0278   44.1022   44.1814   28.0713   50.9313   29.0689   0   66.1126   54.332   83.0797   50.2843   39.1327   54.8058   33.0416   58.5533   84.5329   66.7211   35.3178   56.0555   48.095   42.025   65.1955   
29.1548   55.9017   54.9181   79.404   27.0185   24.0832   29.0689   63.6003   60.1664   42.0119   71.5542   26.4008   5.83095   30.0832   34.0588   23.4094   38.0789   28.1603   31.0644   34.5254   10.7703   84.0773   35.8469   59.0593   82.0366   30.4138   40.4475   11.7047   73.4983   78.1601   59.6825   73.1642   68.4471   75.0067   37   49.1935   52.6308   19   42.19   76.1577   71.4213   59.4054   31.9531   56.8507   46.5296   0   49.0808   53.5957   73.9142   78.0988   92.7162   69.6499   80.2028   59.0723   37.0294   70.0278   92.4147   65.188   85.1372   31.1803   
27.2947   66.2873   21.8403   51.0098   8.06226   40.6079   27.4591   36.4966   92.7847   70.2282   68.2422   50   40.3113   32.249   25.0799   56.8595   63.0635   16.1245   42.0476   21.4709   44.6878   79.6492   8.48528   27.2947   87.8465   57.5847   66.7608   45.4533   74.3034   67.9412   60.8358   66.7083   64.6375   80.7775   15.6205   68.0661   84.0773   50.1199   47.2969   45.3982   79.0569   63.3246   15.2315   62.9365   37.4433   34.6554   0   85.6129   79.1389   65.1298   85.6045   52.0914   91.3253   86.8774   41   48.6483   76.308   45.0868   64.8035   55.8808   
55.7584   56.5685   89.8053   109.417   63.4114   39.8121   64.0312   94.0319   23.3452   21.0238   82.0061   30.3645   31.7648   53.2353   69.9214   25.318   27.2947   60.8769   59.0085   71.1688   26.9258   93.1343   70.7248   92.8493   80.6536   23.1948   25   26.0768   79.404   93.6483   69.029   86.209   80.0999   75.1864   69.527   41.4849   18.6815   33.0151   55.109   108.227   70.342   66.0303   69.3542   62.0725   69.0797   37.5899   71.4003   0   78.3552   97.287   100.006   96.2535   75.7851   20.4142   69.3849   97.1612   118.652   95.801   103.746   49.0768   
34.5398   7.2111   65.123   67.2309   56.0803   30.6105   77.666   56.3028   67.3573   41.5933   22.2036   32.8938   54.0833   29.9666   79.7559   69.4622   33.0606   45.5412   84.8646   77.8267   52.3546   33.1361   54.1295   63.7887   27.8029   37.3363   36.3456   51.8845   19.9249   35.4683   9.84886   27.2029   20.8806   20.6155   47.5184   21.9317   57.28   70.3278   14.3178   70.7743   17.8885   6   72.0139   2.23607   28.2843   54.6717   61.4003   60.0333   0   50.0149   43.1725   56.8973   33.0475   75.2208   83.2193   63.6021   77.114   67.0408   55.6431   62.6476   
32.5576   39.4081   41.7852   35.3412   47.7074   43.566   73.5731   27   95.3834   68.4763   23.1948   52.2015   64.1249   32.0156   73.0068   83.006   59.0593   38.0132   85.4927   69.814   65.0077   32.2025   40.3609   38.0789   48.0416   59.808   63.1348   65.0308   32   19.105   24.1661   19.3132   20.025   42.4264   33.4215   52.4023   85.0882   80.5047   28.178   40.025   43.4166   29.0689   63.4114   31.9061   15.1327   61.6604   48.8365   82.5651   32.2025   0   47.1948   35.0384   62.7175   97.8243   79.3911   33.4929   46.3019   54.5631   24.831   78.0339   
48.6004   31.3209   65.7875   55.5788   67.897   52.4976   92.8493   50.4876   93.145   67.7422   4   57.5587   75.9605   45.793   93.3381   93.145   59.2115   57.28   102.903   90.5539   75.2861   9.21954   62.2013   62.0967   26.5707   63.0317   62.514   75   11.4018   12.2066   17.0294   5   6.7082   23.0217   55   47.5395   83.1986   92.6984   33.5261   62.0322   26.1725   20.2237   84.22   24.3311   33.3017   75.1532   70.6045   86.0058   26.1725   24.0416   0   53.4401   49.6699   101.372   99.7936   56.6742   61.5477   65.8845   40.0768   84.2604   
25.4951   45.8803   29.1204   30.4138   36.2491   40.2492   62.1691   17.4642   95.6033   68.884   35.4401   50.2494   57.4282   26.9258   61.0574   76.6551   59.5483   27.6586   74.9466   57.6888   59.2284   45.1774   28.0179   26.0768   59.2115   58.5235   63.7809   59.439   43.566   31.8904   33.1361   32.2025   32.0156   53.0094   21.4709   56.0357   85.4283   73.0274   30   32.249   53.1507   37.4833   51.3128   39.2938   12.0416   54.037   36.4005   80.0562   38.8973   13.0384   36.7696   0   70.1052   95.3941   70.1723   26.4721   49.5967   40.6205   34.4222   75.092   
49.0306   10.0499   81.3019   82.7345   70.342   40.8167   89.8944   72.4224   61.2046   39.0512   31.4006   38.8973   62.2896   44.1475   92.7038   74.6324   33.1059   60.208   95.2103   91.1811   59.4138   38.2753   69.4622   80.0625   20.8806   39.9625   34.7851   58.7282   24.1661   46.2277   23.3238   37.6431   31.8277   16   63.1269   18.3848   52   77.2334   29.1548   86.7295   11   18.3576   85.703   15.8114   44.5533   64.2028   76.2955   59.7746   16.2788   47.4131   34.6699   55.0818   0   75.2661   93.8974   78.0907   91.9606   82.0329   70.4897   71.4885   
57.1402   57.4282   91.2195   110.788   64.8151   41.1461   65.2534   95.4149   22.2036   21.5407   83.0241   31.6228   33.121   54.5894   71.1688   26.1725   28.1603   62.2896   60.0333   72.45   28.3019   94.0851   72.1388   94.2603   81.3204   24.3311   25.7099   27.4591   80.3057   94.7629   70.0643   87.2812   81.1542   75.9276   70.9366   42.2019   18.0278   34   56.2939   109.622   71.0634   67.0075   70.6824   63.0317   70.3847   38.9487   72.8011   1.41421   61.0082   83.8153   87.023   81.3941   60.4401   0   70.761   95.4923   120.066   97.1273   104.883   50.4591   
34.4093   68.7968   46.8402   75.2396   20   37.1214   12.3693   60.0083   76.5376   59   79.8123   42.2019   22.3607   37.5366   17.0294   33.9706   54.5894   27.5136   20.1246   17.72   27.4591   92.2009   30.0167   52.1728   94.0213   47.1699   57.2189   28.4429   83.4506   83.6481   69.3109   80.1561   76.4003   86.8332   34.3657   64.5136   69.4262   26.2488   52.4023   70.214   83.8153   70.0928   16.4012   68.2495   51   17.0294   25   53.4883   66.2193   65.3911   83.006   55.0818   77.8974   54.7814   0   67.3934   91.7681   64.5414   85.9503   48.0179   
24.6982   49.0408   24.7386   29.4109   32.8938   40.4969   58.6941   15   96.5401   70.0357   39.8497   50.8035   56.0892   26.9258   57.3062   75.3127   60.8112   25.0799   71.8401   53.8516   58.2409   49.6488   24.1868   22   63.3877   59.203   65.0538   58.5235   47.8539   36.2353   37.0135   36.6742   36.4005   57.0789   18.0278   58.3095   86.4523   71.2531   32.249   30   57.0351   41.1947   47.5079   42.7551   14.3178   52.345   32.45   80.1311   42.2019   17.4929   41.2311   4.47214   58.4637   81.4923   52.1728   0   52   27.3137   35.4391   71.811   
49.6488   66.0303   34.4819   10   55.1453   64.846   79.6241   15.8114   119.854   93.0054   46.5725   74.793   81.0247   51.4782   76.922   100.225   83.6002   49.2544   93.9042   73.0821   83.2406   51.0098   45.2769   28.3019   72.0347   83.006   87.8009   83.5225   56.0446   35.0143   50.6063   40.7922   44.2719   67.3573   41.0122   78.5175   109.622   95.8853   53.1507   18.0278   69.0797   55.5698   67.1863   58.5235   36.0555   77.1038   52.1728   104.652   58.8218   26.6271   45.7056   24.5967   73.9256   105.991   75.1066   25   0   52.3137   35.4709   94.7946   
22.6716   55.3263   16.1245   33.2415   23.1948   39.6989   48.3839   17.4642   96.2081   70.6045   50.1597   50.3289   50.6952   26.6271   46.5188   69.5701   61.8547   18.0278   62.1691   42.9418   53.6656   60.5392   13.6015   16.1245   72.5672   58.7963   66.0303   54.1202   57.5674   47.5079   45.5412   47.5079   46.6154   65.9242   9.21954   62.0322   86.4523   64.5368   36.8782   30.5287   65.2763   49.163   36.6742   50   21.095   46.1736   21.4709   77.801   49.0408   28.6007   51.8845   15.6205   65.192   79.2023   43.1045   11.3137   32.0156   0   46.7528   67.8774   
37.1214   44.8219   41.1825   30.6757   50.5371   49.0306   76.4788   24.5153   101.213   74.3034   26.0768   57.8705   69.0072   37.054   75.4718   88.0227   64.8845   41.4367   88.955   72.111   70.1142   33.2415   42.4382   36.7696   51.4782   65.5515   68.9638   70.1783   35.3553   18.3576   29.1548   21.095   23.3452   46.3249   35.8469   58.1378   90.9175   85.2115   34   36.2215   47.7598   34.1321   65.7343   37.2022   20.025   66.2722   50.8035   88.2326   37.6431   5.83095   26.0768   14.4222   52.4786   89.493   68.9493   18.4391   21.4709   29.7321   0   83.8648   
28.1603   46.8615   60.1415   81.4371   33.8378   16.7631   40.1995   65.7419   51   31.0161   65.4599   15.8114   7.81025   27.1662   45   24.1868   26.9258   31.4006   41.5933   45.1774   6.08276   77.8332   41.0122   63.4114   73.2462   19.2354   29.2746   6   66.1891   73.8241   52.9245   67.9117   62.6418   66.4003   40.2244   38.5876   42.72   23.7065   35.7351   79.404   62.482   51.8845   41.9762   48.8774   44.1814   11.1803   41.8808   29.7321   46.6476   59.0339   69.2604   53.6004   54.4885   31.1448   28.0179   52.811   77.7946   48.8774   64.195   0   
