15
50
999999 9 16 15 10 14 11 8 17 7 9 7 9 17 12 11 8 15 15 13 16 7 17 8 6 11 6 11 17 6 9 10 14 16 15 6 13 6 8 11 13 16 16 16 15 16 9 12 10 9 
0 3 11 12 5 11 3 5 9 6 5 1 7 1 6 2 7 9 8 9 1 5 11 6 5 9 3 3 10 2 8 3 5 11 12 4 11 1 2 8 4 10 11 13 4 14 7 5 2 4 
20
0   0   0   0   0   0   0   0   0   0   0   0   0   0   0   0   0   0   0   0   
-4   2   -1   -3   -1   1   0   -3   2   -1   0   -2   -2   -3   0   1   -4   -4   1   4   
-15   6   -5   -5   -6   6   -10   15   -4   6   -5   8   -6   6   -2   6   -5   -6   0   8   
-9   13   -3   11   -15   14   -9   13   -12   9   -11   3   -5   15   -12   12   -2   14   -10   14   
-4   1   1   3   -7   4   -5   -2   -6   8   -4   3   0   5   -2   5   3   6   -3   4   
-3   4   -9   4   -8   5   -8   8   -10   11   -7   6   -3   8   -9   9   -3   0   -10   8   
-6   2   -4   -4   -9   -3   -4   1   0   5   -2   5   -2   1   -6   8   -5   3   -5   4   
3   -6   6   -6   6   -5   0   -5   4   -3   4   -4   5   -4   4   -5   3   -4   5   -5   
14   -10   8   -6   4   -8   11   -9   5   -6   13   -4   13   -11   14   -5   2   -3   6   -10   
-5   5   -7   6   -3   2   -4   1   -1   5   -4   5   -3   2   -1   6   0   3   -3   2   
-6   4   -4   6   -4   7   -3   6   -4   9   -6   6   0   4   -5   9   0   6   -6   5   
-5   5   -3   3   -5   5   -6   4   -7   7   -6   6   -5   6   -6   2   -4   6   -6   6   
2   0   4   -4   5   -5   5   -3   2   -1   1   -7   -5   1   5   -7   3   -8   0   -6   
0   0   1   -10   0   0   0   0   -1   -9   0   -1   5   -6   0   0   7   -5   -6   -5   
1   -3   6   -5   6   1   5   -6   1   -6   11   -11   1   -4   9   -4   0   0   -7   -9   
-6   3   -7   6   -3   5   -3   5   -10   8   -3   3   -5   8   -5   2   -3   4   -2   4   
0   3   -5   5   -3   5   -3   3   -1   6   0   7   -5   5   -3   5   -4   2   0   1   
-12   10   -14   5   -3   13   -8   5   -1   7   -10   10   -12   6   -10   7   -8   14   -13   14   
6   -3   5   -11   5   -9   4   -11   3   -3   7   -9   8   -8   6   -9   10   -2   5   -8   
0   -12   6   -3   5   -10   -2   -13   9   -5   4   -12   0   -6   4   -9   3   -11   12   -5   
13   0   6   -1   11   -13   4   -14   13   -8   3   -1   7   -10   7   -9   6   -10   12   -11   
-2   1   0   2   -4   2   1   1   0   3   -2   2   0   0   -3   1   -1   2   0   -1   
1   -3   -4   0   1   -4   -4   -4   -2   7   4   4   4   3   -8   -4   -7   5   -6   7   
-5   5   -2   4   -3   3   -5   5   -4   4   -6   4   -2   6   -3   6   -1   2   -5   3   
0   2   -5   4   0   0   0   5   1   3   -1   2   0   5   0   5   0   2   0   2   
-9   6   -9   4   -5   11   -7   6   -11   8   -5   5   -2   6   -5   8   0   6   -9   7   
-2   2   -3   4   -1   1   -2   3   -4   6   -4   3   -4   4   -6   4   -3   4   -4   6   
4   -4   4   -1   6   -4   3   -2   1   -5   6   -10   4   -7   7   -7   -1   -4   8   -3   
-8   4   -7   8   5   13   -9   6   -12   6   -2   4   -7   11   -2   7   0   3   -11   5   
-4   2   -3   5   -4   5   -5   3   -4   5   -6   3   -2   4   -4   1   -4   4   -3   5   
0   0   -1   0   -2   3   -8   0   -1   -3   2   -1   2   -6   -1   3   -1   6   1   -2   
2   -3   7   0   0   -1   -1   -7   3   -2   2   1   -4   -1   0   -2   2   -7   1   -4   
-4   2   -12   5   -3   -1   -7   7   0   -1   -4   -2   0   4   -6   7   -5   4   0   2   
8   -4   2   -4   -7   6   -1   3   -1   1   3   -3   4   -3   7   -8   0   0   -2   2   
-5   0   -9   12   5   8   -8   6   -12   8   -3   0   3   2   -2   13   -4   10   -10   13   
3   -5   0   -1   2   0   3   -3   4   -1   2   -2   -2   -1   0   0   2   -1   4   -2   
8   -4   5   -6   3   -7   9   -5   5   -11   0   -3   6   -10   10   -8   4   -8   9   -9   
-2   -2   -1   2   0   0   -3   0   -1   0   0   1   0   2   0   2   -2   5   0   0   
-2   4   -1   -1   -4   6   -5   5   -4   2   -5   4   -5   3   -4   1   1   2   -2   3   
-2   0   4   0   -3   0   -1   1   -8   3   -1   2   0   -2   -4   0   -1   -4   0   0   
-1   0   0   0   0   -7   3   1   -4   1   0   1   0   -5   -1   8   4   3   -6   -7   
-9   12   -6   12   -5   9   -6   10   -7   5   -9   4   -4   7   0   10   -10   2   -9   12   
-10   7   -5   8   -1   -2   -5   10   -3   0   -7   1   -10   12   -2   0   -4   0   -3   5   
12   -6   6   -13   15   -10   10   3   5   2   11   -12   10   -11   11   -7   10   -3   8   -8   
-1   -3   -5   5   -8   1   -11   4   -7   13   -9   2   -14   -1   -4   11   -7   0   -9   2   
9   -4   1   -12   11   -11   9   1   1   -9   3   -13   6   -5   1   -6   2   -5   0   -7   
5   2   1   -5   1   0   0   1   -1   2   5   -1   3   -2   4   -9   3   -5   4   2   
-8   4   -6   8   -5   -3   -12   11   -10   7   -11   11   -10   12   -6   3   -6   9   -5   8   
2   -9   9   -9   2   -5   2   -4   0   -3   8   -2   0   -5   3   -4   5   -6   4   -2   
8   -4   3   0   6   -5   0   -6   5   -3   2   -5   2   -3   3   -4   4   -1   5   -6   
0   85.0574   41.1421   62.5465   52.9516   58.2123   64.0104   49.531   51.277   55.4537   52.1782   56.2616   71.0377   50.2284   38.1868   60.4626   44.1948   68.2897   50.8707   49.2853   60.9559   67.8516   55.0132   55.8654   59.7214   60.8121   63.8774   57.4475   55.9762   68.0377   68.2195   56.5576   58.9479   64.0106   76.0574   61.4603   56.8378   68.9073   66.3908   39.2354   61.6878   73.6308   73.5375   61.2199   30.1555   57.8938   79.0848   72.3924   81.6657   55.6293   
66.2193   0   72.9133   106.855   117.276   118.028   56.5242   76.4174   71.7371   120.889   90.2681   68.2947   93.1728   104.427   104.406   44.2094   67.6981   53.4605   114.527   85.0269   68.1603   41   121.232   95.6817   110.197   43.8444   103.772   107.15   119.216   95.406   107.901   101.954   124.383   102.977   25   120.777   120.739   40   112.272   80.0328   127.907   97.8131   108.093   126.655   95.591   96.8553   81.2939   111.336   31.7082   120.145   
14.1421   57.3847   0   54.6783   65.9674   61.513   52.0238   36   31   68   57.0366   52.2488   62.9231   51.2866   52.3289   48.0689   36.0554   54.8329   57.4166   32.1172   52.5106   60.3477   69.1553   63.1041   57.2139   44.0689   55.4849   53.0483   59.2769   63.4382   55.05   45.0483   73.09   60.7753   67.9902   75.6024   61.0119   64.8539   79.2456   34.6158   75.8299   60.1096   87.6797   75.3621   44.2976   45.1548   77.5674   80.888   67.225   69.7715   
42.45   91.6788   39.1152   0   44.8058   36.105   70.5011   51.7414   56.3724   77.4946   92.5412   57.7732   45.2655   39.4937   44.4795   80.846   55.0429   76.0873   67.0104   40.561   89.5111   88.4384   68.2966   97.8376   22.2426   78.7601   35.4142   28.7388   40   45.2947   22.4142   29.2956   80.6375   34   100.465   98.7585   49.6956   99.699   103.588   46.5576   73.5725   49.0483   115.987   74.0333   72.6055   35   115.037   109.691   100.406   92.9276   
38.9487   103.276   45.9674   30.8058   0   32.2127   90.6894   65.5242   69.6656   55.483   79.2013   78.7694   74.075   31.5242   38.7648   93.5423   67.3145   88.3589   42.8473   56.0789   90.2357   100.71   39.6716   89.0308   44.7924   90.0363   59.8154   45.2399   30.2066   73.1035   53.2201   42.0799   56.8987   57.5793   112.737   76.0931   31   107.856   91.6045   58.8292   41.8114   78.2162   96.4114   49.8277   65.1995   48.1496   102.459   92.1688   113.192   75.4243   
43.7379   103.228   46.5296   19.105   14.2127   0   89.6061   65.1215   69.7525   66.4035   88.4015   76.8782   63.7782   36.3191   39.3607   93.8551   67.6063   90.0659   51.0939   53.9411   99.0401   100.759   52.2022   92.635   35.0312   90.5984   47.0151   36.3178   24.2361   64.3997   38.025   42.8045   65.7397   53.105   113.047   87.2667   33.6011   111.384   100.082   65.6626   55.5296   68.1533   110.624   64.0403   73.8933   43.4722   114.13   99.8451   113.755   83.082   
48.0104   42.19   34.0147   54.4885   74.686   70   0   41.3294   37.7279   102.006   85.2757   27.7279   51.7567   81.2636   82.4372   36.1796   43.0799   23.8102   91.4313   59.7151   67.8823   31.5242   103.024   92.0592   73.034   35.6333   63.0106   74.8864   86.6348   52.7567   68.5619   72.733   106.958   67.1699   53.2415   108.392   95.0266   58.9659   106.849   56.0156   109.649   47.7567   119.021   109.23   78.1659   67.634   99.2765   111.144   61.0512   103.64   
29.5296   60.8358   16.9706   30.8869   49.2443   44.6878   25.5539   0   21   83.7314   74.0071   34.6015   44.9422   56.7049   55.6394   54.0147   35.7809   43.4951   72.0093   37.3455   69.4811   57.078   78.075   80.0746   51.7771   55.573   52.0179   51.9672   59.2041   41.9422   47.305   46.7706   86.5071   50.1662   74.8394   90.9899   64.1275   71.7315   95.9205   27.2956   80.8466   45.2074   103.067   84.0671   59.6851   41.6716   88.0068   97.8585   69.7136   85.159   
30.6757   55.9464   17   35.8469   53.6656   49.5782   21.0238   5   0   84.4774   72.4896   35   48.9422   53.5876   58.45   43.1548   24.2195   44.834   71.0789   31.8114   68.8539   52.548   78.3877   80.1041   56.7771   42.8927   53.8114   54.9543   64.2041   46.9422   52.305   49.7577   87.2531   51.5753   61.8853   92.136   67.264   68.3517   96.2456   28.0416   85.8466   44.9422   102.63   87.0071   60.8312   44.6586   86.6612   97.888   65.9215   86.305   
39.0512   100.648   53   63.4114   37.7359   51.4004   87.0057   66.0984   68.469   0   59.0512   93.4585   102.396   59.8219   51.4449   96.2527   79.9211   100.965   33.5563   75.5674   72.6003   106.396   36.8699   57.049   77.3704   92.3692   89.6059   72.8982   67.9425   99.46   81.7452   70.0833   21.6056   87.4219   115.109   36.3607   52.8024   103.586   52.0263   71.4358   49.5328   101.868   63.3106   30.2195   45.2982   71.8014   82.7343   51.7894   113.941   35.0263   
31.305   67.2681   41.0366   73.3894   62.2013   71.2531   68.4471   58   57.3847   39.0512   0   87.5666   100.241   74.6658   64.1889   76.1957   75.2701   85.4654   60.0444   73.1538   48.561   82.4685   63.2443   34.6158   91.0263   72.1957   95.1823   86.8802   84.4041   97.2406   91.1234   80.4393   60.6568   95.3156   81.1211   49.0832   71.2572   70.6952   42.7386   70.5403   76.8473   101.146   51.2488   62.4342   37.0227   80.0781   54.313   53.4279   80.8276   50.4008   
40.2616   52.6308   26.2488   41.7732   62.7694   57.4282   12.7279   13.6015   10   78.4092   65.215   0   43.074   61.5236   66.7695   48.9075   33.4642   36.5382   81.0671   38.6982   77.0094   44.2521   88.3877   89.3529   61.341   48.3612   48.9285   60.2956   72.3607   49.0868   56.8688   55.099   97.2342   51.8855   62.9659   101.316   77.264   66.1566   105.494   38.0227   92.4321   44.0868   105.4   97.0071   70.4171   50   89.7166   107.137   63.5077   95.891   
55.2268   78.7718   44.2041   30.2655   60.075   49.366   36.6742   27.4591   29.5466   87.3212   85.1469   27.074   0   63.1478   73.674   70.4169   53.7661   58.0476   88.0548   46.8058   93.3886   68.1984   95.7216   107.022   47.9   72.3075   31.7631   49.7524   64.4517   23   43.4279   53.6931   105.32   35.4391   85.8713   116.687   78.7437   93.2306   121.618   54.7547   93.6385   26   127.126   101.023   85.3823   48.5941   115.466   125.092   90.5817   110.856   
30.2655   90.4268   33.2866   18.6011   15.5242   13.6015   59.5399   34   38.5876   44.8219   58.8558   47.4236   45.5412   0   39.0322   81.3555   56.1838   73.6003   45.4109   40.5993   85.7972   89.2519   47.6956   78.3246   33.6143   77.3555   45.3847   29.1421   28.083   56.5863   35.8599   24.198   62.3743   47.1548   97.5464   79.4114   29.1327   98.1406   88.4707   47.6985   54.0167   62.0999   95.7775   60.5933   54.6431   33.0333   109.006   93.7717   100.512   77.0086   
24.1868   89.1067   32.2025   30.4795   14.7648   22.3607   63.2456   38.6394   42.45   33.0151   49.0408   52.1728   55.3624   12.0416   0   80.0978   53.87   74.9144   33.8885   42.0713   75.5847   87.2655   39.3607   66.8761   45.6559   76.2714   57.4263   41.1837   40.1246   68.6279   47.9015   36.2396   49.4819   58.3113   99.292   68.8744   26.8995   93.0941   76.8358   45.3847   40.4094   74.1415   84.5482   50.6757   41.1662   45.0749   95.5453   79.8065   99.4275   63.0435   
43.4626   26.8328   32.2025   64.846   77.9872   76.8375   19.6977   34.0147   29.1548   81.2527   55.109   27.0185   54.0093   64.3817   64.405   0   46.2488   32.3693   88.3236   59.763   50.7771   39.3693   98.4758   82.5859   83.422   26   74.8769   80.3759   90.9442   72.4544   81.1257   75.1793   102.41   78.904   33.2094   104.192   90.4194   42.5153   93.8311   49.7131   104.814   67.4544   104.096   104.683   73.6181   70.0803   72.0803   106.528   42.8403   99.0919   
23.1948   52.6972   9.05539   39.8497   52.2015   50.6063   25.0799   11.4018   9.21954   62.0081   48.2701   17.4642   38.4708   38.1838   39.3573   26.2488   0   47.5407   66.472   31.4642   57   56.604   78.1089   72.1594   59.781   50.8537   59.0512   55.6155   65.1083   53.344   58.7067   47.6155   82.1427   59.0429   59.4582   83.8928   66.2568   59.607   87.3442   26.4853   79.7667   52.9857   94.5185   84.4148   53.3503   49.4631   81.7414   89.9434   69.0891   78.8241   
43.2897   37.108   29.8329   56.0357   73.2462   70.0357   7.81025   25.4951   20.5183   82.2982   61.4654   15.5242   42.0476   58.6003   60.8358   12.3693   21.5407   0   87.2495   52.3297   61.1415   30.7279   94.0812   85.0797   74.7749   28.8924   64.4527   75.4725   84.6992   57.0526   70.3028   69.1561   101.475   67.4097   45.5787   101.715   87.7331   54.8846   104.204   48.0259   101.172   52.0526   110.77   102.51   73.4452   65.1769   83.4831   110.721   55.2096   95.8841   
30.8707   96.5194   43.4166   48.0104   22.8473   36.0555   76.9415   54.0093   57.0789   15.5563   43.3244   67.0671   73.0548   29.4109   17.8885   74.3236   51.9711   73.2462   0   59.9599   83.4123   98.7223   34.2111   71.46   61.8887   87.4855   74.4152   57.4166   53.0539   85.9972   65.2708   53.6089   30.6433   76.1998   106.928   51.917   38.4929   99.778   63.0521   63.2733   31.088   88.8401   73.3095   27.1529   50.0217   62.4442   86.5762   67.3457   110.642   50.5826   
24.8395   69.9714   17.1172   22.561   38.0789   33.9411   36.7151   11.1803   15.8114   57.5674   55.7584   24.6982   30.8058   22.8254   28.0713   43.2666   17.4642   36.1248   44.4072   0   69.6278   64.8365   67.432   80.2213   43.2488   58.704   41.3229   40.4012   49.8941   46.4253   40.3452   32.4012   73.9083   39.0868   76.476   86.1296   51.9582   77.0713   91.06   37.0499   68.4807   46.6531   98.2066   71.5602   54.8246   37   94.6846   97.2319   80.8939   80.4688   
33.9559   44.7214   35.5106   74.0608   72.2357   77.666   52.4976   50.3289   47.8539   58.6003   22.561   53.0094   77.3886   64.1327   57.5847   35.7771   39   44.8219   58.4123   52.6118   0   69.927   84.2993   54.0689   92.7244   56.249   90.9955   88.5589   89.932   92.2712   90.5605   80.5589   80.2013   91.6986   60.0114   71.6442   81.7083   53.1603   65.2997   65.4853   89.5003   91.9857   65.6807   84.9952   59.4683   80.6653   45.8254   73   63.3275   67.7032   
53.8516   27   41.2311   68.6003   85.703   82.7587   15.5242   38.2099   33.2415   92.3959   67.4685   27.2947   52.1728   71.218   72.9452   12.3693   33.6155   12.7279   84.4334   48.8365   47.927   0   106.809   88.9729   87.5028   30.2788   76.2232   87.5903   97.414   66.8867   83.0307   81.2309   112.8   79.1802   33   113.189   99.8447   52.9061   106.2   60.1008   113.151   63.2809   106.417   111.586   84.0071   77.2947   84.4496   118.897   50.7386   108.612   
38.0132   103.73   50.2892   51   22.6716   36.7696   83.5464   60.075   63.3877   15.8114   49.2443   73.3348   77.6209   32.6956   22.3607   81.4371   58.6941   80.0812   7.2111   50.04   65.2993   91.4166   0   69.7293   65.93   94.358   78.0803   61.8377   52.8781   89.2819   68.5555   56.8936   37.2906   79.8503   114.071   52.1721   37.6011   106.92   67.8377   65.6236   33   90.6877   79.122   30.2195   48.8329   65.7289   93.7873   67.6007   117.514   50.8377   
37.4433   73.6817   48.1041   78.7909   65.0308   75.1332   76.0592   65.0692   64.6607   37.5899   7.61577   72.6705   92.0217   63.3246   52.7731   62.5859   55.6058   69.0797   44.5533   62.2013   29.0689   74.9533   49.7293   0   95.4114   77.6941   101.321   92.4667   90.9932   104.856   95.8164   85.542   55.8167   100.392   88.7369   41.8537   78.873   72.8859   44.2627   76.1725   75.6413   108.214   36.105   64.183   44.6385   84.7711   51.4253   42.0907   88.4434   36.0227   
44.7214   95.7131   42.4264   4.24264   28.7924   16.0312   58.7282   34.9857   39.9625   63.0317   75.2861   46.0109   33.7343   18.4391   30.4795   68.884   43.6578   60.2163   47.5079   26.2488   77   72.8011   49.93   80.4114   0   82.8551   32.1172   28.4721   37.2627   49.5373   26.4721   33.5383   78.1512   38.2426   101.848   96.8352   46.3847   103.265   104.554   50.8003   60.5982   51.7851   113.418   74.6608   70.0364   33.3417   111.622   110.286   104.649   93.523   
39.8121   28.8444   29.0689   63.1585   75.0067   74.4043   21.6333   32.573   27.8927   77.3692   51.1957   27.1662   54.231   61.7171   61.2209   4   23.8537   13.8924   70.6824   41.1825   32.249   16.2788   77.8203   58.6941   67.1193   0   76.0167   79.4159   88.3458   68.037   79.8779   71.4692   96.9651   79.0517   37.2094   95.0569   88.0634   42.0208   93.9343   50.339   101.5   65.2494   94.7991   96.9329   68.1728   69.1202   75.0754   100.785   44.2594   93   
48.8774   87.2812   41.4849   14.0357   44.7214   33.0151   47.0106   28.0179   32.249   75.4718   80.1311   34.9285   16.7631   31.3847   42.5441   60.8769   39.0512   50.3289   60.4152   24.6982   76.9025   62.1691   64.0781   86.2844   17.1172   60.0167   0   36.105   53.0147   31.9284   34   40.4709   91.0585   28.2361   94.0863   107.144   60.5175   98.6583   115.268   48.9559   77.7154   40.3576   120.119   87.5682   79.0329   35.8045   115.04   118.076   97.7314   101.313   
40.4475   93.1504   38.833   5.09902   25.7099   14.3178   57.3149   32.8024   37.8021   58.8982   70.8802   44.5982   35.1283   14.1421   26.1725   66.3702   40.7185   58.258   43.4166   23.2594   73.0274   70.9366   46.1411   75.9605   4.47214   64.4127   19.105   0   38.5539   50.3937   27.5132   33   74.0599   39.099   99.5795   93.5535   43.2749   100.326   102.613   50.8938   65.0703   54.1474   107.941   70.5695   67.3387   32.2956   114.434   105.92   102.516   89.216   
41.9762   102.201   45.2769   20   12.2066   2.23607   69.6348   44.2041   49.0408   49.2037   69.1809   57.1402   50.1597   12.083   20.2237   75.9276   49.679   69.4262   33.8378   33.3017   75.9276   82.134   34.6554   72.9932   17.2627   73.4098   34.0147   15.0333   0   62.1699   39.0238   36.2811   64.4812   54   109.137   85.5643   35.4012   109.059   96.4114   59.7815   54.0179   69.0477   104.56   60.9908   61.3899   45.1163   114.666   100.03   112.502   83.2672   
53.0377   79.2465   42.4382   27.2947   57.0789   46.3897   37.3631   25.9422   28.4605   84.5813   83.2406   27.0185   3   42.5793   52.4976   54.037   37.1618   42.2966   70.2282   28.4253   76.1577   52.8867   74.7262   90.0278   30.8058   54.037   13.9284   32.1403   47.1699   0   46.4279   54.3993   100.872   35.5242   85.8867   113.554   71.7121   93.1751   118.485   53.2379   88.4431   22   125.632   97.1685   82.2495   49.7329   113.949   123.326   90.5262   108.667   
43.6807   92.1358   40.05   1.41421   32.0156   20.025   54.5619   31.305   36.2353   64.8151   74.6726   41.8688   29.4279   20   31.8904   65.307   40.5216   56.3028   49.4065   23.3452   75.1066   68.8186   52.3546   80.1124   4.47214   63.6946   13   6.32456   21.0238   26.4764   0   28.6619   80.0498   28.0454   98.1206   98.1679   49.1327   100.129   105.002   47.9719   65.0703   48.4764   114.266   75.4475   73.0566   36.4142   116.094   109.1   101.019   92.3369   
32.5576   86.2844   31.0483   10.2956   25.0799   17.8045   52.2015   26.9072   31.8277   54.0833   63.2456   39.6611   35.3553   10.198   21.095   59.6406   33.6155   52.3259   38.9487   16.4012   65.0308   65.0538   42.72   68.542   12.1655   57.4543   21.4709   8   17.4929   32.3883   11.6619   0   69.592   37.7195   92.85   89.4493   39.3308   93.2225   97.9309   44.9025   61.5044   52.0143   104.647   66.1016   62.2612   22.099   102.475   100.902   96.6208   84.1385   
42.19   104.216   56.0357   64.6375   37.8021   51.7397   90.05   68.7314   71.2531   3.60555   42.5206   81.2219   89.3197   46.0435   34.4819   84.6463   65.0077   85.4751   16.6433   59.9083   62.2013   95.7079   15.2643   40.8167   64.0312   80.7775   77.026   60   49.5782   86.539   66.0303   55.5698   0   91.0274   117.658   39.9662   52.8654   107.192   52.3776   75.0414   47.3843   101.92   63.6618   28.0711   48.9038   75.4069   85.5871   52.1406   117.547   35.3776   
47.0106   86.977   40.025   12   42.5793   31.0644   47.1699   27.1662   31.5753   73.2462   78.2943   34.8855   18.4391   29.1548   40.3113   60.4401   38   50.1597   58.1808   23.0868   75.505   62.1772   61.8466   84.3801   15.2971   59.439   2.23607   17.0294   32   15.5242   11.0454   19.2354   74.793   0   93.4606   108.471   58.2875   97.607   113.401   51.1919   75.8953   37.5242   120.485   85.3337   77.1661   35.6205   115.173   119.403   96.8797   102.64   
61.0574   9   50.9902   83.7257   96.9381   96.0469   33.2415   52.8394   47.8853   97.1442   66.1211   43.9659   69.8713   83.5464   83.0963   19.2094   45.4533   28.4605   91.7878   62.426   44.0114   18   98.9798   73.0068   87.818   21.9317   78.7718   85.44   95.1315   70.406   84.119   78.8162   100.658   78.5493   0   109.755   109.614   34.887   107.022   68.9073   122.745   80.5131   100.977   118.46   90.1045   89.2897   74.7298   112.626   23.4853   109.03   
47.4236   97.2934   61.0983   81.4678   59.0931   72.0694   93.3916   76.922   78   22.3607   30.0832   87.3155   101.514   63.4114   51.4004   83.0542   69.8928   87.2983   36.2491   70.7248   52.6308   95.1893   38.0789   24.5967   81.8352   79.0569   92.0217   77.4661   69.8355   99.0454   82.8794   71.4493   24.0208   89.8721   95.7549   0   72.6777   97.4826   36.8661   82.6461   67.3371   115.547   52   51.9912   47.305   92.424   74.0405   37   110.416   23.831   
33.8378   99.0051   42.0119   32.6956   6   18.6011   72.2357   47.1275   51.264   32.8024   56.2228   60.7289   60.6712   15.1327   9.89949   74.2024   48.8774   70.2353   17.4929   36.1386   66.7083   82.4924   18.6011   59.0339   31.3847   71.0634   46.1736   27.7308   16.4012   57.7062   34.0147   25.318   33.2415   43.9659   92.957   53.6656   0   102.745   80.5449   55.2842   40.0333   77.2326   90.8024   44.6458   50.2345   47.417   102.565   80.6098   109.237   63.8467   
53.9073   17   47.8539   85.44   92.4175   94.3663   43.9659   55.7315   51.3517   85.5862   50.6952   51.1566   78.2304   81.0062   77.801   24.5153   45.607   36.8782   82.9759   62.9365   28.1603   31.9061   90.1388   56.8859   89.1852   24.0208   83.6002   86.0349   93.0591   78.0577   86.1278   78.5493   89.1852   82.8734   19.2354   80.7775   87.6185   0   90.3348   67.1413   114.064   88.9308   89.1158   110.129   84.0328   93.0087   58.8497   98.9766   36.4018   92.844   
50.9902   90.2718   63.2456   89.5879   70.6045   82.6378   92.8493   80   80.1561   36.0139   24.7386   88.6848   106.217   72.4707   60.8358   79.8311   71.3442   86.0349   48.0521   75.6637   46.0109   92.1954   51.1566   17.2627   90.5539   75.9276   98.7168   86.093   80.4114   104.005   90.9725   79.3221   38.2099   96.6747   90.0222   14.8661   64.846   73.3348   0   90.2256   77.1269   120.586   26.7047   60.0999   61.7613   96.4002   53.8246   25.099   101.095   38.697   
19.2354   61.0328   7.61577   32.5576   43.8292   42.2019   32.0156   10.2956   12.0416   56.4358   48.2701   22.0227   36.8782   29.6985   31.3847   34.7131   8.48528   29.5296   45.1774   10.0499   42.9535   41.8808   51.6236   55.1725   36.1386   32.2025   33.9559   32.8938   41.2311   35   33.3766   25.4951   59.2115   32.5576   53.9073   66.6408   40.7063   53.1413   69.814   0   71.7941   47.9411   91.2774   72.3304   49.3412   47.0499   85.146   88.5037   74.2268   74.8647   
44.6878   110.887   55.0727   46.5725   15.8114   29.5296   86.6487   61.8466   65.8027   27.4591   60.407   75.4321   75.4255   30.0167   23.4094   87.1321   62.6498   84.1724   17.088   50.9902   74.8866   96.1509   12   61.3922   44.5982   83.7616   60.4152   41.4849   27.7308   72.4431   47.8017   40.1123   26.2488   58.2495   105.437   49.8197   15.0333   98.2904   63.1269   54.7814   0   89.1066   89.4579   41.3132   59.8246   62.0444   103.664   77.9366   122.298   61.1736   
52.6308   74.8131   41.1096   31.0483   60.0083   50.01   32.7567   24.2074   25.9422   85.7963   82.134   23.0868   4   45.0999   54.3415   50.01   34.9857   38.0526   71.8401   28.6531   73.7902   48.2701   76.6877   89.1067   34.7851   50.2494   18.3576   35.6931   50.636   5   30.3645   35.0143   87.9204   19.6977   65.9242   99.3227   60.208   74.2428   103.586   33.9411   75.1066   0   125.212   98.993   82.7863   52.5941   112.214   120.827   85.1758   108.26   
56.4004   86.093   67.1789   97.0618   80.4114   91.7606   94.0213   84.1487   83.6301   47.2652   26.2488   91.4002   111.126   80.7775   69.5701   79.1202   74.5185   86.7698   58.3095   81.2158   43.6807   91.4166   62   19.105   98.4124   75.3923   105.119   93.9415   89.56   109.124   98.4124   86.7698   49.6488   103.175   86.977   26.5707   74.5252   69.1158   11.7047   74.2765   74   108.208   0   71.8046   59.382   103.876   49.0156   36.8037   105.306   50.2843   
42.45   106.55   55.7315   60.0333   31.8277   45.9674   89.56   67.0671   70.0071   9.21954   47.4342   80.0062   86.0233   41.5933   30.6757   85.703   64.4981   85.5102   13.1529   57.5587   65.8559   96.3016   9.21954   46.5188   59.0762   81.9329   72.9178   55.2268   43.8634   83.1685   61.4003   51.4782   7.07107   70.6824   102.46   31.0644   27.8029   92.0869   45.0999   58.0345   19.3132   84.8999   56.4358   0   45.0644   73.5772   91.9539   59.0454   114.85   42.4486   
16.1555   75.591   30.0832   53.7122   40.1995   49.4975   63.3877   45.618   46.8188   25.2982   22.0227   56.3205   70.6045   37.6431   27.1662   56.0892   39.0512   58.0086   23.0217   39.8246   35.4683   67.4759   29.8329   25.7099   55.0364   52.1728   62.482   50.5668   47.3814   68.2495   55.0727   43.4166   28.7924   60.4401   71.8679   31.305   34.2345   61.0328   36.2353   35.3412   39.8246   68.2422   43.382   31.0644   0   65.5156   67.5077   57.8973   95.3532   49.4951   
32.8938   82.8553   29.1548   10   30.1496   22.4722   47.634   22.6716   27.6586   57.8014   64.0781   35   30.5941   15.0333   25.0799   56.0803   30.4631   48.1664   42.9535   13   64.0703   60.8769   47.1275   69.7711   13.3417   54.1202   17.8045   10.2956   22.3607   27.6586   11.0454   5.09902   59.4811   15.6205   75.1665   74.2765   30.1496   75.8947   81.4002   22.8035   45.0444   30.0666   88.3233   55.7136   45.2217   0   106.722   98.7377   92.3851   88.1233   
53.0848   56.2939   57.5674   95.0368   88.459   96.1301   74.2765   73.0068   70.6612   65.7343   27.313   75.7166   100.18   83.006   74.5453   56.0803   61.7414   66.4831   70.5762   74.4648   22.8254   67.424   76.5572   28.4253   97.6217   53.0754   99.0404   93.4345   94.1913   98.8989   96.1769   85.4751   69.0652   97.5295   58.8727   51.8556   82.5651   39.8497   39.8246   65.146   87.6641   96.6023   32.0156   74.4312   48.5077   85.1587   0   64.9236   70.2445   64.4481   
54.2033   95.3362   66.888   91.6079   71.1688   83.672   97.1442   83.4865   83.863   35.2278   29.4279   92.5905   109.343   74.0945   62.2656   84.5281   75.1798   90.4434   48.3839   78.6448   51   96.8814   50.8035   22.0907   92.358   80.604   101.237   87.9204   81.4371   107.056   93.0054   81.4002   37.0135   99.1564   95.0053   13   65.5515   78.4092   5.09902   73.2393   62.6498   106.827   15   44.0454   38.8973   83.7377   44.7214   0   106.194   36.831   
59.6657   6.7082   51.225   86.406   97   97.3499   39.0512   55.7136   50.9215   93.9415   60.8276   48.5077   75.1665   84.4038   82.7345   21.8403   47.0106   33.1361   89.8721   64.4127   38.3275   24.7386   97.0824   67.3647   90.377   23.2594   82.7103   87.6584   96.2601   75.4255   86.9253   80.6226   97.509   82.28   8.48528   90.802   92.6337   11.4018   84.0952   55.2268   104.35   71.1758   80.3057   99.8499   68.884   77.3692   51.2445   89.1403   0   103.387   
41.6293   93.145   55.3624   75.9276   54.4243   67.082   87.8635   71.1126   72.2357   19.0263   26.4008   81.5966   95.6922   58.0086   46.0435   78   64.195   81.8841   31.6228   64.8999   48.7032   90.05   34.2345   22.0227   76.4003   74   86.3134   72.0069   64.846   93.2309   77.3369   65.8559   21.3776   84.1724   91.2414   5.83095   48.8467   76.844   17   60.8358   46.1736   93.4933   28.2843   28.1603   25.4951   68.593   50.2096   16.7631   86.5852   0   
