15
60
999999 11 9 9 12 15 5 17 5 10 17 17 11 8 15 7 7 7 15 10 16 7 15 5 11 10 15 7 14 6 8 6 12 6 14 6 10 15 7 8 13 9 10 17 5 16 8 10 13 10 12 14 17 10 15 16 13 13 6 14 
0 4 8 6 7 7 2 8 3 7 4 12 7 2 14 5 6 1 4 4 12 1 11 4 5 2 6 2 10 3 4 4 3 5 13 5 2 3 5 5 6 3 1 7 2 1 2 4 6 4 6 11 1 2 1 7 3 5 3 5 
20
0   0   0   0   0   0   0   0   0   0   0   0   0   0   0   0   0   0   0   0   
-1   0   -3   3   4   -2   2   1   0   -3   0   3   2   -2   -2   2   5   2   2   2   
-7   9   -6   0   1   0   -6   3   -4   0   0   7   -9   6   -1   0   -3   6   -6   6   
0   0   0   2   -4   -1   -3   1   -4   0   1   -1   -1   3   0   4   0   6   -2   4   
-2   6   -9   8   -7   5   -2   10   -6   4   -3   -2   -6   4   -5   2   -3   8   -4   1   
-2   5   -9   7   -9   5   -8   14   -12   12   1   3   -6   5   -4   4   -13   7   -4   6   
0   0   1   0   1   0   -1   0   0   0   0   -1   0   0   1   0   0   -1   0   0   
0   15   -9   7   -8   11   -10   0   -10   5   -12   8   0   15   -15   3   -6   11   -10   5   
1   0   1   0   1   0   0   -2   0   0   2   0   1   0   1   0   1   -3   2   0   
-2   10   -1   3   0   4   1   6   -7   2   -3   7   -3   6   -5   6   -7   1   -10   7   
3   3   6   5   8   -2   5   -8   -1   -6   0   1   1   -2   4   2   4   0   5   6   
6   0   -7   0   1   8   2   7   0   3   -3   0   -10   5   -3   7   -1   1   -4   1   
7   -7   9   -4   7   -3   10   -9   6   -6   9   -6   3   -4   10   -5   6   -7   6   -8   
4   -2   2   -3   0   1   0   -5   0   0   0   -2   4   -1   0   0   1   0   3   -4   
-12   9   -12   -3   -5   7   -5   6   -1   1   -10   10   2   7   -10   13   -8   7   -11   9   
-6   0   0   5   -2   6   -2   3   -6   5   -4   0   -6   2   -3   2   -2   5   -4   1   
-1   -1   3   0   0   -2   4   -2   0   -1   -1   0   2   0   2   -4   -1   -2   2   1   
2   -1   2   -4   2   0   6   0   2   -1   3   0   0   -1   0   -3   1   0   2   -2   
4   -10   1   -12   5   -8   15   -12   7   2   7   -12   5   -11   3   -8   5   -5   5   0   
4   -2   6   -6   4   2   3   0   7   -3   2   -7   8   0   5   -3   -2   -2   3   0   
-12   4   2   3   -1   10   0   2   -14   4   -11   8   -12   5   -1   10   -12   11   -3   1   
-5   6   -4   7   -4   4   -7   2   -5   4   -5   1   -6   2   -4   5   -6   6   -3   0   
-5   7   -10   11   0   0   0   0   -3   6   2   6   -1   1   -6   1   -6   6   0   0   
1   0   3   -2   1   -4   2   -1   1   -1   3   -2   1   -3   1   -3   2   -1   2   -1   
2   -9   5   -5   8   -11   7   -4   0   -8   11   -2   6   -6   4   -6   6   -6   5   -2   
-5   0   -8   5   -8   9   2   5   -6   1   2   9   -6   4   -6   4   -5   5   -6   1   
-6   -2   -5   4   -6   1   -14   3   -4   12   -2   4   -5   4   -8   12   -7   0   -4   6   
-6   3   -4   3   1   0   0   5   -3   5   0   4   -3   2   -6   1   -7   0   -4   1   
-13   8   -7   3   -6   12   -9   9   -4   5   -14   11   -6   7   -8   11   -14   11   -12   8   
2   -3   4   -3   3   -3   0   -2   1   0   1   1   3   0   2   -2   3   3   3   2   
-5   4   -4   8   -5   3   -3   5   -5   5   -5   5   -6   3   -5   5   -6   7   -8   4   
0   -4   2   -4   4   0   0   0   2   -3   -1   -1   4   -1   2   -1   4   -3   2   -1   
3   8   -1   4   -6   2   -4   10   -9   1   -6   6   -2   5   -2   2   -4   6   -2   9   
-4   5   -4   2   -3   4   -3   4   -5   5   -3   6   -4   3   -4   3   -6   2   -4   5   
-2   8   -1   2   -5   9   -8   2   -6   4   -12   7   -9   0   -8   6   -4   10   1   5   
-4   5   -3   4   -3   2   -4   5   -4   1   -2   3   -2   3   -4   5   -2   2   -1   6   
5   2   -4   4   0   8   -5   9   -2   -1   -5   -2   -6   1   -1   1   0   1   2   -2   
5   -4   8   -9   -4   -9   1   -10   1   1   -5   -2   10   -10   3   -5   9   -6   6   -1   
1   0   2   0   0   0   0   0   0   -1   0   0   1   -2   0   0   -2   1   2   -3   
5   -5   5   -5   1   -5   2   -5   2   -4   4   -4   3   -5   3   0   8   -5   4   -4   
-2   3   -3   10   -8   8   -7   7   -11   11   -11   8   -4   11   -5   13   5   3   -5   0   
2   -5   0   -2   0   -8   7   -5   3   0   2   -8   0   -5   2   -7   5   0   5   0   
-1   5   -5   1   -2   0   -4   0   -1   0   -4   1   -6   0   1   3   -4   4   -7   5   
-8   3   -15   5   -9   10   3   3   -1   12   -5   11   -8   14   -9   5   -6   0   -6   10   
1   -1   4   -1   1   -1   1   -2   1   -2   2   -2   1   0   0   -3   3   -2   0   -4   
-7   1   2   -1   -10   6   -1   9   -9   7   -2   -5   -4   2   -3   0   -3   6   -4   -1   
-8   3   -4   6   -5   6   -4   6   -4   4   -6   4   -2   5   -4   7   -8   7   -4   5   
0   -4   3   -5   1   -1   -3   -1   0   0   5   -2   9   1   1   0   0   0   0   -4   
-8   4   -8   11   -8   3   -9   0   -3   -6   -8   6   -4   1   -7   7   0   4   -3   5   
-3   6   -4   2   -8   6   -6   2   -9   6   -4   4   -7   5   0   8   -6   5   -1   8   
5   2   7   0   5   0   9   -1   3   -6   -1   2   7   -5   6   -6   12   -4   2   -5   
-1   0   -6   5   -3   0   1   3   -5   6   -7   3   -5   8   -10   2   -6   4   -3   6   
9   -9   6   -10   1   -8   10   -5   13   -10   8   -13   4   -10   -4   -12   6   -3   0   0   
0   2   5   6   -6   2   0   4   -10   3   -8   1   -1   0   0   0   0   -1   0   6   
-1   2   -4   8   -7   9   5   10   2   7   0   6   -6   6   -12   6   -14   6   7   2   
2   5   1   0   -1   4   -13   7   -13   2   0   -3   -4   0   -14   -1   -8   3   -4   0   
4   5   -6   8   -6   5   -1   6   -3   4   -1   2   -5   0   -6   4   -1   2   -1   9   
-11   12   -7   3   -10   4   -9   9   -13   4   -11   7   0   8   -13   13   -4   6   -5   2   
0   1   0   3   -3   1   -2   4   -5   0   -2   0   -2   6   -3   3   -2   2   0   4   
7   -6   10   -9   8   -9   11   -4   10   -9   6   -10   3   -12   9   -14   9   -10   11   -7   
0   83.3651   63.3964   40.7386   41.1672   48.9531   55.1248   59.8912   56.6431   70.8987   34.4391   30.0623   78.285   76.2701   39.5265   65.0041   63.2099   64   57.72   69.4859   45.9317   55   46.0689   71.2597   66.0932   53.4161   47.2435   58.6079   65.2695   67.0454   36.9283   57.9649   56.6989   65.2019   47.5574   56   57.6079   68.6378   52.6757   63.1719   64.7293   71.2558   56.4279   58.0789   54.2156   62.2701   76.0737   83.6259   63.8774   43.1204   59.05   35.0278   64   22.0623   60.541   45.0713   56.05   42.868   67.4004   51.318   
68.593   0   92.3779   63.93   94.8136   81.6418   68.1129   116.023   91.1893   79.2647   101.332   98.2694   146.878   42.2483   108.12   133.366   46.4138   124.195   90.906   138.079   79.2286   117.271   79.7875   48.7836   50.4113   120.506   114.333   56.683   58.0122   48.639   105.521   123.724   97.0185   42.4591   116.15   59.2   57.5447   47.249   81.8682   127.24   59.0143   93.5242   87.0789   87.6348   72.607   40.095   106.023   34.0499   116.877   110.21   71.2701   103.621   132.593   90.6553   60.0789   111.81   70.676   93.9466   103.306   77.5371   
49.3964   75.2396   0   77.6643   88.0694   38.0297   48.6142   55.6241   29.1529   106.908   66.0195   70.0929   102.027   78.4788   75.7981   102.023   71.9969   65.3067   25.7082   101.462   85.0304   59.2719   40.8582   82.6864   93.3324   75.4313   71.109   90.3757   57.3657   64.6847   81.0167   99.1587   103.814   76.3618   91.8354   53.6394   90.9754   93.131   36.6155   112.568   96.2799   116.938   99.7946   33.4018   91.2075   76.2189   125.47   87.1502   39.3452   70.04   50.4429   64.7379   111.708   71.4586   78.1691   64.2035   49.0713   87.2642   21.099   58.4819   
24.7386   48.8774   61.6117   0   44.8869   61.3976   54.6197   84.6298   73.8705   43.7321   59.1741   54.2753   101.533   63.7805   63.3322   87.3749   41.3961   88.5955   74.741   93.8375   30.5242   79.6021   62.6156   49.4008   40.5165   77.8905   71.9741   33.0312   63.0338   54.0179   61.667   82.7035   55.0555   44.4709   72.296   50.3847   32.0312   40.2594   60.1464   76.5063   47.3656   53.4838   38.9737   69.9378   33.1529   49.7805   76.5371   66.5412   87.6804   67.8591   57.7518   57.5793   87.0303   46.8009   37.8167   69.6118   60.719   49.0768   82.7107   45.5862   
22.8473   79.7559   72.0694   30.8869   0   71.8004   74.3163   77.7738   74.9083   53.3553   49.9471   43.2389   78.7461   91.2861   54.162   56.0678   68.1815   78.3823   79.3682   67.6985   32.2788   71.3104   68.9162   75.7315   65.2646   60.6905   66.3404   57.5366   85.6316   78.7614   48.3311   43.6985   37.2354   73.7499   43.632   76.0772   56.7793   66.9589   70.4883   45.7924   66.7397   52.0156   42.8473   80.9262   52.5366   79.0322   60.0476   97.4281   85.6804   62.2173   75.4365   54.6006   50.4683   43.105   63.6773   67.5933   78.4037   27.099   90.2477   63.2709   
31.9531   62.6418   19.2094   42.4382   54.7814   0   30.2315   57.7255   30.0384   86.1703   48.7131   53.4697   94.9506   60.9574   61.5617   91.1183   53.2046   64.7253   32.179   90.2168   65.8291   55.7253   21.6569   67.4542   75.6551   67.3442   61.3232   70.5428   42.4267   50.7909   63.6852   88.4424   85.4911   61.5957   76.6257   40.2177   72.0402   73.9297   17.4142   92.6384   77.7685   92.4172   72.6941   34.544   72.6962   57.5793   106.139   67.4883   48.4006   59.6293   30.7648   57.7805   95.9531   54.0153   59.6578   58.2353   42.4012   74.5668   40.3084   35.8114   
36.1248   47.5395   29.6142   36.6197   57.3149   15.2315   0   69.0761   42.7648   80.3518   62.7207   63.5412   108.27   49.7648   72.9123   101.129   41.9258   77.3652   42   104.376   65.1041   70.4901   33.0075   54.1758   65.5523   77.2535   72.6738   63.9527   35.0761   36.1007   73.0531   94.0897   83.8928   49.2215   83.6821   25.0554   65.0106   64.5188   28.7648   99.2967   70.5371   90.1034   75.5933   40.2036   63.6905   45.0179   107.954   61.2753   63.6322   72.8238   23.4142   62.5441   100.125   58.187   59.9021   73.4669   27.1231   71.469   50.7132   32.0454   
45.8912   101.769   38.0789   69.0652   61.7738   39.9625   55.0727   0   46   106.446   44.4465   51.0115   67.8608   100.92   48.6707   71.9396   89.5669   25.8489   60.8281   69.4857   81.4463   27.2956   57.2353   101.602   109.227   46.4094   42.3107   102.096   81.5223   86.5699   54.0979   77.3298   95.0761   95.5461   65.1192   78.3523   101.096   107.522   57.3767   87.587   110.62   107.413   93.1042   60.3836   99.5248   95.0927   117.879   107.451   39.2788   40.2485   70.7273   44.2983   82.3317   58.7638   93.4029   34.2485   72.3028   79.4152   54.9285   65.5461   
37.6431   75.4321   13.1529   53.2259   59.9083   13.0384   27.8927   29   0   96.9581   49.541   58.9473   88.9466   73.9958   62.6792   90.4312   66.243   54.8489   33.4031   86.0069   76.1378   49.121   29.4018   79.617   88.6935   60.9659   56.3193   83.5812   54.7151   61.5419   65.8722   89.0518   94.3419   74.6341   76.6825   50.4966   85.0786   86.9681   30.4526   100.362   90.8069   104.524   84.8012   28.4031   80.9242   70.6177   113.717   80.5267   41.4391   53.2156   43.8032   50.5941   96.3403   59.7053   72.6962   48.257   46.2312   80.511   34.252   47.2843   
46.8188   64.195   90.9065   29.7321   35.3553   71.7008   66.2193   92.4446   81.5414   0   77.1543   70.8365   111.741   82.2628   80.3007   88.1107   59.9644   108.378   103.065   99.7414   42   99.5107   88.9449   57.3311   46.1413   96.0458   90.9078   38.3311   88.8571   70.2513   76.0085   75.7414   45.8035   57.2019   76.6383   76.208   38.3452   49.5172   88.8402   79.0681   45.2746   37.6015   31.5602   99.67   40.1896   72.5711   37.1948   85.192   110.696   86.8573   85.624   78.068   84.242   62.8365   56.0147   91.8901   84   52   108.202   75.3184   
18.4391   84.8116   46.6905   43.1741   31.9061   34.7131   45.1774   29.9666   33.541   63.1506   0   21.7082   63.4149   89.6614   26.198   59.4367   72.9181   47.2425   60.3363   59.6988   57.401   38.3607   48.4138   87.405   83.2607   35.066   28.8934   76.2053   75.2451   73.9017   39.2788   53.4708   69.1415   81.1378   43.1725   69.8615   75.2053   80.0984   52.1273   64.1699   83.1684   82.5113   67.6835   57.0147   72.6547   78.8905   90.8241   92.8332   56.6119   24.7703   65.4779   23   69.1814   33.3178   75.6236   26.198   72.3005   56.4631   63.8402   60.4005   
13.8924   82.134   50.9608   38.2753   25.2389   37.0135   45.5412   36.6742   37.9473   56.7186   6.7082   0   66.8408   87.2011   31.2713   54.8512   68.8556   53.9507   58.3847   58.09   51.0832   45.0689   52.0151   82.6058   78.3514   41.7742   35.6016   71.3065   73.2603   69.9073   25.4403   56.5641   62.4742   76.679   44.1948   65.3735   70.3065   78.4654   54.4277   56.45   78.6217   76.1935   58.2966   63.7229   67.2195   76.1625   85.2865   97.5183   60.8634   31.4785   67.0408   29.7082   56.0488   27   73.4131   32.9062   64.0408   48.7697   68.6236   61.7771   
63.7809   132.322   86.8332   86.5332   60.7454   80.9506   93.1933   51.0882   74.9466   95.6033   48.4149   50.2096   0   136.885   60.598   45.1868   118.96   60.0119   97.5672   36   93.0242   57.7551   90.608   128.826   124.208   54.0161   57.5693   116.649   119.18   119.514   61.4005   51   96.1141   122.902   55.1141   112.174   115.722   126.071   94.5922   67.5254   125.862   109.955   103.593   94.4114   111.649   126.051   110.047   141.248   86.2681   53.4462   111.715   71.4149   54.5254   73.2228   121.453   65.7214   114.25   84.561   106.017   108.815   
59.6825   18.2483   57.7062   45.5412   75.2861   46.9574   31.7648   86.8332   59.2368   68.2495   73.6614   72.2011   122.025   0   99.209   124.687   40.4018   109.13   70.239   129.168   76.0654   102.255   64.7722   42.4536   55.8584   108.727   102.555   58.9318   37.3452   37.544   96.6108   117.647   96.1863   41.1725   107.24   40.8395   60.3209   52.6962   60.5296   119.824   58.4109   95.6108   78.0102   69.1413   62.541   29   105.444   27.2462   94.5027   98.4317   51.0161   93.6341   123.682   81.7448   55.0139   95.3095   48.0161   92.214   78.8052   62.4833   
24.4131   92.7631   56.3205   48.3322   29.8329   44.911   55.0364   33.9706   43.1856   64.0312   10.198   10.6301   39.598   82.6196   0   47.257   79.4857   47.2354   65.4893   57.9498   57.3113   40.0416   54.6079   92.5579   86.7164   34.4031   28   78.9062   82.7423   78.4438   28.831   46.1324   67.0683   86.2907   33.7631   75.0144   80.3634   88.5916   59.2013   60.9487   89.1424   78.8466   68.9267   62.1676   77.8497   86.6832   89.8805   103.031   61.836   34.9684   71.0948   28.1529   52.5254   37.6301   82.8014   31.4222   74.3095   56.9319   74.0382   69.793   
51   118.229   87.023   70.0357   40.8044   76.1183   85.3815   57.9396   74   73.9256   41.4367   39.8497   24.1868   110.639   31.257   0   103.097   70.2316   96.0062   32.3693   70.8507   61.7598   85.8649   111.701   106.069   52.5398   59.257   98.3411   112.855   106.924   45.4929   28.3693   66.2015   106.154   32.4929   102.727   97.5837   107.763   90.4583   38.1948   107.544   87.6854   83.6517   93.4246   93.3411   113.27   92.1007   134.159   91.0625   55.2156   102.352   59.4099   30.4403   66.8497   101.722   62.6792   103.891   67.9034   102.284   101.05   
38.2099   30.4138   56.3205   20.3961   50.6952   39.2046   26.9258   74.9533   52.0865   44.9444   54.9181   51.8556   101.98   25.1794   62.482   88.0057   0   97.2712   68.5184   107.696   50.9203   93.2099   59.9333   28.0416   39.8537   89.9841   83.8116   36.6333   48.0067   29.434   75.1383   94.3937   72.4917   23.0828   85.7673   35.3576   36.4722   42.0964   55.6906   96.4796   37.8537   71.2939   54.0526   63.5184   38.7697   34.4018   81.72   43.4951   85.0071   79.6885   50.34   73.2377   100.088   60.2722   29.1803   81.1162   54.0489   69.4729   77.4195   44.0208   
49   109.124   47.8853   73.2462   61.6847   48.4149   63.2456   9.84886   38.2884   94.3663   31.257   37.6563   42.0119   94.8736   32.2025   51.4782   81.2712   0   65.8121   61.9659   86.5845   26   62.4072   109.313   113.763   36.6918   43.2354   106.277   88.0563   95.6241   61.0334   78.3349   95.7775   103.683   65.9655   85.4039   105.277   111.355   62.6004   88.4054   111.867   111.049   95.9529   66.6915   103.216   104.942   121.732   115.903   49.1277   45.4722   77.0079   52.0161   75.4054   64.5748   102.535   42.095   81.8151   81.131   62.7772   75.395   
42.72   72.9932   6.7082   55.7584   65.3682   13.4164   26   34.8281   7.07107   84.8116   40.3113   44.3847   81.9085   56.0446   50.0899   81.0062   51.9711   44.4072   0   93.078   79.1797   56.1921   35.0075   79.4801   89.0057   68.037   63.3903   83.9592   48.5375   61.1583   68.6151   93.773   98.9075   74.6592   81.4911   50.4983   85.3908   87.2803   30.7648   100.835   89.8249   105.834   86.1105   27   85.27   68.4727   118.794   77.3968   46.0534   60.2832   42.318   52.3363   100.433   64.7823   73.0742   55.3281   39.318   85.588   27.8072   46.1548   
55.3173   123.794   84.5931   76.8375   49.6588   76.2168   87.2067   51.788   72.0069   84.119   42.0476   42.4382   12   114.621   32.249   12.3693   93.3809   43.9659   79.0759   0   79.0034   60.2831   86.8569   117.395   112.819   54.6447   48.2415   105.037   114.991   110.693   50.6497   40.7386   78.5708   111.848   38.1868   107.263   106.427   116.618   91.4503   50.5641   116.399   95.1038   91.4983   92.9025   102.195   117.587   104.47   134.881   81.2681   55.9285   103.344   60.402   42.8096   69.4236   106.207   59.7922   106.377   72.8394   105.692   100.032   
21.9317   63.9531   68.6804   15.5242   16.2788   49.8197   48.1041   67.4463   58.1378   25   38.3275   32.0624   75.5844   61   40.3113   56.8507   35.9026   69.5845   62.2415   65   0   76.6882   68.0006   57.6205   48.0978   73.3935   67.221   40.6125   78.558   62.2485   52.2265   59.9773   44.8794   52.7696   55.8597   65.9089   39.6125   55.7836   67.2339   61.0444   52.609   46.1634   26.4403   75.3149   45.4009   64.0227   57.3609   77.171   85.8091   63.0979   70.7421   56.3147   66.7471   41.0832   42   64.5256   73.2015   27.2066   89.3321   58.5766   
40   101.119   44.2719   64.2806   53.3104   41.7253   56.0803   10.2956   33.121   85.5102   22.3607   28.8617   42.7551   87.4185   24.4131   47.7598   72.8011   9   39.8121   42.19   60.6712   0   54.4833   100.843   104.536   32.3417   32.5453   97.3119   84.152   90.5891   44.2336   65.9988   86.7317   95.8839   53.9761   81.1357   96.3119   102.459   58.7253   76.6819   104.729   99.591   86.56   61.5241   94.2156   98.0625   109.576   109.214   49.5745   28.4222   72.4901   39.0227   75.5894   55.6785   97.9843   38.1655   79.13   77.6315   56.9762   73.6063   
29.0689   65.7875   20.6155   42.0595   51.8941   4.47214   18.868   36.2353   11.4018   70.8025   30.4138   33.0151   76.4788   50.6063   40.6079   71.8471   41   44.4072   14.1421   71.7844   48.1041   37.4833   0   67.3352   77.9812   61.9774   55.827   75.0149   44.6985   51.8782   58.4555   83.8846   85.7678   61.0106   73.5863   43.9233   74.0907   78.4018   21.8863   89.4651   77.3699   94.2674   74.5444   28.2195   74.626   62.0515   105.143   71.8595   52.0172   53.7648   35.237   47.4591   89.0639   51.1311   64.1299   47.7648   45.9911   65.8853   41.7145   40.2835   
48.2597   22.8473   67.6831   26.4008   57.1402   51.0882   38.0789   86.885   64.0312   43.1856   65.7647   62.1289   111.826   25.632   72.6705   96.3328   12.0416   93.0054   63.6396   102.65   41.1825   84.4334   53.0094   0   35.1245   100.831   94.6582   41.8271   57.5335   40.9976   84.8383   100.423   73.93   32.3246   93.2601   46.1204   42.4267   33.083   66.8437   99.8345   33.1245   71.3309   55.6591   75.56   38.1948   32.4536   80.3805   44.0227   97.0487   90.5351   61.4931   80.2169   106.464   70.1174   29.6205   91.9628   59.1622   68.3891   88.7821   56.0624   
47.8017   35.1283   77.6209   23.0868   50.2494   59.4811   48.7647   91.0879   71.8053   29.0689   66.2193   61.3514   108.908   40.8534   71.3092   90.9065   22.2036   95.8853   72.7324   98.737   34.0588   86.977   60.4152   15.2315   0   100.977   95.0451   24.8102   68.9943   49.1448   83.8082   93.9479   63.4631   42.9706   88.8808   57.5612   31.9706   29.2426   76.8953   92.1329   25   60.864   45.1922   82.0074   27.7279   47.6852   66.2637   59.2543   102.814   90.922   69.1199   80.6661   100.228   69.8639   39.1245   92.4174   67.6236   60.2277   98.7199   66.2244   
39.2173   105.437   56.0892   63.8905   46.6905   50.2494   63.2535   23.4094   43.9659   81.0555   21.0238   25.7099   31.0161   93.3809   17.0294   34.5398   75.8024   17.6918   50.9608   29.0172   57.1402   13.3417   45.793   86.7698   86.977   0   26.4031   93.8123   90.4915   93.6386   44.107   59.2884   83.9259   98.22   50.7924   83.593   94.7146   101.122   67.0596   66.2096   103.947   95.876   82.9067   67.3513   90.991   99.9143   106.738   113.857   57.3275   28.2956   80.4163   41.2625   62.8808   48.541   91.6527   31.2127   88.8027   68.0956   70.3178   73.9017   
33.2415   99.0454   51.3517   57.9741   42.72   44.2945   57.0088   22.2036   38.833   76.3217   14.8661   20.0998   36.6742   87   13   36.8782   69.4622   19.2354   45.8912   33.2415   52   12.0416   39.8246   80.4984   81.0432   6.40312   0   88.5579   84.5231   86.0318   39.7883   55.5876   79.8735   90.2623   46.7631   78.2254   87.7564   94.9645   59.909   68.8197   97.7849   91.2648   76.437   59.9659   84.5213   93.7566   102.279   106.679   53.4401   29.1231   75.0593   32.1245   65.5254   42.0713   85.4831   29.0623   81.6406   64.5793   64.01   72.5177   
40.7922   41   74.2428   16.1245   42.45   55.5428   46.4004   85.0059   67.3573   24.3311   59.2284   54.1202   101.213   43.9318   63.9062   83.0963   21.6333   89.3588   68.942   90.9725   26.2488   80.399   55.9732   19   7.81025   79.8123   73.9797   0   65.5464   47.0644   77.7205   86.1485   55.7998   44.0278   81.8506   52.8973   26   32.434   69.3723   84.8686   32.8102   52   37.3607   79.0781   26   51.4536   61.5259   57.0122   99.7437   83.9126   66.9776   73.6941   92.9183   62.8544   39.2066   85.4264   69.9448   53.4554   93.2958   54.8121   
47.676   41.0122   34.3657   44.0114   68.0074   25.4951   12.083   65.215   36.7151   72.5603   57.2451   57.5847   105.152   23.3452   67.1193   97.4064   29   73.8783   32.8938   99.2824   57.2713   67.1789   29.6985   37.7359   50.9902   75   68.8186   50.448   0   35.8494   83.025   105.641   95.0759   52.0828   95.2333   37.1384   65.4722   64.2701   40.8479   110.425   66.8537   96.4621   81.9682   52.2866   67.7697   50.0799   109.755   50.5914   69.626   82.0154   35.4973   74.6271   111.676   69.7382   58.1803   77.4632   35.2195   82.7974   55.4647   41.3607   
41.0488   29.5296   49.6488   28.0179   56.7539   34.2345   20.0998   72.45   47.2652   54.231   55.9017   53.9073   104.005   18.7883   64.4438   91.9239   9.43398   79.6241   46.0435   96.2133   43.1045   71.5891   36.8782   18.3848   31.1448   76.2168   69.814   31.0644   19.8494   0   77.9771   99.0137   81.9257   31.2127   88.6061   38.0454   45.9062   50.4253   48.8646   101.44   47.2877   80.7279   63.4866   60.3034   48.2037   25.544   91.154   42.9317   82.6201   80.672   40.2132   69.9073   105.049   63.111   38.2485   82.0997   41.8403   68.6624   70.7478   41.0238   
22.6716   91.2195   60.0167   45.2769   24.3311   47.1699   55.9732   39.6989   46.8722   59.0085   13.3417   10.4403   41.4005   82.0975   5.83095   29.4109   60.8112   38.0132   53.6004   32.6497   35.9026   30.2324   43.0465   70.4344   67.9779   22.3607   18.7883   60.4152   68.0074   63.6003   0   43.3693   60.0116   83.8939   31   75.8139   75.5151   85.5363   64.5841   53.0147   86.293   76.3467   62.343   65.1597   72.0803   84.9416   84.3786   104.306   64.2632   37.8114   71.6127   33.9839   56.0161   37.4403   77.9026   33.8494   74.4811   51.4301   77.1818   69.0977   
43.6807   108.724   85.1587   60   29.6985   72.0069   79.4292   60.7454   72.0069   61.7414   38.4708   35   36   102.46   29.1204   12.3693   78.8923   55.9732   78.7718   24   45.9674   50.4777   68.0074   86.4002   79.9312   38.2884   38.5876   72.1388   91.2195   83.672   25.1794   0   56.8497   98.7369   28.3693   94.8471   85.5799   96.6573   86.3992   30.53   95.3941   79.6004   72.4077   90.3391   82.2351   105.951   78.0762   119.317   88.4951   55.5766   94.3099   57.2734   29.3246   49.9026   87.9674   58.0813   97.1865   54.0588   102.147   82.884   
39.6989   81.3204   88.8144   36.0555   19.2354   70.4911   69.8928   81.0062   77.3369   22.8035   51.1077   44.4185   74.9667   81.1542   48.7032   52.2015   56.0357   80.7775   82.201   63.1506   21.8403   72.4983   68.2422   58.6941   47.4236   65.2534   61.6847   40.4969   79.0759   64.0703   43.0116   39.8497   0   72.6547   55   85.4906   54.5601   66.7695   85.1158   46.45   64.3011   28.0357   35.4391   92.4209   56.7351   85.836   45.8473   97.5091   103.576   75.8781   89.4023   68.6972   63.8634   59.8021   63.8403   76.8611   92.3696   46.2603   107.099   77.2368   
42.2019   27.4591   62.3618   21.4709   52.3546   45.2769   32.8938   80.604   58.1378   42.2019   59.5399   56.0357   105.891   26.1725   66.6108   90.9065   6.08276   86.6833   58.0517   96.8969   36.7696   78.1089   47.0106   6.32456   16.9706   80.5295   74.2428   18.0278   34.0588   14.2127   64.5368   81.2712   55.5788   0   89.7593   41.4403   42.555   33.2127   60.5602   96.3457   39.4491   70.0278   55.2156   69.6012   43.2132   38.7782   79.3967   40.5153   91.0899   84.3102   49.176   73.1378   102.508   64.2642   35.2631   85.7379   51.3412   62.5079   83.4609   46   
33.541   100.896   72.8354   53.0754   25.632   60.1332   68.4105   49.2037   59.6825   60.6383   26.1725   23.1948   35.1141   93.1504   16.7631   17.4929   70.6045   45.3431   66.4831   24.1868   40.8167   39.0512   56.0357   79.2086   74.6324   27.8029   27.0185   66.8506   80.3617   74.4312   13   12.3693   41   73.6614   0   88.5684   80.4292   92.5511   75.9644   41.8035   92.3416   69.0357   67.257   78.1597   78.1289   95.8111   78.6498   114.1   75.2845   50.5539   84.6127   44.916   33.0278   50.1948   82.8167   44.8707   87.2356   52.6531   90.0127   79.1893   
37   39.2173   38.6394   31.3847   56.0803   23.5372   9.05539   62.6498   36.4966   60.208   49.2037   48.3735   97.6166   24.8395   58.5235   87.7268   18.3576   70.3278   35.0143   90.7359   44.7214   62.6817   26.5707   29.1204   40.4969   68.593   62.2254   38.8973   12.6491   11.0454   58.5918   80.6536   66.4906   24.1661   70.3847   0   54.8298   57.3788   36.8035   99.877   56.2113   84.8685   70.3584   45.5756   57.1273   36.5894   97.4028   52.0857   69.8051   73.0681   24.198   60.8615   101   59.0623   47.5379   74.3354   25.1803   66.0392   59.7384   38.8062   
40.6079   41.9762   74.7061   16.0312   41.7732   55.9464   47.0106   85.0235   67.6757   23.3452   59.0339   53.8516   100.722   44.911   63.5689   82.4621   22.4722   89.2749   69.3542   90.4268   25.6125   80.3057   56.3028   20   8.48528   79.555   73.7564   1   51.225   31.9061   60.0083   71.4493   39.5601   18.9737   66.2873   39.598   0   28.2426   70.3723   83.6003   24   53   38.3607   79.4748   27   52.4536   60.5401   57.0119   100.744   83.7283   63.796   73.6106   91.0779   62.6701   36.8062   85.2319   64.7783   52.8191   94.2958   55.8121   
47.7598   32.249   75.6108   23.2594   51.6236   57.7235   46.5188   90.2718   70.214   32.0156   66.0984   61.4654   109.604   37.6962   71.5891   92.0978   19.7231   95.352   70.8802   99.6243   35.3553   86.4928   58.8558   12.083   3.16228   86.977   80.9568   9.43398   48.2701   28.4253   68.4763   81.3204   49.7695   14.2127   75.6042   38.0789   10.2956   0   74.7729   93.8959   28.1623   61.434   46.7947   83.2415   30.8902   44.5367   69.2104   54.728   104.73   90.8687   62.2769   80.8387   101.374   69.8221   40.0333   92.2965   63.2592   62.5619   96.7099   60.2127   
30.6757   61.9839   20.6155   41.0488   53.4883   1.41421   14.7648   40.3113   14   70.2922   33.9559   36.0555   80.5295   46.5296   44.1475   75.3127   38.1182   48.6004   14.7648   75.6108   48.4149   41.7253   4.24264   50.04   58.2409   49.93   43.909   54.231   25.4558   33.3766   46.2709   71.0282   69.1158   44.1814   59.2115   22.8035   54.626   56.5155   0   92.5055   75.1672   93.8314   74.1083   32.4622   68.6754   58.9206   105.776   68.3577   49.8149   57.1461   32.179   51.7017   92.1038   52.738   57.417   51.8469   30.2788   68.2443   41.7145   29.5602   
48.0104   108.24   93.4077   59.5063   28.7924   78.6384   84.0952   72.0069   80.3617   55.2178   47.1699   42.45   47.3814   104.043   38.9487   23.1948   79.4796   67.8823   86.8332   35.5106   44.2945   61.8466   74.9667   85.4751   77.0065   50.2096   49.8197   69.4046   95.4254   85.44   34.0147   12.53   32.45   80.9568   22.8035   84.0119   68.6003   78.8162   77.5242   0   92.6003   60.4856   67.8891   99.1744   81.329   104.824   73.8365   121.465   97.7524   66.2597   102.337   65.98   31   58.1096   86.2945   67.3385   104.06   55.8914   111.01   90.171   
49.7293   35.0143   79.4796   25   51.7397   61.4003   50.5371   93.086   73.7564   29.2746   68.1542   63.2456   110.639   41.6293   73.1642   92.4554   23.8537   97.8673   74.6324   100.404   35.609   88.955   62.3699   16.1245   2   88.8876   82.9699   9.43398   52.4976   32.6497   69.7782   81.3941   48.3011   18.4391   76.2758   42.19   10   4.24264   60.1664   78.2432   0   58.7551   44.8058   84.0074   29.7279   47.4109   66.4694   58.9544   104.814   92.8497   65.8845   82.5793   101.078   71.7915   41.1245   91.4661   67.3704   62.2277   100.579   63.607   
49.4065   77.5242   96.9381   38.4838   32.0156   77.9872   74.793   93.1075   86.3713   13.6015   63.1585   56.4624   88.955   80.5047   61.8466   65.9697   56.2939   93.6056   90.5207   77.1038   28.2843   85.0941   76.3806   56   42.4264   78.6448   74.7262   37   82.4621   65.2534   56.2939   53.6004   14.0357   54.3323   55.0091   69.857   36   45.2769   76.5768   45.1885   42.7551   0   44.7231   103.599   53.1361   86.1725   37.2066   92.0064   113.284   87.9289   93.0654   82.7329   74.2451   69.3675   68.1221   87.1642   95.0373   55.4908   114.705   80.8999   
32.311   62.9365   77.7946   18.9737   22.8473   58.6941   55.0727   77.8845   67.8012   14.5602   48.6621   42.2966   83.5703   63.0079   50.04   63.2851   38.0526   79.9062   71.5052   72.4983   10.4403   71.0211   57.3847   40.2616   29.6816   67.0075   62.0725   22.3607   62.9682   46.5296   45.2769   51.614   18.4391   37.2156   48.4665   50.3289   21.4709   31.7648   57.28   47.5079   30.8058   19.7231   0   82.5282   37.4642   64.0227   51.755   77.171   96.1884   73.4324   74.527   66.755   73.3156   51.5235   42   74.8601   75.5093   37.6469   98.8936   64.5599   
38.0789   69.6348   11.4018   50.774   60.8276   8.544   22.2036   35.3836   6.40312   79.8123   37.0135   40.6079   80.4114   53.1413   47.0106   78.1601   47.5184   44.5982   5   76.9025   57.3149   39.1152   9.21954   59.3043   68.0074   49.3964   43.9659   64.0781   30.4138   42.0119   50.1597   75.326   77.4209   53.6004   63.1269   31.0644   64.4748   66.2193   9.84886   82.9759   69.9214   85.5862   66.5282   0   78.5243   66.1233   114.153   76.0323   41.3516   59.6187   39.3088   56.6786   96.1546   60.1411   67.2659   54.1386   40.1277   75.1048   28.4222   39.4091   
37.2156   45.607   73.5731   13.1529   37.5366   54.5894   46.6905   82.1523   65.9242   21.1896   55.5788   50.2195   96.6488   47.3814   59.7746   78.2432   23.7697   86.093   68   86.2844   21.4009   77.1038   54.626   23.1948   12.7279   75.9276   70.214   5   51.8652   33.1059   56.0803   67.2086   35.7351   21.2132   62.1289   39.8246   4.24264   14.4222   53.2353   64.405   14.2127   33.1361   17.4642   63.0635   0   48.541   58.3844   61.2545   99.1152   80.336   63.6474   70.7323   87.8354   59.2778   28.0384   81.7768   65.005   48.6075   91.4857   53.1152   
48.2701   21.095   57.2189   31.7805   62.0322   42.5793   28.0179   80.9938   55.5788   54.5711   63.8905   61.5224   111.723   14   72.1249   98.737   11.4018   88.1419   54.0093   103.586   47.2969   80.0625   45.3542   13.4536   28.3019   84.4038   78.0064   30.3645   25.0799   8.544   70.9366   89.9444   67.1863   12.3693   81.2712   19.105   31.3209   25.2389   41.7732   90.824   29.4109   66.6108   49.0102   50.1597   33.541   0   91.7659   39.4222   88.91   88.6609   43.303   78.4513   111.49   70.3323   40.5821   88.7248   44.2853   72.0088   78.3179   49.5678   
61.0737   87.023   109.041   50.5371   42.0476   90.1388   86.954   103.769   98.3107   23.1948   73.8241   67.1193   95.0474   91.4112   71.5122   71.2531   67.72   103.619   102.591   83.0542   40.3609   95.3415   88.459   66.3702   52.0096   87.9318   84.5044   47.5184   94.4299   76.844   65.7875   59.0762   22.8473   65.307   62.6498   81.8596   46.5296   55.0364   88.7299   48.8365   52.0096   12.2066   31.9061   97.6729   44.1475   77.666   0   103.541   124.887   98.5944   105.272   90.4395   79.8365   75.208   72.1859   97.6301   104.918   61.566   126.095   93.1065   
62.6259   10.0499   65.3758   45.5412   76.1577   53.4883   38.2753   93.0376   66.0984   65.192   77.8332   75.743   125.897   8.24621   86.3134   113.159   25.4951   100.722   63.3482   117.924   61.0328   92.9624   56.8595   22.0227   36.6742   98.0816   91.6788   41.0122   31.0644   21.9317   85.276   104.317   80.0625   24.5153   95.6922   30.4138   42.0119   33.541   52.9245   104.924   37.108   78.0064   61.6604   60.1664   45.0444   14.4222   88.3629   0   100.219   102.603   54.6119   91.2753   125.583   84.6881   51.6432   99.2021   55.5942   86.431   86.4749   57.4382   
48.8774   93.8616   23.3452   68.6804   68.6804   31.4006   46.3249   16.2788   18.4391   95.2733   37.6431   43.8634   67.2681   77.4919   44.7772   72.2772   70.0071   25.9615   21.9545   67.2681   70.7107   25.0799   29.0172   82.0244   88.8144   38.3275   35.4401   83.7437   54.626   65.6201   49.93   73.4098   87.4586   76   61.2699   54.9181   83.9524   87.4643   32.249   83.7257   90.7965   98.1835   80.9506   24.3516   81.7435   73.9797   109.622   84.4808   0   51.8469   61.607   58.3836   94.2977   65.679   89.666   50.5273   61.2725   91.7454   43.4165   61.8093   
29.1204   95.2103   50.04   53.8516   39.2173   41.6293   53.8238   24.0416   37.2156   72.4431   10.7703   16.0312   39.4462   83.4386   10   37.2156   65.5134   22.4722   44.2832   34.9285   48.0104   14.4222   37.1618   76.4788   76.922   10.2956   4.12311   69.857   65.7343   66.0681   15.8114   37.5766   58.3095   70.2353   25.5539   58.7282   69.6348   76.844   41.1461   48.2597   78.848   71.1688   58.1378   41.9762   66.0984   74.2024   81.1542   87.9659   35.8469   0   72.3941   33.7703   58.5816   43.0312   79.3939   32   71.4249   53.833   68.1331   67.9674   
37.054   48.2701   28.4429   38.0132   58.4209   14.7648   1.41421   54.7083   27.2029   67.624   45.618   46.1736   93.4933   32.2025   55.5428   86.0233   28.2312   63.0079   25.02   87.6641   49.3964   55.9732   18.6011   39.2938   50.1199   63.4114   57.2014   47.8017   11.6619   21.2132   56.6127   80.2309   71.1688   34.176   69.1231   10.198   48.4149   47.8539   14.4222   85.0529   51.8845   76.1577   56.4358   21.3776   48.1041   29   88.3233   38.8973   45.607   54.0833   0   60.9418   101.054   59.1163   49.609   66.2691   17   67.6004   49.5419   30.1655   
18.0278   83.006   43.7379   42.5793   33.6006   31.7805   42.5441   28.7924   30.5941   63.7887   3   8.48528   50.8035   71.4493   13.1529   44.4072   53.3385   31.0161   37.3363   44.7772   38.833   22.0227   27.4591   64.405   65.5134   22.4722   16.1245   58.6941   54.5894   53.9073   16.2788   41.4367   52.6972   58.1378   29.1548   46.8615   58.5491   65.2534   31.0483   49.98   67.4685   64.405   49.2443   34.0147   55.2268   62.0081   75.2928   75.8222   35.3836   12.2066   42.9418   0   62.1825   35.4853   75.5964   29.198   59.9418   50.7648   60.9659   58.0588   
50   114.826   90.7965   66.0303   35.4683   78.0577   85.703   64.8845   77.6466   66.242   44.1814   41.0488   34.5254   108.747   34.5254   10.4403   85.0882   59.4054   84.4808   22.8035   51.7397   54.5894   74.0068   92.4175   85.5628   41.8808   42.9535   77.7946   97.5141   89.9611   31.0161   6.32456   43.8634   87.367   18.0278   86.977   77.0779   87.046   77.1038   13   86.977   57.2451   56.8507   81.1542   72.8354   96.1769   61.6604   110.535   78.1857   42.3792   86.4928   47.1699   0   56.2272   93.7397   62.8985   103.493   60.3833   106.963   89.2085   
8.06226   76.3806   53.7122   30.8707   19.105   37.6563   43.566   44.0114   41.1825   48.8365   14.3178   8   56.2228   67.7422   17.4642   42.9418   45.9674   45.5412   47.0106   47.4236   24.0832   36.6742   34.2053   55.6058   53.8516   33.541   28.0713   46.4866   55.3173   49.0918   14.8661   35.9026   37.8021   49.679   25.4951   44.9444   46.1736   54.1295   36.4966   41.1096   55.7136   49.1935   34.3657   42.72   42.45   56.2228   60.208   70.6045   49.679   24.0208   44.4072   15.2315   42.2019   0   55.4969   40.5159   61.4072   34.6433   71.1422   57.9848   
33.541   38.0789   62.1691   10.8167   41.6773   43.6578   34.2053   75.2396   55.7853   34.0147   51.6236   47.4131   96.6075   36.0139   57.8014   80.7217   11.1803   80.4114   57.0088   87.2067   26   71.5891   44.3847   15.6205   16.1245   72.6154   66.4831   12.2066   38.833   20.2485   55.2178   70.8025   45.1774   10.7703   63.6396   26.9072   12.8062   15.0333   42.3792   70.214   18.1108   45.1221   27   52.2015   13.0384   22.0227   56.6127   35.171   72.6911   62.3939   35.609   50.5964   76.844   40.4969   0   77.8217   52.0876   53.2066   80.6237   46.8568   
28.0713   91.8096   44.0454   52.6118   41.5933   36.2353   49.0408   20.2485   31.257   73.3485   10.198   16.7631   44.7214   79.3095   14.4222   43.1856   62.6099   21.095   38.3275   40.7922   48.5077   12.1655   31.7648   73.9256   75.505   14.2127   8.06226   68.7314   60.803   62.426   19.8494   43.0813   60.8276   67.624   30.8707   54.4885   68.593   75.1864   35.8469   53.3385   77.4661   73.1642   58.8558   36.1386   65.2763   70.7248   83.6301   84.2021   30.4138   6   49.2037   10.0499   48.0833   24.5153   60.4401   0   66.1257   59.1586   64.5608   55.8688   
40.05   47.676   28.0713   40.4969   61.4003   16.4012   4.12311   56.3028   28.2312   70   48.3322   49.0408   96.0417   31.0161   58.3095   88.8876   29.5296   64.8151   25.318   90.377   52.2015   58   20.5183   40.1622   51.6236   65.8027   59.6406   49.679   9.21954   21.8403   59.4811   83.1865   74   35.3412   72.0347   11.1803   50.3289   49.2443   16.2788   88.0511   53.3385   78.7718   59.0593   22.1359   50.2096   29.1548   90.9175   38.0789   46.4866   56.6039   3   45.618   89.4427   47.3814   37.5366   51.614   0   70.6004   47.0151   33.1655   
18.868   74.9466   68.2642   26.0768   5.09902   50.5668   52.469   60.4152   56.4004   34   30.4631   23.7697   63.561   70.214   30.0666   44.6878   45.6946   61.131   61.5873   52.8394   12.2066   52.4976   47.8853   52.4309   46.2277   47.0956   42.5793   38.4187   63.0317   51.6624   25.02   34.0588   21.2603   47.5079   28.6531   51.0392   37.8021   47.4236   49.2443   33.8378   47.8017   32.6956   20.3961   56.9386   33.6006   57.0088   43.566   71.1758   66.2193   38.833   53.6004   31.7648   40   16.6433   36.8917   40.4969   56.5685   0   85.3608   66.4367   
51.4004   80.3057   5.09902   65.192   73.7835   22.8254   34.3657   34.9285   13.8924   94.2019   46.8402   51.6236   84.7231   62.8013   56.0892   86.2844   60.8769   44.7772   9.43398   83.1505   71.4213   41.9762   23.4307   72.3671   81.9329   54.3323   50.01   78.2943   39.4588   54.4518   60.1664   85.1469   91.0494   66.9403   72.7805   43.4166   78.721   80.0062   24.1868   93.9202   83.8153   99.7046   80.8084   14.4222   77.4145   62.1289   111.732   70.4557   19.4165   49.0918   33.2415   43.9659   90.6091   55.0727   66.3099   43.1045   33.0151   70.214   0   52.4838   
25.318   50.5371   34.4819   27.5862   46.2709   15.8114   11.0454   51.5461   28.2843   57.28   36.4005   35.7771   84.8116   37.4833   45.793   75.3923   24.0208   58.6003   29.1548   78.032   37.5766   50.6063   17.0294   36.0555   43.6807   55.9017   49.5177   39.8121   22.3607   21.0238   46.0977   68.884   59.2368   30   58.1893   12.8062   40.2492   41.9762   14.5602   73.171   45.607   64.8999   45.2217   24.3516   39.1152   29.5466   77.1038   42.4382   46   45.9674   12.1655   34.0588   75.1864   32.9848   27.8568   41.8688   15.1327   41.4367   38.4838   0   
