15
40
999999 13 12 7 9 5 13 10 15 7 12 15 10 9 17 14 9 5 15 6 11 14 9 11 12 13 8 5 16 6 9 7 12 13 11 16 17 11 12 9 
0 1 1 2 3 2 5 2 6 3 5 10 5 6 2 6 4 1 8 2 3 2 3 3 9 4 6 4 8 5 6 5 11 7 4 8 4 1 1 6 
20
0   0   0   0   0   0   0   0   0   0   0   0   0   0   0   0   0   0   0   0   
-8   4   -7   1   -1   4   -2   7   -9   7   -5   9   -3   0   -7   8   -12   9   -9   12   
-4   2   -7   8   -8   6   -5   7   1   5   -10   4   -7   7   -10   5   -8   1   -2   8   
-2   0   -2   2   -1   3   -4   1   -3   2   -1   0   -3   0   -2   3   -3   2   -1   4   
1   0   -1   4   0   -1   -4   2   0   2   0   3   1   2   -3   3   2   4   -4   -1   
1   0   0   0   0   0   0   1   1   0   0   0   -2   -1   -1   -2   0   0   0   1   
11   -3   3   -3   -1   -1   11   4   0   -9   0   -9   4   1   3   1   10   -1   7   -5   
7   -7   4   -1   7   -1   9   -7   3   -5   4   -2   5   -3   3   -8   5   -3   6   -5   
5   -7   0   -5   5   -9   4   -1   11   -2   2   -5   11   -6   6   -4   -1   -8   3   0   
-3   6   -5   2   -4   5   -5   3   -7   7   -5   5   -3   7   -3   3   -2   7   -4   3   
-4   0   -2   0   4   -8   -5   -8   1   -5   -1   -1   2   3   4   -2   0   -3   3   -6   
-4   6   -11   1   -10   1   -4   0   -1   0   0   11   -8   5   -5   8   -6   8   -9   1   
-2   5   -6   6   -6   10   -4   7   -8   8   -4   5   -9   3   -4   5   -2   8   -2   7   
-5   6   -9   -2   -2   4   -5   9   -5   2   0   4   -2   2   -1   3   -2   9   -6   0   
0   8   -4   -8   5   0   -2   4   -2   8   4   7   5   2   3   4   -3   12   -4   13   
-12   12   -8   9   -4   9   -6   13   -7   7   -10   11   -7   5   -11   6   -6   5   -7   9   
-5   3   -2   7   -8   3   -8   6   -8   1   -7   5   -3   8   0   7   1   7   -1   1   
-1   1   2   0   0   2   -1   1   0   1   -1   1   -1   0   -1   0   0   0   0   0   
-11   6   -9   11   -11   11   -6   5   -13   12   -10   13   -5   7   -5   11   -8   9   -5   14   
3   -1   5   -2   0   -2   4   3   4   -4   0   0   0   0   4   2   0   -1   0   -3   
3   -3   5   -2   5   -5   1   -9   3   -5   7   -10   5   -7   4   -5   4   -5   5   -4   
-5   9   -1   4   -7   10   -8   6   -1   8   -6   7   -6   6   -5   13   -3   8   -12   9   
-9   3   0   0   2   -2   0   7   -2   1   -7   -3   1   -3   -1   2   0   0   0   0   
-9   7   -8   5   -6   11   -6   11   -8   5   -11   9   -10   9   -8   9   -11   8   -6   9   
-7   0   1   2   -4   0   4   -2   -10   1   0   0   -1   -4   5   8   5   -3   -3   0   
5   -5   3   -7   1   -10   11   -10   3   -2   9   -5   0   -10   10   -8   4   -8   4   -3   
-2   2   0   2   -6   0   -3   4   -4   0   0   3   -4   1   -2   6   -1   -1   -3   4   
1   -1   3   -2   3   -1   0   -3   2   0   2   -1   1   -1   1   -1   2   -1   0   0   
5   0   2   2   5   -3   0   -3   -5   0   11   -7   3   -4   10   -11   9   -4   5   -3   
0   0   -2   1   2   -4   1   -1   1   -1   0   0   0   0   6   0   0   -1   -1   0   
8   -7   8   -1   7   -7   4   -6   6   0   5   -6   6   -5   5   -8   2   0   6   -9   
-5   3   -4   6   -4   3   -2   5   -2   4   -6   5   -1   3   -5   3   0   7   -4   2   
-10   6   -4   8   -10   10   -2   3   -7   9   -8   11   -2   10   -10   10   -9   9   -11   6   
-7   8   -6   5   -12   12   -5   10   -8   7   -13   12   -8   3   -8   6   -13   8   -11   10   
1   -6   4   -6   0   0   0   -2   1   -3   3   -4   -4   -2   5   -2   0   0   2   -1   
3   -3   -3   -6   7   8   0   -4   -4   0   5   12   4   -7   10   -6   5   7   9   -1   
-1   11   -12   6   0   4   -3   9   -1   11   -13   12   -7   7   -1   11   -1   9   -4   0   
0   7   -1   6   3   1   -3   2   -6   2   -11   0   -1   2   0   8   -3   2   -1   5   
6   -11   3   -5   6   -6   3   -2   7   -4   3   -8   6   -3   -3   -4   4   -2   0   -6   
-3   6   -5   4   -6   4   -1   1   -2   4   -4   3   -3   5   -3   5   0   8   -5   7   
0   63.5395   69.843   66.5024   32.6648   43.0015   38.4911   52.9558   32.5605   75.3009   44.4951   45.1448   64.9973   35.2426   18.2426   41.8661   38   67.5902   50.8638   41.2947   75.2184   65.3542   81.4469   65.2217   68.1275   67.636   80.3388   73.3847   33.6011   61.2897   46.105   73.923   55.7131   76.8179   69.1041   76.2195   55.0624   53.6554   64.5395   48.0217   
47.5395   0   30.6444   57.5793   72.4499   88.8889   67.2934   77.5519   65.3775   94.1688   73.0517   43.5372   42.2131   71.8595   65.7821   63.6878   71.0357   85.5542   90.6765   88.8341   104.281   94.2353   42.4591   55.0156   57.7865   103.166   125.076   35.6213   73.4138   88.4017   83.1981   98.3236   95.9085   42.0542   75.788   26.4018   50.3238   101.195   90.2309   78.1981   
54.4059   14   0   71.5793   76.3649   96.404   75.4234   69.1012   65.5385   105.646   86.6839   43.6982   31.088   85.1595   72.6485   71.8179   79.8137   99.5542   93.7311   94.6053   100.696   97.8553   34.2512   68.0109   47.6956   115.098   132.13   28.0828   84.0644   101.534   82.5227   108.729   104.803   28.8661   87.5323   25.2426   59.0555   105.865   84.1506   79.8027   
44.1022   42.5793   56.4358   0   76.767   73.9414   53.6757   97.0579   76.6626   49.0282   47.0156   69.874   76.6498   59.2311   62.3448   55.9666   78.2535   54.6392   94.9659   85.3968   116.65   52.8024   83.029   33.6619   92.8899   73.9804   89.8011   78.2006   77.7032   59.2156   84.0079   55.2381   99.8153   84.6336   28.2195   68.9811   42.561   88   105.459   91.1193   
18.6011   55.0818   57.5674   61.8466   0   47.4298   51.4697   36.5092   27.4558   88.3553   59.7989   49.1485   59.2769   46.7351   31.2256   50.2424   15.4142   85.2043   40.1359   43.8662   58.0366   82.9682   76.3852   83.8228   56.0512   81.0692   87.7203   72.6941   24.6569   79.8908   25.6056   92.5241   47.8277   71   87.7051   70.8516   73.2385   67.7295   45.8329   30.2462   
25   72.0069   79.404   57.7062   31.3209   0   49.0179   67.8302   57.5605   70.258   47.9258   69.9017   89.5052   39.0294   43.2426   51.2655   46.7351   58.5533   41.0384   28.0384   77.9365   61.6194   106.149   80.0079   87.3722   63   58.6879   98.3847   48.4764   55.5366   53.6356   63.7955   35.1245   101.818   72.8705   98.4087   74.6004   35.2956   77.1538   50.0179   
16.1245   48.1664   58.4123   30.6757   34.6699   28.0179   0   68.0833   47.3377   53   30.4018   53.3407   69.8071   28   34.3672   17.6056   50.0841   55.7705   66.2333   56.0563   90.5879   54.2375   84.744   54   82.3043   61.3954   68.0754   76.6817   48.9706   48.1548   59.8281   58.4966   63.1424   85.8558   57.0151   70.2033   46.8328   49.4819   80.5027   57.1838   
38.3275   57.2451   54.231   77.0065   22.0227   52.9528   54.0833   0   40.3607   107.083   77.7887   55.0147   53.0132   67.7131   50.7131   71.6888   37.4369   102.866   50.4005   64.4203   48.0832   102.678   71.7924   88.5527   52.2982   103.092   109.743   71.0094   46.6796   99.6173   46.3311   107.25   69.8504   66.4072   99.2166   68.6236   80.3149   83.1153   37.6301   45.632   
17   44.0114   46.4866   55.2268   11.1803   37.7359   32.0156   22.3607   0   85.0156   60.5982   39.8403   56   49.3178   32.3178   45.7321   26.5946   83.2199   47.4182   49.3649   62.0104   80.9839   73.0104   71.4944   58.305   84.636   90.7042   69.8539   30.1555   78.2897   36.7859   90.5122   59.008   67.8019   81.0328   62.72   55.2156   64.0208   54.45   41.4266   
55.0364   71.1688   84.6463   29.5296   73.3553   55.4437   39   93.0484   70.8378   0   48.8406   88.0274   106.036   59.4072   73.279   56.6056   88.7695   26.7047   96.4821   83.4821   129.588   39.4164   111.338   61.1825   116.165   50.078   71.9874   106.79   87.9706   35.3132   98.8281   33   88.8248   110.881   40.8087   97.5706   65.8365   69.5894   116.552   96.1838   
25.4951   58.0517   69.0652   32.0156   43.0813   26.9258   11.4018   63.7887   42.2966   30.8058   0   64.5964   81.2088   32.6015   43.7377   29.0073   58.4955   39.1609   67.9642   54.9642   99.7998   36.9249   96.1457   63.5601   89.5762   51.7648   68.8292   88.0835   58.1825   37   64.4853   53.5707   58.9535   97.2576   55.0483   81.6051   52.4683   45.0167   88.9142   65.9444   
31.1448   23.5372   24.6982   49.6488   32.9848   55.9017   39.2173   34.0147   21.8403   73.0274   50.5964   0   30.5529   66.3875   49.3875   53.7351   48.3991   89.7574   69.2585   70.0727   82.0979   87.5213   46.2389   62.0465   42.0868   93.5493   107.293   43.6271   51.9958   87.3721   58.5904   93.3348   80.8125   40.8537   72.7235   44.8806   50.313   84.8003   63.2945   63.2311   
47.2017   25.6125   17.088   62.6498   45.2769   71.5052   55.7136   38.0132   35   88.1419   67.0671   16.5529   0   75.5392   65.4443   67.2015   60.6911   103.98   82.4182   84.3649   84.4135   101.744   29.1954   76.1202   31.6525   110.102   120.948   34.1059   65.1555   103.868   70.8825   107.107   93.1046   23.8102   89.2764   41.8114   62.1995   99.0208   63.3897   72.2353   
14.3178   56.8595   65.7647   41.2311   30.0832   17.0294   11   51.4782   31.1448   44.4072   13.6015   44.1022   60.5392   0   32.5605   28.6056   45.4974   52.342   58.0678   45.0678   88.1198   50.1059   89.7347   61   82.4453   61.3456   67.607   87.6817   47.7308   50.6015   53.1548   61.8121   46.7805   84.3495   68.0151   81.2033   56   43.1661   75.9161   58.3847   
4.24264   49.3356   55.2268   48.2597   14.4222   24.7588   20.2485   34.7131   14.3178   59.0339   29.1204   31.241   46.7547   17   0   37.105   29.8364   68.2814   44.4279   44   70.0395   66.0453   75.9501   65.0408   68.31   71.8786   77.5115   74.8681   28.4222   62.6905   36.8661   78.1657   58.573   70.5649   69.345   75.7373   49.3553   50.8281   59.6578   36.868   
14.8661   44.6878   54.8179   29.9666   33.4215   30.2655   3.60555   52   29.7321   41.1096   14.8661   35.7351   52.2015   13.3417   19.105   0   48.8358   54.027   63.5329   56.1608   89.1445   51.7909   81.3969   52.1361   77.1427   59.9535   71.681   79.3622   47.5272   47.3883   51.9411   62.1021   58.1814   76.0118   58.1862   71.0896   43.7697   53.0874   76.7171   53.6431   
20   56.0357   58.2409   63.2535   1.41421   32.0156   36.0555   21.095   12.0416   74.7061   44.3847   33.7343   45.6508   31.3209   15.8114   34.8281   0   83.5456   39.2871   42.0065   59.4508   81.3095   74.8463   78.6498   56.9487   82.4834   85.8589   74.1083   22.8416   78.5019   20.6056   90.9366   49.2419   69.4611   85.1564   70.5711   65.1667   61.0595   47.2471   31.6158   
47.5395   71.5542   84.309   33.3017   65.192   44.5533   32.249   85.8662   64.1327   11.7047   22.1359   69.5845   85.5102   35.3412   51.2445   35.0571   66.4831   0   85.5917   72.5917   118.317   20.2361   111.6   65.0352   108.022   37.3961   66.29   103.538   78.0714   29.6158   85.4748   31.4721   77.3075   109.32   44.4197   97.9559   72.3322   65.0465   110.902   85.6483   
32.9848   76.6551   79.6994   76.0592   22.1359   25.9422   45.6508   36.4005   33.2415   79.9312   49.5782   55.0818   67.082   36.4005   29.4279   46.0977   21.5407   69.6563   0   31   63.6563   86.5031   94.0913   94.4687   78.0339   81.7694   79.44   94.8301   41.4005   81.4789   41.9284   89.7377   42.1327   88.7061   98.7729   91.9605   78.7832   52.7567   59.6264   36.9284   
27.2947   74.3303   79.6053   67.0522   24.8395   13.0384   36.4005   44.3847   34.2053   67.9412   38.2753   55.0727   69.2026   26   25   37.6563   25   57.3149   13   0   66.448   74.1725   98.3122   87   78.9215   71.1642   66.7831   97.5336   38.637   68.5751   36.4009   76.8339   31.6158   93.0129   85.9089   94.5844   74.3553   40.0998   67.8044   36.7883   
59.5483   87.2812   84.0119   102.65   41.0366   62.9365   75.4321   30.0832   48.0104   113.442   82.6801   63.9062   67.3647   69.1158   55.3173   74.411   39.6232   104.317   37.6563   50.448   0   118.149   95   117.426   72   117.689   112.344   97.2982   58.2081   114.662   57.6079   124.856   69.2398   91.1749   124.662   98.7069   101.147   90.413   47.0238   53.7359   
45.3542   70.2353   82.8553   32.8024   62.9682   42.45   30.1496   83.678   61.9839   13.4164   19.9249   67.7422   83.7437   33.1059   49.0408   33.0151   64.2573   2.23607   67.4759   55.1725   102.083   0   110.085   64.8634   103.051   34.9249   58.4264   102.023   75.8358   31.8518   76.2415   21.7082   76.258   107.554   46.6558   96.6371   71.9574   61.1825   108.699   81.4127   
59.5483   27.4591   13.9284   69.029   58.3095   84.1487   66.6483   49.6488   48.0104   96.3379   77.8203   28.4253   13.0384   72.4224   59.397   63.0635   58.6686   94.921   80.0625   82.201   78   93.3006   0   74.0623   44.6909   121.975   133.987   22.0623   78.1659   110.452   79.2741   113.782   106.137   26.3852   93.6632   37.1245   62.5184   110.225   71.0088   85.2737   
45.2217   32.0156   46.0109   11.6619   61.2944   63.0079   35   73.5527   53.0094   41.1825   39.5601   43.0465   54.1202   46   49.0408   33.1361   62.6498   44.5533   78.1601   70.7107   101.02   43.8634   59.1354   0   85.1333   78.7883   101.463   67.6369   77.463   69.2383   77.0714   64.634   91.3175   74.0699   37.6155   58.4174   36.2788   84.4819   104.172   85.9088   
47.1275   40.3609   32.6956   72.7324   39.0512   68.9638   59.3043   25.2982   31.305   95.4254   70.5762   23.0868   15.6525   61.4003   45.31   56.1427   38.9487   91.022   59.0339   63.8905   53   89.0505   25   65.7419   0   114.763   122.009   44.3954   61.4604   103.531   59.5542   109   86.8789   34.0998   94.7775   47.3847   68.3289   95.3258   51.0156   69.2975   
50.636   85.6037   97.0979   51.9711   65.0692   37   39.3954   87.023   67.4759   31   28.178   78.5493   95.0789   36.3456   53.2353   42.9535   66.1211   20.3961   62.7694   49.7695   99.93   19.9249   105.991   62.426   97.5141   0   48   116.077   79.5211   34.7648   77.2851   41.6331   67.2494   118.889   64.8158   109.599   80.482   49.0644   110.902   86.5578   
58.8303   101.237   111.126   72.8011   68.0074   36.6879   53.0754   89.4986   73.8241   54   43.8292   89.627   105.948   45.607   59.9416   56.5862   68.6804   43.1856   58.0086   46.1736   95.3362   42.4264   118.004   82.2922   105.119   23   0   128.978   81.0635   54.6742   82.2534   63   65.1045   129.758   87.6053   123.279   96.2023   48.6833   113.84   82.9619   
57.3847   20.025   6.08276   62.2896   58.6941   82.3286   62.6817   53.0094   47.8539   90.2441   73.5731   26.6271   15   69.4262   57.8014   59.0762   59.2368   89.5377   80.7775   81.6333   82.2982   88.0227   8.06226   52   29.8329   101.71   114.978   0   78.0094   105.577   79.8424   107.749   106.185   34.4474   87.5092   25.2195   56.4849   108.63   78.3897   82.8506   
18.6011   59.4138   62.6259   62.6817   5.65685   26.4764   33.9706   26.4764   16.1555   71.8679   41.1825   37.9473   50.774   27.7308   14.4222   33.3017   5.83095   63.0714   17.2627   19.2094   41.6173   60.8358   63.8122   63.1585   44.6878   61.4003   63.0635   63.9766   0   77.1127   25.2361   81.5426   48.4721   74.5843   83.7672   76.402   63.7775   50.4005   51.4897   23.4721   
43.2897   72.4017   84.534   37.2156   60.1664   37.5366   29.1548   81.3941   60.208   19.3132   18   67.9117   84.2021   30.0832   46.6905   32.3883   61.4003   7.61577   63.0079   50.448   98.387   6.08276   94.3398   47.8017   88.459   14.7648   36.6742   89.4707   57.5847   0   76.1354   27.791   72.6612   108.012   47.6228   98.8034   70.4683   58.5106   105.999   75.9262   
19.105   58.2151   61.0328   63.0079   3.60555   28.6356   34.8281   24.3311   14.5602   73.0616   42.4853   36.4005   48.8774   29.1548   14.8661   33.9411   3.60555   64.4748   18.6815   21.4009   40.6079   62.2415   61.9112   63.0714   42.5206   63.2851   65.2534   62.2415   2.23607   59.1354   0   83.7786   50.7082   72.6876   81.2086   74.1766   62.3839   52.6366   48.257   25.7082   
51.923   74.3236   87.3155   34.7131   69.6419   48.7955   36.4966   90.2497   68.4471   9   26.5707   73.3348   89.1067   39.8121   55.6597   39.2046   70.9366   4.47214   74.027   61.6198   108.784   6.7082   98.2344   46.2277   95   22   45   92.6553   67.5426   11.4018   68.942   0   81.1076   112.917   46.0185   100.725   74.264   61.8722   115.317   87.3279   
34.7131   81.9085   87.2067   73.0068   31.8277   16.1245   42.5793   50.1199   41.6173   71.4003   42.9535   62.6498   76.6094   31.7805   32.573   44.1814   31.8277   60.3075   15.1327   7.61577   52.2398   58.258   89.627   77.3175   70.7672   50.2494   43.1045   89.1852   26.1725   53.0754   28.2843   64.4438   0   99.9016   88.9951   101.097   81.9283   45.2354   68.4509   39   
54.8179   26.9258   14.8661   67.0671   53   79.2465   62.6498   44.4072   42.8019   93.6483   73.9256   23.8537   7.81025   67.9559   54.4885   59.0931   53.3385   91.6788   74.7061   77.0065   73.0274   89.9889   5.38516   57.7062   20.0998   102.044   113.464   10.2956   58.5235   90.7579   56.6039   95.1262   84.4038   0   91.9421   29.6525   66.7806   105.317   71.1154   80.0456   
48.1041   51.788   65.6201   9.21954   66.4831   57.8705   33.0151   83.2166   61.0328   20.8087   31.0483   57.7235   71.3442   42.4853   52.345   33.3017   67.897   26.4197   78.5493   68.4471   107.517   26.4008   78.1025   20.6155   80.7775   46.2385   68.1542   71.4493   66.6033   31.6228   67.2086   27.0185   73.736   76.0066   0   78.1898   47.1448   76.065   110.019   86.9447   
50.2195   11.4018   4.24264   53.1507   53.8516   75.213   54.2033   51.6236   42.72   81.0247   64.8999   20.8806   15.8114   61.5224   51.1077   50.6063   54.5711   80.4114   75.9605   75.5844   81.5843   78.924   16.1245   43.0465   31.3847   92.9624   106.888   9.21954   58.8218   80.4984   57.28   83.4865   83.1925   15.6525   62.2896   0   48.28   101.936   75.8769   82.2939   
32.0624   23.3238   36.0555   22.561   46.2385   53.6004   26.8328   57.3149   37.2156   48.8365   35.4683   27.313   40.1995   37   35.3553   23.7697   47.5395   48.3322   64.7765   59.0339   85.1469   46.9574   47.5184   16.2788   50.3289   62.482   79.2023   41.4849   48.7647   49.0918   48.3839   51.264   66.1891   45.0444   31.1448   32.28   0   76.3147   82.9412   72.1601   
34.6554   80.7775   88.8651   62   41.4367   10.2956   34.4819   62.8172   48.0208   54.5894   30.0167   65.7647   81.5659   24.1661   34.8281   37.3363   42.0595   43.0465   32.7567   20.0998   70.406   41.1825   94.1116   68.7314   79.2591   31.0644   26.6833   92.0217   36.4005   35.5106   38.6005   46.8722   19.2354   89.2749   60.6712   84.6463   61.0983   0   86.8575   56.888   
47.5395   67.2309   63.1506   87.4586   29.8329   59.0339   63.561   10.6301   32.45   102.552   72.7324   44.2945   46.3897   59.9083   43.6578   61.7171   28.6356   94.8683   38.6264   48.8365   21.0238   92.6553   57.0088   84.1724   32.0156   94.5304   94.8947   61.2944   33.1361   89.9889   31.257   99.2975   53.4509   52.0096   93.4773   60.8769   67.9412   68.3593   0   55.0161   
23.0217   63.1981   65.8027   67.1193   8.24621   28.0179   38.1838   25.632   19.4165   75.7166   44.9444   41.2311   53.2353   31.3847   18.868   37.6431   7.61577   66.6483   13.9284   18.7883   37.7359   64.4127   66.242   67.624   45.9674   63.9531   64.1327   66.8506   4.47214   60.9262   5   71.1196   25   60.9016   70.9366   62.0967   53.1601   37.4833   31.0161   0   
