15
40
999999 6 8 6 17 10 16 15 10 14 9 15 12 17 15 10 14 11 5 15 13 8 6 10 12 8 10 5 14 11 17 15 5 17 17 15 17 14 6 7 
0 2 5 4 16 5 15 14 4 13 1 9 5 9 9 3 12 6 1 7 11 5 2 9 2 2 5 1 2 7 5 11 3 8 14 8 14 6 4 1 
20
0   0   0   0   0   0   0   0   0   0   0   0   0   0   0   0   0   0   0   0   
-4   0   -4   6   -6   4   -4   1   -5   3   -1   2   -4   5   -3   3   -3   1   -2   0   
6   -2   4   -3   4   -1   1   -1   0   -6   2   -4   3   -4   2   -5   4   -2   2   -1   
-2   0   -3   -1   -4   -3   2   2   -6   2   -3   2   -3   2   -2   4   0   0   -1   2   
-7   11   -7   11   -7   5   1   3   -7   11   -8   10   -1   5   5   10   3   7   -1   5   
-2   3   -1   3   -3   2   -6   7   0   7   -2   0   -3   5   0   2   -1   3   -1   0   
-4   4   -2   12   -1   -6   -4   3   -6   2   -10   9   -8   4   -10   5   -10   -1   -4   -2   
-7   -13   -2   -1   -2   -5   5   3   -5   -5   -3   0   4   -7   -4   -3   4   3   7   0   
8   -8   -1   -4   4   -3   4   2   2   -2   1   -5   9   -3   8   -5   5   -7   5   -5   
-13   12   -12   11   -12   11   -3   8   -8   2   -6   2   -10   6   -14   11   -10   11   -5   5   
-2   5   -8   7   -1   8   0   6   -1   7   -6   7   -1   6   -8   6   -4   4   -3   6   
-5   14   -11   8   -5   6   -9   14   0   11   -2   7   -12   2   -2   4   -10   11   -8   14   
-9   -2   -3   8   1   1   -5   -2   -2   1   -8   -4   0   1   -4   2   0   -1   -3   4   
0   6   -11   0   -5   4   -1   2   3   -2   -5   1   -1   3   -10   -2   0   1   -2   0   
2   2   -4   0   10   -2   -2   -10   2   0   3   0   0   -2   3   0   5   1   1   3   
4   -4   -2   0   2   -3   0   -2   1   0   0   -6   0   2   4   -1   0   -4   -3   0   
11   -6   9   -12   7   -9   3   -9   9   -11   9   -13   8   -8   8   -13   8   -13   12   -5   
-7   6   -5   4   -6   5   -5   5   -6   0   -5   4   -10   11   -9   5   -5   6   -3   8   
-1   1   -1   1   0   2   0   1   0   0   0   0   -1   2   0   1   0   -1   -2   0   
14   -8   0   -7   9   -11   10   -15   14   -15   9   -11   11   -9   4   -15   12   -9   14   -12   
-3   9   -7   0   -2   9   -7   11   -7   5   1   2   -6   12   -1   6   -9   5   -8   6   
-3   5   -4   6   -6   3   -4   2   -5   2   -2   6   -4   2   -4   4   -2   7   -4   6   
-4   0   0   2   -2   4   -4   4   -2   3   -3   3   -2   2   -4   1   -5   2   -5   6   
-5   1   -5   1   -5   2   -5   8   -2   0   -8   0   -4   0   0   4   -5   -2   0   2   
-2   9   1   6   -8   8   -6   7   0   9   -5   11   -7   7   -5   3   -3   4   -10   4   
0   0   0   3   -2   1   0   0   0   0   0   4   -1   1   -3   -1   2   -3   -2   -1   
-6   4   -8   9   -6   8   -1   4   -6   10   -9   6   -3   5   -2   7   -8   4   -3   6   
-2   1   0   3   -2   2   -1   2   -2   2   0   1   -2   2   -2   2   0   2   -3   3   
-10   2   -6   5   -5   4   -8   14   -6   7   -13   1   -14   3   -8   2   -11   9   -6   7   
-3   2   -7   3   -3   5   1   8   -4   0   0   0   -5   0   -1   2   -4   7   1   5   
-4   8   7   8   0   1   -5   -1   -1   6   6   5   3   6   -1   11   -6   5   -7   -7   
5   -2   10   1   4   -11   2   -4   12   -10   10   -13   14   -12   9   -6   6   -10   5   -8   
1   -4   2   -2   0   -2   0   -2   2   -2   2   -3   2   -2   2   -1   2   -2   0   -2   
3   1   -3   3   5   2   0   1   -1   3   0   6   3   -5   -1   -3   7   1   -3   13   
-14   12   -12   11   -4   15   -9   12   -14   10   -5   15   -12   9   -14   8   -2   11   -12   6   
2   3   1   4   2   5   -1   5   -5   0   0   2   0   7   -13   2   -4   -7   -5   3   
3   -9   6   -7   1   -5   4   -5   9   -9   2   -2   2   0   0   -1   11   1   0   -3   
7   -9   8   -11   7   -3   11   -6   5   -7   5   -8   8   -7   8   -5   6   -3   14   -7   
0   -2   1   -1   2   -4   1   -2   0   -1   6   -4   1   0   4   -2   1   -3   0   -2   
3   2   2   1   2   2   3   0   1   -1   0   3   1   -3   5   0   5   -1   0   -4   
0   35.0263   67.1283   60.5999   55.6232   49.2324   38   69.1597   88.9979   78.8722   55.9085   68.2353   43.5117   58.3766   52.2947   74.208   46.2375   68   30.4721   54.2753   66.5398   51.5683   74.5234   53.8444   49.6531   49.0768   53.095   65.4533   41.1327   38.7883   77.6392   56.9762   59.0595   59.4475   32   60.7379   38.2483   36.8035   38   78.9365   
19.0263   0   81.0303   66.6624   62.578   61.8188   43.105   71.309   97.5943   89.3303   48.2415   82.371   36.1529   36.5167   30.434   93.2343   50.0809   83.0156   34.2627   64.9227   80.6311   48.2029   78.8821   39.1948   32.3178   48.6497   67.1154   77.0748   31.1231   47.3847   86.3442   66.7817   44.2389   74.6743   48.0156   57.4166   40.8395   40.6469   47.0156   97.9628   
47.0956   66.0303   0   62.4004   68.8145   41.0768   70.1202   82.9288   68.4528   43.2051   99.409   41.3256   80.7343   96.399   91.3303   63.8051   81.231   23.6056   70.6886   66.7397   28.4403   96.1202   77.5698   82.6479   94.0837   64.5371   40.0357   60.0476   80.0081   68.4367   55.3553   73.1378   106.155   31.4018   56.1283   84.0074   71.231   83.8992   60.1321   73.0937   
38.9487   51.6624   46.4004   0   94.5719   68.3517   57.6807   101.329   104.618   86.8378   62.7673   44.2324   57.19   73.696   69.7792   42.8129   43.1204   63.8167   69.4166   32.3246   72.2353   63.8722   107.191   87.7422   83.9802   83.5699   63.2655   26.0499   70.6992   73.1774   89.5844   39.2066   77.1506   53   55.7131   99.6865   54.2029   50.6742   56.5254   42.313   
39.6232   46.0435   53.8145   73.9797   0   42.4253   67.4174   28.4018   61.0538   68.8803   94.285   85.5079   73.0703   74.9006   68.8179   101.664   81.9445   77.42   51.1386   90.258   66.2217   89.5969   36.9706   49.0392   57.6079   30.9284   66.1775   93.103   63.0465   37.0227   56.0143   96.025   90.2823   73.8032   63.3192   36.5242   77.8715   76.4267   64.4588   116.293   
30.2324   46.8188   26.0768   51.3517   28.4253   0   61.7253   56.8271   64.2492   42.5136   86.1409   59.1638   70.0392   83.0332   77.1364   81.6807   68.8219   49.4109   55.4012   80.3415   44.4165   81.8008   57.5254   63.8089   72.1361   45.6982   38   68.1536   63.72   39   53.0185   75.1664   89.2919   47.4591   47.4009   58.0119   58.8219   67.0359   47.8087   78.846   
13   19.105   54.1202   32.5576   52.3927   41.7253   0   78.6685   98.807   84.2389   47.8329   68.3352   36   46.8617   42.4094   74.1261   31.3246   69.3173   32.2788   45.4077   74.0533   46.3246   86.5156   58.2998   51.4228   61.5972   58.4969   57.5599   43.2047   50.7805   88.435   47.2668   58.6609   65.9676   41.6333   73.7379   21.3246   32.8167   40.6333   74.8706   
50.1597   54.1295   63.7024   85.3288   11.4018   39.1152   62.6498   0   55.1152   68.8497   102.371   94.0348   83.7658   81.8432   79.3385   113.066   93.3462   87.308   62.5404   101.66   73.4885   99.1702   40.0333   50.8024   61.2277   42.3301   72.0803   104.287   69.6236   48.4245   53.8497   106.998   95.3905   85.205   66.8035   30.8924   83.9744   86.9633   65.8035   117.961   
68.2495   80.9197   50.1597   90.2497   38.6264   40.2492   80.8022   39.1152   0   47.1603   124.158   84.0071   106.459   110.355   104.272   107.022   109.071   73.6727   88.4524   112.902   60.1132   118.805   38.0832   84.2025   94.3901   66.0918   72.1412   104.092   96.2334   72.2096   35.0333   115.416   125.042   73.0762   77.4003   66.9711   99.0711   105.053   76.9016   119.095   
57.2451   74.3303   23.3452   68   45.8803   27.5136   67.6757   52.7731   28.1603   0   111.478   59.7648   92.2569   103.538   100.077   81.2722   94.2937   43.6932   75.4324   87.7476   29.7648   107.197   58.4197   85.0298   94.0678   68   51   80.846   87.9461   60.9318   32   96.483   114.005   54.747   60.8722   77.4003   86.3355   94.0486   63.0435   92.3442   
41.7732   33.2415   82.3468   47.0956   78.2624   71.5052   29.8329   87.0919   109.986   97.4166   0   87.3485   40.484   44.9634   42.0185   89.9086   42.1105   98.006   60.1649   64.7307   100.87   24.0828   109.109   71.491   65.0888   78.8792   86.1833   73.1455   49.4683   74   114.301   58.3275   41.6333   90.4222   66.7277   90.6581   46.105   35.105   70.4662   89.4086   
47.1699   65.521   20.2237   30.2324   67.1193   38.9487   49.2544   78.032   70.0071   43.566   73.3485   0   77.2046   94.9295   91.1136   49.0217   73.3529   36.72   67.8795   54.3593   48.6641   86.7734   86.9153   88.5177   92.8523   74.3343   35.9545   40.4307   77.9839   63.5177   69.0364   60.4382   98.485   30.7047   53.3553   96.9606   69.0106   72.0086   52.3553   54   
20.8087   13.1529   65.7343   42.19   56.3649   51.0392   12   65.4599   88.459   77.8974   21.9545   61.2046   0   39.4642   37.8062   85.003   32.1245   81.3173   44.2788   57.3147   82.4794   33.4012   89.5603   50.0139   45.4708   61.8026   66.923   68.2399   38.1421   57.2884   98.4479   59.1738   47.0217   77.3149   52.3847   70.5695   33.2315   33.7082   52.6333   84.503   
33.3766   15.2315   80.399   59.5399   59.4643   62.0322   28.8617   66.2873   95.6033   89.5377   26.4764   77.9295   17.4642   0   27.0828   101.497   49.5888   98.1523   49.28   72.4707   95.8626   38.8806   94.1136   51.6155   42.6155   63.8812   82.3469   84.8767   44.3132   62.6163   100.452   74.6378   36.6301   89.9058   63.2472   69.1202   48.6956   50.0217   62.2472   101.853   
27.2947   9.43398   74.3303   54.9181   54.8179   56.0803   23.4094   62.2656   90.2718   83.5703   27.0185   72.1803   12.8062   6.08276   0   97.5355   43.4253   92.4496   43.6967   68.8171   90.0651   41   88.2873   44.0832   41.7518   58.0836   76.5494   80.968   38.4164   56.8187   95.7782   66.6236   41.8114   84.0298   57.4496   66.8506   44.734   46.105   56.4496   97.2311   
60.208   76.0066   43.0465   26.6833   87.6641   60.407   57.3062   98.8989   93.0215   66.2722   73.5527   23.0217   68.0294   85.4927   80.4984   0   69.8038   57.1995   81.3817   49.249   67.0094   90.4093   109.937   108.868   107.408   95.7718   58.9762   40.7631   97.2393   86.5394   92.0581   51.0139   103.834   53.3657   72.225   118.419   75.8015   77.3576   71.225   24.099   
27.5136   28.7924   63.0635   29.1204   66.9403   54.8179   14.5602   77.1038   94.578   79.3977   19.6469   53.7587   16.1245   31.8904   28.4253   55.7853   0   77.561   46.839   49.1661   80.0341   40.0278   95.9329   66.1384   61.1102   74.1507   64.4777   55.1703   45.6356   65.2385   96.8352   44.4307   49.6155   74.9245   49.4215   83.0072   35.8848   27.434   55.0588   71.4334   
49   68.0074   3.60555   45.3431   57.3149   29.4109   55.3173   67.2681   53.3385   26.0768   83.006   17.72   67.082   82.1523   76.1052   40.1995   63.561   0   69.5602   70.3453   32.0459   95.0273   81.1753   86.2534   94.3127   68.1427   40.1245   58.1508   81.0312   64.3847   58.0768   74.28   107.364   35.0073   55   87.4228   70.0273   81.521   61   64.2769   
4.47214   17.2627   49.0102   43.4166   36.1386   29.9666   16.2788   46.3897   66.5282   57.3847   43.6005   50.5668   21.9317   32.28   26.2488   64.3817   30.8058   51.1566   0   58.7475   64.1396   55.3329   71.5931   48.4131   46.7734   41.3607   50.6239   67.8197   31.1529   43.2604   78.3258   61.4483   61.5015   58.1828   30.5602   55.4588   37.0227   41.2756   30.5242   83.4086   
38.2753   48.9183   51.7397   6.32456   75.2396   54.3415   30   86.4696   93.9202   72.7186   41.3038   36.3593   38.4187   55.4707   51.225   32.249   24.1661   50.9117   42.72   0   72.9828   61.4849   105.352   85.2244   78.8222   82.2312   64.9418   32.3744   63.2017   71.72   95.9089   33.4031   73.7816   59.3246   55   98.1789   47.0832   50.45   54   48.6376   
45.8803   64.1327   10.4403   53.2353   45.2217   19.4165   55.0091   54.4885   40.0125   14.7648   84.3801   30   65.9242   79.0759   73.0068   53.0094   65.8027   13.9284   46.8722   57.9828   0   95.7854   59.4863   77.0767   87.3576   58.9659   30.5563   70.4307   76.6868   54.2215   46.7648   80.3506   102.932   41.8421   49.6155   77.4284   72.6987   81.0654   48.6155   74   
36.7967   27.2029   79.1202   46.8722   72.4707   66.8431   25.5539   81.1542   104.805   93.1933   6.08276   71.4493   16.4012   20.8806   21   73.5459   18.0278   80.0062   38.2884   41.4849   80.5295   0   105.962   65.0832   59.5208   75.8526   80.8432   72.922   49.7898   71.1049   108.74   62.2917   33.6918   85.0821   60.3249   84.6195   40.7648   29.7648   66.1872   89.1852   
54.4243   62.8013   55.5698   85   16.9706   34.5254   67.4166   15.0333   24.0832   40.6079   94.5145   72.45   72.5603   76.4199   71.7008   94.6414   81.9329   59.1692   51.4782   87.2067   45.4863   88.8369   0   64.7758   72.4891   47.899   72.5254   102.679   77.1942   49.7351   50.4197   109.692   107.04   81.9844   75.4782   44.1603   88.5009   91.2278   78.3517   113.371   
28.8444   23.1948   66.4078   67.7422   27.4591   41.5933   37.6431   32.8024   65.7419   67.0298   56.2939   72.6705   36.0139   33.6155   30.0832   88.4138   50.4876   69.2892   24.4131   66.6408   61   50.2195   44.2041   0   36.4536   38.1108   71.1548   90.7883   40.0227   42   73.6657   84.9099   59.1022   80.5138   51.8782   42.6155   58.9676   63.0476   54.9373   107.781   
28.6531   14.3178   72.8354   65.1153   40.6079   50.0899   32.8024   46.2277   78.3901   76.9415   45.0999   75.6439   27.2029   20.6155   18.1108   88.4081   43.0813   75.3127   25.0799   62.8013   69.0072   39.0512   57.4891   13.4536   0   50.5466   75.7038   90.3623   41.6205   55.4536   87.1194   79.6607   49.8869   83.2627   55.6401   47.6155   54.127   50.8378   55.604   106.785   
26.0768   32.6497   50.5371   62.3618   13.9284   24.6982   38.6394   24.0832   49.0918   49   64.4127   60.1082   42.4853   46.7547   41.7253   78.7718   53.1507   53.7122   22.3607   62.9682   43.9659   58.6686   30.2324   18.1108   29.5466   0   55.9714   82.897   49.4109   26.8167   65.7612   83.053   72.3149   63.679   49.2312   39.7231   59.3834   62.8803   48.2312   102.871   
33.0606   52.0096   14.0357   38.6264   45.2217   17   40.4969   56.0803   51.9711   30   69.3542   21.9545   51.923   66.3702   60.2993   43.6807   50.4777   16.1245   35.0571   42.9418   15.5563   65.7951   50.9608   53.7122   59.2284   39.2046   0   59.2156   63.1711   49.1548   60.108   73.2443   89.5252   30.6301   36.0998   75.0119   59.1825   67.5497   35.0998   67.7797   
45.4533   60   42.0476   10.0499   77.201   52.1536   41.0488   88.6002   89.1067   64.846   57.1402   23.4307   51.4296   68.8767   64.0078   16.7631   39.0512   40.3113   49.8197   16.0312   50.2892   56.8859   86.5794   74.2024   72.9178   66.7083   37.2156   0   76.4891   80.0803   92.4671   35.8806   87.2005   52.0161   62.9102   105.279   61.2353   60.7241   64.4838   36.0278   
15.1327   4.12311   62.0081   49.5177   43.0465   42.72   17.2047   51.6236   77.2334   70.2282   35.4683   61.9839   14.1421   19.3132   13.4164   73.2393   28.6356   64.0312   13.1529   47.2017   60.0167   29.5466   59.6406   22.0227   15.6205   29.4109   48   57.4891   0   51.5078   86.4166   64.4714   48.362   69.5788   43.7132   61.5397   38.5292   44.77   43.6771   91.8307   
18.7883   31.3847   41.4367   52.1728   22.0227   17   31.7805   33.2415   50.2096   43.9318   60   49.5177   38.2884   46.5296   40.8167   67.9559   46.2385   44.3847   16.4012   53.2353   36.2215   54.6717   35.7351   25   33.1361   10.8167   29.1548   56.0803   27.4591   0   59.9625   74.5739   75.6039   59.7849   33.4642   47.5287   53.1051   55.5918   33.72   87.6938   
56.6392   71.3442   35.3553   75.5844   35.0143   27.0185   68.6222   39.8497   15.0333   15   98.2904   55.0364   77.3369   86.4523   80.7775   78.0577   81.8352   38.6394   55.6058   79.4796   25.0799   93.4345   26.4197   59.6657   71.1688   41.7612   37.108   74.1485   67.4166   39.9625   0   102.185   114.076   61.0454   62.8017   69.2494   85.8404   93.4427   61.8017   97.0241   
41.9762   50.4777   58.1378   12.2066   80.025   60.1664   32.2025   91.1373   99.96   79.0759   38.3275   42.4382   38.9487   55.3173   51.6236   36.0139   23.4307   57.28   46.3249   6.40312   64.3506   39.3954   92.5419   69.6419   64.6607   67.3647   49.2443   20.8806   49.2443   58.0086   85.6154   0   70.4358   65.2066   61.4031   101.784   47.9422   50.8647   60.4031   54.5196   
42.0595   25.2389   88.459   62.6259   70.0928   71.5891   35.0143   76.844   106.042   99.0051   21.6333   84.0952   23.0217   10.6301   15.8114   89.1852   33.6155   89.9444   41.6293   57.7754   87.9318   17.6918   87.046   44.1022   30.8869   57.3149   74.5252   72.4224   29.1548   56.6039   96.566   56.4358   0   95.3057   67.6004   78.5024   55.4764   44.4764   72.1535   104.889   
40.4475   59.4138   11.4018   35   55.8032   27.4591   45.3982   66.5733   59.0762   33.8378   72.45   11.7047   57.3149   73.0068   67.0298   34.3657   52.9245   10.8167   43.1741   40.3609   19.4165   69.6419   60.7454   63.5295   68.0074   49.679   10.6301   31.0161   55.5788   39.4081   44.0454   46.7547   80.3057   0   44.6356   85.471   63.643   72.3173   43.6586   58.4647   
12   31.0161   35.1283   34.7131   39.3192   21.4009   20.8087   50.636   61.4003   46.8722   50.6063   36.2353   31.3847   45.2769   39.2046   51.8556   33.4215   37   14.5602   36.0139   34.5398   46.3249   51.4782   36.8782   39.5601   27.8568   21.095   38.9102   27.074   17.4642   48.4149   41.1096   53.6004   28.6356   0   62.4236   38.4307   48.8035   22   74.9379   
43.7379   43.4166   68.0074   81.5966   15.5242   42.0119   55.0818   13.8924   51.9711   61.4003   76.6551   79.3977   55.7315   54.1202   50.6952   98.4784   69.0072   71.4003   39.4588   81.7435   60.0333   70.6045   28.1603   20.6155   33.6155   19.7231   57.9828   86.3308   41.5933   30.5287   50.2494   85.703   64.4981   68.593   47.4236   0   76.4063   80.2944   64.2487   118.222   
18.2483   24.8395   54.231   27.2029   57.8705   44.8219   6.32456   68.3593   84.5991   69.6563   28.178   47.0106   15.2315   32.6956   27.7849   52.8015   10   55.0273   22.0227   24.0832   56.3028   25   72.4224   43.9659   38.833   44.2832   41.1825   36.2353   23.3238   36.6879   71.8401   25.9422   37.3363   44.643   23.4307   61.2046   0   27   45.4307   69.5159   
22.8035   19.6469   64.5136   36.6742   60.7454   52.4023   10.8167   70.342   91.0494   78.492   19.105   58.0086   6.7082   23.0217   19.105   62.9682   9.43398   65.521   25.0599   32.45   65.7647   14.7648   76.4853   42.0476   33.8378   46.8188   51.0784   46.2385   20.025   41.3401   79.196   32.5269   26.4764   55.3173   31.6228   61.2944   11   0   51.45   78.9872   
13   32.0156   34.1321   34.5254   39.4588   20.8087   21.6333   50.8035   60.9016   46.0435   51.4004   35.3553   32.311   46.2709   40.1995   51.225   34.0588   36   15.5242   36   33.6155   47.1699   51.3517   37.6431   40.4969   28.2312   20.0998   38.4838   28.0713   17.72   47.8017   41.1947   54.5711   27.6586   1   47.8539   24.0832   32.45   0   74.5115   
62.9365   78.0064   48.0937   27.313   91.7878   64.846   59.0762   103.078   98.0051   71.3442   73.3485   28   69.3542   86.7698   81.9878   5.09902   56.3028   45.2769   67.2086   32.28   58   73.7631   99.2018   91.4385   90.7855   82.4924   48.2701   18.0278   75.4321   71.6938   83.0241   35.2278   89.8888   39.2046   55.2178   102.215   54.2033   63.9766   54.6443   0   
