15
40
999999 10 15 13 14 11 16 11 13 8 6 10 14 13 10 5 10 5 7 13 13 11 14 12 17 7 11 5 10 15 10 6 13 14 8 16 15 6 8 15 
0 5 12 11 10 9 10 3 10 6 3 9 4 7 9 4 5 1 4 11 8 4 11 7 11 5 1 2 5 10 6 3 8 9 6 12 2 5 5 11 
20
0   0   0   0   0   0   0   0   0   0   0   0   0   0   0   0   0   0   0   0   
2   -7   6   -4   2   -2   5   -6   2   -4   6   -2   0   -3   8   -8   6   -2   9   -5   
-11   9   -13   6   -13   10   2   11   -12   1   -12   3   -8   7   -6   12   -12   3   -9   4   
-4   10   -8   7   -7   6   -10   8   -5   4   -9   10   -2   10   -6   13   -9   12   -9   9   
0   -6   3   -3   -1   4   0   7   0   4   -2   6   -6   4   0   0   0   3   2   -2   
-9   4   -5   8   -4   7   -7   5   -8   8   -8   10   -7   2   0   8   -6   9   -6   4   
1   5   -3   -2   -8   7   3   -3   1   -4   -3   3   2   8   -11   9   -7   2   -9   11   
-8   7   -2   3   -1   7   -6   10   -4   1   -2   2   -1   1   -11   7   -3   4   1   3   
6   0   1   -8   5   -1   2   0   7   7   5   -6   0   -5   1   0   3   3   0   -1   
8   -5   7   -4   6   -7   7   -3   3   -4   0   -3   6   -2   5   -5   6   -5   6   -6   
-1   0   0   0   -1   0   0   0   0   -1   0   3   -1   0   -3   0   1   2   1   0   
-7   3   -5   6   -4   3   -8   10   -7   6   -5   4   -3   5   -5   5   -7   9   -6   8   
5   -1   6   -6   7   -4   4   -3   9   -3   5   -7   10   0   6   -7   7   -9   7   -2   
-9   4   -1   8   -5   10   -10   5   -8   5   -5   5   -6   12   -10   7   -1   12   -7   6   
-8   7   -7   7   -6   3   -2   5   -6   5   -4   4   -7   5   -5   8   -4   6   -8   8   
0   -2   0   0   -1   0   0   0   0   0   0   0   1   0   0   0   0   0   0   -2   
-8   4   -4   1   -2   5   -8   6   -8   4   -2   4   -2   0   -4   3   1   2   -5   6   
0   0   -1   -1   0   0   0   1   1   0   0   -1   0   1   -1   0   2   0   0   1   
-2   6   -4   4   -7   0   -3   2   -5   0   -2   4   -3   7   -6   4   -3   1   -3   4   
3   1   6   -1   2   -4   7   -1   11   -1   0   6   1   -5   0   -5   -8   0   2   -1   
-3   2   -2   7   -9   1   0   2   -6   9   -7   0   1   -4   -5   3   -4   3   -2   3   
-1   5   1   3   0   1   -3   3   -2   5   0   1   0   1   -3   -1   -3   0   -3   -2   
0   4   1   7   -3   -2   1   2   1   1   -1   1   -7   5   -8   0   -8   6   -9   6   
9   0   9   -2   3   -8   12   0   6   -5   2   -3   12   -7   5   -9   4   -8   7   -6   
-5   8   -8   9   -1   11   -7   8   -8   14   -12   9   -4   6   -14   8   -7   10   -3   9   
0   0   -1   1   -1   0   0   -3   0   2   -3   0   -4   -3   0   -1   0   0   0   -1   
-2   5   -5   4   0   1   -6   5   -4   6   -6   0   -4   5   0   6   -7   5   -6   6   
1   0   -1   0   -2   0   0   1   -2   0   0   0   0   1   0   0   0   0   -2   0   
-8   2   -9   8   -8   10   -5   5   -7   8   -10   6   -7   6   -9   4   -9   2   -6   10   
2   -11   3   -4   11   -2   2   -8   6   1   1   -10   11   -9   5   0   9   0   8   -1   
-2   5   0   4   -5   5   0   2   -3   5   -2   4   0   0   -3   5   -1   5   2   2   
1   0   -1   3   -1   4   -6   3   -1   4   -2   0   0   0   -1   4   1   3   1   1   
6   -5   1   -10   8   -3   7   -7   13   -8   11   -9   7   -9   11   -4   8   -8   7   -3   
0   -5   9   -3   4   -9   10   -1   1   2   7   -4   7   1   7   -2   14   -2   -3   -5   
0   -2   -1   -3   4   -3   1   -5   2   -1   0   0   7   -1   2   -1   4   0   2   1   
-4   2   -9   3   4   -2   4   4   0   0   -12   -9   -5   4   6   0   -5   -1   -4   2   
-12   9   -8   6   -3   10   -6   14   -12   10   -7   9   -15   13   -5   5   -8   11   -14   0   
0   0   -1   0   0   0   0   2   1   2   -2   2   0   2   -4   4   -1   2   -1   2   
0   -2   3   1   -1   0   2   -7   2   -1   1   -3   0   -5   2   -2   0   -2   1   0   
6   -7   5   -11   7   -5   15   -7   12   -7   14   -7   2   -9   11   -8   6   -2   10   -4   
0   33.5602   65.614   71.4707   69.3023   55.6772   44.8444   60.2966   66.6624   44.8167   71.1339   52.9313   76.5261   40   73.2541   73.8617   45.3576   64.8678   75.2336   62.8808   47.0217   43.6356   46.4138   51.5261   43.7099   47.5941   73.2178   75.3095   67.1728   49.6554   69.3021   76.6525   34   36.6525   74.9016   57.7253   54.1386   66.8539   54.0167   41.7231   
14.5602   0   56.2311   73.7589   69.3226   70.2375   54.8497   60.8722   81.2226   51.2843   50.7343   63.2754   63.4166   45.555   87.8143   83   46.6155   55.28   79.2495   70.1479   60.1214   58.1959   40   43.9737   39.4722   52.2029   87.778   89.8697   81.733   49.6757   74.0754   82.9682   41.8045   47.2594   66.8722   45.0167   68.6988   75.1728   42.7631   37.3178   
51.614   41.2311   0   106.166   102.385   92.2909   73.9333   102.103   118.276   59.2492   65.1041   73.8652   41.8029   56.9857   123.66   121.005   78.6847   49.6497   114.04   70.4603   95.4854   84.2642   44.9317   49.0624   51.4109   48.8328   124.832   126.923   117.438   82.7386   67.0096   93.1158   63.6913   70.437   47.9422   31.0416   101.313   108.567   58   72.6004   
55.4707   54.3415   91.0879   0   22.6023   100.628   100.315   36.1359   83.4387   94.7057   77.5668   101.608   92.4347   95.4707   89.5328   59.0999   62.1214   84.846   47.3311   117.52   71.6281   97.0779   94.3415   77.3467   93.8137   98.4923   91.0027   71.0089   52.054   49.0832   123.769   128.6   88.2574   91.1196   104.767   96.0569   55.6962   38.1172   66.1664   58.025   
47.927   48.2597   86.7006   8.60233   0   94.6637   90.8173   33.1421   77.4109   91.8005   72.6488   100.858   98.4853   87.6045   83.7662   54.8681   53.7321   88.6498   34.2354   107.471   72.577   82.6222   87.1758   80.0588   87.7319   89.1332   84.5357   65.8321   46.8058   45.6469   116.593   117.439   80.9839   84.5795   101.437   90.6726   48.4109   33.4403   69.3847   55.0588   
40.6079   54.0833   78.2624   86.5563   77.9872   0   35.3576   82.5282   59.0258   57.4669   104.573   48.6586   111.267   62.3282   51.2156   85.6259   72.0881   102.376   95.2307   49.7567   50.0654   29.0416   74.6426   92.134   66.3964   68.4296   62.3192   80.8705   84.846   90.2633   56.2492   50.0161   63.7922   57.7343   111.732   87.7324   78.2015   86.9178   91.2925   75.4811   
28.8444   39.8497   59.9333   82.0061   73.8173   18.3576   0   83.0198   66.9722   43.6977   87.4983   32.2956   95.3209   50.2982   64.1658   83.4645   62.9674   90.1253   90.736   35.0263   45.7941   24.7703   57.5671   78.3205   49.3209   59.1059   71.3927   84.2722   88.2495   78.4999   52.074   40.6271   46.0208   40.1172   92.2624   77.8179   80.1601   95.6984   73.6127   65.5489   
42.2966   46.8722   87.6413   22.1359   14.1421   66.5282   64.846   0   60.566   86.3212   79.3228   90.1688   95.8413   82.1891   67.448   46   44.3059   83.0074   30.4018   99.8723   58.8186   79.841   84.5845   74.176   81.0075   89.8907   70.7773   57.9026   44.3576   47.4951   108.921   105.473   76.2966   76.2713   102.991   90.9372   34.6525   24.4031   64.9874   49.176   
51.6624   65   102.728   65.5134   57.7062   42.0476   52.8867   43.566   0   84.6272   105.824   77.2257   125.167   89.4885   31.8102   44.1803   70.1725   113.651   65.095   85.6298   49.0689   56.2019   98.0762   102.415   95.3723   99.2565   32.6158   33   54.3847   78.4819   93.6241   92.0637   85.6624   80.9828   126.564   109.349   44   67.9692   93.2266   77.4152   
24.7386   28.2843   40.2492   79.7057   72.45   38.0132   19.6977   66.9104   67.1193   0   76.6904   33.0384   73.0416   31   83.8635   94.1319   61.0499   67.846   94.6517   36.2485   56.5964   44.468   35.2878   57.0583   27.0416   30.4164   86.7156   93.7946   91.9114   74.3941   40.8395   55.8469   33.8167   27.0499   75.3043   62.5106   78.8773   91.3135   68.8292   65.6021   
47.0956   33.7343   48.1041   50.5668   49.6488   87.5728   73.4983   57.3149   90.824   59.4811   0   87.0096   49.4429   68.7779   112.921   98.201   58.8058   39.1245   83.8842   94.2647   84.7533   90.7313   58.6083   33.8494   72.5009   69.6308   113.462   104.211   95.4281   51.8277   100.321   110.273   71.1172   71.6127   56.541   58.5899   79.4981   80.1378   37.1172   48.8058   
31.4006   39.1152   51.8652   86.6083   78.7718   27.6586   10.2956   71.1688   62.9365   13.0384   71.6938   0   86.08   44.0263   74.4614   93.7601   69.7509   80.8844   95.9226   31.7703   56.0898   35.066   48.3262   69.8592   40.08   43.4548   79.6498   94.5678   90.9521   81.0561   41.2483   38.8537   37.4709   40.0883   88.3427   67.2597   74.8276   95.2528   71.4707   67.2096   
57.6975   43.4166   27.8029   78.4347   76.4853   93.7443   76.531   81.8413   108.167   58.0086   28.4429   71   0   72.1514   126.736   118.738   74.1201   27.8924   107.915   94.2571   96.5295   101.301   57.8343   45   66.0744   65.5372   130.915   131.126   115.907   72.3062   94.8125   109.854   72.9528   81.1957   19.099   42.5372   105.567   106.244   57.0588   69.4975   
24   24.4131   34.9857   77.4919   70.6045   43.4626   25.2982   66.1891   70.1783   6   54.2033   19.0263   52.0096   0   87.6563   95.339   58   60.3249   95.026   40.4951   62.5964   50.0686   32.329   54.0994   24.0828   27.4853   89.8401   94.8499   91.1728   71.5619   45.0689   57.4367   33   33.0499   71.1086   54.6142   78.1386   88.5681   66.0512   61.0132   
53.2541   67.2309   103.247   72.5328   64.5368   37.2156   50.1597   50.448   7.81025   66.0303   94.921   60.4152   110.639   69.6563   0   51.9906   75.5278   115.225   67.2682   85.186   51.2324   62.3954   99.6679   101.884   92.5185   94.1025   25.2361   40.8102   54.1152   83.8372   93.4648   85.1836   82.5602   75.4891   128.156   108.493   49.3553   72.6597   101.037   85.2255   
55.3624   65   106.005   45.0999   38.833   62.6259   68.1836   26   25.4951   77.1038   82.201   77   104.738   78.339   33.3017   0   70.3059   105.22   44.0238   102.166   54   80.6941   101.776   96.2808   99.0724   102.698   48.6111   25.1803   33.0623   71.774   114.732   106.195   89.1531   82.082   123.837   110.016   44.7231   47.4429   90.9874   75.176   
18.3576   20.6155   61.6847   37.1214   29.7321   54.1295   45.9674   26.3059   50.6952   42.72   40.1622   49.6488   59.4138   41   54.8179   45.607   0   69.2277   54.2195   76.7595   54.1603   58.0465   60.6155   56.7131   56.1096   60.0977   72.3205   68.7397   57.3113   33.4929   81.889   86.5944   46.28   55.01   78.5128   65.6322   45.1725   45   48.807   33   
46.8402   32.28   32.6497   64.846   62.6498   85.2115   69.0652   68.0074   95.8801   52.1728   16.1245   65.1153   13.8924   46.3249   98.8433   91.2195   46.2277   0   95.7718   86.82   87.0797   90.3348   52.0147   39.3417   62.5441   57.5441   118.548   114.967   103.539   67.9522   91.3938   103.762   67.0444   69.0096   32.9915   42.3452   90.3047   91.2277   43.5183   54.2353   
53.0377   58.2495   99.0404   24.3311   19.2354   73.2393   73.736   11.4018   43.8634   77.4145   67.2681   80.7775   92.6499   77.026   51.4296   21.0238   37.6563   78.7718   0   107.482   64.1774   85.1891   95.895   84.5412   92.4092   97.7541   67.1016   46.2041   28.1529   52.8466   112.955   114.363   83.9364   87.673   111.749   101.302   41.095   26.2195   75.3526   59.5412   
41.8808   48.2701   53.4603   97.2471   89.4707   32.7567   19.0263   81.9329   71.5891   20.2485   79.6492   10.7703   75.6637   25.4951   68.3081   87.0919   60.208   71.4703   91.4822   0   64.8204   43.7966   53.9219   75.6924   45.6757   49.4279   90.419   103.298   100.833   91.5362   30.0623   36.2788   48.2412   47.2983   90.2398   66.2398   85.598   105.208   82.241   77.9799   
23.0217   37.1214   73.6614   57.6281   49.0408   29   29.4279   37.6431   29.0689   39.2173   66.7533   38   80.5295   41.5933   30.2324   39   28.1603   69.0797   45.1774   48.1664   0   35.0238   69.4355   74.5478   61.4863   69.0786   46.2025   60.6005   54.833   59.643   78.2286   70.0549   54.8378   55.5466   97.9233   80.747   45.1661   62.0462   69.9362   54.1248   
28.6356   42.0476   68.2642   77.0779   68.6222   12.0416   10.7703   58.2495   42.2019   28.4253   75.5381   21.0238   82.2253   33.2866   39.3954   58.6941   43.0465   73.3348   66.1891   29.4279   21.0238   0   63.7131   74.1332   55.4669   58.8417   57.6293   75.2019   75.8568   76.5393   55.4833   51.3974   47.5433   40.4722   101.324   82.8466   63.1885   79.6375   78.5712   62.7598   
30.4138   23   21.9317   76.9415   71.1758   57.5847   39.5601   69.5845   80.9197   20.2237   44.5982   33.0606   38.0526   14.3178   81.3204   85.6154   43.2897   34.0147   80.895   37.855   51.8556   46.9574   0   49.7588   22.2462   31.544   98.0581   105.723   96.9085   70.9877   58.3954   71.1295   45.4391   45.6982   57.1516   42.2971   84.5524   88.2897   46.249   55.1214   
33.5261   18.9737   32.0624   59.3043   55.5428   72.0625   56.3205   58.5918   83.2166   40.4969   19.8494   53.1601   25   34.9285   85.8836   80.2808   34.7131   13.3417   69.7782   60.4152   55.9464   60.1332   24.7588   0   47.005   54.8024   102.149   103.453   92.0244   49.9026   79.9974   92.0139   48.3883   55.2046   43   37.2237   79.8856   75.4654   37.1803   47   
25.7099   22.4722   29.4109   76.6551   70.214   49.3964   31.3209   67.0075   74.4043   12.0416   49.6488   25   46   6.08276   74.3303   80.9568   41.1096   40.8044   78.1025   30.6757   45.4863   38.9487   8.24621   30.0167   0   25   90.6951   97.1925   92.8827   72.1479   51.1516   63.5195   31.6619   31.0294   65.099   49.5372   79.8485   86.1096   54.4952   59.79   
30.5941   27.2029   26.8328   81.4923   75.1332   51.4296   33.1059   72.0069   78.492   13.4164   52.6308   25.4951   46.2709   8.48528   78.1025   85.7263   46.0977   42.5441   83.0963   29.4279   49.7393   41.6173   8.544   32.8024   5   0   94.2813   101.727   97.7669   74.0379   46.8707   64.3488   36.6619   34.6155   65.37   49   84.7327   91.0977   54.793   57.4849   
55.2178   69.1158   105.361   73.0068   65.1153   39.3192   52.3927   50.9902   7.61577   68.2422   96.4624   62.6498   112.508   71.8401   2.23607   32.8024   56.3205   100.623   51.4782   70.5195   32.2025   41.6293   83.4386   87.7097   76.4853   80.2808   0   40.6158   56.3513   86.0733   95.5684   87.4196   83.0692   77.7252   130.119   110.729   51.5914   73.0446   100.842   85.031   
58.3095   69.6563   109.836   56.0089   49.366   57.8705   66.2722   35.9026   17   77.7946   90.2109   75.8024   111.126   79.8499   24.4131   11.1803   51.7397   97.949   32.1403   85.2877   38.6005   56.0357   88.6848   86.2786   83.1925   87.7268   23.4307   0   44.2426   74.5063   110.624   106.899   88.5891   83.0074   129.279   114.673   44.807   58.3599   92.5285   76.7171   
52.1728   60.4152   101.637   37.054   30.8058   64.846   68.2495   18.3576   31.3847   75.1665   75.2861   76.4199   98.7168   75.8024   39.1152   8.06226   40.3113   85.0412   13.1529   86.8332   38.833   59.4811   81.9085   74.6324   77.8781   82.7647   38.9487   19.0263   0   65.8527   114.964   108.877   82.9104   83.123   117.632   105.432   36.1245   39.3725   83.345   67.5336   
34.6554   30.6757   67.2681   24.0832   19.6469   71.5542   63.1269   25.4951   62.8013   57.4543   31.8277   65.9469   57.3062   54.5619   68.1836   50.774   17.4929   43.4166   35.609   76.2168   44.643   60.5392   52.9528   35.9026   53.1413   57.8705   69.3542   59.5063   43.6005   0   96.0975   103.754   63.7729   67.8197   76.4052   73.1264   52.4819   45.6271   51.7386   43.5529   
48.3011   53.0754   52.0096   103.769   96.1769   40.2492   27.074   89.1852   79.6241   24.8395   82.9277   18.2483   76.1577   29.0689   76.243   95.0474   66.6483   73.4098   98.9545   8.06226   56.0803   37.4833   39.3954   63.2851   33.2866   30.8707   78.4474   93.3435   94.6414   82.0975   0   34.72   53.609   50.6497   95.1183   74.3021   93.0759   111.648   85.6445   85.4578   
54.4518   62.9682   69.1158   108.6   100.439   31.0161   26.6271   91.3017   73.0068   35.8469   95.2733   23.8537   91.9239   41.4367   68.1836   92.1954   72.2496   87.6413   99.8098   16.2788   54.7814   33.8378   54.1295   76.3217   46.8402   45.7056   70.2567   88.459   93.3006   89.0955   17.72   0   61.2769   62.8968   106.519   82.5187   96.924   112.617   95.2591   91.0633   
15   17.8045   40.3609   69.0797   61.9839   40.7922   24.0208   57.2189   62.8013   10.8167   50.3289   21.4709   52.9528   9   62.9365   69.6419   32.28   45.0444   68.0294   30.4795   33.8378   29.4109   18.4391   32.3883   11.6619   16.1555   65.0692   71.5891   66.9104   46.6476   35.609   45.2769   0   28.0711   72.0518   56.6497   69.1386   77.28   57   53.2324   
15.6525   23.2594   46.4004   71.1196   63.561   33.7343   17.1172   57.2713   57.9828   10.0499   56.6127   16.2788   60.0167   12.2066   57.4891   67.082   34   52.0096   67.6018   26.4008   29.5466   22.4722   24.6982   39.2046   17.0294   20.6155   59.6657   68.0074   65.123   49.8197   32.6497   40   7.07107   0   79.1157   55.3954   69.7911   79   64.0711   52.9411   
60.9016   46.8722   25.9422   83.4865   81.4371   95.8019   78.2624   86.5332   111.83   59.3043   33.541   72.1734   5.09902   53.3385   114.057   109.124   63.6553   18.7883   97.4166   76.1643   83.863   84.4808   39.1152   29   47.2652   47   115.966   115.278   103.233   62.1772   76.1183   92.3472   55.0818   62.0967   0   47.6362   104.828   104.465   62.1578   69.8145   
41.7253   30.0167   12.0416   79.0569   74.6726   72.7324   54.8179   75.8947   93.3488   35.5106   37.5899   48.2597   23.5372   29.6142   94.4934   95.0158   50.1597   23.3452   87.2812   52.2398   64.4438   61.8466   15.2971   20.2237   23.5372   23   96.5401   99.4032   90.3383   55.2268   52.6308   68.469   32.6497   39.3954   24   0   95.3322   95.1597   45.0161   61.7612   
36.1386   45.2769   86.3134   37.6962   29.4109   52.2015   53.1601   15.6525   29   59.0762   64.4981   60.8276   85.5628   59.6825   35.3553   19.7231   26.1725   72.2496   21.095   71.3863   24.1661   45.1885   66.1287   60.8769   61.8466   66.7083   36.1248   25.807   16.1245   34.4819   79.0759   78.924   50.8035   49.0408   89.8276   75.2928   0   40.0556   65.8808   50.0694   
47.8539   51.2445   91.444   17.1172   10.4403   72.9178   71.1196   6.40312   48.5077   72.5672   58.1378   77.2528   83.863   71.5681   55.6597   28.4429   31   69.9714   9.21954   88.0227   44.0454   64.6375   74.1687   61.4654   72.0625   77.0584   56.0446   39.1152   20.3961   26.6271   95.1893   97.6166   62.6498   63.0635   88.6848   79.555   21.6333   0   71.3905   55.5791   
30.0167   16.7631   43   48.1664   44.3847   70.4557   56.6127   48.0208   76.0263   43.8292   17.1172   55.4707   34.0588   39.0512   79.4796   70.7248   25.807   20.5183   59.0593   64.0703   50.448   58.4209   32.249   11.1803   35.3836   39.2046   81.1542   77.4661   64.6607   24.7386   68.1175   79.2591   34   39.9249   38.6005   31.0161   51.7397   50.5668   0   36.8114   
19.7231   14.3178   53.6004   40.025   34.0588   59.4811   48.5489   34.176   60.4152   41.0488   30.8058   50.2096   49.4975   38.0132   64.195   55.3173   10   36.2353   45.5412   60.208   36.1248   47.7598   37.1214   25   36.6879   41.4849   65.7875   61.7171   49.6488   16.5529   65.8027   73.7564   30.2324   33.9411   53.8145   41.7612   36.0694   37.855   15.8114   0   
