15
70
999999 12 6 9 11 7 15 6 6 6 14 6 11 6 17 12 17 10 13 7 13 10 7 17 14 7 5 14 10 8 6 8 14 7 15 16 5 16 13 15 16 9 11 10 10 12 5 15 14 17 8 16 13 15 15 17 5 7 10 17 7 5 5 8 9 16 8 16 14 13 
0 3 2 3 7 5 9 4 2 3 1 1 3 5 1 11 3 3 1 1 10 1 3 11 10 3 2 6 8 1 4 4 3 6 2 6 3 3 3 8 8 1 4 4 6 4 1 13 8 9 3 6 8 12 13 5 4 6 6 4 1 2 1 2 8 1 3 2 13 8 
20
0   0   0   0   0   0   0   0   0   0   0   0   0   0   0   0   0   0   0   0   
-9   3   -1   1   -4   2   -7   0   -3   5   -3   -3   2   6   0   3   -7   -1   -8   8   
1   0   3   2   2   -3   0   0   0   0   3   1   0   -2   0   0   1   -3   0   -3   
3   -1   3   -4   3   -4   5   0   5   -5   4   -3   1   0   5   -1   3   -4   3   -4   
-7   8   -3   6   -8   10   -11   9   -4   10   -5   9   -7   7   -8   6   -10   9   -7   9   
-2   0   0   0   1   -2   1   0   5   -1   -4   2   0   0   -1   0   0   0   -1   1   
-10   1   1   11   -9   5   -8   3   -3   6   -11   0   -5   4   5   9   -7   4   -5   6   
-1   -1   -1   3   1   3   0   0   -1   3   -4   -1   -1   3   -2   0   -1   2   1   1   
-4   4   -1   0   0   0   -1   -2   -3   5   -3   1   -3   2   0   0   -1   0   -5   2   
5   -4   4   -3   4   -3   2   -1   0   -3   1   -2   1   -4   0   0   0   -3   1   1   
4   0   4   -9   4   -1   3   2   4   -5   4   0   3   1   3   1   0   -2   -1   0   
1   1   3   -1   1   2   0   1   0   -1   1   -2   -1   0   5   -1   2   0   1   3   
3   -1   5   -7   6   -3   0   -3   5   -8   5   -5   3   -3   6   -4   5   0   2   -3   
0   -1   2   3   1   -3   -3   1   -3   0   1   0   3   0   4   -1   1   -4   1   0   
-14   14   -9   8   -11   7   2   6   -13   13   -9   4   -8   11   -7   7   -6   12   -8   9   
-2   4   0   4   -4   11   -4   6   5   10   -2   9   -1   4   -6   4   -8   7   2   0   
-2   -6   1   0   5   -1   9   -10   13   -11   10   -2   6   -7   4   -7   1   -7   11   -1   
-2   0   1   2   0   2   -1   3   1   0   -4   7   7   0   -2   1   -5   6   0   5   
-2   5   -1   5   -4   5   -4   5   -4   9   -7   8   -2   1   -2   0   -2   5   -4   -5   
4   -3   1   1   0   -1   1   -4   0   1   2   -3   2   1   1   -2   5   -4   2   -5   
-3   6   -7   3   -2   3   1   0   -6   0   -12   -1   -11   5   0   10   -8   -3   -7   10   
-7   10   -1   4   -5   8   -10   6   -5   4   -6   3   -9   7   -5   3   0   3   -5   9   
3   0   0   -2   0   -3   3   -4   3   0   4   2   4   -2   2   0   0   -1   0   -1   
-6   12   -14   15   0   15   -9   10   -10   11   -7   15   -4   5   -14   3   -11   4   -10   6   
-5   -1   -4   5   0   9   0   -4   -6   1   0   -9   0   -3   -5   -1   -1   0   2   6   
1   0   5   1   0   0   -2   0   -1   0   2   -2   2   2   1   -2   -1   -2   0   -1   
-2   1   -2   2   -3   1   0   3   -1   3   0   1   -1   0   -2   0   -1   1   -3   1   
-3   1   -10   7   -10   7   -7   6   -8   8   -3   0   -3   7   -8   -3   -4   14   -11   5   
3   4   5   0   0   0   0   4   2   3   0   -4   0   -8   2   1   -1   2   -3   0   
4   -3   1   -3   3   0   3   -5   3   -1   3   -7   3   -4   4   -2   3   -2   2   -2   
0   -2   -3   -2   2   2   -1   -3   0   -1   1   1   3   3   3   -1   3   -1   1   -1   
-2   0   2   2   0   3   -1   0   0   0   0   2   3   2   -1   1   -2   -1   -1   5   
-3   -1   -1   -6   4   -2   3   -1   -7   4   2   0   -2   -2   5   9   9   -7   -2   0   
-1   0   0   -2   0   1   2   -1   -1   -2   0   -3   0   -4   -1   0   1   -3   0   0   
6   -2   7   -9   11   -5   0   0   3   -3   -3   -1   2   -5   3   -10   8   -10   6   0   
11   4   6   -9   14   -8   4   -8   3   1   8   -6   2   -12   13   -8   7   -6   12   -10   
2   0   0   0   -1   -3   -1   0   0   0   0   0   0   0   -1   0   -1   0   1   0   
-2   8   -6   5   5   8   -6   4   0   7   -11   4   -6   2   0   4   -9   -5   -2   7   
7   -8   4   -7   8   -12   1   -11   3   -9   6   -2   12   -10   9   -3   9   -5   6   -6   
-6   7   -11   4   -2   8   -8   7   -12   6   -8   6   -3   8   -12   12   -8   7   0   4   
-6   2   -2   7   1   0   -1   14   -11   -3   -1   6   -2   6   0   5   3   10   -7   5   
6   -6   4   -5   5   -4   8   -4   8   -4   1   -7   2   -1   2   -3   4   0   0   -1   
-2   3   -5   6   -5   7   2   6   -4   2   -7   9   -4   1   -2   1   -9   0   -4   3   
8   -2   9   -4   3   -3   3   -1   0   -6   3   1   0   0   2   -8   2   2   4   -2   
3   -1   5   0   1   0   9   -2   0   -3   2   -8   0   0   3   0   5   -2   5   -10   
-7   9   -11   6   -9   -2   -9   9   -8   0   -5   4   -6   7   -7   10   -7   9   -2   0   
3   -2   3   -1   0   -2   1   -3   1   -2   1   0   2   0   1   -1   2   -2   0   -2   
-6   2   1   4   -1   7   -5   2   -14   2   -5   2   0   3   -11   8   0   8   -8   4   
-6   4   -7   3   -5   9   -3   4   -4   9   -12   9   -7   10   -7   9   -11   5   -7   10   
7   -5   14   0   5   -11   11   -7   1   -8   9   -4   9   -5   10   -11   10   -15   6   -11   
7   -1   3   -4   7   -7   4   -2   6   -6   3   -8   5   -2   7   -3   5   -4   6   -5   
-4   8   -2   4   -8   -7   -1   3   -8   2   -8   7   -5   14   -11   4   -5   8   -5   5   
-6   7   -9   0   -4   1   -4   0   -6   4   -6   0   -4   5   0   1   0   0   -5   7   
1   6   -3   -5   1   1   2   -5   5   -3   2   -4   5   0   1   0   12   -6   3   -7   
8   -5   14   2   13   -9   3   -5   0   -10   -1   -8   10   -9   7   -5   -1   -1   0   -7   
0   12   -2   10   -8   8   -11   7   -3   11   -5   4   -5   9   -11   12   -9   9   -9   9   
0   0   1   -1   1   0   1   -1   1   0   0   -1   0   -1   0   0   0   -1   1   0   
0   -1   3   -4   0   1   2   0   1   2   2   0   3   -5   -1   -3   1   0   2   0   
-2   3   -7   8   -5   8   -6   4   -8   6   -5   3   -4   10   -10   8   -6   6   -9   4   
0   -13   2   -15   7   -4   6   -1   10   0   -4   -6   3   -9   0   -1   15   -4   0   -7   
0   0   1   -3   1   -3   2   5   0   -1   -4   2   1   -2   0   1   1   2   1   -2   
-1   1   0   2   0   1   -2   1   0   1   -1   0   -1   3   -1   3   -2   2   -1   1   
0   0   0   -1   -1   0   1   -1   0   -1   -2   0   0   0   0   -1   0   0   0   0   
-1   3   0   -1   -5   1   0   1   -3   -1   -4   3   -6   2   -2   4   -3   2   -2   1   
7   2   0   2   5   -4   3   -1   1   0   -3   1   -7   1   1   -1   -4   2   0   -5   
-7   6   -9   2   -6   7   -9   12   -15   2   -11   -6   -11   10   -13   5   -3   9   -2   1   
1   0   0   0   -1   0   -5   -2   0   -3   -3   -1   0   1   -1   0   4   2   0   -2   
-6   6   -7   15   -2   3   0   -2   -10   5   1   11   4   9   -4   6   -8   8   2   3   
-7   8   -8   10   -5   8   -7   3   -6   0   -3   10   -14   4   -5   8   2   9   -10   7   
-1   1   -2   0   -4   0   0   2   4   -3   1   0   1   0   4   4   0   1   0   0   
0   36.6977   28.0623   58.7621   44.4344   65.2757   62.4694   64.7706   64.5941   62.0435   63.1041   60.7214   20.0828   65.4004   49.1108   57.7562   70.1745   89.1249   74.6058   53.0005   54.2258   63.5872   67.4074   42.8141   68.095   63.8293   68.0096   64.6201   57.107   43.9258   34.8167   67.4777   45.4915   77.4401   62.6477   70.6624   55.7612   64.0163   48.6719   78.2415   60.0999   63.4125   70.3608   55.0779   25.0711   51.7577   42.7308   55.3275   37.4031   28.6015   52.3017   52.9126   37.6155   54.2872   47.2426   61.4138   31   63.5296   56.9061   67.2675   52.6506   79.0538   41.095   41.2488   64.0918   47   68.1856   48.6007   43   45.3847   
19.6977   0   41.318   43.5372   29.8102   84.2042   78.3817   49.9061   52.1448   64.7859   53.469   72.4062   34.1172   74.2425   34.868   76.3939   87.3043   85.8946   67.8484   40.212   42.7047   78.5913   50.7231   62.5119   73.8246   83.4671   83.6597   50.5296   60.6985   28.8102   44.9933   69.0482   49.2278   85.7249   48.1361   67.0667   75.4589   72.2713   31   58.6542   77.6846   47.5296   80.5515   66.979   44.0263   59.9829   34.0623   72.8475   31.6026   48.2992   65.8724   65.7568   54.0156   57.1545   63.2652   48.1603   33.8255   61.5601   53.7583   54.6128   65.4662   97.7619   28.4403   54.0644   81.5735   52.4187   60.4849   68.2984   59.7214   35.0416   
8.06226   25.318   0   64.3733   52.4966   60.8891   57.1955   70.671   69.2649   70.1057   71.1663   68.2892   28.145   56.7632   57.173   53.0789   69.1543   97.1871   82.668   57.6713   55   60.788   65.7955   33.0294   58.6042   62.6492   63.4065   69.1543   56.4556   51.9881   40.3848   75.54   40.3311   68.0099   57.0465   78.2996   59.9559   54.7329   52.3091   81.6607   64.98   68.0833   72.0989   49.1757   28.7082   42.2029   50.7931   57.7023   45.4654   36   48.0692   47.807   34.4164   46.4131   46.0227   67.0094   39.0623   69.8308   57.2046   70.8081   55.0483   79.4114   44.6356   44.0238   63.7703   34.6155   74.9117   42.4008   42.4165   50.0555   
43.0116   23.5372   48.8365   0   32.9234   107.741   101.919   41.8229   36.1796   69.4597   46.2655   83.883   57.1746   94.8312   36.5529   99.9311   106.528   80.3698   61.9872   30.8661   49.9333   100.994   48.9848   81.4906   93.5751   106.629   106.27   28.3693   69.0167   33.79   56.3401   71.7653   69.1675   104.591   57.0487   65.523   96.0062   92.3813   39.6135   53.0624   86.8011   36.4868   97.7062   80.3113   58.7287   80.308   33.79   84.4072   43.1623   71.6131   88.7647   84.3996   69.3178   77.9799   86.8024   35.434   45.3852   65.3733   64.6476   48.0588   75.0125   120.156   40   65.4564   105.111   75.956   69.5725   89.2261   83.2586   29.3178   
27.7849   8.48528   32.573   17.0294   0   91.922   84.0072   39.1868   38.3452   67.0865   53.0132   74.9083   38.4094   77.0967   34.4165   84.3542   94.1964   85.7743   67.3927   26.4018   35.1246   87.0765   39.5153   62.8539   76.327   90.2928   92.145   38.7065   53.2099   15   43.2062   71.3208   55.0524   88.1642   45.4433   69.7562   78.0312   78.3703   25.2195   58.3593   82.9712   36.5407   89.0368   72.5433   47.7125   68.4682   21.2361   77.5411   40.0879   56.3864   74.3577   68.2398   55.054   65.6398   71.7505   38.7697   34.1245   53.2353   60.5933   63.0789   69.8292   106.247   36.9256   59.8378   90.0067   60.904   61.2709   74.9738   68.2066   27.6056   
50.1597   69.857   45.793   93.0484   77.8203   0   54.4044   112.908   114.603   88.2446   105.991   74.0259   69.8754   68.9101   97.2568   23.8102   51.45   115.833   105.126   103.01   97.2212   43.5229   111.589   56.3017   77.4152   28.6569   44.868   114.629   92.5299   92.8203   69.278   91.3263   76.4054   81.8322   102.267   96.979   52.5576   76.3667   93.0066   127.209   63.7393   113.422   70.7643   53.3814   69.4786   72.4348   92.8906   59.9162   83.8379   55.596   38.5153   67.9535   65.8365   69.6063   52.6007   109.56   79.146   103.705   78.3877   101.324   85.2656   46   85.6814   77.8982   53.3196   50.2402   93.3151   39.1948   54.2843   95.3941   
48.3839   64.3817   40.5216   87.023   70.0071   35   0   101.433   104.135   106.113   111.488   95.1585   65.1861   39.4929   97.4947   50.5941   82.5726   131.324   118.556   93.5812   81.3999   73.3755   95.545   40.1661   50.2947   61.2046   68.9711   107.714   66.774   84.0072   75.8087   111.431   57.3363   43.0768   82.3099   112.799   29.7082   44.8087   81.4158   111.393   88.2338   106.548   92.8966   73.8982   65.0151   45.4951   88.2251   82.0485   83.9638   56.2729   60.6476   43.4391   50.0151   51.5707   38.8087   107.531   79.3839   77.4192   96.6392   111.296   52.3593   76   85.1231   64.2938   79.1354   66.4535   109.528   55.4081   48   89.0068   
49.4975   31.9061   52.2015   22.8035   23.7065   97.9081   83.4326   0   21.6569   88.5527   69.069   97.552   62.1159   87.3707   53.9287   105.28   117.903   102.969   84.5845   33   42.2132   110.483   29.6158   80.1891   83.6915   113.327   115.563   35.4536   61.6394   38.7065   66.9127   92.6241   70.3901   94.8429   45.8806   88.3265   97.4474   84.115   44.0227   27.8062   102.593   41.8114   111.101   92.4169   64.0264   76.3237   39.0877   97.3849   56.7515   78.0989   97.7587   84.8594   72.6236   76.6719   87.5542   56.57   54.032   57.0832   78.763   70.8623   65.01   128.551   53.5892   66.1475   113.133   84.3249   82.6572   94.5238   89.978   34.6155   
49.8197   31.1448   53.3385   18.1108   22.6716   99.1262   86.4928   5.65685   0   85.4969   63.3084   95.1542   60.931   93.0275   50.2956   105.417   116.868   97.6305   80.0979   32.0416   43.27   109.736   28.0384   83.1542   89.3484   112.964   114.805   26.8102   61.0278   37.6716   65.8777   87.8241   68.0923   100.5   43   83.6338   96.9535   89.7718   38.2594   33.4631   101.447   24.2956   109.985   91.0193   65.6476   81.9806   41.6008   96.0171   58.7522   78.4211   97.0172   86.0661   77.2094   79.407   93.211   53.5448   52.6005   56.3412   80.9079   66.1695   70.6669   128.873   55.5899   71.3814   112.678   83.5636   78.7887   95.7393   90.8662   37.2094   
46.0435   46.6905   53.4135   53.1601   52.0384   74.2159   89.4036   73.5527   70.214   0   47.612   35.9737   64.6063   107.698   57.122   89.4277   68.7449   44.1703   37.3607   77.2732   85.0243   77.1471   91.2789   80.9469   112.018   84.4262   79.3805   81.5295   99.0941   66.7764   57.2278   19.4721   91.5349   121.423   93.812   32   98.813   108.012   73.6178   99.7231   53.8329   82.6418   54.3412   61.9285   71.1145   95.6164   65.2611   55   47.541   71.7397   71.7293   96.9079   81.6108   98.3959   84.6003   67.3268   54.2938   101.346   39.7082   40.4009   98.694   88.7317   51.3456   87.2923   69.0848   68.909   26.7082   72.3104   81.405   77.0093   
48.1041   36.7967   56.0803   30.2655   37.4433   91.0494   96.4624   52.9528   48.3735   28.3196   0   60.8039   65.6853   108.605   45.6011   99.0266   96.8724   51.4142   33.0294   60.72   71.9828   97.1813   75.6126   88.8529   110.621   102.057   102.199   56.0128   90.6532   52.4433   58.2911   47.7917   86.0246   120.702   82.8866   41.2594   103.865   107.285   62.6628   76.0345   72.4715   53.0128   78.7484   74.9857   65.8845   96.7403   55.2278   72.4571   43.7308   76.7055   84.4624   101.017   85.7196   93.9512   94.2495   38.0227   59.6155   90.6786   50.9317   32.2111   100.755   114.227   55.3019   89.3529   94.6503   71.0088   37.9317   94   90.0068   59.5833   
44.7214   52.9528   50.2892   65.8635   60.1664   59.0931   79.9812   83.4865   81.1542   18.9737   45.8039   0   64.8041   102.901   74.4678   71.6015   55.1252   57.566   52.3631   86.5682   95.291   59.6055   99.6817   74.7441   108.893   69.8516   64.2506   94.2328   101.828   75.1664   60.0571   37.0998   90.2128   115.644   101.089   50.6586   89.0618   103.491   83.7647   111.293   30.0454   96.7071   33.6433   36.2603   69.7924   92.4921   81.4025   40.3178   65.8044   63.4509   54.5106   89.8931   82.3369   92.4093   76.9044   83.8266   67.7214   108.251   44.2354   57.6005   97.3719   69.037   67.9659   85.9702   55.1283   51.4093   45.6819   60.1096   76.6058   79.9365   
6.08276   17.1172   8.24621   40.6079   24.3516   53.7122   47.8539   44.6878   45.4863   50.6063   49.6488   50.4876   0   59.9895   50.2723   61.3251   76.2573   90.8222   73.5976   50.7533   50.3908   65.225   63.686   41.2756   62.3814   69.9121   71.6527   63.0581   56.2932   39.3516   37.8114   70.0785   44.3702   72.0293   54.6962   72.2036   59.4993   58.6054   44.8369   72.4941   66.1827   60.8923   76.4138   57.1141   21.2361   46.3468   45.5877   61.4103   35.9545   34.6842   56.0075   46.7805   32.2047   51.4253   48.9013   60.0111   37.0828   64.4475   51.6742   66.6154   57.4256   85.1366   45.5575   46.0238   70.1745   42.5539   72.2017   50.647   44.6586   50.8568   
47.634   59.2368   39.6989   79.8311   63.0635   50.8035   17.4929   72.1734   76.0066   92.6984   94.5145   86.6083   44.9444   0   92.8586   63.0999   93.5242   134.617   117.597   83.2353   66.6056   83.0971   80.8952   47.3979   25.6766   68.231   86.464   96.919   51.0555   78.0635   74.1843   112.171   41.9508   32.0592   68.4252   114.348   39.4862   18.6056   73.829   96.3941   99.4501   98.5687   104.853   84.8902   56.72   36.5602   84.0115   92.6994   80.8989   64.6173   73.1031   39.2127   48.7849   39.088   52.1603   101.833   74.9016   62.8188   96.6187   110.507   38.3607   93.4929   84.3345   52.4279   89.3718   71.3546   109.554   65.0408   53.9531   86.5134   
34.0588   18.868   41.4367   16.5529   18.868   82   81.7863   37.0135   33.3766   36.8782   18.6011   49.3964   33.9559   77.8781   0   90.1011   91.7265   69.8652   51.6305   44.318   53.9926   86.45   58.3833   74.4661   92.6925   93.1316   93.3243   44.9223   72.0779   33.868   49.8617   56.3503   68.0958   104.325   64.3113   59.0139   89.82   91.1392   44.0875   64.8198   79.4417   51   83.0397   65.4777   55.1919   78.8509   37.6433   77.0754   39.1623   62.6602   75.5369   80.7364   66.1605   76.0224   81.3014   37.8924   41.3852   72.1033   57.2324   42.6469   76.3317   107.426   36   64.93   90.4017   62.0833   56.5328   77.9406   77.0588   38.3132   
42.72   62.3939   38.0789   85.703   70.2638   7.81025   30.5941   90.1388   91.4166   69.8928   85.0235   56.0803   46.0652   45.0999   75.1332   0   51.3655   113.646   103.196   93.6628   87.932   38.0238   101.227   43.6125   69.4525   27.2195   42.3776   107.233   85.8379   83.7772   64.3897   89.3649   69.8652   73.6709   95.1254   96.5486   50   62.3814   82.3781   116.915   66.1609   106.132   66.9902   58.3412   58.7772   62.3847   85.4509   58.8808   77.8276   55.1548   46.3256   58.0555   63.1338   60.382   46.095   104.134   73.72   97.0065   81.034   101.262   78.2534   52.5753   82.3699   73.225   52.0689   50.0179   88.0634   43.1172   42.5183   88.1047   
54.7083   71.7008   55.1543   91.4385   80.1561   32.45   64.56   103.407   102.825   54.7449   78.924   36.1248   60.4152   77.5242   76.6094   34.176   0   93.6908   88.3499   106.558   104.529   29.3417   115.789   67.1536   100.232   41.9258   34.6015   117.725   108.027   95.1561   71.9902   71.2247   91.9025   104.863   112.201   78.7192   78.2227   93.4379   98.9747   130.355   40.0799   114.725   45.8035   50.2488   75.3738   87.7797   97.4392   44.6982   82.7809   63.6508   40.8035   80.0412   80.7611   86.4822   64.01   108.43   85.7083   115.368   65.2443   89.8067   101.778   34.0278   91.5282   93.7262   32.0828   59.8855   74.9406   53.4138   66.0425   99.6301   
72.1249   67.6018   79.9312   64.7765   70.3847   101.833   117.324   87.4757   82.8734   28.178   34.5254   43.566   75.8222   119.604   51.8652   97.8621   79.1012   0   39.3848   94.7846   105.509   100.238   109.192   108.661   137.195   112.604   104.979   90.5382   121.797   85.3847   75.5549   40.6982   114.748   146.601   112.793   47.6155   126.991   133.324   95.5475   110.56   73.6114   87.5382   77.2094   79.8263   93.6575   120.794   86.1542   76.4891   69.4707   99.9177   98.0766   122.551   108.027   124.756   112.778   72.5481   80.8395   123.224   63.0689   56.311   124.775   112.603   75.4543   113.374   97.2628   91.0694   50.0689   98.4371   109.583   87.1688   
55.6058   49.3964   63.6003   47.0956   52   91.0824   102.474   69.5845   65.192   18.4391   17.0294   37.3631   58.7282   103.233   33.5261   86.122   73.1642   18.3848   0   72.8394   86.5287   89.1661   87.9451   93.5922   121.11   100.582   94.2557   73.0422   103.645   66.4122   60.4863   32.8885   97.9355   130.757   94.4115   25.8489   110.968   117.334   74.8858   93.0639   63.6726   70.0422   69.9494   66.1536   76.7546   105.075   63.7753   63.6581   52.7679   79.6105   80.6109   104.404   90.9328   102.928   96.8749   54.8542   59.0732   102.178   42.1327   27.9284   108.256   105.428   60.1811   96.8546   85.8513   73.1441   29.1327   90.7495   94.8203   68.811   
37.8021   19.2094   41.5933   14.8661   10.8167   87.3212   76.4199   13   12.0416   61.131   42.72   70.5195   33.6155   67.3647   25.318   79.6492   90.9065   76.922   58.6941   0   37.3576   97.6513   40.08   73.1224   79   100.695   102.739   38.8518   52.0789   25.4018   54   79.0308   58.3038   90.1577   38.4307   75.2046   84.8607   79.6297   33.1655   40.5539   89.8149   36.3372   98.2768   80.8819   54.8515   68.0848   29.083   84.9779   43.7329   66.4036   85.0817   72.8631   57.566   74.2779   82.4746   47.0832   44.9412   54.5269   65.8886   62.9248   71.3104   116.856   40.5707   61.7544   100.783   71.6281   72.0876   82.4003   78.2741   25.6158   
34.9285   24.3311   35   33.0151   20.5913   79.3977   62.3618   21.2132   25.02   71.0211   57.9828   76.2365   29.0689   51.0392   39.4462   71.5891   89.4707   90.8735   72.4983   18.3576   0   93.8812   30.2315   66.6154   61.7504   97.6492   98.4065   51.6228   46.7231   35.5913   56.7732   90.4933   50.28   72.9018   32.0554   89.3395   74.3749   62.1739   28.7047   49.0195   94.8129   48.6228   102.566   84.1757   50.305   54.3826   41.8254   87.5328   53.8754   63.53   83.0692   60.505   55.3847   51.9026   73.8652   55.8688   53.0624   40.6525   76.0311   72.6003   43.0689   113.982   50.7131   49.0868   98.7703   69.6155   81.8622   77.4008   73.7275   41.6155   
46.0109   64.5368   44.9444   85.9826   73   20.5183   51.2445   95.483   95.5249   57.1402   77.8781   40.2616   51.225   64.2806   72.45   21.0238   13.3417   83.7437   75   83.4865   79.8812   0   109.374   53.7508   87.7004   31.8661   19.3852   110.545   96.251   88   61.4857   73.5399   80.1304   92.1183   101.991   82.7226   66.8048   81.3505   89.8065   123.191   44.0832   108.6   51.4006   40.3452   67.6676   74.5382   88.0086   45.3059   76.0104   53.9857   33.7279   67.0848   68.9812   72.881   52.6083   100.313   73.0086   104.978   65.5077   88.1969   84.1008   46.2094   78.0194   79.1715   31.0623   42.1725   82.0333   42.7883   48.3657   91.3956   
47.2017   31.6228   48.7955   28.178   24.3311   94.0213   77.4919   7.61577   13.0384   76.0263   57.5674   84.4038   41.8688   65.4905   40.4475   86.2148   101.789   91.9239   73.7564   15.1327   15.2315   93.086   0   78.5873   76.982   110.875   112.202   39.8487   53.257   39.3311   67.3033   94.1635   55.2616   88.1333   37.3417   90.3373   89.6064   77.2896   38.7231   35.422   102.696   37.334   111.234   92.2685   63.1049   68.3927   44.2158   97.2663   58.7702   75.6941   96.8646   75.7365   65.5709   67.1342   85.6891   58.5899   53.8497   46.4722   80.9242   76.2368   58.3004   126.256   55.6079   55.2753   111.293   83.411   85.602   91.1962   82.0303   40.7485   
24.5153   42.107   17.0294   65.4905   48.8365   33.3017   24.1661   66.1891   68.1542   65.9469   72.4224   58.5235   25.02   28.178   58.4209   25.6125   52.1536   93.6002   78.3901   56.921   46.6154   39.6232   61.5873   0   51.8634   50.1321   59.0084   86.1837   58.3325   63.8365   53.1059   85.4191   43.4197   58.246   68.6303   89.1046   32.4642   44.7924   63.6876   93.9954   70.432   85.1127   75.8348   55.8721   40.0868   46.0238   67.2462   63.6813   60.9745   36.2127   44.085   40.4164   37.5563   44.2354   24.3852   84.0388   55.5153   66.4195   68.0096   84.1542   52.0143   73.0362   61.665   40.6125   60.3538   46.1868   89.6375   36.0227   26.3852   67.0849   
51.0882   59.6825   43.6005   78.4347   62.2415   60.4152   27.2947   68.1175   72.4431   97.0052   96.0208   92.5743   47.3814   9.84886   78.5493   54.4518   86.1452   123.11   106.104   65   47.5184   73.0274   61.0082   35.171   0   78.0798   92.06   96.364   51.1037   75.327   75.8545   115.401   42.5667   31.1803   67.4874   116.773   45.8927   28.4544   71.705   95.2365   103.196   96.1412   111.006   88.3754   59.4701   30.4012   80.9766   98.8524   83.3359   65.0746   79.256   37.6155   51.4795   44.2094   58.2215   101.011   82.0882   60.6079   99.0557   108.723   36.6815   103.295   84.8012   49.6531   95.5248   78.216   112.26   71.1937   61.5562   81.2573   
48.3735   68   44.8219   90.8735   76.1577   5.65685   39.2046   97.0052   97.9081   69.4262   87.2812   53.8516   52.4309   54.231   79.1202   9.21954   26.9258   96.8401   86.5794   85.9826   79.196   14.8661   93.5094   34.1321   63.6396   0   34.2512   112.994   92.4646   89.7192   64.3317   87.2772   77.5518   82.2814   101.868   95.9331   58.0555   71.601   90.1502   124.802   58.9493   111.773   66.2667   54.0979   66.8061   70.4883   90.3288   60.172   78.8915   50.6497   42.025   62.2217   67.4065   69.4389   46.9666   106.655   76.7926   99.4459   75.4795   96.3774   85.8721   37.3607   80.7308   74.7446   44.6716   45.2938   88.3687   34.2485   51.7378   93.7583   
50.9117   69.6563   49.4065   91.2688   78.1025   18.868   51.9711   100.409   100.568   62.0322   83.1986   44.7214   55.9732   66.0076   77.8203   21.3776   13.6015   88.2836   80.025   88.5268   84.4038   5.38516   97.8366   42.72   75.06   13.4164   0   115.532   98.834   93.1025   66.8709   78.9251   82.7095   95.048   106.453   86.3682   67.1664   83.0294   93.9234   128.146   48.6267   113.985   48.4824   45.7304   70.5794   79.9234   93.3938   46.4992   81.3233   54.4229   34.8045   72.47   72.5036   77.8466   57.9935   105.699   78.3938   107.8   70.4692   91.4853   89.486   36.1421   81.3702   82.6199   24.2956   47.5577   87.4185   38.0217   53.7508   96.2964   
50.6063   31.0644   55.1543   12.3693   22.8254   100.623   90.5539   13.4536   7.81025   65.521   42.0119   77.8267   47.0106   81.1542   28.7924   93.0376   101.823   76.3217   59   14.1421   30.8058   95.4254   20.6155   70.8802   78.2624   98.9798   100.603   0   66.221   37.8254   66.0316   84.1346   72.4459   103.443   50.121   77.8923   99.0029   92.9797   45.3059   41.025   98.3149   25   109.008   91.9554   68.2467   82.0075   42.0217   95.8192   54.4187   79.2078   96.9368   87.0052   71.7082   80.0077   94.3297   37.0998   56.9499   64.1514   77.0169   60.4281   73.8747   128.826   52.3693   71   112.638   83.4832   75.9406   96.5424   90.7858   39.7579   
42.107   39.9625   38.2099   52.6972   38.8973   75.452   50.774   38.6394   43.4166   85.0941   76.0592   86.7006   36.2215   36.0555   57.4891   67.9559   92.4446   107.541   89.3588   38.0789   19.7231   80.9938   31.257   42.5441   30.1496   76.6616   84.6936   49.98   0   53.8973   73.8431   104.566   33.1245   61.33   39.0278   105.108   63.863   48.573   46.6985   64.0977   102.207   67.7122   110.309   87.3857   57.4576   45.6125   58.0366   95.9123   69.5008   66.0744   86.2791   49.9706   51.8568   51.4558   60.8722   75.5919   63.0977   37.7703   87.8958   89.7166   40.4222   114.022   68.1199   42.72   101.98   72.8255   96.6226   78.5668   68.9293   61.3386   
26.9258   7.81025   31.6228   18.0278   1   76.922   69.0072   24.1868   23.3452   52.0865   38.0132   59.9083   23.4094   62.0967   19.4165   69.3542   79.511   70.7743   52.3927   11.4018   20.1246   72.2496   24.5153   47.8539   61.327   75.2928   77.3369   23.7065   38.2099   0   44.2062   71.5586   56.0524   89.1642   46.4433   68.3667   78.3192   79.3703   26.2195   50.8917   80.4992   37.5407   88.3618   70.0712   39   67.1976   22.2361   75.0691   36.2868   55.2492   73.6826   67.2445   53.0555   64.9647   71.0755   39.7697   31.6525   49.7771   58.4425   52.4838   63.1935   105.572   33.1245   54.8938   89.3838   60.229   62.2709   74.0235   67.5316   28.4721   
10.8167   20.8087   18.3848   41.3401   29.2062   53.1507   57.2713   52.6972   51.8556   35.2278   39.8121   35.0571   15.8114   58.0517   28.8617   46.3897   50.9902   61.5549   45.4863   40   41.7732   44.6542   51.8941   33.1059   61.8466   50.2892   49.93   50.9902   51.788   28.6007   0   54.7   56.3081   84.7336   68.5347   55.0122   65.5701   71.28   48.311   79.4629   59.108   65.7468   61.607   52.2389   35.4642   60.5428   50.4422   56.0161   37.5602   39.4181   46.249   61.0454   46.4006   60.638   57   63.5145   39.4536   69.0091   40.095   49.1141   63.4672   77.8201   37.5529   52.0655   68.468   39.3132   46.5269   52.0832   53.2415   55.8502   
50.4777   50.9902   57.8014   56.5155   56.1427   77.201   93.4077   77.3175   73.8241   4.47214   30.2324   20.0998   55.0727   97   40.4475   73.1642   56.2228   24.6982   17.8885   65.0308   75.3127   59.5399   80   70.0928   101.4   72.2772   64.2806   68.884   89.5377   56.2228   39.6611   0   95.198   124.395   98.2841   26.0623   101.833   110.941   78.09   103.828   49.1448   80.9963   53.7431   51.9473   71.9386   100.004   69.0833   48.2415   52.0132   74.4032   70.811   99.807   86.0617   100.201   89.0724   64.6324   57.6807   105.818   36.6011   37.7065   103.128   89.1368   55.8177   91.7265   73.557   68.7074   26.0499   73.7979   85.8771   78.7607   
30.0832   35.2278   24.3311   54.1202   37.6962   59.4054   37.3363   46.5296   50.0899   75.6637   71.8401   74.4648   25.0599   26.0768   54.0833   51.8652   76.9025   100.424   82.8794   41.3038   25.318   65.146   40.2616   26.4197   24.5967   60.5392   68.7095   55.0818   16.1245   36.7696   40.7185   80.1311   0   53.371   45.0689   95.7307   47.2425   40.0347   45.8329   74.3358   88.2643   73.9408   95.5599   72.5388   39.2594   27.5988   55.3954   80.9909   61.0144   46.0624   69.1417   33.3727   27.1655   24.7703   48.8058   76.4659   55.8973   42.4558   76.7342   84.0071   25.2111   95.8596   63.6681   29.2426   86.7735   58.9466   87.2455   62.4424   46.7648   62.8497   
60.1415   70.2353   52.3259   89.493   73.1642   61.0328   26.0768   79.2275   83.6002   105.551   106.231   99.6444   57.0088   13.0384   89.0674   56.1427   89.4427   132.246   115.624   76.1577   58.6941   76.1183   72.0625   41.1825   11.1803   65.0308   77.4145   89.4427   41.0122   72.2357   70.7107   109.877   35.4683   0   73   125.723   52.5246   31.644   81.3012   105.11   111.615   107.317   117.017   97.0547   69.7584   41.5816   90.8637   104.864   92.9633   75.662   85.2675   48.2029   58.8246   48.6007   64.8855   111.934   86.6705   69.2445   108.683   119.475   47.8619   102.077   95.9815   60.8334   98.7437   84.393   117.238   77.2052   66.9915   92.2728   
43.6578   33.1361   43.0465   38.2099   28.4605   86.267   66.3099   20.8806   26   79.7621   65.2993   85.2877   37.6962   53.1507   47.0106   78.492   97.9439   98.7927   80.4114   23.4307   9.05539   87.983   13.3417   53.0754   48.0416   86.4523   92.358   33.121   18.0278   28.1603   50.8035   84.0119   29.0689   59   0   95.4923   76.3114   66.6008   37.7601   48.6869   103.758   50.2956   111.621   92.2222   58.5766   56.6676   49.6966   96.5881   61.4153   71.5366   91.1156   62.4415   51.5366   53.8392   72.1378   64.9242   55.0122   25.434   85.0865   80.644   49.8058   122.458   59.7685   54.0179   106.817   77.662   89.7314   85.4472   75.8336   46.7308   
51.6624   49.0408   59.397   51.3517   53.1507   82.9759   96.7988   73   69.1158   9   23.2594   27.6586   55.6058   99.0353   36.0139   78.4474   63.6396   20.6155   9.84886   61.2046   73.0821   66.1211   76.3217   73.0068   102.728   78.2624   71.0282   63.6396   88.5664   53.3667   41.0122   8.06226   80.4487   111.723   81.4923   0   105.139   112.292   78.3703   99.294   52.6394   76.2722   61.302   60.0096   72.6281   101.555   67.9902   56   56.541   78.8971   78.4637   102.058   87.4128   99.5464   93.6003   61.2821   63.2938   103.144   41.095   37.7772   104.313   96.6957   60.3456   92.9112   78.0848   73.8941   34.1121   77.6847   90.405   74.3271   
41.7612   58.1378   33.9559   81.0062   64.0312   32.5576   6.7082   78.4474   81.2527   82.801   89.8109   73.7564   41.4367   18.2483   75.3127   27   60.208   110.68   95.7706   70.859   57.5847   46.8722   72.8011   17.4642   27.8927   36.0555   48.1664   85   47.634   63.0317   50.5668   86.8332   33.121   29.2746   62.1772   90.1388   0   36.8538   75.8457   104.321   82.6129   100.572   89.8883   66.8015   57.551   42.0227   84.4921   77.8557   77.3618   48.0406   58.6777   38.8924   47.2947   48.4722   38.6817   100.284   72.2713   75.3468   84.0652   99.6809   56.609   73.4162   78.5915   49.5398   71.5711   55.6994   97.0937   50.6155   34.4391   84.0114   
46.6905   57.2713   38.8973   77.3692   60.7289   53.3667   20.8087   69.0652   73.0068   92.1954   92.9624   86.8332   43.6005   3.60555   76.0263   47.3814   79.2275   118.802   102.176   64.6297   48   66.0681   62.2896   28.7924   7.07107   56.5685   68.0294   78.3135   32.573   59.7746   57.28   96.5401   23.3452   13.4536   49.8197   98.2904   20.8806   0   69.1781   96.6707   98.166   96.6228   104.627   82.3617   58.4005   32.53   78.7407   90.8883   79.555   57.6773   72.8773   36.3178   44.4008   36.2643   47.4279   99.4986   77.6905   65.1649   95.2747   106.394   40.105   93.9292   83.5329   52.5879   88.997   67.8015   103.807   64.8151   47.9848   80.0635   
27.6586   13   30.2324   24.3516   9.21954   76.0066   64.2806   22.0227   23.2594   59.5399   46.6154   65.7647   22.6716   55.7315   28.0179   68.2642   82.0975   79.2023   60.8358   12.1655   11.7047   73.6614   19.7231   44.9444   54.0833   75   78.5175   26.3059   29.6985   8.60233   32.311   63.7887   29.8329   65.146   20.2237   61.4003   58.6941   53.1507   0   49.829   86.2179   42.3234   93.5515   74.2451   38.6008   57.4316   28.7678   81.4773   40.0768   56.2601   78.3016   63.2055   54.4006   54.6032   69.3296   46.2501   40.2548   45.6577   66.7583   61.0861   54.7736   106.712   41.4403   45.3059   91.7504   64.848   70.4905   72.6332   67.3302   24.2956   
62.2415   44.6542   64.6607   32.0624   36.3593   110.209   93.9202   12.8062   14.5602   84.7231   62.0322   95.6347   57.3149   81.3941   47.8539   102.416   116.211   96.3328   79.0063   25.5539   31.7805   108.245   16.5529   78.032   76.2365   109.481   113.146   20.025   46.0977   36.8917   65.4599   88.2836   56.6127   87.0919   28.2843   83.3847   89.3197   78.0897   34.6554   0   115.096   38.8558   123.604   105.003   73.2563   84.2115   51.5899   109.88   69.2868   90.8429   110.525   89.9854   79.8209   81.383   100.36   57.1247   66.8383   53.7183   91.4425   80.1212   74.8494   141.295   66.1245   71.8283   125.939   97.073   93.3489   107.061   98.5832   47.4218   
45.0999   57.0088   49.163   72.8011   64.8845   49.7393   73.8173   88.5664   86.8332   29.8329   55.5698   11.0454   51.1566   82.3468   56.7274   47.634   25.0799   54.3323   48.2701   75.5844   78.8543   30.0832   88.6002   54.231   89.1964   44.2945   34.2053   84.3149   87   64.4748   37.108   31.1448   73.437   95.2733   87.8635   38.6394   67.9559   83.006   69.2604   101.074   0   97.8537   27.544   33.8241   70.171   89.7631   80.8611   25.2801   63.1411   61.2019   50.5862   88.8482   78.8142   91.3645   75.5894   85.0929   66.8467   106.117   41.9072   62.3735   96.9062   57.9779   73.2443   86.3487   38.3311   50.3645   51.5398   59.4093   75.5371   81.9779   
49.1935   29.5296   54.0833   9.48683   21.5407   99.3177   90.2718   15.8114   10.2956   62.6418   39.0128   75.1798   45.8803   81.3941   26   91.7878   99.7246   73.3348   56   14.0357   31.6228   93.6002   22.6274   70.0928   78.8543   97.5295   98.813   3   51.0784   22.4722   49.0408   65.9697   55.3263   90.0278   34.6699   60.6712   84.5931   78.6384   26.0192   23.0217   81.8413   0   107.193   88.8844   61.4722   82.1205   35.4709   93.894   52.6491   77.7214   95.2898   86.8988   71.6017   80.0966   89.4321   37.1172   53.609   58.1022   74.1344   57.5456   74.6917   126.861   49.4868   70.0865   111.103   81.9484   76.9445   96.436   89.251   38.0278   
53.3385   65.5515   57.0088   81.0247   73.4098   51.8556   78.8923   97.0824   95.2943   35.3412   62.426   16.6433   59.4138   88.6002   64.8151   50.9902   22.8035   57.0351   53.4883   84.0952   87.3212   31.4006   97.1442   60.7289   95.8801   46.2277   34.4819   92.6499   95.0474   73.0068   45.607   35.7351   81.1542   101.39   96.3172   43.6578   73.3553   89.493   77.7946   109.567   8.544   90.1388   0   42.3681   78.4096   96.8999   86.3094   33.8241   68.5894   65.5249   52.249   91.9671   85.499   94.4833   76.6927   92.8988   75.3907   114.616   49.7131   70.9176   103.573   56.6079   74.7062   94.5874   46.1868   53.4833   56.8167   55.8121   79.7663   90.5219   
31.0483   46.0435   34.0147   65.192   54.4059   39.2938   58.8982   77.9359   77.0065   34.9285   54.5711   21.2603   37.108   66.6408   50.4777   35.3412   26.2488   62.6259   52.1536   65.215   65.7875   23.3452   76.9415   38.4838   73.3894   34.5254   28.6356   75.6902   72.1734   53.8238   25.2389   37.9473   58.0775   79.6053   74.6324   43.7379   52.8015   67.2309   57.2451   90.6973   15.8114   73.5391   23.0868   0   56.1194   74.9768   69.8715   27.544   57.5366   43.6018   37.8661   70.044   63.5758   72.5602   55.1152   81.2728   55.4187   94.2479   51.1794   69.8539   81.6501   56.2311   55.3113   72.2972   38.9545   31.5602   59.054   43.8494   54.9857   76.4331   
7.07107   19.0263   6.7082   42.4264   25.9615   52.4786   45.7056   45.607   46.6476   52.4786   51.8845   51.788   2.23607   42.72   36.1386   44.7772   60.3738   77.8974   60.8769   34.8855   29.1548   50.8035   42.45   23.0868   45.2548   51.4004   55.4437   48.4665   35.0571   25   17.4642   56.9386   23.2594   54.8179   37.5766   57.6281   39.3192   41.4005   23.6008   58.1378   52.0384   47.4342   60.208   37.6563   0   43.0689   47.1976   62.3986   38.1906   35.6725   54.7774   44.2971   29   45.2488   47.472   62.2472   38.0711   60.1202   53.9103   66.5783   45.715   86.1196   46.7697   34.3132   70.4785   41.3237   63.9912   49.109   46.8947   47.4109   
34.7131   44.7772   27.2029   65.307   48.5077   51.4296   25.4951   58.6941   62.2013   80.604   80.455   76.5572   31.241   14.5602   63.5059   44.3847   73.171   106.794   89.9389   53.0848   37.4833   60.531   52.3927   21.0238   16.4012   53.4883   63.3482   67.0075   25.6125   47.5395   45.4533   85   12.1655   25.807   40.8534   86.3713   22.0227   12.53   41.3038   68.6804   73.7631   67.1193   80.8084   57.9741   29.0689   0   66.3679   82.8597   67.0094   47.9489   65.1088   27.4308   30.1421   18.8284   44.4151   87.2775   65.7131   53.3736   82.9152   92.801   28.3137   90.3322   71.8386   38.0333   81.1847   61.4328   91.9802   57.0465   40.1725   65.5994   
27.7308   8.06226   32.9848   16.0312   2.23607   77.8781   71.0634   25.0799   23.6008   50.01   35.2278   58.5235   24.7386   64.56   16.6433   70.3847   79.3095   68.1542   49.7695   12.083   22.8254   72.4707   26.1725   49.4975   63.9766   76.0592   77.6209   23.0217   41.0366   2.82843   28.3196   54.0833   39.3954   74.8465   30.6757   50.9902   65   62.2977   11.4018   37.5899   63.5059   21.4709   72.0139   53.4135   26.4764   50   0   73.4166   36.4031   56.3323   73.9346   70.0729   55.4764   61.5395   70.6354   38.1359   30   52.6055   61.2709   55.3122   60.6508   105.824   35.9529   55.4683   88.2496   60.481   63.507   75.3856   66.3927   20.4721   
38.3275   51.4296   42.0476   68.6804   59.5399   44.7772   67.0075   83.2406   81.8352   31   54.231   14.3178   44.4072   75.1532   53.0754   41.8808   24.6982   57.4891   49.163   70.3278   72.5328   26.3059   82.8553   47.0106   81.9329   39.5601   31.0644   79.8123   80.025   59.0593   31.0161   33.2415   66.2722   88.1022   81.4923   40   61.0328   75.7694   63.3246   95.8801   7.28011   77.4661   15.0333   8.544   45.1774   66.4831   58.3095   0   58.4005   52.1458   46.4101   75.4654   72.1198   81.1042   62.5392   86.7083   63.9627   100.025   49.1874   69.6537   90.1941   58.7259   63.8553   79.4906   39.2036   40.1042   57.7082   41.6586   63.5297   78.7817   
20.6155   13.1529   28.4605   27.6586   19.4165   67.6831   68.9638   42.72   40.7063   33.541   27.7308   40.8044   21.9545   66.888   14.3178   60.8276   63.7809   55.4707   37.6431   29.7321   37.4833   58.6686   43.7379   45.1221   68.884   64.846   64.0078   38.4187   52.3259   19.2354   14.5602   37.855   45.2769   78.8162   46.2709   36.2491   62.3618   65.4599   26.0768   55.0364   46.1411   36.1248   54.5894   37.5366   24.1868   53.0094   17.72   41.4005   0   49.217   60.8093   68.4838   53.1868   65.2195   67.8582   50.8568   26.4031   69.0125   46.2036   49.8395   69.9017   92.3803   25.1623   58.5   76.4911   53.8734   53.4605   66.6434   63.6155   36.1359   
13.6015   33.2415   10   56.6127   41.1461   36.6742   38.0789   61.8466   62.6817   51.7397   59.439   45.1774   17.2047   41.6173   47.0425   29.1548   45.5412   79.404   64.4127   50.774   45   34.9857   58.6941   14.2127   47.4236   35.2278   39.4081   63.9531   47.0744   40.2492   19.6469   55.9017   32.0624   54.6443   53   58.8218   31.3847   41.6773   39.8246   74.411   42.2019   62.6498   49.4975   26.4764   16.2788   31.6228   41.2311   34.9285   33.0151   0   41.4952   46.4591   42   50.4512   36.4642   75.0153   44.6015   74.5183   59.0577   68.761   55.0526   72.5885   54.6356   50.4279   57.1964   28.0416   64.4777   40.4012   34.6015   58.9862   
33.3017   51.8556   32.6497   73.5731   60.3075   24.5153   46.6476   82.7587   82.807   49.7293   67.4759   35.5106   38.6005   57.0088   60.5392   20.5913   22.8035   77.4919   66.6108   70.7672   67.4166   12.7279   80.4301   30.0666   64.9384   20.025   17.8045   82.801   69.6419   59.5483   32.249   52.811   54.1295   69.5701   75.6637   58.4637   41.1461   58.2495   60.959   95.5249   27.5862   81.0247   32.249   14.8661   38.2753   51.0098   59.8164   21.4009   46.5188   22.8473   0   64.4078   60.4692   64.0102   48.9429   90.1383   60.7027   93.2996   56.0512   79.6981   77.8999   49.8904   64.3005   69.6483   31.7631   28.4536   67.4782   28.0623   48.318   78.6864   
33.8378   47.2969   25.807   69.2604   52.2398   42.9535   18.4391   65   68.0661   78.5175   81.3941   72.5603   31.7805   14.2127   65.4599   36.0555   66   105.551   89.4036   58.1378   43.9659   53.0848   59.1354   14.5602   20.6155   45.2217   55.5788   72.2496   33.9706   51.2445   44.0454   82.807   19.2354   27.2029   48.3011   84.9588   13.8924   14.3178   46.0435   75.6108   68.7095   72.0625   75.2861   52.9245   29.5466   8.60233   53.4603   61.4654   53.6656   27.4591   44.4072   0   31.2971   27.4308   38.0312   90.3127   64.8378   61.6912   82.5698   93.1595   36.916   82.5824   70.4426   44.8806   74.914   55.5007   90.5723   50.5829   40.9454   70.3391   
20.6155   32.0156   13.4164   54.0833   37.054   48.8365   33.0151   51.6236   54.1202   66.6108   66.7308   63.5689   17.2047   27.7849   50.3289   41.1096   64.7611   92.6553   75.8222   43.566   31.3847   53.1413   46.5296   15.5563   30.4795   49.4065   56.8595   57.7062   27.8568   36.0555   31.4006   71.0282   12.1655   39.8246   37.5366   72.2496   27.2947   26.4008   31.4006   63.0635   61.8142   57.3149   69.3542   46.2709   15   14.1421   38.2099   54.5894   39.1152   20   41.9762   15.2971   0   32.9706   39.8582   75.8237   51.6155   54.0555   68.8789   80.5147   37.3766   85.7753   58.052   31.2956   73.7392   48.0319   77.9275   51.5791   35.6155   55.6963   
31.8904   42.1545   24.4131   62.9682   46.0977   50.6063   26.5707   57.0701   60.407   77.801   77.6981   73.9256   28.4253   17.088   60.8358   43.382   71.3442   103.966   87.1149   51.0098   35.9026   58.8558   50.9608   19.2354   19.2094   52.3927   61.8466   65.0077   25.4558   45.1221   42.638   82.201   10.7703   28.6007   39.8121   83.5464   22.4722   15.2643   39.1152   67.3573   71.3092   65.0308   78.4474   55.5428   26.2488   2.82843   47.5395   64.0312   50.2195   29.1204   49.0102   8.60233   11.3137   0   43.6205   84.6419   58.1022   50.7218   79.6003   91.7521   25.6619   89.7534   67.3964   40.013   79.5891   57.162   89.1649   55.2581   43.0009   63.4108   
29.1548   47.2652   22.0227   70.7107   54.1295   28.6007   20.8087   71.5542   73.5391   68.6003   76.6551   59.8164   30.1496   28.1603   63.1981   21.095   50.01   96.5194   81.8413   62.2977   51.8652   37.054   66.888   5.38516   36.2215   29.9666   39.6232   76.243   46.8722   53.1507   37   72.6223   30.8058   40.8534   58.1378   76.0066   14.2127   29.4279   50.3289   83.3547   54.5894   75.4321   60.5392   39.1152   28.2843   23.7697   54.7449   47.5079   49.6488   17.4642   28.8617   16.0312   20.6155   22.4722   0   89.0321   60.0999   71.8046   73.0166   86.111   48.1341   67.3273   66.6584   45.9977   60.6248   43.5029   81.942   36.8806   22.2426   72.0782   
46.2709   28.1603   53.0094   9.43398   23.7697   95.3362   92.5419   31.9531   26.9258   47.4236   22.0227   62.0081   45.0111   86.6833   13.8924   88.295   90.4434   56.2228   39.0512   24.0832   41.8688   86.3134   37.5899   70   86.0058   92.6553   91.6788   20.0998   61.4003   24.6982   42.3792   50.3289   61.4654   96.933   47.5079   44.3847   86.2844   84.4334   32.249   40.1123   70.0071   17.1172   77.8974   64.3506   47.0425   72.1249   22.1359   66.7083   27.8568   59.6825   74.3236   75.3127   60.0167   69.6419   75.0267   0   44.4138   72.9419   58.1856   49.9258   82.7868   120.199   45.9615   72.5847   101.284   75.6847   59.9544   91.4224   87.8816   38.7518   
16   8.24621   23.3452   28.178   16.1245   65.146   63.7887   39.8246   38.6005   39.2938   33.6155   44.7214   16.1555   60.9016   18.1108   57.9741   64.3817   61.8547   44.0454   26.9258   32.0624   58.0086   39.8497   40.3113   62.6259   62.7694   63.2456   37.5366   46.0977   15.6525   13.4536   43.6807   38.8973   72.6705   41.0122   42.4853   57.2713   59.3633   21.095   52.4786   48.8467   35.609   57.3847   38.4187   18.3848   46.8722   15   43.4166   6.40312   29.2746   45.4863   47.927   33.121   44.1022   45.0999   30.4138   0   65.4296   52.6067   54.5577   64.0997   91.2737   28.3852   52.698   77.2493   52.249   58.5398   63.5441   59   35.4721   
46.5296   39.5601   44.2719   47.3814   36.2353   84.6463   61.4003   30.0832   35.3412   86.122   73.5731   90.0056   40.4475   46.8188   55.0727   77.0065   99.368   106.513   88.1419   32.5269   15.6525   88.5664   22.4722   51.4004   40.6079   85.4459   92.5905   42.5441   10.7703   35.7771   55.0091   90.471   25.4558   51.2445   9.43398   88.5438   58.0086   43.3244   27.313   36.0139   91.5478   44.1022   99.8499   77.4661   39.8121   36.0555   38.4708   84.8528   52.6308   53.8516   76.6942   44.2041   36.0555   35.609   56.0803   56.5862   46.8722   0   90.318   88.2528   41.0599   121.315   65   43.807   108.042   78.8874   97.5063   86.6726   71.671   51.6086   
31.9061   35.0143   39.2046   46.6476   41.5933   63.3877   75.7166   64.56   62.0322   14.2127   29.7321   19.2354   36.6742   78.5175   30.2324   58.2495   49.2443   41.6173   27.8927   51.6624   59.0762   48.5077   65.9242   52.0096   82.801   59.0762   53.7587   58.5918   71.8401   41.4367   21.095   18.6011   61.7171   91.351   68.0294   21.095   69.0652   77.9872   48.0104   76.5506   26.9072   55.9464   34.7131   25.1794   38.4708   66.4003   39.8121   24.5967   22.2036   37.8021   39.0512   64.3506   52.4309   63.6003   54.9181   43.1856   27.0185   73.6817   0   45.8035   84.1857   81.4104   41.318   72.784   63.8004   50.0161   31   61.2311   72.4036   58.3395   
44.2945   35.805   52.3546   34.0588   38.0789   85.0059   92.3093   56.1427   52   21.4009   7.2111   38.6005   46.6154   91.526   19.6469   79.2275   71.8679   32.311   13.9284   44.911   58.6003   71.1969   60.0167   68.1542   93.723   81.0555   76.4853   46.2709   75.7166   38.4838   35.1141   23.7065   70.0071   103.6   66.4831   17.4642   85.6154   90.2109   46.9574   66.1211   48.3735   43.2897   55.2178   47.8539   48.8262   77.801   35.8469   47.1699   24.8395   54.7083   61.131   78.032   63.8201   75   72.111   26.9258   31.1448   74.2496   22.8035   0   93.0779   104.085   45.1725   81.7647   86.3735   65.2445   40.8661   84.0346   84.3081   56.319   
37.1618   42.0119   31.0483   59.808   43.8292   62.2656   36.3593   50.01   54.0833   82.8553   78.7464   81.3204   32.249   22.3607   60.803   55.0091   82.0366   107.615   90.0278   46.3249   29.0689   69.857   43.1856   30.3645   18.6815   63.9766   73.0821   59.6825   14.4222   42.9418   47.8539   87.3212   7.2111   29.8329   30.8058   87.6584   33.3017   19.105   35.4683   59.0339   79.9062   60.208   87.4643   64.3817   30.4138   11.3137   45.6508   72.6911   52.4023   38.0526   59.4138   19.8494   18.1108   11.6619   34.0147   67.5426   46.0109   25.0599   68.884   77.0779   0   101.337   68.025   28.4018   90.7182   65.6639   94.3809   66.3872   51.4862   59.7639   
65.0538   83.7377   63.4114   105.119   92.1954   26   61   114.551   114.691   72.4431   95.5092   54.037   70.0928   76.531   91.3017   31.5753   18.0278   97.1288   90.7965   102.65   98.4073   19.2094   111.946   55.5428   85.9884   22.3607   14.1421   114.634   97.9439   91.4385   63.8201   74.108   81.8596   87.023   106.254   81.3941   58.3095   78.9177   92.6553   127.287   43.0116   112.801   40.6079   41.2311   69.527   75.5844   91.6788   41.7732   77.6981   53.4135   31.8904   67.4463   70.2353   74.3303   51.8652   105.19   77.201   106.174   65.8027   88.6002   85.7963   0   95.5123   96.1553   38.4378   60.3441   92.9684   52.1639   67.5751   110.439   
21.095   10.4403   28.6356   25   16.2788   69.3758   69.1231   39.5601   37.5899   36.3456   28.3019   43.9659   21.5407   66.242   13   62.3699   66.5282   57.4543   39.4081   26.5707   34.7131   61.0574   40.6079   45.5412   67.8012   66.7308   66.3702   35.4683   50.1199   16.1245   16.5529   40.6079   43.8634   77.9359   43.4166   38.6264   62.5859   64.6607   23.1948   51.8941   49.2443   33.2415   57.7062   40.3113   23.7697   52.1536   14.5602   44.4072   3.16228   34.0588   48.7647   53.3104   38.4708   49.3964   50.2494   25.9615   5.38516   50   25.318   26.1725   50.9117   80.1561   0   58.0829   79.2658   50.8469   56.0483   62.4866   61.0425   35.0324   
26.2488   31.0644   21.0238   50.448   33.8378   58.8982   39.2938   44.1475   47.3814   71.5891   67.624   70.8308   21.0238   29.4279   49.93   51.225   74.7262   96.2133   78.6448   38.0526   23.0868   63.3246   38.2753   25.6125   28.6531   59.6406   67.1193   52   17.72   32.8938   36.7696   76.0592   4.24264   39.3954   28.0179   76.2758   34.5398   26.9258   26.3059   54.7814   70.1783   52.0865   78.0256   55   19.3132   15.0333   35.4683   63.0714   41.0366   29.4279   51.923   20.8806   10.2956   13.0384   30.4138   57.5847   34.6554   25.807   57.6975   65.7647   11.4018   80.5295   39.6232   0   83.6861   55.6393   83.2965   61.6352   45.9112   50.6015   
49.0918   66.5282   49.2443   86.8332   75.0067   28.3196   59.1354   98.0816   97.6729   53.0848   75.8947   35.1283   54.7083   71.7008   72.4017   29.0689   6.08276   78.6384   71.3442   85.703   83.7257   8.06226   96.2601   46.0977   80.2247   22.6716   10.2956   96.9381   86.4002   74.3303   45.9674   55.0091   70.8308   83.7437   92.1303   62.0725   54.5711   73.3348   76.6094   110.887   24.3311   94.921   24.1868   21.9545   54.5894   67.1193   74.2496   22.2036   59.203   39.5601   16.7631   60.0083   58.6941   65.2763   44.0454   86.2844   59.4138   93.4077   46.1736   68.9638   75.9539   19.6469   61.8466   68.6804   0   45.2167   75.8709   38.3311   56.4279   94.4765   
20   38.4187   20.6155   60.4152   46.8615   34.2345   46.0109   69.3542   69.3542   43.909   57.0088   34.4093   25.5539   52.3546   48.0833   28.0179   34.8855   72.0694   58.8218   57.3149   54.5894   26.1725   67.2012   24.1868   58.8727   31.0483   31.241   69.4046   58.6941   46.0977   19.3132   47.7074   44.0114   65.3682   63.0714   51.8941   39.598   52.8015   47.634   82.134   30.3645   67.6757   37.4833   14.5602   25.4951   43.4166   46.4004   23.0868   33.8378   12.0416   13.4536   38.4838   32.0156   41   25.4951   61.6847   32.249   64.846   31.0161   51.2445   50.0899   45.3431   35.8469   41.1947   29.1548   0   62.0114   38.0454   44.2603   64.448   
43.1856   41.4849   50.9117   46.5725   46.2709   75.9539   88.5099   67.2681   63.7887   6.7082   21.9317   24.1868   47.2017   90.5539   30.4138   71.0634   58.9406   29.0689   15.1327   55.0091   65.7343   60.0333   70.0071   64.6375   94.2603   71.4493   65.123   58.9406   80.6226   46.3897   32.5269   10.0499   72.111   103.238   74.3303   8.48528   81.8352   89.8053   54.1295   78.2624   34.5398   56.0446   40.8167   37.054   49.2037   77.8974   44.1814   34.5254   28.4605   50.4777   51.4782   76.4853   63.7809   75.0733   67.7422   40.7185   34.5398   81.0432   13   14.8661   79.3221   76.2955   31.0483   67.9559   56.7186   44.0114   0   70.1202   83.6318   64.5964   
28.6007   48.0208   26.4008   70.6824   56.3028   23.1948   39.4081   77.8974   78.4092   53.3104   68   41.1096   33.2415   49.0408   58.9406   17.1172   30.4138   81.4371   69.1231   66.4003   61.4003   18.7883   75.0067   22.0227   56.8859   20.2485   23.0217   79.0759   62.2977   55.4707   30.0832   56.7979   46.5725   61.6847   69.3397   61.6847   33.6155   50.2195   55.9017   90.5539   34.4093   77.5242   39.8121   19.8494   32.5576   43   56.0803   27.6586   44.643   16.4012   8.06226   36.3456   34.4819   41.0488   20.8806   72.4224   42.5441   69.7782   41.2311   62.1289   51.6236   37.0135   46.4866   44.5982   24.3311   11.0454   54.1202   0   38.2627   73.9854   
26   44.7214   19.4165   68.2495   51.923   28.2843   25   70.3278   72.0139   64.405   73.0068   55.6058   27.6586   31.9531   60.0333   20.5183   47.0425   92.358   77.8203   60.5392   51.225   34.3657   66.0303   5.38516   39.6232   28.8444   37.3631   74.3303   47.8853   50.9608   33.2415   68.4105   31.7648   44.7772   57.9828   71.8679   18.4391   32.9848   48.7545   82.3772   50.5371   73.3757   56.648   34.9857   25.9615   26.1725   52.3927   43.4166   46.2709   13.6015   25.318   19.105   20.6155   24.5153   4.24264   72.1734   42   56.6127   50.774   68.3081   35.7351   50.1597   47.0425   30.8058   41.0122   21.2603   63.6318   17.2627   0   69.472   
31.3847   12.0416   36.0555   14.3178   3.60555   81.3941   73.0068   20.6155   19.2094   54.0093   37.5899   62.9365   27.8568   65.5134   19.3132   73.8241   83.6301   71.1688   52.811   7.61577   20.6155   76.5768   22.0227   52.1728   64.2573   79.7559   81.6884   19.2354   39.6989   4.47214   32.6497   58.0086   39.8497   75.2728   27.7308   54.5894   67.1193   63.0635   10.2956   33.121   67.9779   18.0278   76.4853   57.8014   29.4109   50.9902   4.47214   62.7694   22.1359   44.7214   63.8905   55.0818   40   48.6621   57.4891   21.9545   19.4165   36.0555   44.1475   38.8973   45.6946   95.7758   18.9737   36.1386   78.5175   50.448   48.0416   59.9083   55.3624   0   
