15
50
999999 10 6 13 7 8 14 17 10 14 12 6 7 9 9 12 11 13 13 16 6 7 17 17 11 12 10 10 8 10 15 8 8 14 17 9 5 15 14 10 6 11 15 16 8 5 5 5 7 7 
0 9 2 6 1 4 12 14 7 11 4 2 5 4 6 1 8 9 11 2 5 3 13 16 6 2 2 2 3 1 13 6 2 3 7 6 2 8 11 8 3 10 7 6 3 3 4 1 1 2 
20
0   0   0   0   0   0   0   0   0   0   0   0   0   0   0   0   0   0   0   0   
4   -9   3   -6   1   -2   9   -4   7   0   8   -7   8   -2   6   -5   4   -6   9   -5   
-2   -1   0   0   2   4   -1   3   1   4   -2   0   -1   -1   0   3   0   2   2   1   
-4   9   -8   6   -9   6   -7   0   -4   6   -8   6   -11   3   0   2   -10   2   -6   2   
-2   0   -2   4   -1   3   -3   4   0   2   -4   4   0   3   0   0   -2   1   -4   -1   
0   0   0   -4   0   0   2   -2   0   -1   0   1   1   -3   0   -2   3   0   2   0   
0   0   -1   6   3   -5   6   -4   -1   -2   3   -3   4   -2   -1   -11   7   0   6   2   
-2   8   -2   9   -14   11   -6   -1   -4   0   -13   0   -1   10   -9   0   -5   3   -1   5   
-4   -2   -3   4   0   6   -9   9   -9   4   4   5   -1   4   -2   -2   -2   0   -2   1   
-2   0   -5   3   -10   6   -2   11   -8   3   -7   8   -10   3   -8   1   0   0   -3   7   
5   -7   10   -1   6   -7   9   -4   12   -7   4   -6   4   -7   -1   -7   3   -4   9   -3   
2   -1   0   -1   -2   3   0   -1   1   2   1   2   -2   1   3   0   0   0   0   -1   
0   -1   -1   0   1   0   -3   0   -1   -1   0   1   1   0   0   0   0   2   0   1   
0   2   0   1   0   -2   1   4   -6   -2   6   0   0   2   -2   0   3   4   0   1   
3   -3   0   -2   1   0   5   -9   0   3   -1   0   0   -1   1   -6   1   1   -1   -3   
-1   0   0   -2   -5   -3   0   0   -4   8   0   0   -5   -4   -5   0   -2   -1   0   3   
-8   4   -9   1   -2   5   -7   9   -8   8   -7   2   -8   5   -9   7   -8   3   -5   4   
4   -12   4   -8   0   -5   2   1   3   -10   3   -8   9   -7   -6   -8   6   -8   0   -2   
-4   -5   5   1   1   5   1   0   0   -6   5   8   7   1   0   4   2   -2   0   3   
13   -13   0   -1   1   -9   9   -10   14   -7   7   -8   1   -15   -1   0   5   2   1   -3   
6   -1   1   0   1   0   1   0   3   -4   3   -1   2   -2   1   -1   0   -3   4   -4   
2   0   -3   0   0   2   0   0   0   0   0   0   -2   0   0   0   0   2   -2   -3   
-10   10   0   -4   0   -1   -8   1   2   2   -9   9   -7   2   -8   0   2   13   -2   1   
-1   -1   1   0   14   -2   4   0   4   -3   -2   0   6   5   9   1   5   -5   6   5   
-4   9   -10   2   -9   5   -11   7   -7   2   -8   11   -7   7   -8   6   -7   11   -8   10   
-5   12   -8   8   -2   7   -7   2   3   7   -7   2   -8   3   -6   -1   -12   8   -3   7   
4   -6   2   -2   4   -3   2   -8   0   -3   9   -4   8   -3   2   -4   2   -1   2   0   
1   2   -5   2   -5   1   -1   6   -3   1   -2   5   -6   9   0   7   -5   5   -4   9   
0   -4   3   -4   1   -4   6   -5   2   -2   2   -2   3   -2   2   -4   5   -4   3   -3   
-8   5   -8   8   -2   9   -4   7   -5   8   -7   5   -9   6   -4   6   -7   10   -10   9   
1   2   -7   0   9   0   1   -4   6   -6   1   -7   14   -6   13   -8   5   -7   0   2   
2   -3   3   -5   1   -1   5   -1   2   -4   2   -1   3   -4   2   -3   5   -5   3   -3   
1   2   0   2   -3   3   1   0   0   -3   0   -2   -2   -2   2   0   0   -1   3   3   
0   -10   6   -12   4   -8   10   -14   4   -13   7   -11   4   -11   11   -12   9   -7   12   -7   
-8   2   -6   4   6   -2   3   1   -2   3   5   6   -3   1   3   2   -5   3   -4   2   
2   -5   1   -3   0   -1   1   -2   3   -7   -1   -3   0   -4   5   -2   5   -4   0   0   
-4   3   -2   4   -2   3   -1   3   -1   2   -2   2   -2   4   -4   1   -2   4   -3   3   
-5   3   -10   15   0   6   -8   9   -11   10   -10   -3   -12   5   -14   8   -6   1   -3   14   
-4   2   -4   10   -6   10   -7   3   -8   8   -3   3   -3   7   -6   2   1   5   -4   7   
-3   4   -6   8   -7   0   -5   5   1   4   -5   6   -6   0   -1   2   -1   8   3   1   
-1   0   -5   2   -4   1   -5   -1   -1   2   -6   4   -4   3   -4   3   -2   4   -6   1   
6   -6   4   -5   10   -5   10   -7   11   -5   6   -7   8   -6   0   -8   7   -4   6   -10   
-3   4   -3   4   -5   -2   -4   5   0   7   -6   -1   2   10   -4   -3   5   3   -11   8   
-14   13   -5   12   -12   12   -13   11   -8   13   -3   7   -9   7   -10   11   -6   12   -14   14   
-2   1   0   0   0   4   0   3   0   0   -4   0   0   1   -3   -4   1   -1   -3   5   
-2   3   -2   1   0   2   -2   1   0   2   -1   2   0   2   -1   0   -2   1   -2   1   
0   0   0   0   0   0   0   1   0   2   1   0   1   0   0   0   0   0   0   -1   
-4   2   -5   3   -3   3   -4   4   -4   3   -3   3   -1   3   -1   2   -2   2   -5   2   
0   1   -6   5   -6   5   -5   6   -3   1   -6   4   -5   5   -4   5   -6   6   -5   6   
-7   1   -4   7   -3   4   -5   2   -5   4   -5   2   -1   3   -6   3   -4   5   -3   7   
0   63   40.8701   54.6586   46.4006   40.0208   31.6525   62.9444   51.8782   62.3959   74.2732   81.0335   70.4769   25.1803   67.3631   41.3516   61.325   53.3857   58.2866   59.6364   60.3631   58.8219   60.3733   69.9016   59.2966   34.72   35.1245   34.2788   48.2866   57.3456   63.643   74.28   56.9026   78.1536   71.646   43.4951   64.39   46.4938   59.7551   55.3883   38.0454   52.541   70.9181   59.4215   47.1245   34.1245   63   72.6904   37.7047   69.8032   
47   0   82.6981   46.8408   30.8114   72.2614   51.4447   61.4185   68.0754   99.4359   36.2357   115.287   27.1803   69.7363   85.4003   45.6228   42.2488   48.0319   53.0689   43   88.5055   100.649   101.622   110.092   31.0711   68.7087   75.6604   74.2186   48.1725   78.3173   35.6491   68.5933   39.4222   62.927   70.7083   82.1542   106.133   87.8114   84.2026   29.8114   53.0139   77.6308   66.0408   93.9605   78.834   78.5395   37.4018   48.8035   53.2215   116.788   
26.8701   68.6804   0   58.0125   69.8867   63.4236   58.5225   88.6204   77.2699   76.695   84   62.1248   89.5022   49.2041   80.2489   67.9857   88.1951   80.2557   85.1567   66.0111   73.3578   63.8577   37.2237   53.4591   78.8867   38.1421   28.1803   29.6301   75.1567   81.0529   81.9251   101.149   78.6177   98.6003   69.7581   52.7393   45.9615   29.6525   42.4951   68.8867   52.9857   50.6531   75.9464   55.6079   35.0499   36.083   84.307   81.075   57.541   92.5134   
27.6586   31.6228   40.0125   0   35.0294   63.9368   45.6064   75.0935   74.317   90.0546   46.4052   87.8685   49.2419   52.839   85.6828   45.0768   64.8352   56.0521   65.0938   21.3852   79.3821   86.4805   75.3321   82.2822   38.6982   45.0192   56.5627   53.7343   57.3746   74.6521   47.0678   75.9839   47.3711   83.1924   55.0689   70.8243   80.9692   67.7382   54.8565   34.0294   37.2047   38.2132   50.4109   78.0737   45.0666   57.4005   53.0151   39.3961   34.2047   97.4619   
31.4006   16.7631   51.923   16.4012   0   63.45   42.6333   57.566   66.0106   87.2143   44.6008   103.436   41.587   56.2853   78.9828   36.8114   48.0483   39.821   48.6292   37.1555   71.9828   87.7902   86.4448   95.4319   31   55.6405   60.5201   59.0666   42.808   70.0918   34.0384   63.9781   30.6015   68.0918   57.6807   71.6447   90.6038   72.0385   69.7587   21   38.025   54.6144   64.0122   79.6792   60.6375   60.343   35.6433   37.7231   35.025   101.204   
24.0208   51.8845   47.4236   46.5188   41.7253   0   44.4009   45.9258   31.8924   54.5104   84.3498   98.0079   75.2944   33.2315   46.2021   48.2029   56.697   48.7577   53.0606   67.1333   39.2788   56.2215   70.6526   81.2095   70.5845   57.4367   54.2491   57.3363   43.6586   29.6491   75.7637   65.5441   62.5766   58.6006   89.6163   41.1896   72.9364   53.6232   80.6108   62.7253   42.9258   74.2189   91.7694   47.1662   67.1221   55.3412   66.7852   79.4484   46.7321   60.9625   
15.6525   33.7343   42.0119   25.9615   20.8087   21.4009   0   48.573   49.6142   65.6624   61.2342   93.8332   58.2488   40.8328   64.2666   31.0554   48.6852   39.4709   43.5862   47.3467   60.6798   67.3104   76.0136   85.5418   47.6333   48.1714   50.7648   49.9313   39.8045   50.3645   50.6717   68.8019   45.1758   65.5601   68.231   48.4819   80.0303   62.1341   67.7122   37.6333   25.544   63.8296   74.3624   57.3792   57.4683   49.7648   40.0768   58.5317   34.4018   82.3634   
44.9444   44.4185   71.4003   56.0803   43.566   26.9258   32.573   0   37.105   62.4013   77.9621   121.558   70.5932   56.3113   48.3657   45.5764   43.8494   39.4951   40.6205   72.4487   49.105   74.8971   97.5784   107.509   61.3219   79.6645   77.6314   74.803   34.3961   34.105   69.3342   30.2788   48.9531   24.2111   100.804   63.8539   99.4038   80.549   100.285   62.7379   58.117   94.2935   104.023   66.811   81.7308   79.0689   48.121   81.2891   66.9747   80.4282   
36.8782   53.0754   61.2699   55.5428   47.0106   13.8924   29.6142   16.1245   0   50.2315   84.814   111.833   77.6553   47.124   42   51.7648   46.8938   50.0063   54.8568   76.9279   35   57.7379   84.5451   95.1019   71.8331   71.3291   66.0899   65.0784   44.9072   27   80.2859   46.4033   62.8973   37.5407   97.8452   51.0151   86.8289   67.5157   94.5033   67.2475   55.1214   88.1113   103.977   51.1618   80.5235   69.2336   64.2455   80.7308   60.6246   55.9762   
48.3735   82.4924   61.2046   75   72.3464   30.8058   51.6624   48.1664   32.5576   0   110.71   105.427   106.1   58.2156   31.0357   79.0088   79.4514   78.3703   76.1664   96.3852   42.2315   31.8045   78.0719   88.3393   96.0247   77.9839   67.9711   70.5957   73.2713   49.6142   100.148   78.4452   85.0955   70.0983   113.882   46.4951   76.6849   61.0425   101.516   87.1095   73.7317   94.7775   119.247   39.095   79.9902   66.9902   91.7392   110.069   77.538   25.4868   
54.4243   19.4165   70   30.0167   24.4131   65.9469   45.2217   63.0714   69.814   96.6747   0   115.823   23.0554   79.6046   100.977   53.665   60.7929   54.413   62.6589   48.5731   96.3959   112.203   104.965   112.299   30.6433   71.0357   80.3343   77.5059   59.5913   88.4213   36.6301   80.7613   47.3847   81.0671   58.5206   93.7036   110.986   95.2935   81.7708   43.6008   62.4381   65.1275   59.8411   102.601   75.0833   82.9242   56.0832   33.4403   59.4381   121.603   
62.9682   101.074   36.1248   69.857   84.5991   82.6801   77.8332   107.448   96.566   90.0278   97.8008   0   117.593   82.8906   108.921   100.579   123.181   113.755   119.789   89.736   104.44   93.0147   52.8337   42.2036   108.555   63.8017   63.5831   60.7547   110.588   111.729   109.477   136.719   113.243   129.634   78.6869   83.4166   52.0147   65.7773   51.2278   103.475   89.1105   77.6952   89   85.1231   64.8019   63.8017   117.91   102.361   86.4105   115.515   
52.9528   11.1803   71.5681   32.0156   21.587   61.2944   41.6293   55.5698   63.6553   92.0869   9.05539   101.592   0   74.407   96.5806   49.2021   53.4291   49.9501   56.2492   45.0078   92.201   108.94   107.348   114.298   26.1803   74.4793   81.9318   80.4783   52.8782   81.7954   26.2195   71.4722   40.7588   74.1074   63.5805   90.1112   112.015   93.4502   83.2033   40.9917   59.4367   66.9667   56.6796   99.0086   77.0822   81.7547   39.4722   30.2788   56.4367   117.574   
11.1803   52.9528   32.2025   38.2099   39   15.2315   19.2354   40.3113   29.0689   37.2156   63.0635   67.6757   60.407   0   58.4764   48.0713   63.6394   53.6394   61.1545   58.192   51.4764   55.9857   60.8364   71.3932   66.8687   45.3555   37.1246   36.1359   57.9559   44.8568   69.2451   70.5901   62.05   64.5224   79.9981   39.6525   63.1202   43.807   67.2882   56.8687   39.2603   61.3847   82.0985   48.7065   45.2655   36.1246   59.0111   71.246   36.2603   62.7024   
44.1475   71.4003   62.6498   68.4251   63.1269   21.9545   43.2666   34.3657   19.3132   14.0357   86.977   94.921   81.5659   33.3766   0   64.2782   66.207   68.0106   62.1699   87.5733   21   45.8402   88.1012   97.8262   90.8999   76.208   67.1566   69.5126   64.2205   39.5529   93.9383   64.6445   79.0088   55.0132   110.557   49.5136   85.6607   75.0782   100.665   80.8999   64.8803   94.7613   113.724   53.1307   78.6421   66.1566   82.4867   97.6196   68.6866   39.5225   
24.3516   25.2982   49.93   26.0768   15.2643   27.2029   9.05539   30.0167   31.7648   58.0086   38.8973   85.276   34.1321   28.0713   48.1041   0   39.4536   29.4536   38.095   47.462   59.2782   76.3658   80.4831   93.0597   46.2643   57.2268   57.7185   58.6304   31.1803   56.8521   49.3027   56.1214   36   51.3456   72.945   57.5373   83.9214   70.8454   76.7676   36.2643   34.5994   64.29   73.4518   66.4346   66.5237   58.4761   33.0294   49.9857   42.9706   83.4955   
46.3249   26.2488   72.8011   46.6154   31.0483   38.0132   30.8058   19.8494   32.8938   65.2534   45.607   108.467   37.3363   46.4866   52.2015   23.3452   0   26   26.099   67.8751   67.2195   90.6316   103.683   113.211   47.1496   75.9268   78.434   79.2898   30.0384   53.9544   54.2156   33.0312   38.4642   44.0605   88.729   79.2028   107.267   89.8033   97.7966   51.8058   54.2099   84.7392   90.4433   84.0556   80.9238   77.434   41.0312   64.0425   55.3113   88.87   
37.1214   22.0227   63.2456   37   22.0907   32.7567   21.4709   22.8473   31.4006   62.2415   40.2492   98.7168   33.0151   38.6394   50.2494   13.4536   10   0   29.0554   54.6563   65.8378   82.884   93.9367   104.891   41.7723   64.9902   69.6742   68.5052   32.099   50.8378   48.7602   40   27.2195   46.4591   79.7714   69.9528   96.28   78.9682   86.8471   40.0227   43.4253   75.2132   82.2128   77.1354   78.9392   71.2357   27.6301   55.8121   53.4138   87.3768   
42.8019   29.0689   69.527   45.8803   31.1448   33.0606   27.5862   15.6205   27.8568   60.1664   48.1041   105.418   40.2492   42.1545   47.1699   21.095   5.09902   9.05539   0   63.7117   60.6757   85.5946   99.5646   110.121   50.8277   74.0456   76.4054   77.0807   34   45.6757   57.8156   38.1302   36.2749   38.9737   88.8255   74.2502   101.764   82.5352   95.2984   49.0781   52.4683   84.0935   91.2682   78.208   77.9682   76.8218   36.6855   64.8674   60.4103   83.833   
32.8024   29   45.0111   5.38516   15.8114   50.6063   29.5466   58.0345   58.8218   79.6492   25.02   73.736   27.8568   43.1393   72.5603   28.1603   46.8402   37.6563   46.6905   0   84.7672   91.6243   80.1595   87.6673   41.9317   46.1448   56.8797   54.0512   58.6194   74.808   44.7883   77.6563   46.4129   79.5058   49.8927   76.2095   86.3544   71.1202   59.497   36.8114   42.5898   42.8537   53.3059   83.4589   50.4518   62.7612   51.4547   37.1327   39.5898   102.606   
37.3631   67.4166   55.7315   62.2656   57.9828   16.2788   37.6431   34.0588   18   15.2315   82.134   88.3912   77.201   26.4764   7   43.2782   50.2195   47.0106   45.1221   66.5733   0   47.036   80.1491   90.176   84.2193   67.2353   59.1774   62.6123   59.9375   42   88.3148   64.3376   74.2302   55.5407   101.92   46.0238   78.5216   66.9317   93.7068   75.2764   59.2046   87.8611   108.048   40.9317   71.7419   59.1814   72.8243   93.2639   62.7367   40.7184   
44.8219   86.6487   49.6488   72.4707   73.7902   36.2215   53.3104   59.8415   43.7379   17.8045   98.0051   74.4312   94.9368   34.9857   29.1548   61.3514   74.0608   68.884   69.029   77.6209   26.2488   0   63.1814   73.1507   100.774   71.0833   59.6773   62.2829   79.7887   56.7922   103.982   90.1203   91.1614   81.2785   109.765   36.4165   64   58.2053   92.0267   90.9437   74.246   90.693   114.494   37.4018   71.6773   58.6773   93.3872   106.232   71.246   41.1172   
42.1545   87.4757   20.2237   60.0333   70.859   56.5685   57.7754   82.9759   70.0928   59.9083   90.05   30.2655   91.1976   42.8019   65.7419   66.4831   88.1192   79.2023   84.22   65.123   59.5399   44.1814   0   27.6301   96.5224   48.0147   45.6785   48.2609   90.4411   84.4298   96.0975   113.255   95.3993   105.947   81.209   56.1162   22.4031   33.0294   62.7188   86.8471   71.2103   62.1041   92.1377   60.2173   45.2655   45.2488   97.8522   97.2247   73.4198   80.2944   
51.8845   96.0469   27.4591   67.2681   79.3095   67.1789   67.5352   93.5094   80.7217   69.5701   97.1288   22.2036   98.9949   53.2635   76.0592   76.0592   98.1122   89.0056   94.3398   72.111   69.9714   53.1507   10.6301   0   104.028   58.6448   53.229   50.4005   100.171   93.9866   106.728   122.801   103.092   114.499   88.8781   65.0918   33.0333   42.5862   63.0476   96.2808   80.4448   69.7731   100.12   70.8475   55.8956   55.879   107.612   105.023   84.05   90.9245   
42.2966   7.07107   62.5859   24.6982   11   50.2195   30.4631   46.6154   53.2635   81.0247   16.6433   94.3716   11.1803   49.3356   70.7672   23.0217   30.1496   23.7697   32.0156   21.9317   66.2193   83.7735   81.7435   90.0278   0   66.6405   71.5201   70.0666   48.9258   74.6076   21.0711   63.1808   38.7648   69.9981   65.8853   78.945   101.346   83.0385   79.5547   28   49.025   62.9114   61.4301   87.8423   69.7648   71.0803   37.1421   35.0294   46.025   106.512   
17.72   54.7083   14.1421   26.0192   37.9473   41.4367   30.6105   62.1772   54.5711   61.9839   56.0357   47.8017   57.4282   27   60.208   37.5366   60.8276   50.9902   58.0517   31.1448   53.2353   54.0833   34.0147   41.5933   48.5077   0   29.7279   28.4868   66.0067   67.9351   65.9357   90.9902   66.239   86.3883   54.4187   54.223   54.3192   41.0972   41.0227   52.8973   45.6274   38.8494   65.8722   60.1126   19   28.7279   66.9711   63.2709   44.6155   87.0294   
16.6433   61.6604   11.1803   36.1386   45.1774   36.2491   32.249   60.4401   50.0899   51.9711   65.7647   47.0106   66.0076   21.0238   52.1536   40.7185   62.9682   53.7122   59.4054   41.4849   45.1774   42.5441   25.9615   35.3412   56.1427   12.0416   0   20.6056   64.93   64.927   74.1402   89.9178   68.5461   83.8431   66.4603   42.4951   47.2655   29.3693   51.5254   63.0977   42.9615   49.0156   73.4891   48.3847   30   17   72.3258   75.3125   50.4951   77.458   
16.2788   60.0167   10.6301   33.7343   43.4166   37.3363   31.6228   60.803   51.0784   54.3415   63.5059   46.7547   64.0078   22.1359   54.037   39.8246   62.426   53   59.0339   39.0512   47.0425   45.2769   27.4591   36.4005   54.3323   9.21954   2.82843   0   64.5655   66.5326   72.0265   90.5588   65.8744   82.0074   63.6383   44.1006   48.871   30.9749   47.5095   60.0654   42.0416   45.3363   72.359   49.9903   25.4868   18.6056   70.8221   72.4905   39.0416   79.8283   
33.2866   26.1725   59.8164   36.6742   23.1948   27.6586   17.8045   20.3961   26.9072   57.2713   43.566   95.5877   36.8782   33.9559   45.4863   11.1803   13.0384   5.09902   10   38.0526   42.0476   63.7887   75.1332   85.0882   26.9258   48.1041   49.93   49.4065   0   46.2062   47.9969   43.9422   29.2066   43   80.8755   66.2864   95.1017   77.7628   85.5167   44.1948   43.3485   72.5428   82.0312   74.8248   67.1041   65.3964   32.7292   60.9111   49.8029   82.7581   
36.3456   55.3173   60.0083   56.3205   48.5489   12.6491   30.3645   19.105   3   29.6142   71.7008   95.0158   65.7647   27.8568   16.5529   33.2866   35.7351   33.8378   30.6757   59.808   15   40.7922   68.1175   78.7464   55.2268   53.9351   48.8467   49.98   29.2062   0   76.2209   49.3838   58.4127   40.5407   98.5954   50.6105   82.593   66.2723   93.2599   67.9978   55.5749   84.0072   104.418   51.4384   72.9351   63.927   61.2041   83.2642   59.3812   55.101   
44.643   12.6491   62.3939   22.8035   13.8924   55.3173   34.6699   53.4883   59.4054   86.0523   10.6301   92.477   9.21954   52.8015   76.3806   28.2843   37.2156   30.6757   39.0512   18.7883   71.5052   87.6584   82.0975   89.8053   7.07107   48.2597   57.0789   55.0091   33.541   61.2209   0   69.0848   43.5407   75.5761   64.4459   83.1518   102.579   85.3542   76.1692   32.0384   51.9174   61.0167   53.4005   92.0491   67.2597   73.6146   40.2132   37.198   48.9174   111.539   
57.28   41.5933   84.1487   61.9839   46.8722   42.5441   42.8019   16.2788   32.3883   64.0078   61   120.241   52.3927   54.6443   50.04   37.1214   16.0312   25   16.1555   62.5859   50.2494   76.1183   97.4166   107.801   46.0435   73.4098   73.5935   73.5391   25.9422   35.3553   53.0848   0   48.3766   29.3693   104.553   80.1328   114.323   96.1673   110.514   65.0227   68.3459   98.485   105.573   83.0898   92.4098   90.5935   52.6301   80.0738   71.3425   87.1095   
35.9026   14.4222   60.3738   29.5296   13.6015   37.5766   21.0238   31.9531   38.8973   68.0955   31.3847   94.8683   24.7588   40.05   57.0088   12   17.4642   9.21954   18.0278   29.4109   53   72.8011   77.7946   87.0919   14.7648   47.1699   51.8652   50.6952   12.2066   41.0366   21.5407   33.3766   0   55.2066   71.2821   69.5057   95.9214   77.3699   83.3602   32.3417   45.632   67.2195   73.9949   78.403   66.1699   68.8652   26.099   47.5941   44.8328   93.5824   
52.1536   47.927   78.6003   62.3939   49.0918   33.6006   39.5601   7.2111   21.5407   52.0384   67.0671   114.634   59.0931   47.3814   38.0132   36.3456   21.9545   27.4591   18.9737   64.0312   38.833   65   89.9389   100.499   50.9608   69.3542   67.624   68.0074   26   24.3516   57.9741   12.3693   36.6742   0   106.772   71.065   106.537   87.2238   107.272   67.4818   65.1041   97.0812   108.031   72.7025   88.3542   83.506   55.0892   83.2711   67.9215   77.5168   
50.6952   54.7083   47.2017   29.0689   43.6807   73.2462   54.231   85.1469   83.7257   98.8433   42.5206   62.0081   49.5782   61.8466   94.5569   55.1453   74.7262   65.5134   74.5252   27.8927   87.9204   92.4175   65.7647   68.9493   47.8853   38.4187   50.3289   47.5079   65.6201   84.1724   42.4382   90.471   57.28   91.444   0   89.4312   88.1679   75.5549   48.4591   63.0983   66.2735   41.105   26.0454   96.5414   57.4187   66.1134   74.808   53.3017   63.2735   120.498   
25.4951   68.1542   36   53.1507   54.626   21.1896   34.4819   47.8539   33.0151   25.4951   78.7147   67.4166   75.9605   15.6525   27.5136   42.9535   58.5491   52   53.7587   58.258   21.0238   19.4165   38.5876   49.0918   64.846   36.7696   26.4764   28.8617   47.0106   30.6105   68.4471   63.6946   54.7449   54.2033   74.4312   0   59.2884   46.0868   75.3503   72.1152   51.9857   73.177   96.4132   25.0623   53.3275   43.4764   74.5587   86.8985   51.9128   50.9819   
45.607   91.7878   25.9615   65.2763   75.326   57.6281   61.0328   84.4038   70.7672   57.5847   95.2575   34.0147   96.0208   44.7772   64.6607   69.9214   90.8735   82.28   86.764   70.4557   58.8218   41   6.40312   12.1655   86.2844   39.3192   30.1496   32.0156   78   68.593   87   99.3227   81.4923   91.214   72.0694   38.2884   0   39.4325   68.4566   90.3632   70.227   68.5072   98.1148   57.5899   51.6686   44.2655   100.585   100.586   71.0573   74.0517   
26.4764   73.171   15.6525   48.7647   57   39.6232   41.7612   65.9469   53.2635   47.0425   78.2624   44.3847   78.1601   25.807   50.5964   50.6952   71.5891   62.9682   67.5352   54.1202   44.0114   34.2053   17.0294   27.5862   68   24.1868   12.6491   15.2315   58.6941   51.4004   69.3542   80.4487   62.3699   72.9178   61.5549   23.0868   19.3132   0   58.1476   75.297   55.6106   60.5678   86.1382   48.1491   40.7184   29.6491   81.838   85.1231   54.2732   64.4876   
42.7551   69.2026   25.4951   37.6431   53.7587   66.6108   53.7122   86.1626   79.6241   85.5102   63.3246   35.2278   68   52.0865   85.0235   58.8303   81.8413   71.8471   79.925   40.4969   78.0256   75.0267   40.4599   42.0476   62.2013   25.1794   33.541   31.257   69.9714   79.0759   59.1692   95.8801   65.9469   93.2309   27.4591   60.0167   46.8615   41.1461   0   71.4885   64.1885   37.6433   53.2099   81.103   39.0227   49.8626   89.402   69.9245   67.4853   105.634   
32.3883   15.8114   52.8867   17.0294   1   42.45   21.6333   43.7379   47.5079   73.1095   23.6008   85.4751   20.6155   39.9249   63.7809   15.8114   30.8058   22.0227   31.0644   16.1555   58.6941   74.686   71.8471   80.2808   10   38.8973   46.1736   44.4072   23.3452   49.0918   13.0384   46.6905   13.3417   49.163   43.9659   55.5428   76.3217   58   54.4885   0   39.0238   55.2426   61.0488   79.0125   57.8973   61.0977   36.1245   38.2354   36.0238   98.5963   
11.0454   36.0139   34.9857   19.7231   20.3961   26.9258   8.544   41.1096   37.1214   55.4437   43.8634   70.2922   41.9762   19.4165   48.7545   15   38.2099   28.4253   35.4683   24.2074   42.5441   54.3783   52.2015   61.4654   31.257   22.6274   26.2488   25.0799   25.4951   37.4833   33.8378   51.0392   25.632   48.1041   46.6905   34.9857   56.0892   37.2156   45.1885   21.3776   0   57.4279   68.8467   60.048   41.6274   39.9615   48.0294   58.1192   28   80.8486   
33.541   52.6308   28.6531   21.2132   37.5366   57.2189   40.7922   73.2462   69.029   80.7775   47.1275   50.6952   51.4296   44.3847   77.666   44.3847   66.7308   56.8243   65.307   23.8537   70.8308   73.4983   48.1041   52.7731   45.607   19.4165   31.241   28.4253   55.5428   69.0072   42.5441   81.4371   50.2195   80.0812   19.105   55.9017   54.231   42.5206   16.6433   38.2099   32.3883   0   45.1503   78.4156   34.8494   47.0309   73.18   54.6879   53.4279   103.344   
54.9181   49.0408   55.9464   29.4109   41.0122   75.7694   55.3624   84.214   84.8999   103.247   34.2053   73   42.19   66.0379   97.5756   54.4518   71.5681   63.0714   72.111   26.3059   91.236   98.4937   75.2396   79.1202   42.72   45.4533   57.4891   54.6717   64.0312   85.7263   36.4005   87.5728   54.231   90.0222   11.0454   79.8123   81.4371   69.4046   38.2099   41.0488   48.8467   27.2947   0   104.662   61.8722   73.2773   73.9017   43.4008   63.6155   124.721   
33.4215   75.9605   40.6079   61.0737   62.6498   27.1662   42.3792   52.811   37.1618   21.095   86.7698   69.1231   83.9345   23.7065   27.2029   50.6952   65.123   59.1354   60.208   66.2193   21.9317   11.4018   39.2173   49.2443   72.8011   43.4166   32.311   34.9285   54.0833   34.4384   76.4853   68.9638   62.3699   58.6941   81.5414   8.06226   37.5899   26   65.521   63.561   43.0465   62.7694   87.3212   0   60.4153   49.311   82.456   94.9525   59.9668   43   
21.9317   59.4643   10.0499   30.0666   42.72   45.1221   35.4683   66.7308   58.5235   63.7887   60.0083   42.8019   61.8142   30.2655   63.0079   42.5206   65.7951   55.9732   62.9682   35   56.0089   54.5894   30.2655   37.2156   53.1601   5   12.083   9.48683   53.0377   57.7235   52.6118   78.2432   52.1536   73.9256   38.8973   38.3275   35.9026   22.6716   22.0227   43.6578   27.5862   19.8494   46.8722   44.3847   0   28.0924   71.9711   68.2709   46.6125   87.1592   
16.1245   61.5224   12.083   36.4005   45.0999   35.3412   31.7648   59.6657   49.1935   50.9902   65.9242   47.8017   66.0303   20.1246   51.1566   40.3113   62.434   53.2353   58.8218   41.7612   44.1814   41.6773   26.2488   35.7771   56.0803   12.7279   1   3.60555   49.3964   47.927   57.1402   72.9178   51.5461   66.8431   51.0882   25.4951   30.2655   12.3693   34.5254   46.0977   25.9615   32.0156   58.1378   31.3847   13   0   71.8416   75.7966   42.6472   74.3847   
41   11.4018   65.307   33.0151   16.6433   41.7852   26.0768   33.121   41.8688   72.0069   30.0832   99.5691   22.4722   45.0111   60.4649   17.0294   16.0312   10.6301   18.0278   32.2025   56.8243   77.3692   82.8613   92.1141   14.1421   51.9711   56.921   55.7136   15   44.2041   21.2132   32   5.09902   37   59.808   59.5399   86.5852   67.4685   70.0357   16.1245   30.6757   54.037   55.9017   67.082   56.9386   56.6127   0   45.0161   46.7805   96.3941   
46.5296   22.8035   60.075   20.3961   19.7231   60.959   39.6232   62.3618   66.7308   91.2195   10.4403   87.3613   16.2788   56.0357   82.6196   34.9857   47.0425   39.8121   48.5077   15.1327   77.2334   90.9725   80.2247   87.023   17.0294   46.2709   56.5155   54.1295   42.0595   68.2642   10.198   63.0079   30.5941   67.2681   33.3017   71.5612   85.5862   69.1231   52.9245   19.2354   36.6197   36.6879   26.4008   79.6116   50.04   56.7539   31.0161   0   54.6007   116.333   
11.7047   36.2215   33.541   17.2047   20.025   29.7321   11.4018   43.9659   40.1123   57.8014   42.72   68.4105   41.4367   21.2603   51.4782   16.9706   40.3113   30.4138   37.8021   21.9317   45.1774   56.0357   51.4198   60.407   31.0161   20.6155   25.4951   24.0416   27.8029   40.4475   32.9848   53.535   26.8328   50.9215   43.7379   36.6197   55.5788   37.0135   42.4853   21.0238   3   29.4279   46.0977   44.6542   25.6125   25.318   31.7805   34.9857   0   81.5079   
55.8032   91.7878   65.5134   82.9759   81.2158   39.9625   60.4401   57.4282   41.9762   9.48683   105.603   91.5478   101.242   44.8219   23.0868   67.1193   74.7262   71.6938   69.6419   87.7838   24.6982   17.1172   61.2944   70.214   90.1388   68.0294   57.2451   59.808   66.7083   39.0512   95   73.1095   77.4145   61.0082   105.679   31.305   58.0517   50.4876   90.5207   82.0061   63.6553   87.2067   110.68   25   69.2892   56.3028   81.3941   99.8248   65.8559   0   
