15
60
999999 13 16 10 7 15 8 13 15 5 11 13 14 8 8 17 11 17 16 14 11 17 10 16 14 6 14 13 8 16 7 6 7 12 10 10 8 16 17 14 5 10 9 8 16 6 8 13 12 9 16 13 8 10 13 7 17 16 15 15 
0 1 8 1 1 12 4 11 11 2 9 8 3 4 5 12 9 13 15 7 2 7 6 6 12 1 1 12 1 9 4 1 6 9 8 9 1 4 11 4 2 6 6 2 2 1 7 3 5 5 4 10 2 7 1 3 15 9 6 1 
20
0   0   0   0   0   0   0   0   0   0   0   0   0   0   0   0   0   0   0   0   
9   0   -2   -4   0   -4   2   -11   1   -7   3   -2   5   6   3   -3   1   -1   3   -5   
-13   15   -7   7   -7   15   -2   9   -6   4   -8   8   -9   11   -14   13   -15   14   -11   8   
-1   1   1   1   1   -2   4   4   -2   0   1   0   0   -1   -2   0   0   0   -3   -7   
1   1   -2   1   1   -2   -2   -1   0   0   -1   -2   -1   -3   3   1   2   2   -1   -1   
6   -2   -1   -8   2   -4   7   0   -3   -4   4   7   0   3   2   -2   2   -3   7   -11   
6   -5   4   -3   1   -3   3   -5   3   -6   2   -3   3   -4   4   -6   3   -4   3   -3   
-10   8   0   3   -5   7   -11   11   -13   6   -4   2   -4   9   -10   11   -2   11   -2   10   
15   0   14   -8   10   -7   7   -7   7   -10   8   -6   6   -14   8   -9   5   -9   13   -13   
2   0   2   0   1   -1   0   0   1   -1   1   0   2   -1   0   0   1   0   2   0   
2   -1   -4   -6   3   0   3   -6   2   -3   2   3   0   4   7   -4   7   -4   7   -1   
10   -6   6   -6   4   -3   12   -10   6   -3   4   -8   13   -7   1   -4   9   -10   6   -11   
3   -5   14   -9   7   -6   2   -7   8   -10   2   -8   10   -13   6   -4   10   -5   10   -9   
-6   4   0   3   -1   2   -2   3   -1   1   -4   2   -6   1   1   2   -3   6   2   6   
8   -3   5   -7   8   -5   7   -3   6   -7   7   -4   6   -4   2   -2   6   -1   4   -7   
-4   0   -7   6   -6   11   -2   6   -3   12   -10   10   0   8   -12   9   -11   9   -6   11   
-1   3   -8   2   -2   5   -4   6   -1   3   -1   5   -10   4   -6   5   -9   6   -11   5   
1   1   -1   7   -7   -2   -5   9   0   3   -6   0   4   0   -7   -3   0   6   6   10   
6   1   4   10   -4   -1   4   -5   2   0   3   -6   1   -5   5   6   -3   5   8   -1   
9   -14   9   -10   5   -7   11   -7   13   -10   3   -11   6   -6   8   -10   7   -10   10   -5   
-4   3   -9   8   -10   10   -2   7   -5   6   -9   10   -6   3   -7   2   -10   5   -10   8   
12   -4   2   -6   10   -12   14   -5   7   -4   7   -9   11   -7   10   -6   8   -11   9   -15   
0   6   -3   1   -6   1   -4   2   -3   7   -3   0   0   4   0   4   -1   5   -5   5   
-3   2   -5   5   -3   8   -1   -2   -3   -3   0   0   -5   0   0   7   -6   7   8   -2   
8   -3   3   -2   4   -5   -4   5   0   0   0   2   -3   2   -3   -4   0   -1   3   1   
0   4   -6   5   -4   5   -3   0   -5   1   -4   4   -6   2   -6   0   -3   3   -1   6   
0   -10   6   -1   3   -3   0   -9   8   -6   -2   -2   -2   -5   2   -6   5   -2   3   5   
2   -11   5   -13   6   -9   7   -8   5   -8   8   -6   12   -8   3   -8   2   -13   6   -12   
-2   0   -4   -2   0   0   0   3   -2   -1   0   0   2   -2   0   0   -1   -2   -1   3   
-2   7   -3   0   -10   4   -7   1   -13   5   -9   2   -5   7   -4   11   -2   4   -4   9   
0   -1   1   -1   3   -7   1   -3   3   -3   4   -2   3   -4   2   -2   4   -6   5   -3   
-2   2   1   6   0   0   0   1   -2   0   -3   3   0   0   -2   5   -6   0   -2   -2   
3   -4   5   -6   4   -2   6   0   0   -2   5   -5   2   -3   4   -6   7   -3   2   -2   
-2   0   -9   10   1   2   1   2   -4   0   -4   -4   -2   0   2   4   -6   3   -3   6   
-2   0   1   4   -5   4   -1   2   -8   3   -5   3   -2   0   -1   4   -3   3   -1   0   
5   0   5   -5   0   5   1   -1   -3   5   -3   -4   8   -3   5   0   -3   0   0   0   
-7   8   -2   7   -6   5   -4   3   -4   5   -3   6   -5   2   -8   3   -7   6   -1   4   
-7   9   -12   3   -15   12   -11   14   -14   7   -8   5   -4   5   -1   13   -9   9   -11   2   
1   2   -7   -1   -1   10   1   4   -1   -3   10   -12   3   -7   7   0   3   4   -2   -3   
-8   3   -14   0   4   13   -6   8   0   2   -3   4   -8   3   -4   10   -5   7   0   8   
0   2   -1   2   -2   3   -1   0   -2   3   -1   2   -1   1   -1   1   -1   2   -2   1   
0   1   -2   4   0   1   -4   0   0   -1   -1   1   1   -1   3   4   -1   0   1   0   
-7   3   -3   6   -4   7   5   -1   -1   5   -2   4   2   7   -9   3   -4   5   -1   -2   
-1   4   -5   2   -4   4   -1   5   -4   3   -4   4   -3   6   -5   6   -6   4   -3   3   
-5   8   -3   2   -10   14   5   -4   -4   13   -2   1   -4   -4   9   2   0   0   -3   2   
-2   0   -3   3   0   -1   2   -2   -2   2   2   -1   2   0   -2   -1   -1   0   -4   1   
2   -5   4   -4   3   -4   1   -2   4   -6   5   -6   6   -3   2   -7   4   -7   8   -6   
2   -2   -3   -8   0   -5   -4   3   3   2   3   0   -1   -10   -2   4   1   6   0   0   
1   -6   4   0   -2   0   -2   -6   3   1   0   3   3   0   6   0   6   -2   2   0   
-7   0   -3   1   0   8   -1   1   0   0   0   0   -1   7   -1   -3   -2   3   -1   4   
11   -7   10   -5   9   -5   10   -8   6   -10   5   -9   6   -3   2   0   6   -13   1   -6   
-4   7   -10   6   -11   6   -2   3   -2   6   -2   10   -12   2   0   8   -8   7   -5   3   
-1   8   -4   6   -5   4   -4   6   -6   6   -7   7   -3   7   -3   2   -3   3   -6   3   
-7   3   -4   4   -7   1   -5   0   -5   4   -3   4   -4   6   -1   6   -9   5   -10   4   
6   -11   0   -3   1   2   3   -1   0   -7   0   -3   5   -4   8   -6   4   -2   0   -7   
4   -2   5   -4   6   -1   1   -5   6   -3   1   -3   2   -2   5   -6   2   -6   2   -4   
2   -5   -5   -1   3   0   5   -5   7   4   3   -6   -3   -1   -2   7   -1   -1   -1   -1   
9   1   7   -4   6   -4   -4   -2   -4   -1   6   -6   3   2   0   0   1   -2   -2   1   
-7   6   -4   0   -9   1   -4   4   -4   -6   3   0   -4   7   -2   7   0   8   -1   3   
-7   6   -3   6   -9   0   -12   7   -4   4   -5   7   -6   6   -4   6   -11   4   1   8   
0   54.0789   84.0075   69.7441   37.7725   48.1406   34.8816   65.8466   56.465   48.3794   59.6076   62.2801   78.9682   69.5812   57.9952   49.9158   48.1548   69.3173   34.0864   35.8494   21.2801   77.8303   49.7807   54.6619   62.2821   51.2887   71   56.9731   52.6205   69.6236   38.6155   50.9559   42.19   70.3484   85.1936   32.3576   40.2594   52.7666   72.1476   41.5862   26.0499   78.231   46.6833   48.0606   68.1736   42.2594   60.0512   65.7188   44.6816   74.1507   43.9317   30.4853   65.2494   77.9682   61.3412   45.4951   43   37.1172   72.7083   66.107   
38.0789   0   118.877   66.4206   75   27.8102   51.6203   88.629   49.5803   34.8884   96.1084   98.0247   62.5365   102.833   89.5616   87.5449   71.9018   107.396   48.0147   43.3607   59.359   111.16   40   89.6898   86.5304   28.4853   71.7274   83.5077   45.7588   100.017   73.4257   62.6431   69.7122   52.099   115.23   56.2559   64.5077   58.255   46.4094   48.1321   43.1603   75.5549   84.0714   86.1394   79.8547   42.8395   90.4599   26.0623   42.7308   97.2712   77.6975   67.5429   47   100.528   85.2193   34.6491   79.6396   73.109   54.0512   78.2944   
67.0075   102.956   0   130.194   66.2037   113.652   90.5697   60.338   118.078   114.09   65.7732   69.3982   142.405   82.0775   52.2843   54.8917   66.4198   46.0227   89.7745   101.565   76.9682   28.2426   103.155   56.7567   101.621   118.296   125.02   84.0083   115.351   48.1725   75.0882   114.609   69.5853   137.253   24   83.8506   98.2565   88.6726   139.155   91.1068   93.0573   127.438   76.4859   68.4236   117.699   97.2413   102.108   127.162   98.1326   92.1038   64.4863   82.5649   132.154   121.901   55.0512   112.503   72.0918   76.0754   139.716   76.0089   
52.4976   46.0652   114.202   0   83.2269   64.1205   54.9249   113.087   35.4642   54.4407   93.8539   96.2295   34.8546   88.8402   106.886   91.4661   97.5183   107.509   58.0595   58.7882   70.2259   118.93   82.0955   90.4481   60.7612   52.0789   37.1245   78.535   45.1868   122.121   75.6281   45.7883   91.8679   37.683   123.087   84.3702   63.9487   97.135   49.7146   88.6011   67.366   48.3776   74.8276   85.593   54.5941   78.4154   72.618   68.9134   81.6108   73.9741   94.9178   82.1664   42.1807   71.0899   108.664   62.8912   88.2993   81.5873   26.3693   106.914   
23.0868   61   49.2037   65   0   71.2274   46.3019   59.0483   73.442   71.4662   38.7697   41.2947   94.2101   51.4833   50.0713   32.6015   49.6006   46.5751   47.2987   58.9362   34.4924   56.2546   70.017   27.6015   57.8573   74.3755   75.6941   41.7697   68.4777   58.19   24.6158   63.7547   40.8494   88.8471   65.8634   55.4444   46.4197   73.8017   90.5844   64.673   49.1367   79.8218   35.544   34.7703   66.8722   59.7214   52.0624   82.7314   67.7684   67.3017   38.1245   37.7047   85.9714   76.0892   49.0483   68.5793   29.6056   26   85.7248   63.7074   
32.1403   7.81025   95.7131   49.6488   55.2268   0   49.7231   82.1958   49.311   39.3158   91.748   94.4204   65.04   101.647   84.1891   82.0561   64.6398   101.458   47.8411   35.7231   53.4204   102.769   43.1108   82.8283   83.7174   36.2955   73.0343   80.6003   47.1204   92.8512   69.0384   52.4187   65.8099   56.2215   111.824   47.4458   61.6946   55.0294   53.9284   44.2274   40.8043   82.7344   76.2899   79.0077   78.6198   34.0294   81.1818   30.9284   42.2485   92.7909   70.4575   58.1739   52.4006   101.339   78.6003   25.2801   74.0775   69.2576   61.8615   68.535   
13.0384   36.2215   76.3675   39.9249   28.3019   32.573   0   71.3564   41.5862   42.53   63.9189   63.0416   65.9019   69.2616   64.8589   60.3216   57.4433   74.8771   24.6056   30   34.3185   84.5565   59.7421   55.9034   55.3553   49.0666   63.8051   48.0483   41.2036   77.665   40.4722   43.1896   45.9532   60.7764   88.9568   45.396   39.6015   65.805   64.2213   54.6246   39   62.892   44.8927   56.7351   49.4384   53.4795   55.0644   60.2832   54.6431   70.5296   47.7021   34.2485   55.6773   74.1507   72.7598   49.2982   51.9666   48.4307   57.4166   72.0364   
44.5982   72.8354   38.0132   97.0824   40.7922   65.0692   57.28   0   98.2653   90.1798   71.68   76.1501   121.933   89.1268   29.6205   54.4253   38.3693   69.8292   71.6946   77.6498   60.9285   57.5852   68.58   59.4215   96.5762   90.2462   111.329   80.5368   93.2309   31.1655   63.3363   94.9493   41.8114   113.419   62.0132   54.8444   79.2353   53.6431   108.493   56.4969   67.4005   112.579   65.5601   64.4708   102.007   65.1664   88.8013   95.9976   68.7074   97.5122   42   53.5136   109.848   113.098   26   79.7171   61.4166   63.05   113.843   35   
38.5876   29.4109   103.947   17.4642   55.4437   32.311   27.5862   82.7647   0   41.2315   86.0071   86.6385   45.4131   86.6941   92.4451   85.6757   84.2217   102.019   51.5372   40.6155   59.8677   110.847   65.0306   83.0451   60.3883   41.095   48.6155   66.8973   33.0711   105.251   65.8262   28   73.5394   38.1284   116.543   68.5555   48.311   79.0078   40.0799   70.2097   51.5261   47.6497   72.4789   84.3214   62.7351   60.0116   66.0999   49.3553   72.1417   83.0333   75.2883   61.8347   33.0294   84.5847   99.8241   53.4429   77.6127   70.9313   41.1245   92.9025   
32.2025   14.8661   99.2018   32.573   53.3104   17.088   25.7099   73.4983   15.2315   0   86.6267   88.383   53.5028   90.1679   87.2582   81.7559   74.2246   99.8242   40.8993   28.53   53.4826   105.973   48.2345   80.8506   70.5425   23.4031   58.102   69.0555   25.8995   100.341   66.0833   43.2315   68.9904   39.3607   114.02   59.1126   50.0555   65.8036   37.4722   54.6232   42.0832   62.8812   67.6004   80.263   71.1699   51.1174   74.1728   40.9283   53.0143   93.9117   73.412   59.9584   42.6011   92.9638   87.437   37.0357   75.0735   65.8539   46.0713   85.623   
45.5412   82.0244   48.6621   74.6324   23.7697   77.1038   46.3897   57.4543   70.0071   72.0069   0   21.4721   106.726   33.72   57.2121   35.8114   71.0358   44.0238   62.6171   74.9825   52.4215   55.3275   92.9315   30.8114   53.4433   91.051   81.7812   41.2603   83.124   72.0833   39.0799   75.3295   58.8329   101.092   58.7732   74.6946   53.6962   91.1577   109.479   85.4622   71.3719   79.7205   35.0263   29   66.284   83.4911   48.4795   106.501   90.2228   55.4429   57.6649   59.1096   102.067   66.2969   72.0863   89.493   38.2485   49.7697   98.2406   85.593   
48.2701   84.0238   52.345   74.0945   27.2947   79.404   48.0416   61.9112   70.5195   73.437   4.47214   0   106.039   29.3417   60.7795   39.2389   75.4643   45.0416   67.0892   78.0416   56.8937   59.7997   96.4926   35.2835   52.4683   95.5232   78.0412   35.5913   84.6831   76.5554   43.552   73.2368   63.305   105.564   63.2453   77.4124   57.3275   95.6299   110.599   88.0378   74.3199   81.1227   39.4984   33.4721   67.669   86.6794   52.0689   108.325   91.9577   48   62.1371   59.3847   103.549   58.9659   67.6004   92.2496   42.7206   53.2947   99.1925   90.0651   
62.9682   44.1022   128.082   18.2483   79.2086   50.04   51.8556   106.892   24.4131   34.9285   91.4166   91.2414   0   103.034   116.53   107.216   105.978   124.406   71.3396   60.2832   82.2408   132.794   83.163   106.599   77.4984   55.1182   55.3728   84.6612   48.8869   128.586   87.4004   47.8024   96.6801   41.1421   137.037   91.2372   69.4059   100.109   50.5967   89.5517   75.9392   58.0128   93.0759   103.202   65.8365   80.3606   77.3246   67.3249   84.5845   92.2224   99.5576   86.104   44.2354   85   115.112   64.8365   102.026   95.3444   31.4853   117.316   
55.4617   88.2836   65.0692   70.9366   37.4833   84.6463   52.1728   74.7061   70.5762   76.1643   17.72   13.3417   88.8651   0   73.5063   52.5805   85.9422   56.2215   71.0511   81.9242   65.8522   73.0476   105.242   48.5314   52.1449   97.5125   77.307   37.2132   87.5402   86.7844   52.5106   77.6941   72.2864   107.37   76.4932   86.2811   58.1123   105.244   110.656   97.0479   81.5116   74.6361   50.8651   42.8029   61.1825   96.9932   45.7099   112.338   100.143   35.8661   68.3576   69.8217   103.606   57.121   80.942   100.186   48.9411   60.0119   97.3059   101.191   
39.0512   73.2462   30.0832   89.8944   28.0713   65.8635   50.2494   15.6205   77.4209   70.7248   42.0595   46.5296   101.833   59.5063   0   45.5407   40.5674   59.4365   64.8262   74.9007   52.7151   40.02   75.022   43.4008   82.8767   89.6947   99.7263   65.1566   88.7275   41.1421   50.7362   86.1321   37.8494   109.4   43.2843   56.7696   67.1601   61.0109   108.197   64.2536   65.1011   100.392   53.0167   51.9848   89.2182   68.1597   75   96.7919   69.923   84.7128   39.2047   53.6105   104.301   100.617   28.198   78.0328   47.0167   43.1204   107.666   50.6205   
34.4819   72.5328   36.8917   77.4661   12.8062   66.2873   41.0488   36.7151   68.2495   65.7419   20.8087   25.2389   91.9674   38.0132   21.5407   0   59.5106   38.095   58.4419   70.2324   45.6356   45.0185   78.2956   30   62.8365   84.7095   87.9278   51.4165   81.1439   60.5254   36.8494   76.5609   46.0416   101.653   46.241   65.4264   56.6005   80.9737   103.214   76.0681   60.5318   87.857   37.4642   32   77.5966   68   59.7922   95.5376   79.1635   64.5412   41.9737   48.2947   96.7261   78.0079   49.7387   79.977   33.2066   38.8062   98.4653   67.1664   
29.1548   55.1725   51.4198   81.2527   33.6006   47.4236   42.19   17.6918   66.1287   56.0803   55.3173   59.4643   89.9611   70.8378   22.0227   35.5106   0   73.6056   53.4588   60.6956   50.4349   62.0427   55.8469   55.2244   87.5103   69.7073   98.0606   71.1778   74.2662   48.8573   58.2164   79.758   38.8924   93.3901   65.307   38.6918   65.4876   48.0832   90.8375   45.7697   47.6956   105.082   55.8808   61.2936   91.6284   56.6105   79.9682   78.2692   53.8707   91.7097   39.6918   45.1948   89.4301   101.664   36.3693   58.0454   54.0135   55.4138   99.6066   31.3178   
55.3173   93.3916   29.0172   93.5094   32.573   87.2983   60.4152   49.2037   86.6083   85.7963   21.0238   24.0416   109.403   36.2215   34.1321   21.095   53.7587   0   75.6513   87.6375   63.0408   41.4165   99.3907   37.9737   72.3095   103.249   98.9431   59.6329   96.2982   65.8688   54.2733   93.8445   67.1367   119.335   42.0227   81.1269   72.8638   94.8431   122.563   91.437   79.4937   96.2722   52.4631   50.0238   82.8186   89.095   67.0392   115.129   96.5994   65.0408   63.0687   64.0322   116.093   83.0075   58.8292   94.9069   46.4631   52.3275   117.832   83.4127   
10.4403   34.0147   75.743   42.0595   28.6356   29.8329   3.60555   55.0273   28.6007   24.6982   48.0937   50.01   53.0094   54.8179   48.8262   41.1825   39.4588   61.0983   0   26.3693   30.8062   84.8902   50.7967   56.2371   55.8973   48.1013   59.107   51.6539   43.6274   80.0639   44.0778   42.5372   49.5587   64.0589   87.218   42.7979   43.207   59.7772   62.1704   52.0265   34.4018   66.4975   48.2746   58.5009   53.0439   47.9072   50.4093   59.7848   55.122   67.7393   51.3076   37.854   59.2829   77.7274   71.7815   39.561   53.4403   44.3238   61.0221   66   
19.8494   22.3607   86.8332   37.0135   40.8534   19.7231   14   62.6498   20.6155   12.53   60.2993   62.0322   44.2832   65.9242   58.7282   53.2259   45.6946   73.3894   12.3693   0   41.1295   95.273   47.4218   68.4549   68.2666   35.9331   59.7852   62.0483   32.6015   86.258   54.4722   42.1896   54.9072   51.8906   99.4669   45.0294   47.2488   58.4219   50.0022   47.2415   28   59.618   58.8927   67.8336   63.4384   42.3304   62.7786   44.4138   47.8062   78.2368   59.7732   46.3196   52.4138   83.2535   78.0833   26.8062   60.5607   51.3412   58.6013   77.0125   
7.28011   44.5533   62.9682   53.2259   16.4924   39.0128   13.6015   44.7214   41.1096   37.1214   38.3275   41   65.437   48.3011   36.7151   28.6356   31.257   49.0408   12.8062   24.5967   0   71.7766   55.7185   44.0939   59.2581   56.2682   69.8084   46.6992   52.3836   64.1608   28.3417   53.4384   36.767   71.7274   72.4123   39.6377   37.2354   60.0467   74.5936   48.8663   31.0294   74.0384   42.105   42   63.0398   49.5395   51.2866   69.0106   51.9618   72.669   33.6977   25.0623   69.2788   84.7062   54.9285   51.403   36.105   33.7703   71.0181   62.1221   
58.8303   95.7549   10.4403   104.484   39.6232   88.7694   67.3573   36.6879   94.8472   90.9725   38.3275   42.107   118.794   55   25.02   27.0185   47.0425   19.4165   67.0075   78.492   54.2033   0   97.09   53.6531   88.736   107.55   114.342   76.0803   104.499   45.4197   63.8679   101.371   57.1779   125.931   27.2426   76.0789   82.6049   86   127.442   86.3134   82.3113   113.165   62.2046   59.0185   99.7287   88.5754   81.9242   116.701   92.0789   84.4573   52.0789   66.6063   123.035   101.073   53.218   101.193   56.2046   61.9318   124.774   71.6879   
33.541   25   86.977   66.4906   54.5711   18.1108   40.3113   52.4786   49.0306   34.2345   78.1601   81.2712   68.1175   89   57.0088   63.1981   35.8469   84.0536   36.7967   31.7648   40.7185   81.5843   0   80.6108   90.8372   47.0167   90.7555   84.1259   60.134   79.9675   68.9534   70.2178   54.0501   72.3323   99.5838   35.0238   68.8145   35.3576   68.3839   28.083   40.852   91.3827   74.9444   80.2534   89.6462   25.2956   87.206   48.4591   27.099   104.536   61.0111   52.108   69.4975   111.509   66.1041   41.6155   76.541   70.6583   79.0512   54.1838   
36.4966   74.5252   38.9102   76.4199   13.6015   68.593   41.5933   41.6773   68.2422   66.8506   15.8114   20.2485   91.5478   33.1059   26.4008   5   40.2244   18.9737   42.1545   54.4243   30.0832   28.6531   66.6108   0   60.6127   86.338   85.3426   42.8927   79.6318   61.0512   38.2172   75.1166   42.3584   101.811   47.7567   61.2594   53.4833   76.2594   104.186   71.4939   61.1126   85.0132   32.6205   35.544   77.626   73   60.6431   96.3328   77.2594   55.1947   37.2594   46   97.2706   79.2144   54.5988   77.9958   32.6619   35.4165   99.0099   70.0754   
44.9444   67.5426   84.1546   41.7612   40.0125   66.0379   35.3553   80.5047   44.2832   53.4883   37.4433   35.4683   59.9083   29.5296   68.0074   48.8365   70.214   58.3095   38.8973   46.3249   39.8121   73.736   75.6637   45.607   0   76.8914   47.7864   35.72   62.4267   96.0549   51.2415   49.3883   70.7539   79.4443   92.2905   77.302   42.0227   97.711   84.3631   86.5306   68.2494   45.1155   54.0831   51.108   31.6619   86.8045   30.0623   90.7388   89.6261   35.2788   71.4691   64.8743   77.3126   44.0278   85.8904   73.1312   52.0526   58.6079   68.1305   101.532   
34.4384   8.48528   100.955   38.0789   56.6127   12.0416   30.0666   73.2462   21.095   6.40312   76.4199   78.1025   38.1182   81.4985   71.8401   68.7095   55.6058   89.1852   28.4429   16.1245   40.1622   93.1504   30.0167   70.214   59.6154   0   64.5051   75.4586   32.3026   97.1112   68.5038   49.095   67.002   45.5153   112.574   52.0627   56.4586   61.8834   41.2603   51.1239   41.1861   68.7447   74.0035   82.1622   76.535   40.9258   78.8522   34.5475   46.6619   94.3613   70.8393   58.5557   40.9249   96.2928   80.1504   25.6619   76.1411   66.9215   46.1403   80.5766   
52   56.7274   107.042   16.1245   58.6941   58.5235   39.0128   95.1893   27.5862   42.0119   63.6396   62.3699   34.0147   57.3062   85.7263   70.2353   81.0555   83.7377   42.107   41.7852   50.4876   96.8969   73.4098   68.2642   27.7849   48.2701   0   58.45   47.6539   113.787   70.441   34.6155   84.966   53.8075   116.021   84.3576   51.573   100.207   63.6901   89.0267   68.9711   21.3852   77.3225   78.8928   42.1245   84.1156   53.3017   76.9365   86.45   58.4626   83.6348   73.2613   55.1461   57.0147   100.679   68.5914   77.1378   70.6127   42.4938   108.048   
35.805   67.082   66.4831   53.535   23.7697   63.6003   31.0483   64.5368   50.448   55.0364   21.2603   20.5913   70.6612   21.2132   51.1566   31.257   56.356   41.4005   33.8378   44.7214   29.0689   56.0803   69.1158   27.8927   17.72   60.2993   42.45   0   64.4279   81.9598   42.3576   56.6333   59.4952   84.3964   75.6493   68.1626   35   87.1388   89.6726   77.3913   57.8292   55.0899   41.2971   40.4165   41.6534   77.8303   23.8489   89.1332   80.4867   37.8045   57.0844   54.1311   83.4774   46.3883   72.8179   71.5276   48.2132   42.9422   79.9044   87.4772   
32.2025   24.7588   98.3514   24.1868   50.4777   26.4197   22.2036   76.0263   7.07107   9.89949   66.7608   67.6831   30.8869   69.029   71.218   63.2456   59.2368   82.2982   22.6274   13.6015   35.3836   89.4986   42.45   63.6318   44.643   16.2788   32.2025   48.2597   0   98.7713   62.2945   27.0384   66.8652   41.4009   107.796   58.6309   50.4279   72.0234   47.1509   60.843   41.6015   53.5876   67.0963   74.2513   62.5899   55.9319   69.1814   50.8211   61.4077   79.9218   69.0813   56.4521   40.1005   82.4811   84.2309   40.4077   66.9711   64.9427   45.8473   88.6274   
51.6236   83.0963   26.1725   103.368   42.19   75.4321   63.5059   12.1655   90.2109   82.3286   54.0833   58.5235   114.586   71.7844   14.1421   34.5254   28.3019   41.8688   61.7738   70.8025   50.1597   26.4197   63.9531   39.0512   82.0549   82.7345   99.7246   65.0308   83.7616   0   64.8783   100.274   51.9916   121.689   47.8568   66.9937   81.3023   63.7293   119.139   68.6624   75.9975   114.534   65.01   63.3897   103.36   77.3319   88.8796   105.814   79.0593   94.2459   50.4631   63.4166   116.873   111.419   38.1655   86.3474   61.1588   57.2626   120.922   47.0666   
20.6155   57.1402   56.6127   57.6281   7.61577   52.0384   22.4722   47.2652   48.8262   48.0833   25.0799   27.6586   72.2496   35.5106   35.3553   19.8494   38.0132   38.0132   23.5372   35.9026   13.3417   46.8615   53.8516   19.4165   33.2415   51.9711   51.0784   18.3576   44.2945   49.4975   0   62.598   42.1661   83.2486   66.0904   52.9731   44.868   71.5053   85.5555   60.3249   44.3711   71.2445   30.8102   29.3417   58.4588   58.6578   42.2064   80.3165   65.2972   53.0555   41.7579   38.4039   78.1495   64.7458   56.6641   62.7089   24.8102   27.6158   77.7809   69.331   
33.9559   37.6431   95.901   18.7883   46.7547   38.4187   21.1896   78.4474   12   22.8035   59.0339   59.2368   32.8024   58.6941   71.1196   59.4138   62.9682   76.6094   23.5372   21.1896   34.4384   86.3713   52.8015   58.7963   32.3883   29.2062   20.6155   38.8973   13.0384   84.5813   39.598   0   67.1428   50.1284   105.655   66.219   48.6333   79.307   52.0799   68.4312   49.1896   42.0007   61.4166   68.9396   49.5967   59.9222   52.1361   61.3553   68.9959   66.0416   68.1361   55.4381   45.0294   72.5188   89.3668   47.9959   63.3814   60.0116   41.4131   89.5372   
19.7231   53.7122   49.2443   71.8679   19.8494   46.5188   31.9531   25.4951   58.3095   50.9117   42.4382   46.4004   82.6801   57.28   19.8494   24.0416   13.8924   44.2832   29.9666   39.0512   19.2354   42.3792   40.05   28.2312   56.7539   52.0096   69.7209   42.4853   51.8652   31.9061   24.1661   53.1413   0   90.0715   62.1466   44.0263   56.4708   55.0147   88.3839   52.1548   45.773   86.1758   44.6958   45.5549   78.131   54.7805   63.3356   77.4472   57.0143   76.8969   20.099   30.7047   84.9725   88.8736   30.8114   63.3401   42.7725   33.5529   89.3697   45.2103   
53.0754   30.0167   119.67   22.8254   71.8471   36.2215   43.6005   95.7183   17.088   22.3607   87.0919   87.5957   14.1421   87.2983   92.0978   84.6286   78.3901   103.446   43.9318   33.4215   56.7274   110.887   54.3323   84.9058   60.0083   24.5153   38.2753   67.4463   21.4009   104.202   65.5134   28.6356   72.4707   0   129.14   76.4052   64.3964   86.0393   27.643   75.6392   61.4215   59.6605   88.041   94.855   71.0702   65.4411   80.7717   46.302   70.5189   94.6773   90.4251   77.8272   19.099   93.9153   103.282   50.1772   88.3721   84.7627   33.3137   104.757   
62.9682   99.7447   7   108.706   43.8634   92.7038   71.5891   38.833   99.0858   95.1315   41.7732   45.3982   123.037   58.0775   28.2843   31.241   50.2494   22.0227   71.218   82.662   58.4123   4.24264   85.1469   32.7567   77.6209   97.2471   101.02   60.0083   93.723   27.8568   51.0882   90.6091   46.2385   115.109   0   78.56   85.8173   89.0665   131.684   89.1081   86.5539   115.098   65.2597   62.1825   101.662   92.8181   83.8572   120.943   95.05   87.0635   56.3215   70.849   127.266   104.364   53.0526   105.435   59.4166   63.1664   128.869   70.5685   
18.3576   37.5366   66.8506   66.3702   34.9285   29.8329   30.0832   35.3836   50.2195   38.9102   58.6941   62.1691   73.3894   71.2811   36.7696   42.4264   17.6918   63.1269   26.6833   29.6142   24.0832   60.8769   21.0238   46.0977   63.2851   38.0132   68.593   53.0377   43.1741   45.607   35.805   49.0102   19.0263   61.2699   64.56   0   58.617   35.2094   76.3824   25.7703   39.0294   89.2322   59.4838   60.7639   79.5216   35.4164   73.2014   60.7613   40   88.8605   39.1253   41.0278   71.3062   96.3258   49.8377   53.4008   53.4838   48.5296   84.1535   49.0096   
23.2594   48.5077   75.452   38.9487   26.4197   45.6946   13.6015   63.1981   32.311   36.0555   37.6962   38.3275   54.4059   40.1123   53.1601   38.6005   50.4876   55   17.0294   26.2488   19.2354   65.6049   53.8145   37.4833   22.0227   41.4367   32.573   19   29.4279   67.1863   18.868   21.6333   38   49.3964   69.814   41.5933   0   76.026   72.3909   64.8456   48.2843   47.3766   40.9317   48.2096   48.3452   64.8406   33.4929   70.6626   67.9313   56.8045   52.9331   41.2947   65.3404   57   68.8114   53.0551   43.6782   46.0416   63.0464   80.3273   
37.4433   43.0813   74.6726   81.1542   52.6972   35.7351   48.3322   37.6431   64.0078   50.2494   76.1577   79.925   85   89.8109   46.0109   57.9396   24.0832   77.3692   44.7772   44.4072   43.2782   71   18.3576   62.2415   82.3772   47.0744   85.6154   72.1388   57.0351   49.7293   54.5619   65.307   34.0147   71.5891   74.0608   19.2094   60.5392   0   83.6025   30.1803   55.1957   104.025   75.8433   78.4558   97.7705   39.7353   92.4003   61.793   32.5242   107.368   53   60.2371   82.6063   115.404   60.0139   51.2215   71.3028   63.8017   93.2147   48.095   
54.6443   23.4094   121.606   34.6699   75.5844   30.8707   47.5395   94.4934   25.0799   22.4722   93.145   94.1488   24.5967   95.2575   92.8493   88.1192   76.8375   107.935   46.9574   34.9857   59.5399   113.442   48.3839   89.0505   69.3542   21.2603   49.6588   74.6726   26.4764   103.966   70.0071   37.054   73   12.0416   117.597   59.203   55.9017   66.4831   0   71.2451   60.0977   71.044   90.0726   99.3488   78.4152   62.1861   89.1901   49.4717   66.1402   103.096   92.0996   79.0079   27.544   97.0061   101.411   46.9222   93.4476   86.3269   40.3452   99.4057   
27.5862   34.1321   75   70.0643   45.6946   26.4197   37.5899   40.4969   53.0094   39.6232   69.4622   72.9178   74.5252   81.8352   45.1221   52.9528   23.7697   73.437   34   33.2415   34.0588   69.8713   12.083   56.7539   72.2011   37   74.4648   63.1269   46   51.8845   46.3249   54.1295   29.1548   61.4003   73.3485   10.7703   50.2195   11.1803   57.2451   0   39.7544   92.8595   67.2908   71.5342   87.0282   24.198   83.7124   57.3481   29.2111   98.8153   49.2538   50.6531   73.921   105.554   53.0555   48.7099   64.2541   55.2492   83.1403   48.2029   
10.0499   28.1603   75.7166   49.366   33.1361   22.0907   15   49.7393   33.5261   24.0832   55.3263   57.8705   57.2713   64.2573   46.7547   44.3847   32.6956   65.307   11.4018   13   17.0294   68   25.6125   46.5296   50.2494   25.2389   51.9711   43.8292   26.5707   58.258   30.2655   32.0624   26.9072   46.0435   72.0694   17.0294   28.2843   33.8378   46.0977   22.8473   0   72.618   56.2077   58.0116   64.4384   42.5563   61.7771   51.7479   37.6716   76.4649   47.0063   38.4642   62.9089   85.2843   57.4005   31.5242   53.0499   44.1662   70.1545   64.0134   
54.231   61.5549   106.438   21.3776   58.8218   63.0079   41.4367   96.5194   32.6497   46.7547   61.7171   60.1082   39.0128   54.0833   86.3481   69.857   83.0241   82.201   44.7214   45.618   52.0384   96.1769   77.3692   67.5352   24.8395   53.0754   5.38516   40.8044   36.8782   100.439   51.2445   24.6982   71.1758   43.6578   100.24   71.3863   33.3766   88.8876   55.0364   77.7946   55.0818   0   68.3033   74.3614   28.4536   84.6203   45.241   82.005   91.8351   54.8246   85.7362   74.0083   60.5312   46.0172   101.987   72.4242   74.9396   72.2713   47.7469   110.721   
26.6833   63.0714   54.2033   60.8276   8.544   58.0775   27.8927   49.2443   53.3385   53.6004   19.0263   21.587   76.2168   30   36.0139   17.4642   41.8808   33.2866   29.2746   41.5933   19.4165   44.1022   59.808   15.6205   32.0624   57.7062   52.8394   15.2971   49.2443   50.01   6.08276   43.4166   28.0179   70.2353   48.2597   41.3401   21.9317   59.8164   75.2728   51.9711   36.3456   52.3927   0   24.0623   54.8497   63.6488   39.1459   86.0071   71.3135   47.2025   41.1837   38.7463   83.57   61.6853   57.1082   66.0098   25   27.0416   83.8636   72.2514   
33.0606   70.3491   47.4236   68.593   10.7703   65.0077   35.7351   47.5395   61.4003   61.4003   13   16.6433   84.2021   27.8029   32.9848   12   43.1393   25.2389   36.8782   49.2443   26   37.1214   65.2534   8.544   37.108   65.307   59.9083   19.4165   57.2713   46.3897   13.3417   51.4004   29.8329   78.2943   41.1825   45.6946   29.8329   63.2851   83.2166   56.4624   43.0116   59.0593   8.06226   0   61.0698   70.3322   43.2653   93.2304   75.731   54.7343   41.6966   43.1607   91.4125   65.8048   56.118   73.5246   22.2801   35.1039   89.8024   70.8507   
46.1736   61.8547   93.5201   30.5941   46.8722   61.6198   34.4384   86.0058   35.7351   47.1699   48.2701   46.669   48.8365   41.1825   74.8131   57.2451   73.8241   68.8186   38.0132   42.45   42.5793   83.1925   73.6003   54.626   11.6619   53.535   16.1245   27.4591   37.5899   88.955   39.4588   24.5967   61.131   50.2494   87.2067   64.2573   23.3452   82.7647   60.4152   72.0069   49.2443   13.4536   39.8497   46.0977   0   84.5189   38.8045   85.0905   86.9159   46.9407   74.2399   64.6399   68.7645   36.9317   90.1643   69.2562   63.7145   60.0977   56.9634   103.664   
23.2594   24.8395   80.2309   60.208   44.7214   17.0294   30.4795   48.1664   43.0116   29.4279   68.1542   71.1688   64.3273   78.721   50.1597   54   30.6105   75.0267   26.9072   23.7697   30.4631   74.0405   10.2956   57.1402   65.7951   26.9258   65.4599   58.8303   36.0555   58.8218   43.6578   44.9222   31.7805   51.2445   77.7946   13.4164   43.8406   21   47.5079   10.198   15.5563   69.0797   49.6488   55.3173   64.3506   0   77.3165   45   23.2111   89.8024   51.8795   51.2947   64.9089   100.841   62.5919   33.5242   66.2594   58.833   73.0661   55.7151   
39.0512   65.4599   76.3217   45.618   32.0624   63.0714   31.0644   72.6911   45.0999   52.1728   30.4795   29.0689   63.3246   25.7099   60   40.7922   62.9682   51.0392   34.4093   43.4626   33.2866   65.9242   71.0634   37.6431   8.06226   57.9741   33.3017   9.84886   44.1814   74.027   25.4951   33.1361   49.3356   61.6604   69.857   57.2014   17.4929   76.4003   70.0071   66.6033   45.4533   31.241   24.0208   29.1204   17.8045   60.959   0   87.8764   83.1248   33.8114   65.2046   54.7063   78.1289   47.6982   80.147   70.2689   49.0208   51.0624   69.6597   94.2861   
45.7056   8.06226   109.567   51.0392   68.7314   13.9284   44.2832   78.1025   35.3553   21.9545   90.0056   92.0489   46.3249   96.3379   79.6492   80.05   60.6053   101   42.0476   30.4138   52.345   102.694   27.4591   82.201   75.2396   15.6525   62.9365   75.1332   31.6228   88.8144   65.0692   44.6542   60.4152   32.28   106.621   43.2666   56.5155   45.793   23   38.2099   35.6931   67.9412   71.0282   78.2304   69.1158   30   73.3757   0   50.7931   105.333   79.4012   67.1175   50.544   106.048   88.7123   34.2237   85.4493   79.8013   61.7928   81.6428   
29.6816   27.7308   81.9085   66.6108   50   20.2485   37.6431   47.7074   49.2544   35.0143   73.6817   76.896   69.5845   85   51.923   58.3095   30.8707   79.1012   34.0588   30.6757   36.7151   76.4853   5.09902   61.8142   72.9178   31.5753   72.45   65.4599   42.4264   59.0593   49.6588   51.8652   35.0143   56.0892   80.05   16   50.9313   15.5242   51.0784   7.2111   22.6716   76.1577   55.5428   60.7289   71.5612   7.2111   67.9412   31.241   0   97.0135   55.1133   49.573   66.4198   107.65   60.2666   40.7353   67.4914   58.2719   77.7156   51.0588   
53.1507   81.2712   77.1038   57.9741   40.7185   78.7909   46.5296   80.9568   60.0333   67.9117   28.4429   25   76.1577   14.8661   66.7083   45.5412   73.9256   49.0408   49.7393   59.2368   46.669   66.7533   86.0233   41.1947   16.2788   73.7631   43.4626   17.8045   59.6825   80.0625   36.0555   48.0416   60.0333   76.1052   70.214   70.7248   33.1059   89.8721   85.0941   80.6598   60.4649   39.8246   32.2025   33.7343   27.5136   75.8024   15.8114   89.1852   82.6196   0   70.7979   67.2635   93.0627   33.9737   89.3107   86.0431   56.0144   59.2441   84.3434   102.193   
21.9317   57.6975   45.4863   72.9178   16.1245   50.6952   33.121   26   60.2163   53.9073   37.8021   41.8688   84.6286   53.1507   17.2047   18.9737   17.6918   39.2046   31.6228   41.7253   19.6977   38.0789   45.0111   23.2594   54.7449   55.4707   69.6348   39.5601   54.037   30.4631   21.587   54.1295   5.09902   75.0067   42.0476   24   37.3363   39   76.2168   34.2345   30.2324   70.7107   24.5967   25.4558   60.0083   36.4966   47.0744   64.622   40   56.7979   0   31.4536   87.1811   85.9484   35.9104   61.7566   44.4165   38.652   90.5376   49.0096   
8.48528   45.5412   58.6003   60.1664   17.4642   39.0512   20.2485   37.108   46.8722   40.6079   41.1096   44.3847   71.2811   53.2541   30.6105   27.2947   23.1948   48.3735   18.3576   28.3196   8.06226   50.6063   37.108   30   47.5395   42.5441   58.3095   35.4683   40.6079   43.4166   17.8045   41.4367   11.7047   61.5549   54.7083   18.0278   27.2947   36.7967   63.0079   28.6531   17.4642   60.0083   23.3238   28.1603   50.636   27.2947   40.7063   52.8867   32.573   53.2635   13.4536   0   73.7347   81.8566   42.5161   48.9884   41.8806   36.7047   77.665   54.108   
50.2494   25   117.154   26.4008   69.9714   31.4006   41.6773   92.0869   17.0294   18.6011   86.3308   87.0919   19.2354   87.5728   89.1067   82.6801   74.6257   101.966   41.6173   30.4138   54.4059   108.6   49.4975   83.2406   61.131   19.9249   41.1461   67.2681   19.6977   100.896   63.9531   29.0172   69.3542   5.09902   112.801   57.3062   48.7647   66.9403   8.544   56.921   42.638   46.5188   68.942   76.9675   51.9711   46.8188   62.1289   27.2029   51.4198   77.0065   72.1388   58.7282   0   88.9029   100.038   45.5868   86.6689   81.755   32.8114   99.9357   
62.9682   83.5284   95.901   50.0899   56.0892   82.801   53.1507   96.8814   57.5847   68.9638   47.2969   43.9659   68   33.121   83.4865   63.0079   87.6641   68.0074   56.7274   63.2535   57.7062   85.5102   93.3809   59.0339   18.0278   75.2928   34.0147   32.3883   59.4811   97.2522   50   46.5188   74   71.3863   89.0505   81.3019   40   100.404   82.0061   90.2109   68.1175   29.0172   47.676   51.0098   21.9317   83.6301   24.6982   90.9175   90.7855   18.9737   71.5681   65.307   73.4983   0   101.634   90.0597   70.0804   71.5674   76.4592   118.951   
35.3412   66.2193   39.0512   87.6641   31.0483   58.6003   47.7598   10   73.8241   65.437   49.2037   53.6004   98.1122   66.0379   10.198   28.4253   12.3693   43.8292   45.6946   54.0833   34.9285   35.0143   48.1041   33.4215   70.5762   65.7647   85.3288   54.8179   67.2309   16.9706   37.3363   68.9493   15.8114   87.4185   38.0526   28.8444   53.2353   36.0139   87   36.0555   41.4005   86.5794   39.5601   38.4708   76.0066   42.19   62.8013   72.111   43.0813   71.5122   16   27.5136   84.0238   87.0976   0   70.4147   52.8378   45.0666   105.176   36.5913   
25.4951   12.6491   90.5539   45.8912   48.5077   7.28011   25.2982   61.7171   28.4429   14.0357   70.0286   72.2496   48.8365   77.3692   61.0328   59.9083   44.0454   80.8084   22.561   12.8062   32.1403   83.1925   20.6155   61.9839   59.0762   11.6619   53.2353   56.3205   21.8403   71.4493   45   32.7567   41.3401   35.7351   87.2067   26.4008   38.4838   36.2215   32.8024   25.7099   15.5242   57.4543   51.0098   58.0775   55.1543   15.5242   55.9017   20.2237   21   71.5891   45.1774   32.8938   31.3847   76.0592   54.4885   0   68.2453   59.6903   57.8022   71.2393   
26   63.6396   49.0918   65.2993   3.60555   58.0775   29.9666   43.4166   56.6127   55.3624   20.2485   23.7065   80.0562   33.9411   30.0167   12.2066   37.0135   30.4631   30.6757   43.0116   19.105   39.2046   57.9741   11.6619   38.0526   58.9406   58.1378   21.2132   51.9711   44.0114   7.81025   47.3814   23.3452   73.2462   43.4166   38.4838   26.4008   56.3028   77.4726   49.2443   36.0139   57.9396   6   7.28011   45.607   48.0521   30.0167   71.4493   53.4509   37.6962   19.4165   20.8806   71.5891   53.6004   33.8378   51.2445   0   25.2195   85.5911   66.0392   
17.1172   55.109   53.0754   61.5873   6   49.2544   23.4307   40.05   50.9313   47.8539   29.4109   32.6956   75.0067   42.0119   29.1204   17.8885   30.4138   38.3275   23.3238   35.3412   10.7703   43.9318   48.7647   19.4165   40.6079   50.9215   56.6127   25.9422   45.607   43.1741   7.61577   43.0116   16.5529   67.0075   48.1664   29.5296   24.0416   47.8017   70.2353   40.2492   27.1662   57.2713   12.0416   16.4924   46.0977   38.833   32.9848   62.8013   44.2719   43.566   14.1421   11.7047   64.8999   57.5674   30.0666   42.5793   9.21954   0   80.8473   59.7214   
54.7083   39.0512   119.604   12.3693   70.7248   44.1814   43.4166   98.8433   16.1245   28.0713   83.2406   83.1925   8.48528   81.3204   93.4773   83.4865   82.0792   101.02   44.6542   36.4005   57.0088   110.309   62.0322   83.0963   52.7731   32.1403   28.4429   62.6498   22.8473   106.33   63.7809   24.4131   74.4312   11.3137   114.551   65.8027   46.0435   78.3135   23.3452   67.6018   49.3964   33.7343   67.8012   75.8024   42.107   57.4282   55.6597   42.5441   63.0714   69.0507   76.2758   62.9682   15.8114   62.2896   89.9444   42.107   71.5891   66.5282   0   108.445   
42.107   61.2944   56.0089   92.9139   47.7074   53.535   55.0364   18   76.9025   65.192   68.593   72.8629   99.93   84.6463   30.4631   48.1664   14.3178   64.4127   52   56.2939   45.1221   54.1295   38.1838   53.0754   84.4334   63.5059   94.0479   70.6612   69.857   30.0666   52.3259   75.1665   28.178   87.4643   56.5685   26.6833   64.3273   21.095   84.22   27.2029   43.566   96.3328   56.0803   56.8507   87.6641   36.7151   77.2528   65.2993   34.0588   88.193   31.6228   37.108   83.2586   101.951   20.5913   51.8941   51.0392   44.7214   92.4446   0   
