15
30
999999 17 10 8 13 10 8 15 6 9 11 12 5 15 6 17 12 10 13 16 15 14 10 8 15 7 8 5 10 11 
0 10 1 4 11 8 3 2 1 6 1 1 2 9 3 11 3 1 12 9 6 10 6 5 11 6 2 3 9 3 
20
0   0   0   0   0   0   0   0   0   0   0   0   0   0   0   0   0   0   0   0   
-3   3   -2   8   -10   0   -4   5   -2   3   -5   4   -6   7   -2   3   -2   3   -5   4   
-8   9   -8   1   -4   9   -3   7   -9   8   -3   9   -7   5   -5   4   -8   6   -9   8   
1   0   5   -2   0   -4   0   -3   0   -1   3   0   5   -3   0   0   0   -1   3   -4   
-6   2   -5   6   -1   -2   -7   9   -1   8   -2   3   -13   2   -9   8   1   6   -5   7   
-5   6   -7   2   -4   3   -4   6   -5   4   0   4   -2   4   -3   2   -1   7   0   4   
-3   -2   0   2   1   0   5   3   0   -1   2   0   -1   -2   1   0   1   0   3   -1   
-13   9   -2   6   -5   3   -10   7   -8   2   0   12   -8   5   0   8   -7   5   0   10   
4   1   0   0   0   0   0   2   0   1   1   -1   1   -1   -2   -1   2   -1   0   -1   
5   0   -2   1   -1   -3   -1   -1   5   -1   2   5   3   0   0   -4   1   -4   3   1   
4   4   1   -4   3   -10   2   -4   -2   -1   3   4   3   -3   0   6   3   0   2   0   
4   -2   2   -1   4   5   4   -2   -1   -7   1   -3   3   -5   11   0   2   4   0   -1   
1   0   1   -2   1   -1   2   -1   2   -1   2   -2   1   0   1   -1   2   -2   1   -2   
-8   10   -7   1   -4   12   -11   9   -8   8   0   3   -9   5   -7   11   -10   9   -12   11   
0   0   4   -6   4   -3   4   -5   4   -2   2   -6   0   -5   2   -3   0   0   4   -6   
-11   9   -13   2   -7   7   -12   4   5   7   -11   9   -1   -2   -1   -4   0   6   -4   6   
-3   6   -9   4   -6   12   -10   0   -7   11   0   10   -5   6   -6   4   -6   6   -12   8   
0   -2   0   1   2   -2   -4   6   -5   1   1   1   2   6   -6   0   -2   -3   2   0   
-5   9   -8   2   -5   3   3   4   -13   4   0   9   -8   8   -4   3   -5   5   -8   7   
7   -1   11   -8   4   -2   7   -4   13   -9   3   -3   3   -2   15   0   1   -9   12   -7   
4   6   -4   -5   0   0   6   -5   -13   6   -6   10   -7   -3   -4   -1   0   -2   9   6   
6   -5   8   -4   6   -9   10   -3   6   -3   3   -4   2   -2   9   -5   4   -7   3   -1   
-7   0   -1   2   -5   3   -3   2   -4   4   -1   4   -2   7   -3   7   -6   3   -3   2   
-6   1   -2   2   -3   2   -5   4   -4   2   -3   0   -2   4   -2   2   0   2   -3   7   
-3   4   -8   2   -12   9   -8   6   0   7   -3   13   -1   15   -6   14   -5   10   -5   11   
-6   4   -3   5   -6   4   -3   3   -7   3   -7   4   -5   1   -4   6   -4   6   -4   3   
-2   8   -5   3   -4   0   -4   5   -5   4   -3   3   -3   1   -5   0   -5   5   -6   5   
0   0   0   0   3   1   0   0   0   0   0   0   0   0   0   0   0   0   0   0   
-4   2   0   2   -6   6   -1   5   -5   -3   -3   1   -4   1   1   3   -5   1   0   2   
2   0   3   -3   0   -5   5   -2   1   -4   3   0   5   -5   -1   1   0   0   2   2   
0   77.0007   40.5707   48.1204   62.4167   56.1152   28.2462   29.0416   53.6554   48.5398   65.1791   59.1461   49.9285   86.2193   50.5296   44.0768   63.6542   68.6236   39.2127   82.5685   56.2966   56.7697   32.3848   36.1108   41.7697   51.0167   64.2492   60.6264   48.3196   64.4131   
58   0   98.5707   66.5773   57.2215   112.771   79.0101   66.8035   45.3452   69.9351   119.766   115.617   105.069   115.005   53.305   56.3792   39.2627   126.624   73.6686   103.025   112.531   114.202   88.6053   66.6508   99.7697   67.2019   85.3095   75.1427   86.8905   43.0998   
26.5707   82.6196   0   70.8322   88.9873   31.9865   42.6056   50.8904   73.6406   62.72   39.2634   29.2675   52.2324   80.8324   74.9464   70.6475   85.7107   47.6846   56.9291   69.2445   64.5982   25.6619   47.9848   62.6814   25.6056   76.9017   66.5412   76.2046   68.0744   90.9837   
29.1204   51.4198   53.0094   0   37.2603   83.6364   56.1421   51.613   53.9119   71.28   84.1271   82.2769   64.6881   110.273   42.821   32.198   54.2195   91.813   38.0294   99.4819   60.0488   78.6713   44.8473   30.1421   70.8902   29.2195   84.6553   34   32.0384   54.1059   
44.4072   36.2215   70.6116   21.2603   0   96.2523   66.3059   61.7768   49.5862   79.6498   97.4086   98.8294   81.5284   120.437   43.4675   33.9892   46.2485   106.024   51.337   108.62   79.6054   95.9656   59.0722   40.3059   83.3263   29.8661   89.8767   47.5407   53.2987   43.1245   
39.1152   96.4261   14.4222   62.3699   81.5966   0   52.9706   61.9674   88.0628   73.648   29.2801   20   53.178   78.846   87.0661   78.2081   100.133   38.2788   59.607   80.4003   59.4166   25.3246   62.4071   74.9464   38.0278   85.7308   76.9406   90.6268   81.037   103.528   
8.24621   62.482   20.2485   37.3631   52.1536   33.9706   0   28.2066   59.4081   44.4138   59.5118   49.5159   53   73.7963   54.0555   52.323   69.5371   67.0104   41.9545   73.8008   64.5428   45.9104   40.631   44.357   37   59.0132   51.4401   68.6164   52.805   71.8516   
12.0416   50.8035   31.8904   35.2278   45.3982   45.9674   12.2066   0   53.178   43.3238   66   61.1579   61.9701   84.052   54.074   50.7924   65.1622   76.2163   50.1868   72.0104   68.3382   57.5523   44.4264   46.4709   49.2066   57.8938   56.4109   62.2217   60.3612   64.1475   
34.6554   23.3452   59.6406   33.2415   27.5862   73.2462   39.4081   28.178   0   51.6563   93.3806   88.908   83.1193   91.7823   34.1803   45.0868   37   103.279   56.8081   79.7773   89.65   85.3025   65.7242   43.7697   76.4081   45.7386   57.4166   67.2415   64.1022   34.2483   
34.5398   53.9351   42.72   57.28   62.6498   56.648   30.4138   23.3238   37.6563   0   81.9834   71.9875   83.4138   57.7688   57.9535   70.1393   70.4876   90.4046   67.5079   45.7638   90.8364   68.3819   66.9246   62.1393   64.2938   75.0094   23.4031   85.5455   82.2944   71.9046   
41.7732   99.7046   19.9249   62.2977   82.3468   7.28011   37.8021   50   76.3806   62.6418   0   27.2801   39.7697   86.1261   91.8576   85.4882   105.427   35.2956   66.8871   83.593   54.6264   30.6015   65.5601   77.884   39.4094   89.5426   81.307   83.4471   79.7731   106.186   
41.1461   97.6166   15   65.7647   84.4808   5   35.2278   46.8615   74.6324   55.4617   11.6619   0   51.4316   78.1291   87.1481   82.9301   100.711   41.6283   64.607   73.0775   64.4166   19.6056   60.0114   77.2569   40.6056   90.6419   77.2451   91.2046   81.0086   105.559   
34.9285   89.8888   30.2324   44.4072   65.6049   28.178   36   46.5296   67.1193   66.1891   23.7697   33.121   0   107.024   79.5177   67.5177   92.6624   52.1603   53.6158   99.4769   40.2643   52.7265   44.6716   67.8629   55.838   67.6624   87.4401   62.461   46.6497   89.0733   
66.2193   92.0054   56.8243   93.8136   102.181   64.846   58.7963   58.6686   77.666   40.025   72.1249   60.8769   86.954   0   97.9785   105.199   105.427   102.505   99.7664   29.0416   121.422   80.4825   98.6041   100.131   81.2268   109.236   54.3657   120.89   108.493   111.914   
29.5296   31.305   55.9464   22.0907   19.6977   68.6003   36.0555   27.074   11.1803   42.9535   70.8025   70.6612   58.8218   82.5409   0   35   30.5563   95.2808   46.4606   86.9366   75.3945   81.6083   55.3767   33.4222   71.2994   36.6015   66.3566   46.7321   47.3766   31.8885   
26.0768   42.3792   52.1728   10.198   18.4391   63.3246   34   28.7924   23.0868   49.2037   64.4127   66.0984   49.5177   87.2067   12   0   42.5563   88.3094   33.6011   90.1577   67.6049   77.8347   44.9545   23   64.6488   19.1231   72.6068   41.868   39.587   43.8885   
44.6542   17.2627   70.7107   34.2053   20.2485   83.7616   50.5371   40.1622   13   50.4876   86.2148   85.5862   74.2024   90.4268   15.5563   25.4951   0   110.837   58.8019   92.7773   90.7393   96.3726   68.7874   46.8329   84.5352   41   70.4166   57.0128   62.933   22.831   
51.6236   109.622   30.0832   70.2638   90.824   16.2788   48.0104   60.2163   86.2786   72.7324   10.2956   19.0263   28.1603   79.6241   80.2808   73.2462   95.7758   0   73.7083   92.1038   61.3038   38.6318   67.4236   87.7344   49.705   92.3693   89.1864   90.6213   74.8099   112.169   
14.2127   58.6686   36   17.0294   36.2491   45.607   21.9545   24.1868   36.4005   47.5079   46.0977   48.8365   31.4006   80.4301   27.4591   18.6011   42.8019   54.7083   0   93.2717   54.0241   61.6619   28.9443   31.0384   53.1321   37.7242   70.911   42.4951   40.1421   59.3476   
56.5685   80.025   51.2445   83.2346   90.6201   61.4003   49.679   48.0104   65.7343   28.1603   68.593   58.0775   80.6226   12.0416   70.9366   76.1577   78.4474   77.1038   70.7248   0   112.865   76.9064   88.9533   84.3397   70.0408   95.2808   41.3607   110.232   98.8646   98.9524   
42.2966   91   44.5982   41.0488   61.8466   43.4166   45.8803   54.3323   69.6419   76.1577   38.6264   48.3735   15.2643   100.688   59.808   48.7545   74.2496   41.3038   33.541   93.5361   0   64.2597   48.0799   59.8803   67.607   64.7393   96.3204   66.7732   52.0179   91.6966   
38.0789   94.2019   11.6619   63.3877   81.7435   6.32456   31.9061   43.4166   71.2811   51.8941   13.6015   3.60555   33.0151   58.5235   67.5426   63.3246   82.365   22.0227   46.3897   55.2268   48.2597   0   59.6467   70.6597   29   82.4477   73.7587   87.8665   72.1427   99.4311   
18.3848   67.6018   32.9848   22.8473   43.566   40.1995   24.2074   30.0832   45.31   52.9245   39.5601   44.0114   22.6716   82.7345   36.3593   26.8701   51.614   47.4236   8.94427   73.8783   25.0799   42.0476   0   39.9827   56.9531   45.9932   75.6475   47.9535   32.1421   68.2479   
18.1108   45.6508   44.3847   14.1421   26.3059   55.9464   26   21.4709   23.7697   43.1393   57.4543   58.5235   44.4072   80.1311   14.4222   8   29.8329   66.6108   13.0384   69.3397   45.8803   55.6597   21.9545   0   59.8805   27.1231   63.5177   40.0832   44.2132   46.3107   
23.7697   79.2023   3.60555   51.0392   68.0661   18.0278   17   28.4253   56.3028   39.2938   23.4094   18.4391   31.7648   55.2268   52.9245   49.6488   67.5352   33.6155   34.1321   49.0408   45.607   15   31.9531   41.7732   0   68.7719   62.6969   76.6272   61.8803   84.813   
30.0167   42.2019   55.9017   9.21954   14.8661   66.7308   38.0132   32.8938   24.7386   53.0094   67.5426   69.6419   51.6624   91.236   13.6015   4.12311   25   76.1577   21.4709   80.1311   49.7393   66.9403   29.2062   12.0416   53.4603   0   75.5593   35.1555   41.2579   45.49   
40.2492   58.3095   45.5412   63.6553   68.8767   58.9406   35.4401   29.4109   43.4166   6.40312   65.307   57.2451   70.7107   34.3657   49.1935   55.6058   56.0892   75.1864   53.535   22.3607   81.3204   53.7587   58.6003   49.5177   42.2966   59.4054   0   89.6009   88.2451   77.6649   
38.6264   56.1427   61.2046   10   21.5407   69.3542   46.8188   45.2217   40.8044   67.2086   68.4471   73.1095   48.3322   103.774   29.7321   18.868   39.0128   75.5844   25.4951   93.2309   41.7732   71.007   29.1548   24.0832   59.5399   16.1555   73.5935   0   41.8114   52.4966   
28.3196   63.8905   47.0744   13.0384   33.9706   54.037   35.805   38.0132   44.1022   61.2944   52.7731   58.0086   32.6497   94.4934   33.3766   21.587   46.8188   59.7746   14.1421   84.8646   28.0179   56.1427   14.1421   21.2132   45.8803   21.9317   67.424   15.8114   0   61.0652   
47.4131   20.0998   73.8241   33.1059   16.1245   86.4523   53.8516   44.1475   18.2483   55.9017   88.4816   88.5494   75.0733   95.901   17.8885   25.6125   5.83095   97.8008   43.8406   83.9524   73.9256   85.4283   52.4023   31.241   70.7743   24.1868   61.6117   36.4966   46.0652   0   
