15
70
999999 11 12 16 14 5 7 6 7 16 16 12 14 12 5 15 17 15 14 11 10 17 17 5 5 8 11 15 14 16 13 9 11 8 7 11 16 9 11 17 5 11 8 8 8 8 6 15 13 14 9 11 6 5 13 8 16 9 5 11 16 10 11 10 8 14 8 11 8 16 
0 4 5 8 6 1 1 5 3 6 7 9 11 7 4 12 15 5 5 3 8 2 15 1 4 3 1 13 9 10 7 4 4 4 5 9 2 2 3 8 3 8 1 4 3 2 1 3 1 10 4 9 3 3 3 5 8 1 1 9 6 7 7 1 7 9 4 8 5 14 
20
0   0   0   0   0   0   0   0   0   0   0   0   0   0   0   0   0   0   0   0   
0   1   1   -1   -5   -1   0   4   -3   -8   2   -3   -3   0   1   -1   -5   0   5   -2   
-9   12   -4   6   -6   6   -5   7   -2   4   -5   7   -7   4   -10   5   -10   3   -8   5   
5   -10   4   0   9   -12   6   -9   12   -10   5   -9   5   -9   6   -11   10   -2   11   -4   
6   -3   10   -5   9   -7   1   -8   7   -8   6   -4   9   -10   13   -6   6   -8   3   -7   
0   0   1   0   1   -2   3   -1   1   0   0   -2   2   -1   1   0   0   0   0   -1   
1   -5   2   0   3   -1   1   -2   3   -1   1   1   -1   0   0   -4   -1   0   0   -2   
2   0   -2   -2   -1   -2   0   -1   0   0   0   1   -3   1   4   1   0   1   1   1   
2   -4   5   -4   6   -4   4   -7   3   -4   4   -1   5   -3   3   -4   4   -6   4   -3   
1   -1   -1   0   -5   2   -3   15   -3   -8   -6   12   -2   -1   -1   5   -14   12   -11   8   
-2   12   -11   0   -7   6   -10   5   -3   1   -4   11   -6   2   -2   12   4   5   -7   8   
-3   0   1   -1   1   2   -5   -1   1   -1   1   -7   1   -1   5   1   -5   -2   1   -2   
-9   10   -5   0   -7   13   -4   6   -2   12   -8   10   -8   4   -10   11   -10   0   -3   5   
-1   2   -9   9   -8   0   -5   4   -3   7   -2   -5   8   3   -2   -3   -3   1   -5   6   
2   0   1   -3   0   -1   2   -2   2   -2   1   -2   2   -1   1   -2   1   -2   2   -1   
-2   4   -5   -3   -3   3   -3   9   -4   1   9   2   0   6   -5   7   2   1   -7   -1   
-4   -10   9   -8   12   -8   1   -10   2   -10   6   -12   0   0   0   -8   3   2   6   0   
6   -1   6   -13   9   -7   8   5   6   -6   0   -10   8   -10   10   -13   0   -5   11   -7   
6   -5   0   -5   -5   3   3   0   2   0   0   2   9   0   1   -4   2   8   -3   -4   
-1   8   -7   4   -4   10   -8   9   -3   6   -3   5   -3   4   -7   5   -9   6   -9   5   
1   0   5   -4   1   -4   0   -4   6   -5   1   -5   2   1   -4   -3   4   -4   6   1   
3   -4   6   -5   8   -7   -1   3   5   -1   2   0   8   0   6   -7   1   -3   2   -12   
-1   3   -5   7   -15   10   -6   8   -7   3   -15   3   -8   2   -2   8   -8   1   -13   -1   
-2   2   -1   5   -2   2   -3   2   -2   4   -3   4   -2   3   -2   2   -3   3   -2   2   
-2   4   -2   4   -3   4   -2   2   -2   3   -3   3   -3   4   -4   2   -2   3   -4   3   
-5   0   1   0   0   3   -1   0   -1   2   0   2   1   -4   3   1   0   -2   0   -3   
-5   8   -4   7   -5   8   -10   8   -7   8   -5   3   -7   5   -6   11   -9   1   -9   7   
-9   0   -3   4   0   2   -4   13   -14   12   -4   3   -9   10   -1   5   -7   0   0   9   
-7   7   -11   1   -11   13   2   5   -1   4   -12   10   -7   8   -2   5   -9   11   -7   6   
-2   3   -1   2   4   -2   -6   0   -3   6   -4   9   -9   4   3   -7   -10   0   -9   7   
-2   13   -9   11   -5   8   -3   0   -13   11   -6   5   -2   12   -11   10   -5   12   -10   5   
-1   -1   2   -5   5   -3   7   -4   0   0   6   -3   7   -5   0   1   0   -9   7   -2   
-2   6   -7   6   -6   0   -5   4   -1   2   -4   7   -5   1   -3   1   -6   4   -4   1   
-2   1   -2   1   -1   5   0   3   0   1   -1   0   -4   0   -2   0   -3   0   -2   0   
-3   5   -3   3   -2   4   0   2   -3   3   -3   3   0   4   -5   -2   -4   0   1   0   
5   -9   10   -6   4   -5   4   -7   9   -6   11   -6   6   -6   10   -8   1   -7   9   -1   
-2   7   -5   6   0   1   3   -6   6   13   1   10   0   -1   -3   6   -2   4   -4   7   
7   3   0   0   2   -2   -4   0   -3   -4   -1   -5   -1   -4   0   2   -3   -1   -1   -1   
-7   3   -5   5   -7   5   -4   -1   -6   2   -1   6   -3   2   -5   3   -4   5   -5   5   
-7   8   5   11   2   6   -4   6   -7   7   -7   8   -11   3   -5   15   2   7   -7   9   
-1   4   -4   2   -2   1   -3   3   -3   3   -4   3   -3   4   -3   1   -3   2   -2   4   
-2   10   -9   3   -9   6   -8   7   -10   8   -9   8   -3   9   -3   5   -3   7   -2   7   
-3   2   -3   0   -4   2   -2   4   -3   5   0   1   -3   2   -5   1   -4   5   -3   4   
-3   2   -2   4   -1   1   -1   5   -5   0   0   0   -4   3   -2   4   -3   2   -1   2   
-7   8   -5   8   0   2   -1   6   -7   6   0   8   -5   1   -6   1   -3   2   -6   1   
4   -1   1   -4   1   -1   3   -1   2   -3   1   -3   4   -5   5   -1   1   -2   0   -7   
-5   0   -2   4   -6   3   -3   2   -3   3   0   2   -5   6   -1   4   -4   5   -2   6   
-8   13   -8   13   -15   4   1   8   -15   7   -9   8   -9   15   -9   4   -8   11   -2   0   
-10   7   -1   3   -8   7   -9   2   -6   5   -9   8   -5   2   -10   2   -13   4   -10   5   
-1   -2   9   -5   9   -6   1   1   1   0   3   -7   0   0   -5   -5   4   1   1   -4   
-7   7   -3   3   -8   3   -3   6   -2   0   -4   0   -2   3   -2   5   0   4   -3   3   
4   -7   2   0   -1   -1   6   -10   7   -9   2   -5   7   -11   7   -9   3   -9   7   -2   
1   -4   2   0   2   0   0   1   4   -3   1   -3   2   0   3   -4   2   2   2   0   
0   -1   -1   0   0   1   0   0   -1   1   0   1   0   0   -2   0   0   2   0   0   
-3   -13   7   -3   5   -12   4   0   4   3   8   -4   0   4   -1   -9   5   -9   10   -6   
-4   3   -2   6   -2   7   -5   5   -3   3   -8   0   -5   6   -7   4   -3   0   -4   3   
10   -14   7   -11   5   -10   12   -9   1   -11   6   -7   15   -7   5   -5   2   -8   11   0   
-1   -2   -6   0   -4   2   0   5   0   3   1   1   1   1   -7   6   -1   3   -4   6   
1   -1   0   -1   0   0   0   -2   2   -1   1   -3   1   0   1   -1   0   -1   2   -1   
-3   7   -8   3   -4   0   -6   0   -3   0   -2   3   -4   5   -4   7   -5   11   -2   8   
2   1   0   2   5   3   8   -2   4   -10   9   -4   7   -4   6   -1   1   -10   4   -2   
-3   0   1   0   -2   9   -7   2   5   -5   -3   1   -3   -2   -4   0   -1   4   -1   -1   
-6   6   -2   6   -7   7   -11   10   -5   6   -6   4   -5   6   -6   9   -7   3   -6   7   
1   -6   1   -5   5   0   3   -3   6   -5   6   -5   4   0   6   -8   6   -6   -5   -4   
4   -4   3   0   2   -7   0   -2   4   -4   1   -5   2   -3   2   0   4   -2   3   -2   
-2   5   -3   0   2   6   -8   3   -10   0   -14   1   0   1   0   0   -4   0   -7   2   
-7   3   -5   4   -5   6   -6   7   -4   7   -4   7   -4   8   -6   7   -4   7   -7   7   
-1   2   0   0   0   3   1   0   -3   3   0   1   -2   6   1   4   -2   4   -3   1   
4   -2   3   -5   4   -2   2   -6   2   0   4   0   2   -6   3   -4   3   -4   1   -4   
-4   8   -2   2   -14   5   -9   3   0   2   2   -1   -1   11   -5   9   -9   7   -8   0   
0   64.0116   39.3788   69.0377   68.1425   42.5629   33   23   51.6922   52.3363   65.68   73.2743   66.4762   46   38.0907   50.8954   69.1543   26.0711   54.1787   31.7631   37.0907   44.1725   92.0071   40.2237   43.0799   32   40.4454   71.8283   37.4164   78.2254   55.3593   44.0998   71.2097   58.833   60.9487   65.0111   63.8738   61.0116   59.8293   80.7104   47.8929   64.1736   58.4367   72   70.2701   52.0179   54.6228   45.0644   80.0339   73.439   60.4849   48.0624   52.8782   54.5398   72.2228   38.2094   54.8058   70.2494   73.2665   61.4166   36.0554   69.1536   60.3954   66.4264   68.8774   63.5395   76.208   59.3553   66.8634   73.2892   
41.3401   0   78.2691   90.5193   109.455   48.7282   71.8529   64.3401   43.313   88.5185   62.1304   114.614   93.705   42.5039   50.0822   58.7642   101.006   67.4111   68.3296   71.7587   73.6425   71.4479   103.553   48.1548   42.02   69.0616   80.803   35.4164   75.7207   81.8743   56.2475   47   31.1803   59.2237   71.34   91.0592   39.2094   26   67.4976   40.9706   51.6931   97.9759   99.7768   113.34   31.2195   41.0911   39   59.1433   100.377   55.004   98.8369   35.2237   94.2182   95.591   73.3361   79.5494   38.2627   71.1429   73.4016   58.1045   63.2753   86.3702   47.6008   95.9329   38.3607   54.8029   86.8013   91.0267   78.231   79.356   
24.3516   59.6657   0   52.6404   63.1736   46.45   28.7781   38.6542   58.42   59.6275   65.4314   61.8845   50.8502   63.5363   47.1479   41.3908   46.8707   40.2036   72.9972   25.6158   56.2637   25.7703   68.3964   60.2095   53.8272   50.957   38.7767   84.9001   44.2488   102.446   76.3738   58.1587   85.4191   78.6498   50.3059   71.3847   84.0644   75.4181   46.0483   89.6726   49.1448   41.3452   43.2029   67.6236   79.9317   58.0454   67.0388   50.1448   63.0135   72.8179   46.5021   69.757   51.0139   47.2358   96.5744   36.5407   60.8622   90.2393   93.6508   82.5426   36.0227   92.8354   66.0104   43.6008   74.8218   73.5619   99.2346   38.6918   91.215   55.7922   
53.0377   74.5252   32.6497   0   88.0439   57.4604   61.4277   69.1303   64.0001   92.2771   59.7434   83.8822   23.8489   88.8006   57.0967   46.28   41.6155   72.4135   102.838   58.2654   88.9134   47.8701   38.0294   88.4557   65.4949   76.6657   71.4264   95.1367   76.8985   131.263   108.397   87.4336   98.8774   107.548   42.2354   104.034   104.427   89.0608   47.0217   101.098   53.833   57.9559   66.0098   93.1856   92.5963   73.7853   87.1642   58.4966   31   67.6676   64.5708   101.1   83.3587   66.3587   125.26   69.1903   76.2713   121.276   126.3   114.454   68.6724   121.484   71.0093   59.1856   78.7159   71.4358   129.246   60.107   119.901   41.4951   
51.6236   92.4554   46.1736   73.0068   0   90.0429   63.6476   67.5576   99.0289   44.3027   111.605   28.0623   79.1977   87.7001   85.5708   87.5644   73.72   59.7642   70.5788   64.0652   57.9477   71.9439   101.867   81.8707   90.4326   61.8748   48.469   120.028   55.3475   95.4905   86.9958   84.5184   119.119   87.5848   89.0907   59.865   110.422   109.759   92.2219   124.759   91.2154   56   37.0907   24.4031   115.034   94.3123   97.2946   92.4798   89.5527   115.712   51.1794   94.7939   31.2643   45.5372   95.0062   47.5576   97.4676   91.8284   89   98.4853   72.6281   79.4905   112.019   49.4138   120.501   115.082   103.098   56.0644   87.1193   101.966   
26.3059   31.257   32.45   43.4166   74.3303   0   50.1623   43.0868   26.2195   77.3284   40.02   89.5476   63.0435   48.1673   28.4721   29.0711   71.2268   46.28   71.7853   47   63.3966   40.3516   72.5277   48.565   20.7082   52.2278   66.7513   55.7004   63.2938   94.6297   68.4786   52.8444   59.2142   69.5698   41.6469   91.317   63.0106   49.0161   36.4722   58.7379   22   73.7952   73.7282   95.8678   52.2075   39.3693   49.5287   24.8102   74.4166   46.4319   72.4891   54.8782   76.8276   67.0754   89.9452   64.5153   38.0357   85.8411   83.3181   84.0086   42.72   90.7265   30.6205   71.8907   46.4008   49.8035   95.561   64.8197   78.561   49.0689   
13.6015   51.264   10.7703   41.4005   46.6476   27.8029   0   30   54.0224   55.0516   63.7703   63.9673   51.6431   56.5652   45.4307   39.7386   57.641   34.0416   64.1047   24.1623   47.0167   36.5407   78.0107   50.7343   48.5111   44.3848   34.0278   79.1415   43.4642   88.5236   68.9608   57.0606   78.3939   72.4344   51.5941   71.9714   76.8558   71.4433   50.0588   81.082   45.9832   52.1156   48.5662   70.2875   74.3681   57.2717   68.2242   43.1548   64.669   74.2348   48.58   61.0444   54.4821   41.4951   85.5374   36.1245   54.4433   79.3104   76.482   75.0181   38   78.1269   58.4234   47.8408   70.7401   76.6063   89.8011   40.7697   80.4649   60.0454   
5   42.0476   20.3961   48.1041   52.4976   23.0868   10   0   47.0217   54.2679   63.1068   70.6537   61.3402   46.472   38.6815   49.7386   65.9215   23.2195   58.5142   32.0384   42.0907   36.2603   81.545   42.0416   37.0217   32.3417   44.0278   70.2597   37.2788   83.2254   59.0488   41.0868   71.2259   62.6005   52   70.0111   66.8037   65.3524   57.0555   75.3095   45.0868   61.7413   58.5662   74.7963   65.2597   49.8701   49.541   45.0185   68.2033   67.027   58.58   53.0624   57.8782   51.4951   77.2228   43.2094   53.6985   74.1725   78.1725   66.4166   30.3852   73.1402   51.2156   57.8408   66.2017   68.5395   81.1153   50.7697   71.8634   64.607   
34.4819   27.313   41.4005   48.1664   83.4865   9.21954   37.0135   31.7805   0   86.0484   40.5576   98.5381   66.2398   50.3601   27.6015   38.2906   80.4463   55   76.7011   52.2099   71.5726   49.5711   77.4003   51.9678   26   61.439   71.0413   45.7881   67.002   98.2773   70.2601   47.0395   51.0727   73.4217   48.0172   95.7547   60.5474   42.6627   42.4951   51.7727   31.2195   82.7457   82.9477   105.087   42.2952   25.6619   47.5231   33.1655   79.1664   36.5196   81.7087   55.2395   86.0472   76.295   90.0263   69.4782   28.3137   93.7903   92.5377   81.8065   51.4008   99.1729   20.7082   81.1103   38.8816   31.6015   104.007   74.0392   87.0074   51.1548   
37.3363   74.5185   44.1475   76.2168   24.0208   63.3246   39   40.2616   71.7844   0   102.21   48.4345   85.3465   66.6624   74.4192   77.6031   83.9848   47.7517   45.7805   54.1162   40.8494   67.3523   107.797   62.9674   77.2834   49.7498   35.0238   102.801   43.0416   76.3382   65.8188   69.5782   101.9   69.3026   83.2604   31.6205   99.5041   98.0529   87.0868   108.241   80.7446   66.8714   48.5567   48.4239   97.801   83.8415   82.2415   82.0089   95.0695   105.241   51.3836   84.258   28.0384   49.0689   73.4223   37.0868   85.5352   66.3846   65.5076   72.706   67.607   63.9762   91.4772   66.0122   103.866   98.8646   72.2151   61.2022   59.1045   99.0454   
51.0882   43.1856   50.2494   43.3244   95.7549   25.02   49.6488   47.3814   19.3132   87.4757   0   109.383   67.1732   69.6733   46.4837   45.4465   80.3427   70.601   95.4114   65.7695   88.1789   61.0165   70.3071   71.281   45.3132   75.075   83.1863   56.4819   80.6396   117.591   89.5733   66.3527   63.6173   92.7349   45.8029   113.19   76.8644   55.2311   42.2036   61.1699   39.2036   86.897   93.4523   117.873   54.8024   44.9751   66.8363   39.6155   65.9608   22   91.4859   72.9386   101.263   91.1439   109.34   84.4289   47.6269   110.861   108.338   99.0562   59.19   115.747   40.0214   90.7468   40.7697   42.5529   114.225   83.6757   103.581   36.2483   
54.4059   95.6922   45.1774   69.2604   8.06226   75.2861   47.5079   54.5619   84.5044   31.1448   95.3834   0   78.6741   92.848   85.2677   84.493   73.6815   62.4342   76.9253   60.5554   61.0744   70.0877   101.371   87.3665   91.5836   66.5249   53.4639   122.233   60.2278   103.553   95.0581   88.4707   121.615   95.6471   85.2369   62.7653   115.005   111.417   90.2309   128.288   89.2737   55.9947   36.6815   31.2462   117.866   95.3941   101.318   89.7263   88.029   113.576   44.3776   100.269   39.3266   36.4722   102.157   51.2278   101.951   95.9296   93.1012   103.735   80.6904   87.5527   105.213   48.0768   118.248   116.106   103.36   55.4605   90.2493   100.97   
50.4777   77.2334   27.5862   9.84886   64.195   46.0435   37.6431   45.793   52.2398   69.3542   50.5371   60.0333   0   91.1226   60.8167   50   33.4018   66.5792   98.1457   51.7131   83.85   45.0799   46.1905   87.7957   66.7517   71.9732   66.363   98.0279   71.835   126.167   103.96   85.7449   101.149   106.236   49.7697   98.9709   108.207   91.075   44.7924   103.202   63.6818   41.3311   56.107   83   93.9998   76.9034   93.2843   63.1123   32.8489   72.5371   55.3852   97.3432   72.8218   62.2066   122.7   64.1269   74.075   116.953   114.125   110.129   63.6089   115.419   72.948   50   88.5648   81.2847   126.422   58.7343   113.723   51.344   
25   24.1661   48.6621   73.0616   71.6938   33.4215   38.2099   28.2843   36.2491   51.6624   55.5428   76.0592   72.6154   0   45.8277   60.5206   93.7875   44.9108   44.9108   55.3038   46.0035   64.1254   105.949   19.831   47.6982   47.5707   58.4878   55.5217   50.2415   65.2621   41.9249   28.3852   50.4581   43.0868   75.0684   67.9711   38.0915   45.4749   69.8938   57.6213   55.4215   89.1736   81.5134   93.0691   51.708   41.6982   30.5263   58.1096   96.4876   71.4528   83.7099   22.2801   71.4358   75.4637   59.9297   63.2094   47.9615   53.0555   57.3631   44.6982   46.5136   68.1022   56.9573   85.2681   62.5268   61.5533   70.7214   78.9797   58.3883   82.4904   
22.0907   33   28.6531   42.72   69.8928   4.47214   23.4307   18.6815   13.6015   58.9406   29.0172   70.9366   44.4072   31.8277   0   31.6798   71.5179   41.9011   74.237   42.7588   59.1814   39.3776   76.544   50.8058   25.1803   48.0644   54.3954   58.8789   49.9285   94.2667   72.9507   52.9072   62.3341   73.2541   43.1115   86.0671   64.4342   52.1361   40.6137   63.21   26.4721   69.264   71.856   91.9105   55.386   35.0357   54.0008   25.8489   73.2892   49.6104   71.4135   54.1078   71.3707   64.9258   88.8025   53.0132   39.2788   83.1077   82.2307   76.5258   37.3417   87.9932   33.799   71.2715   50.8729   45.2029   92.8276   64.2005   75.8276   53.541   
28.8617   42.4264   25.6125   32.28   70.6824   11.1803   24.7386   24.3311   17.72   63.2851   25.0799   70.4911   35   42.5206   10.8167   0   62.9562   47.5506   75.5181   48.9009   65.0697   35.6205   62.4164   56.1096   31.72   51.9526   58.7664   62.9355   55.5119   102.93   76.4454   56.0608   67.0009   79.2018   28.4164   87.9249   73.4227   57.3143   31.8062   68.9227   22.6594   63.793   68.8015   93.2361   58.831   38.5372   58.1063   19.831   57.025   47.0799   69.0884   62.8722   76.6264   66.2337   96.8613   59.1637   46.0338   91.3095   90.8943   83.1285   33.9249   96.6567   38.3516   68.3492   50.9285   49.3215   101.491   61.2782   84.4911   41.5407   
55.1543   86.0058   30.8707   20.6155   58.6941   55.2268   41.6293   50.9215   62.1691   67.6757   61.7738   53.4603   11.4018   78.848   53.0094   44.5533   0   71.0743   98.6476   56.4865   82.6095   47.1403   47.0689   89.6066   75.935   76.1692   66.0725   107.489   69.8032   130.153   106.236   87.5558   111.554   109.521   53.5398   98.0263   113.461   101.868   56.1941   112.858   67.2127   36.72   54   81.2218   103.384   83.0905   96.436   64.3843   39.7631   83.7738   52.8378   99.1541   71.0238   54.0727   126.117   63.8365   85.4767   119.079   118.111   113.413   65.4198   119.303   82.8773   48.4605   95.4818   92.0513   128.799   45.5287   111.799   62.1106   
7.07107   48.2597   22.2036   53.4135   44.5533   32.28   12.0416   9.21954   40.8534   31.0483   56.5685   47.4342   49.5782   30.4138   27.8927   33.0606   52.8394   0   49.9155   34.8661   33.8773   45.4798   90.0523   42.0799   46.2413   27.7793   28.4426   77.3173   21.0711   77.6432   57.6264   42.9615   77.198   63.7185   59.4367   62.0535   68.5053   67   62.1004   82.7576   49.3657   57.9762   50.2897   64.9313   72.3173   51   58.7606   50.1248   76.7106   76.2465   51.2265   52.6939   44.5641   43.2359   73.5219   26.2066   60.8021   66.4842   65.6072   59.8803   39.5602   71.3696   60.4351   52.0711   75.4212   69.1295   76.0328   45   59.2041   67.9351   
33.2866   52.811   54.5619   85.7963   55.5788   55.7853   44.5533   38.2753   61.5224   31.7805   80.4114   62.1289   82.0731   28.8617   52.4976   61.327   84.6286   32.5269   0   64.3814   33.088   74.5356   119.82   40.0799   71.0392   46.1725   57.0906   82.2505   48.8444   44.8299   36.8114   51.0666   77.2699   35.2315   89.7434   43.4951   59.4533   71.6611   92.2575   85.2606   75.7746   89.5542   80.3372   78.1882   77.9839   65.0392   55.8497   78.3465   106.479   95.3095   80.4401   51.1418   59.8189   75.7629   41.8437   58.7335   76.8232   35.6167   32.7883   39.1896   64.5933   39.868   81.0312   84.598   91.1717   90.4151   46.5466   77.5269   29.6491   100.462   
16.7631   53.7587   7.61577   38.833   46.0652   29   3.16228   13.0384   38.2099   40.1123   49.7695   46.4004   34.7131   41.3038   24.7588   24.6982   38.4838   14.8661   47.3814   0   48.7434   33.3861   71.8032   53.8965   49.7082   39.2603   33.2655   82.3037   35.9371   91.6859   72.0872   54.1252   81.5562   75.596   49.1548   66.8763   79.3953   73.7814   53.2211   84.2443   43.8444   48.961   46.0067   69.9267   77.5304   56.5469   62.5794   44.5291   58.8634   69.3385   42.8444   63.5839   49.3869   44.6574   88.388   31.0294   57.6056   81.3503   79.6443   74.7463   34.5242   81.2891   58.5578   47.2312   70.2268   69.7397   90.8988   43.932   74.0701   57.0116   
22.0907   55   39.0512   71.2811   41.4367   48.0416   30.0167   26.4764   55.5788   19.8494   73.0068   47.0744   66.6033   31.8277   44   50.8035   68.2495   18.3848   17.088   32.45   0   62.7367   104.233   41.1725   63.4981   34.1529   31.8885   84.2422   39.4558   61.8885   49.1623   57   82.192   46   77.8215   43.1948   69.9192   75.332   77.3618   88.9315   67.1698   68.9312   61.2421   65.8398   80.5138   69.1675   59.5206   67.1552   91.3134   90.8255   62.4172   54.1078   44.6833   54.171   58.9023   41.7231   66.6488   52.6753   49.8469   53.0139   47.1448   56.956   76.287   61.7896   90.9681   85.6302   63.6346   54.7185   46.7371   86.3199   
26.1725   54.1479   10.7703   26.8701   56.921   24.3516   15.2315   21.2603   32.6497   53.3385   39.6611   55.9017   25.0799   47.5395   21.3776   15.6205   32.1403   26.9258   59.0339   13.3417   45.1774   0   58.8634   63.3019   45.0598   52.602   46.6071   77.3545   47.9969   103.755   80.309   62.2606   79.7303   81.8151   32   80.2179   85.631   69.6563   44.3961   83.0208   38.2799   51.4138   52.8667   78.394   72.5812   53.3553   70.8013   35.4515   55.0151   61.6611   50.8281   69.8196   61.7842   50.6155   98.2967   44.3711   52.6563   93.41   91.7135   83.0652   40.1246   93.3584   53.3579   50.0889   66.5018   59.2217   102.376   43.0179   86.1299   52.2655   
70.0071   88.5438   49.3964   17.0294   86.8332   58.1808   58.4123   65.0538   61.4003   92.3093   52.0096   82.1523   23.0868   89.3085   58.1808   47.4131   29.0689   70.4344   102.825   55.8032   88.2326   43.8634   0   103.523   78.889   92.3955   87.5496   107.188   90.5951   146.231   122.552   102.048   112.473   123.374   54.5078   120.438   119.19   104.063   56.0555   112.841   70.0725   60.3417   78.8198   104.445   103.696   85.9503   104.194   67.244   27.3417   74.0096   77.821   108.154   95.9086   79.2534   142.16   85.937   88.5122   136.919   134.894   126.929   80.1269   136.539   82.1085   72.4358   89.4312   86.2681   144.138   70.7539   129.638   55.0588   
20.2237   29.1548   44.3847   70.4557   65.8635   33.121   33.7343   24.0416   37.3631   45.9674   56.6127   70.2638   69.3181   5.83095   30.8058   41.1096   74.9466   25.0799   25.0799   36.8782   26.1725   44.2945   87.0057   0   46.2594   44.8806   53.5225   61.2753   46.1509   64.5321   39.4165   23   56.2891   39.4722   69.526   63.9574   43.7924   51.3059   69.5932   62.8039   55.121   83.0561   75.3696   86.2396   57.5389   46.3059   36.3573   56.6547   92.245   73.8827   74.531   28.1111   64.6063   68.3158   58   51.2864   53.0713   58.8865   57.2491   48.4558   40.1868   62.7732   58.0713   76.0725   67.5154   66.0425   70.6542   70.0799   54.729   80.8547   
25.0799   25.02   36.2491   50   75.4321   6.7082   29.8329   23.0217   10   62.3939   28.8617   77.0779   52.2398   27.4591   8.06226   17.72   61.0328   31.7648   51.6236   31.6228   45.7056   29.4279   64.8845   27.8568   0   50.5261   59.1022   47.8938   52.8358   92.1498   64.9574   47.2594   50.2779   67.0899   45.0161   87.884   57.3113   40.0799   43.1804   55.6005   27.6619   77.3263   77.6295   96.6961   46.1603   26   45.8537   31.5185   74.745   46.5196   74.4672   49.7392   76.3289   71.3173   84.3852   57.9713   28.2462   80.5146   84.0781   69.1536   36.8045   84.3758   30.7082   77.6737   40.2074   37.4722   88.0694   70.6026   81.2727   55.7771   
9   46.7547   28.6007   59.6657   45.8039   35.2278   18.3848   13.3417   43.1741   29.0689   60.075   49.6488   55.9732   26.5707   31.0644   37.6563   59.1692   6.40312   26.1725   21.2603   13.1529   33.0151   76.6942   20.8806   33.5261   0   29.8661   80.8283   27.4742   71.0024   53.7021   43.8806   76.6281   50.5398   65.0151   56.3478   64.6622   70.0116   68.3356   79.7024   55.7688   63.4405   56.6929   70.2071   76.4885   54.7771   55.5106   54.0644   80.1237   79   57.0381   48.8508   48.6105   49.6391   68.0162   32.6097   59.4708   61.0822   58.9608   58.8497   37.0278   61.8219   63.8823   56.2989   73.7335   70.9983   70.8021   49.2278   53.8021   72.9406   
19.799   60.803   23.7697   56.3649   31.8277   43.8634   18.0278   21.095   52.7731   21.0238   67.1863   34.9857   50.4777   41.4367   39.3954   42.5793   50.9313   12.7279   34.9285   19.105   17.8885   32.3883   72.9452   35.7351   44.1022   14.8661   0   90.0452   28.2462   79.7584   64.8527   55.6894   89.926   61.6905   64.3883   47.6155   79.5136   79.7279   68.0865   93.6209   62.0936   55.06   41   56.2308   85.0452   63.634   70.1199   61.1825   77.9684   88.122   42.1725   63.7168   41.2047   39.0278   75.6847   23.2361   72.3484   70.5452   67.7168   70.9024   51.4197   70.614   72.3106   47.9184   84.3096   81.5744   81.4751   40.8473   64.5776   76.1166   
53.2635   13.4164   69.0797   79.0569   104.805   37.855   61.7738   53.2541   31.0161   87.6185   41.6293   107.615   83.2166   37.5766   40.8044   48.3735   92.9139   60.3075   66.1287   63.9531   68.2422   62.0967   91.4112   42.5441   32.8938   59.4138   73   0   81.3786   92.2311   68.2653   57.2753   32.0623   71.2415   74   104.476   49.6586   31.8167   70.1443   29   56.5441   108.851   107.893   125.239   31   50.5266   49.4008   57.7614   101.088   54.8913   106.798   47.2415   104.828   100.822   85.0652   86.4707   47.6982   84.5593   86.818   71.5209   69.6983   95.0759   39.0799   108.136   38.8885   46.0799   88.108   102.544   82.9104   77.8776   
13.4164   53.2635   26.2488   58.5235   39.2046   39.2938   17.4642   16.2788   47.7598   24.0416   63.6396   42.9418   53.8145   33.2415   34.9285   40.0125   55.8032   7.07107   28.8444   19.7231   12.8062   32.6956   75.452   27.5136   38.4838   6.7082   8.24621   65.7647   0   73.6743   60.4103   50.0326   78.2028   57.248   64.6956   52.3766   71.306   72.0014   67.523   85.6009   56.4367   58.8855   48.0832   62.8973   78.326   58.0711   56.19   57.1959   78.5865   80.2534   49.02   55.5217   42.3576   41.0294   70.6881   24   66.179   64.4611   61.6327   65.5579   43.587   68.5301   67.4944   53.9039   78.6912   75.956   73.1808   46.8329   58.4935   75.0062   
62.2254   66.6108   84.8116   115.261   81.3941   80.6226   74.5185   67.1789   84.1724   57.7062   103.47   88.8144   112.161   47.927   78.2304   88.2326   115.109   62.6259   30.5287   77.4661   47.4131   88.3912   132.231   47.5079   75.1332   56.2228   65.2993   78.0577   59.3633   0   43.6155   67.1022   85.0081   40.6918   116.333   64.0172   65.0882   83.6712   116.748   92.0652   100.666   116.005   105.202   105.114   89.326   87.405   70.1275   101.983   135.382   114.57   106.139   61.8973   85.7446   98.1487   23   81.1193   92.6886   33.87   31.0416   46.7697   85.527   35   98.7585   109.203   104.971   109.48   29.1231   102.132   34.4391   128.363   
36.3593   41.1947   60.3738   88.8651   70.0928   52.4786   49.6488   41.0488   56.0803   46.8188   75.3923   76.1183   86.8217   19.9249   50.2195   60.4401   91.236   38.6264   15.8114   52.7731   29.1548   62.2013   105.646   19.4165   46.9574   32.573   45.2769   53.9351   37.6563   28.178   0   42.4165   68.6888   30.1623   88.8565   59.2311   55.5287   61.8286   88.9508   75.4281   74.4786   96.0135   85.7395   93.9996   68.1532   61.623   46.0172   75.9083   109.252   86.8011   86.6763   42.205   73.8381   78.6857   43.2266   61.6563   67.8864   36.1555   41.4415   28.2801   59.6033   41.1794   76.7885   88.8719   79.5553   81.3273   48.2389   81.8008   35.0384   100.271   
20.0998   25   43.4166   67.7422   68.5055   28.8444   33.0606   23.0868   32.573   49.5782   51.8652   72.4707   67.2309   5.38516   26.9072   37.4833   73.4983   25.9615   30.0666   36.1248   30   42.1545   84.0536   5   23.2594   22.8254   37.5766   38.2753   29.5296   51.8845   23.7065   0   53.4778   44.4722   65.8997   68.9574   43.4767   44.4591   65.3166   60.2171   48.6006   83.0303   76.2513   90.8928   52.9422   37.3776   30.8062   52.7561   91.2901   66.8197   77.1881   27.6653   69.6063   69.1975   63   52.1681   46.0868   58.4407   62.2491   50.0833   45.1868   64.8859   53.2812   78.0326   63.3607   60.7316   71.9454   70.9615   57.4401   74.8014   
52.4786   11.1803   70.6045   83.6002   103.407   41.0122   62.3939   53.2259   35.5106   84.8999   48.3735   106.78   87.0057   33.6006   43.2897   52.0096   96.1873   59.3633   61.2699   64.846   65.192   64.6297   96.7729   39.0512   35.2278   57.6281   71.8471   8.06226   64.2028   71.007   48.0833   35.3553   0   69.178   78.9429   101.572   37.0998   24.198   75.4133   26.2801   59.9983   109.156   108.815   124.295   22.9443   47.2746   48.6716   64.046   107.373   55.6433   107.69   45.178   103.658   102.41   84.5164   85.5698   47.074   82.3233   84.5819   69.2849   64.3964   87.0068   45.3645   107.113   39   54.1421   92   102.207   80.8769   84.6218   
38.833   44.1022   62.6498   91.5478   70.406   55.5698   51.9711   43.6005   59.2368   46.8402   78.5493   76.6551   89.3085   23.0868   53.2541   63.4114   93.4773   40.7185   15.2315   55.0727   30   64.8151   108.374   22.4722   50.0899   34.5398   46.6905   56.7186   39.2938   25.0599   3.16228   26.8328   50.6952   0   90.0828   58.7266   50.4936   61.0956   91.4794   76.3412   75.4334   96.9376   85.4493   93.4198   70.4279   64.2104   49.0624   79.0705   111.801   89.9634   87.072   41   74.6833   79.0814   35.0711   62.0521   63.0408   28   36.3798   21.0828   59.2769   38.3607   79.945   89.71   82.4628   84.4896   48.2036   83.7677   35.198   99.3149   
38.9487   55.3173   26.3059   19.2354   72.2772   24.3516   30.5941   34   29.0172   69.2604   27.8029   70.5762   23.7697   55.6058   24.1868   13.4164   34.5398   41.4367   72.2011   29.1548   59.808   16   34   53.7587   31.0161   47.0106   48.2597   60   47.8017   100.265   72.8629   50.448   64.3817   75.743   0   95.8752   85.5734   69.7928   26.6569   80.7899   36.0758   65.1008   67   93.9295   71.3125   50.6879   71.5227   33.2474   44.1662   49.8029   66.8281   76.2886   77.3198   65.7647   110.278   60.1841   57.3309   103.743   104.311   96.2086   47.3413   107.14   49.7254   65.1411   59.6076   52.3275   114.908   59.0179   97.9075   36.5602   
45.0111   76.0592   57.3847   89.9611   37.108   71.1758   50.448   49.0408   78.7718   15.6205   96.0833   44.9222   83.7257   51.9711   67.0671   73.2462   82.801   40.1995   25.4951   52.2015   23.1948   65.521   106.438   46.9574   68.884   36.0139   33.6155   89.4707   33.3766   45.0111   41.2311   51.4782   85.44   40.2244   81.0247   0   84.9484   95.9372   100.507   106.439   89.0068   81.3565   64.1772   55.3038   103.479   84.0928   81.3448   90.0756   108.536   113.63   67.0041   74.2513   43.6589   62.5533   64.3748   52.7073   87.5328   59.4709   56.6474   61.3071   70.3397   46.0172   99.48   70.5862   104.802   106.356   64.2709   74.4628   55.1442   108.135   
47.5184   19.2094   70.0071   90.1388   94.3663   47.0106   60.075   50.0899   45.2217   73.2393   62.2254   99.0051   91.444   23.0868   47.4342   57.9396   98.9949   53.3667   45.4533   63.0317   53.535   66.9104   105.19   28.7924   40.3113   49.6488   64.5136   27.6586   56.3028   51.0882   30.5287   27.4591   20.0998   32.6497   71.3092   70.7672   0   40.6333   83.4828   46.3799   67.9732   108.048   103.656   115.032   42   55.8855   38.2627   71.8209   114.965   71.8507   103.323   34.8114   93.3987   96.6026   58.6424   79.5732   57.472   56.4493   58.7079   43.4109   68.9791   71.0103   59.45   104.865   56.3401   73.0106   74.0425   98.3667   59.5441   89.3303   
43.0116   3   60.4401   73.9797   94.3663   31.0161   52.3927   43.4166   26.2488   76.8375   41.2311   97.4166   77.0584   26.9258   33.1361   42.107   86.093   50   55.6597   54.7814   57.4282   54.4518   87.6413   31.7648   25.0799   48.7955   62.6259   10.8167   55.2268   69.5845   44.1814   27.4591   10.198   47.0956   54.7449   78.7147   21.6333   0   67.4883   31   52.7418   100.976   99.6481   114.931   21.3246   40.105   31.8114   54.4833   98.911   52.3664   97.6258   38.2237   94.5641   93.2359   76.3361   76.2066   38   74.1429   76.4016   61.1045   61.8844   85.3608   36.9545   98.9329   35.7231   52.4951   89.8013   93.1625   79.2189   77.4036   
40.8534   52.4976   31.0483   23.0217   77.201   22.4722   34.0588   36.0555   25.4951   73.0274   22.2036   75.7694   28.7924   55.1725   23.3452   12.8062   39.8121   44.1475   73.7902   33.0151   62.3618   20.3961   36.0555   53.9073   29.1548   49.3356   52.0096   56.1427   50.8035   101.02   73.2462   50.2096   61   76.2168   5.65685   84.1724   69.3181   51.6624   0   76.1289   31.4929   65.0109   72.2713   98.5511   67.6515   48.4625   67   28.7648   49.823   44.2036   70.0091   75.6784   82.0622   69.7587   108.862   64.0445   53.8088   104.116   103.701   95.9348   46.7311   109.196   46.0644   70.485   56.8211   49.541   114.297   63.4139   97.2974   25   
58.0086   16.9706   74.6726   85.0529   109.343   43.7379   67.082   58.3095   37.0135   91.4385   47.1699   112.414   89.202   40.4969   46.5725   54.3323   98.8585   65   68.4471   69.3542   71.8401   67.9117   97.3242   45.8039   38.6005   63.7024   77.6209   6   70.1783   78.0577   55.3624   41.8688   7.28011   57.9741   66   92.4392   27   15   62.1289   0   62.4943   112.721   113.764   129.931   25.4403   50.8938   46.4109   63.7614   107.088   58.5752   112.199   52.1943   109.564   106.822   85.6424   91.2066   53   83.4493   85.7079   70.4109   71.6765   94.287   45.0799   112.903   44.8885   48.6757   94.108   107.852   86.5441   79.561   
29   35.6931   31.1448   38.833   74.793   5   28.178   25.1794   10.7703   65.307   22.2036   75.213   42.0119   38.2884   7.28011   7.07107   51.6236   34.3657   59.7746   28.8444   51.0392   21.9545   53.3104   37.7359   11.6619   38   45.2217   41.3038   41.4367   85.235   57.1402   33.6006   45.0444   60.208   19.6469   74.0068   51.8941   35.2278   17.4929   47.2652   0   70.8641   73.6443   96.7775   53.0656   33.088   54.5287   26.902   63.813   44.2036   71.6057   59.8782   78.2314   69.6731   91.666   59.8738   39.084   88.208   88.3181   78.8013   40.9959   94.1857   31.4785   70.8666   49.6519   42.3718   99.7313   63.7955   83.1077   42.4929   
46.1736   82.9759   23.3452   33.9559   41   54.626   33   43   63.0635   51.0882   67.897   36.0555   24.3311   71.1126   51.264   45.793   17.72   41.9762   71.5542   30.0167   54.5894   30.4138   46.0977   66.3702   59.1354   47.8017   36.7151   92.0272   43.0813   102   80.3617   66.0303   93.8616   82.2192   40.3609   66.5282   93.0484   83.678   46.0109   97.719   52.3546   0   33.3143   58.7703   101.281   81.3907   90.3841   65.624   50   89.897   30.1555   93.1022   52.833   36.9769   112.087   48.8855   83.0702   107.167   104.338   101.856   59.368   104.204   83.7717   24.7703   96.7215   89.6355   116.262   30.2127   101.095   69.8238   
41.4367   82.2922   27.2029   51.0098   22.0907   58.7282   31.6228   40.2492   67.897   33.4215   77.3886   18.6815   42.107   65.5134   54.5619   52.8015   37   35.171   58.6941   29.8329   41.7732   37.7359   64.7765   60.0167   61.4003   39.3192   25   93.2952   33.0606   88.2553   70.1783   61.131   93.4719   71.4493   52   49.0408   88.5268   83.6481   57.2713   98.4886   58.0517   19.3132   0   45.1725   104.872   82.6756   89.2506   72.6325   65.5358   97.443   17.1623   87.7935   42.5183   29.0711   100.538   40.0832   86.0661   94.3108   91.4824   92.532   63.2257   87.4098   88.3609   30.544   100.06   96.3204   105.241   34.8489   88.3432   82.2713   
58   98.8585   51.6236   77.1038   6.40312   80.4487   52.6972   58.7963   89.627   29.4279   101.518   8.24621   68   78.032   76.0263   76.4788   61.6604   50.9313   61.1882   51.9711   47.5395   62.3939   90.2718   72.2011   81.6884   52.2015   38.2099   111.198   45.607   86.093   75.9605   74.8866   109.809   76.1577   77.4919   41.3038   100.648   100.767   82.5409   115.745   80.7775   44.1814   26.1725   0   121.437   100.633   101.797   95.852   91.7083   121.31   43.3348   100.088   37.6675   44.7184   100.761   53.9608   103.73   93.7232   92.8462   97.2405   78.8905   85.8936   109.825   55.8169   121.896   119.161   101.643   54.6931   86.4431   107.416   
48.2701   9.21954   64.2573   75.2396   99.8248   33.3766   56.8243   48.2597   27.074   82.801   39.4462   102.616   79.0569   33.2415   36.1386   44.1022   88.5664   55.3173   61.9839   59.0339   63.5138   57.4891   88.0738   38.0132   28.1603   54.4885   68.0147   5   60.8112   75.326   50.3587   33.6155   8.94427   53.2353   56.0803   84.9706   26   6.32456   52.469   10.4403   37.054   87.2812   88.3233   106.217   0   45.4722   38.1359   55   100.246   49.9221   101.71   44.4433   99.8814   98.3194   81.2412   81.5238   44.3246   79.048   81.3067   66.0096   64.9647   89.5381   39.587   101.235   33.2788   47.0217   87.4493   97.594   83.3877   75.6945   
28.0179   19.0263   41.7852   55.7853   79.3095   12.3693   34.6699   26.8701   11.6619   64.846   30.8707   81.3941   58.2151   24.6982   14.0357   23.5372   67.0298   35   51.0392   36.7151   47.1275   35.3553   70.3847   26.3059   6   35.7771   47.634   27.313   41.3401   72.6154   44.5982   21.3776   29.2746   47.7598   36.6879   70.0928   34.8855   19.105   34.4384   32.8938   17.088   64.846   66.2873   85.6329   22.4722   0   40.0378   34.6977   80.5622   45.8114   79.5595   45.4008   79.5641   75   81.425   61.2066   20.8284   75.7598   81.4906   66.1935   42.8045   85.7776   30   82.2518   46.2074   43.2634   92.3542   75.1808   78.8176   54.8246   
31.6228   13   53.0377   73.1642   81.2712   30.5287   43.4166   33.541   30.4795   62.2415   49.0918   85.0882   74.2159   11.1803   30.4631   41.1461   81.7435   38.0789   39.8497   46.2709   42.5206   49.6488   88.5494   16.4012   23.8537   35.5106   50.1199   26.4008   42.19   55.7853   29.0172   12.8062   22.6716   32.0624   54.5619   63.1348   17.2627   15.8114   53   29.4109   35.5106   76.2365   73.0548   87.6584   22.1359   19.105   0   53.8027   98.1711   62.1352   89.1154   22.2462   81.0075   81.3148   67.1275   64.2854   35.2094   60.0624   60.2709   53.1452   50.0161   70.1966   49.105   90.1499   51.3607   60.0555   68.2015   83.0789   64.0556   73.9296   
31.0644   38.0789   31.1448   36.4966   75.591   7.81025   29.1548   27.0185   12.1655   66.9104   20.6155   75.7166   40.1123   41.1096   9.84886   5.83095   50.01   36.1248   62.2977   29.5296   53.1507   21.4009   50.6952   40.4969   14.4222   40.05   46.5725   43.1045   43.1856   87.983   59.9083   36.4005   47.1699   62.9682   17.2627   76.0066   54.5619   37.4833   14.7648   49.0918   2.82843   51.6236   58.258   81.4923   39   19.6977   38.2753   0   61.4288   42.6155   72.229   59.6878   78.9166   70.6499   94.4944   60.559   40.4792   90.8024   91.1284   80.6049   38.0227   97.0141   32.8737   71.4899   51.0471   43.767   102.492   64.4188   85.6765   39.7648   
59.0339   82.3772   37.0135   8   73.5527   51.1957   46.669   54.2033   56.1427   79.2023   50.9608   69.029   9.84886   80.0625   50.2892   40.025   16.7631   58.6941   91.2195   43.8634   76.0592   33.0151   13.3417   77.1751   57.7235   65.0538   60.208   87.0517   63.2535   121.083   95.2103   74.7061   91.5478   97.8008   27.1662   93.5361   97.719   81.8841   31.0161   93.0484   46.6905   33   51.4782   77.1038   83.2166   63.561   80.6536   44.4072   0   72.9608   63.1555   102.343   82.6706   69.9769   131.257   73.5542   83.9238   125.178   123.151   116.08   73.0362   123.713   76.8509   57.7703   85.6618   78.3817   134.727   62.2917   117.898   49.4951   
52.1728   37.6431   54.8179   50.9608   99.363   25.9615   52.7731   49.0408   18.0278   89.2861   8   99.5691   57.7754   52.8867   30.3645   29.2062   68.8767   58.2409   79.3095   53.3385   73.5527   44.5982   60.0083   54.7449   28.0179   61   69.6419   34.4819   65.2534   100.568   72.8011   49.8197   41.6173   75.9605   34.4819   96.7471   56.8507   35.3836   29.0689   39.8121   24.5967   73.8783   82.0061   105.309   32.8024   28.4429   45.1885   23.8537   58.6941   0   95.4263   67.4347   100.406   93.0369   107.133   83.3776   41.9258   103.894   105.276   91.9097   61.8764   111.706   30.8114   94.6871   37.1796   29.8995   113.39   87.6161   104.523   44.2483   
41.4849   81.939   25.4951   48.0416   25.1794   57.4891   30.8869   39.9249   66.6033   36.1248   75.452   21.3776   39.0512   65.9242   53.4135   51.0882   33.8378   35.5106   60.4401   28.8444   43.4166   35.805   61.6604   60.531   60.4649   40.05   26.1725   92.6607   34.0147   90.2497   71.4493   61.3922   93.1075   72.8354   49.6588   51.7397   88.8426   83.1925   55.0091   97.949   56.5685   16.1555   3.16228   29.0689   87.7097   65.5134   73.0821   56.6392   48.3735   80.2808   0   88.2043   37.3452   29.2462   101.857   42.02   85.2642   96.0568   93.2283   93.9182   61.5178   90.5721   87.2125   26.3852   99.0712   95.0267   104.811   25.8102   90.0892   80.0091   
32.0624   20.2237   55.3263   78.2624   78.7718   36.8782   45.0444   35.0571   38.0132   58.258   56.9386   83.2586   78.4347   7.28011   36.0555   46.8722   85.1469   37.6563   33.1059   48.0937   38.4187   53.4509   94.1541   13   30.4138   33.8378   48.7032   33.2415   40.4969   47.5395   21.0238   12   28.178   24   60.208   57.4282   15.8114   23.1948   59.203   35.3412   41.8688   78.0256   72.7805   85.0882   29.4279   26.4008   8.24621   44.6878   85.4927   53.3104   73.1642   0   77.6063   80.8923   59.0711   63.8629   41.9258   52   57.1182   45.0828   50.7343   62.2032   54.5766   89.0725   58.5844   67.2719   67.9659   82.6563   52.0588   81.2254   
36.8782   77.3369   36.0139   66.4906   15.2643   60.8276   33.8378   38.2753   69.8355   13.0384   83.4865   20.3961   58.8218   56.4358   56.356   58.5235   55.9464   29.8329   42   33.9559   26.6833   46.2709   81.9085   50.6063   61.2944   30.6105   17.2047   89.8276   24.0832   69.857   55.7315   53.2541   88.2383   56.3205   62.2013   28.6007   79.1581   79.3095   66.6108   94.2603   61.8466   38.833   20.5183   21.6333   84.8646   64.8151   66.0303   62.9682   68.6222   86.406   23.3452   63.5295   0   35   83.8437   40.4407   84.624   77.4281   74.7883   77.4033   67.6382   68.4059   89.4909   44.4253   101.502   98.7666   85.2535   45.4951   70.1479   90.531   
34.5398   75.591   22.8473   50.3587   23.5372   53.0754   25.4951   33.6155   62.2896   29.0689   72.9452   22.4722   42.2019   58.4637   48.7955   48.0208   38.9487   28.1603   52.2015   24.0832   35.171   33.6155   65.2534   52.9528   55.3173   32.249   18.0278   86.8217   26.0192   82.0792   63.2851   54.1202   86.7698   64.6297   48.7647   44.5533   81.4923   77.026   53.7587   91.9239   52.8015   22.0227   7.07107   28.7924   81.8352   60   66.1287   53.2541   51.923   77.1038   8.24621   65.7343   17   0   93.1202   39.0294   79.8526   87.8183   84.9898   85.7125   55.0132   83.5352   82.5945   34.6314   94.31   92.7895   98.7481   29.544   81.8506   78.6395   
56.2228   57.7062   79.6116   109.124   81.0062   72.9452   69.0652   61.0737   76.0263   57   95.2733   88.0511   106.607   39.8246   70.8025   81.0555   110.277   57.4543   26.9258   72.111   43.9659   82.3286   125.992   40   67.2309   51.1077   61.6847   69.0652   55.0364   9   20.6155   44.1022   62.0081   17.6918   93.4345   46.0977   42.107   60.6712   93.8616   69.0652   77.666   98.0867   85.6154   86.1452   66.3702   64.405   47.1275   80.4487   115.256   92.1141   87.3613   38.8973   68.3593   79.1202   0   79.0364   80.7326   23.0711   29.0554   31.2315   76.9687   38.5633   93.4739   105.756   96.0668   101.378   21.099   98.6844   34.3178   117.007   
19.2094   60.4649   21.5407   54.1295   32.5576   42.4853   16.1245   20   51.4782   23.0868   65.521   35.2278   48.2597   41.7612   38.0132   40.7922   48.8365   12.2066   36.6742   17.0294   19.7231   30.2655   70.7107   36.1386   43.0116   15.2971   2.23607   72.4707   9   67.1193   46.5296   37.6962   71.5612   48.0521   46.1736   35.8469   64.846   62.2013   50   77.201   43.6578   34.8855   24.0832   38.8973   67.4759   46.7547   50.0899   44.9222   57.9828   68.1542   25.02   49.0408   18.3576   17.0294   63.3246   0   67.5831   72.291   69.4625   69.1348   44.2389   72.85   71.2156   46.6586   83.2191   80.4838   81.2118   43.0834   66.3234   74.041   
30.8058   17.2627   44.3847   57.2713   82.134   14.0357   37.4433   29.6985   11.3137   67.5352   30.0167   84.22   60.075   25.9615   16.2788   25.1794   69.1158   37.8021   53   39.4462   49.6488   37.6563   71.5122   28.0713   8.24621   38.4708   50.448   24.6982   44.1022   73.736   45.8803   23.0868   27.074   49.0408   38.0789   72.5328   34.1321   17   35.4683   30.3645   18.4391   67.3573   69.0652   88.459   19.9249   2.82843   19.2094   20.8806   65.1153   26.9258   68.2642   26.9258   67.624   62.8013   65.3911   49.5782   0   77.0408   78.6526   69.0219   38.8395   84.415   32.0219   85.0802   39.3848   35   86.4902   78.0092   72.2495   56.2244   
50.2494   56.0357   73.2393   103.276   74.027   68.4763   62.8013   55.1725   72.2357   50.01   91.5478   81.0247   100.424   36.0555   66.0379   76.0263   103.774   51.0392   19.9249   65.8027   37   76.4199   120.216   35.3553   63.0714   44.6542   54.7814   68.1175   48.3011   12.2066   16.1555   39.8121   61.5224   13   88.0909   39.5601   42.2019   59.0339   88.8144   68.7314   73.0616   91.2853   78.5875   79.2275   65   60.7454   44.5533   75.8024   109.225   88.8876   80.3617   36.3456   61.2944   72.1249   7.07107   56.4624   61.9839   0   25.8284   29.0384   71.3847   27.4536   90.7454   98.7896   94.3964   96.9839   28.1701   91.7185   29.2801   112.315   
50.2096   58   72.8011   103.238   72   69.3181   62.482   55.1725   73.3894   48.0104   92.6984   79.1012   100.125   37.3631   66.7308   76.5506   103.175   50.6063   18.7883   65.437   35.8469   76.3675   120.216   36.2491   64.0781   44.2041   53.7122   70.2567   47.5079   12.0416   17.4642   40.8534   63.7887   14.3178   88.4081   37.108   44.643   61   89.3085   71.0211   73.8241   90.3383   77.201   77.1038   67.0298   61.9839   46.2709   76.5376   109.041   90.2497   79.0569   38.1182   59.5399   70.8378   9.05539   55.4617   63.3246   2.82843   0   29.2971   73.5947   26.6301   88.4648   97.6365   96.3607   95.7863   30.1544   90.5654   27.4031   113.633   
43.4166   43.1045   67.5426   95.6033   76.4853   58.0086   56.7979   48.0208   60.8276   52.8867   80.0562   82.7345   93.8136   24.6982   56.0803   66.5282   98.4124   45.8803   21.1896   59.9333   36.0139   69.0652   112.294   25.4558   52.1536   39.8497   52.469   55.0818   44.911   23.7697   7.28011   29.2062   48.5077   6.08276   79.2086   45.793   29.4109   46.0977   79.3095   55.7315   62.8013   87.6413   77.3175   82.2253   52.0096   49.1935   32.0156   65.6049   102.078   76.896   78.6384   23.7697   62.3939   70.4557   15.2315   53.7587   50.1597   13.0384   15.2971   0   65.3597   40.492   78.3463   95.7927   81.4652   85.1597   36.3306   89.0775   29.6015   104.006   
9.05539   38.2753   22.0227   46.4004   57.6281   17.72   13   5.38516   26.4008   45.607   42.19   59.4138   45.1885   27.5136   13.3417   19.9249   51.4198   14.5602   41.5933   15.5242   31.1448   20.1246   63.1269   24.1868   17.8045   18.0278   26.4197   48.8774   21.587   69.527   42.5206   22.1359   49.3964   45.2769   30.8058   54   48.0416   39.3954   32.2025   54.1202   20.025   45.2769   44.4185   63.8905   43.909   22.0227   31.0161   22.0227   53   43.6807   43.8292   33.7343   43.566   38.0132   62.9365   25.2389   24.8395   57.3847   57.6281   49.2037   0   78.209   47.109   60.8406   58.0119   55.2767   84.0355   53.7696   71.2424   57.2025   
52.1536   66.3702   72.8354   104.484   65.4905   74   63.1269   57.1402   79.0759   41.9762   98.2344   72.9932   100.419   44.1022   70.9366   80.0562   102.303   51.0882   18.868   65.8559   34.0588   77.801   121.511   41.7732   69.3758   44.8219   51.614   79.0759   46.6905   16   25.1794   46.6905   73.0068   22.3607   91.0659   29.0172   54.4243   69.3542   92.5905   80.2808   78.1857   88.2043   73.4098   70.1142   75.5381   68.0661   54.037   80.7775   109.713   96.5091   75.5844   46.1736   54.4059   67.5352   18.3576   53.6004   69.7209   13.4536   10.6301   25.0799   60.4152   0   98.0661   95.1656   100.052   104.721   39.4566   88.0945   37.1655   117.59   
39.3954   23.6008   48.0104   54.0093   89.4036   15.6205   43.1856   37.2156   6.7082   76.6942   19.8494   90.6863   58.5491   37.108   19.799   24.3516   68.6586   46.0652   64.0312   44.5533   59.6657   39.3573   66.4906   39.2046   14.3178   47.7598   58.3095   25.0799   52.8015   84.7585   57.0088   34.2345   30.3645   60.1664   35.0571   82.7647   42.45   21.9545   31.0644   31.0644   17.4642   69.7711   74.3303   95.6033   21.587   13   29.5296   18.6815   62.0081   15.8114   73.1095   37.5766   75.4718   68.593   76.3217   57.1402   11.1803   73.0821   74.4648   61.0983   31.9061   80.895   0   87.5112   30.8167   25.2462   95.3449   80.4402   83.4298   56.0644   
42.4264   81.9329   23.6008   43.1856   30.4138   56.0357   30.6757   40.2616   65   41.0122   72.6223   26.0768   34   67.2681   52.1536   48.7955   28.4605   37.0135   63.9062   28.2312   46.8188   33.2415   56.4358   62.0725   59.5399   42.107   29.1204   92.1358   36.4966   94.0213   74.1485   62.514   93.0484   75.71   46.1411   56.5862   89.9444   83.006   51.6236   97.5756   54.6717   10.7703   8.544   34   87.2353   64.846   73.7564   54.4885   43.1856   77.8332   5.38516   74.4312   28.4253   12.2066   90.7579   27.6586   67.5352   83.8153   82.6378   81.3941   43.6578   79.6492   71.6101   0   97.2879   92.4632   108.392   21.0711   92.5506   76.6236   
48.8774   22.3607   58.8218   63.1981   99.6393   26.4008   53.7401   47.2017   17.4929   85.8662   23.7697   101.178   68.4471   42   30.4795   34.9285   78.848   55.7584   70.3491   55.2268   68.0074   50.1199   74.4312   45.2769   24.2074   56.7979   68.2422   17.8885   62.2656   88.0738   61.2944   40.3113   25   64.3817   44.7214   90.802   41.3401   19.7231   40.1995   23.4094   28.178   80.5295   85.0412   105.891   16.2788   21.0238   32.3883   29.1548   71.1758   16.6433   83.8689   40.6079   85.4459   79.2086   79.3095   67.2012   18.3848   76.9415   78.6384   64.3273   42.0119   86.0523   10.8167   82.4197   0   33.2801   100.409   91.2204   90.6342   57.4475   
47.5395   27.8029   54.5619   56.4358   97.0824   22.8035   50.6063   45.1774   13.6015   84.8646   16.5529   98.0816   62.0967   44.5533   27.2029   29.6816   72.7324   54.1295   72   51.7397   67.9117   45.2217   67.2681   47.0425   22.4722   55.9732   66.242   25.0799   60.9262   91.7606   64.3273   42.0476   31.9061   67.4685   38.3275   91.0055   47.0106   25.4951   33.541   30.6757   23.4307   75.4718   81.3204   103.228   23.0217   21.095   36.0555   23.8537   64.3817   9.89949   79.9312   44.2719   83.3547   75.8222   83.1685   65   19   80.2808   81.7863   68.0074   39.8246   88.5664   8.24621   78.1025   7.28011   0   103.591   87.2262   91.2495   50.2415   
60.208   62.8013   83.2346   113.217   82.0975   77.6981   72.8011   65.1153   80.9568   58.2151   100.225   89.3588   110.422   44.7214   75.452   85.6037   113.741   61.0328   29.5466   75.8024   46.6154   86.3713   130.138   44.6542   72.0694   54.6443   64.4748   74.108   58.1808   4.12311   25.2389   48.8774   67   22.2036   97.8366   46.2709   47.0425   65.7647   98.4073   74.027   82.3772   101.079   87.9318   87   71.4493   69.3542   52.2015   85.1469   119.206   97.1442   89.8109   43.9659   70.0357   81.5966   5.09902   66.2118   70.3847   10   10.7703   20.2485   67.2086   17.4642   81.3449   93.4077   84.4038   88.2326   0   101.334   36   121.518   
35.3553   75.0267   17.6918   42.107   31.0644   49.8197   23.7697   33.2415   58.8982   37.2022   67.6757   28.4605   33.7343   60.208   45.8039   43.2782   30.5287   30   57.7754   21.4709   40.7185   28.0179   56.7539   55.0364   53   35.2278   22.8473   85.4225   29.8329   88.1022   67.4685   55.4437   86.1626   69.1231   42.1545   52.4976   82.8734   76.1577   47.4236   90.802   48.7955   14.2127   9.84886   35.6931   80.4984   58.1808   66.7083   48.8365   43.4166   72.4707   7.81025   67.3647   25.4951   8.544   84.5044   21.1896   60.9016   77.6209   76.5572   74.7329   36.7696   74.0945   65.437   7.07107   76.2168   72.1803   87.3212   0   86.3847   72.4236   
43.8634   54.231   66.4003   96.8762   67.1193   63.561   56.0803   48.8365   68.0074   43.1045   87.2812   74   93.723   32.3883   60.8276   70.4911   96.7988   44.2041   12.6491   59.0339   29.7321   70.0071   113.864   30.6757   58.5235   37.8021   47.5395   66.9104   41.1825   18.4391   13.0384   35.4401   60.8769   10.198   82.201   33.6155   42.5441   57.2189   83.2166   68.1542   67.9779   84.0952   71.3092   72.4431   63.3877   56.7539   42   70.6612   102.65   85.1469   73.0821   34.0588   54.1479   64.846   14.3178   49.2443   58.2495   7.28011   6.40312   13.6015   51.4004   12.1655   69.4262   76.5506   74.1687   76.9415   17   70.3847   0   106.788   
50.2892   56.356   40.7922   25.4951   86.8332   29.0689   44.0454   45.607   29.1548   83.0241   18.2483   85.0941   33.6006   62.482   31.0644   21.5407   45   53.9351   82.8553   43.0116   72.0347   30.2655   34.0588   61.8547   35.3553   58.9406   62.0081   57.7235   60.6712   109.293   81.2712   57.8014   63.5689   84.3149   14.5602   94.0479   74.3303   55.0364   10   63.561   24.2074   53.8238   66.4831   92.0489   54.7083   39.8246   58.8982   21.4009   32.8938   26.1725   64.0781   65.7647   76.531   63.3246   101.833   60   40.2244   97.0979   97.7548   87.0057   41.4367   101.553   33.2415   60.3738   40.4475   33.2415   106.508   56.648   91.7878   0   
