15
50
999999 17 8 8 5 13 16 5 11 13 15 14 15 5 9 14 10 15 10 8 8 5 9 16 5 14 9 9 8 17 16 13 6 12 11 5 9 7 12 9 14 7 8 10 15 15 9 8 5 12 
0 6 3 1 1 9 6 4 3 9 1 7 9 1 2 11 4 6 5 1 7 1 1 4 3 9 8 7 5 6 12 8 3 1 10 1 4 5 3 1 13 4 3 2 6 9 3 2 4 11 
20
0   0   0   0   0   0   0   0   0   0   0   0   0   0   0   0   0   0   0   0   
-7   -1   -3   2   -1   -2   -1   5   11   -6   -2   -5   2   -1   0   7   7   1   5   -4   
0   0   -1   5   -1   3   0   3   -2   1   -4   -1   -6   1   0   3   1   0   -1   1   
8   0   5   -3   6   -3   4   -8   5   -2   5   -5   7   -5   7   -6   6   -5   3   -4   
0   -1   0   -1   0   0   1   0   0   0   0   0   0   -1   0   0   -2   1   -1   0   
-1   0   0   0   0   -1   -2   -1   -1   0   0   -3   -4   -1   -5   -3   2   2   0   3   
-8   7   -10   5   -11   0   -9   3   -9   5   -2   0   1   3   2   8   -7   -2   -7   3   
0   -1   1   -2   2   0   3   -2   1   -1   1   -1   2   0   2   -1   0   0   1   -2   
7   -2   9   -4   1   1   9   -4   1   -10   7   -6   1   -1   7   1   2   -7   0   -3   
-9   -1   8   -2   4   1   0   -12   6   -7   5   -9   -7   1   -1   -1   -2   -8   2   -3   
2   -4   9   3   3   -8   5   -1   7   0   -1   4   4   -2   11   -2   6   5   4   -4   
0   -6   -1   0   0   -3   0   0   2   -8   2   0   2   -9   8   -6   5   1   -3   0   
-6   11   -8   4   -7   9   -8   14   -12   14   -12   14   -5   5   -11   10   -6   9   -10   11   
0   -1   2   -3   0   -1   2   -2   4   -4   1   0   1   -2   0   -2   2   -1   2   -2   
-4   1   -5   4   -5   6   -3   3   -5   6   -5   5   2   6   -4   4   -2   0   -1   8   
-1   -1   1   1   3   -4   -1   1   3   -5   -2   0   -5   0   -11   -2   8   -3   2   -6   
0   1   -3   4   -1   3   0   0   -1   1   -6   1   2   0   -4   3   0   2   -5   -1   
-2   3   4   -12   -3   3   2   -3   -3   -1   0   -1   0   -1   6   -2   0   -3   5   1   
-1   2   0   -1   -3   3   -6   2   1   3   -1   0   5   1   0   0   1   -2   4   -3   
-4   6   -1   3   -3   3   -5   3   0   8   -3   6   -1   5   0   0   -3   6   -4   2   
7   -4   4   -4   7   -3   6   -6   6   -8   8   -3   8   -2   7   -3   7   -8   5   -5   
0   2   0   1   0   0   -1   0   0   2   -1   2   0   3   0   1   0   1   0   1   
2   -1   -1   -1   -6   -1   1   3   -1   -1   0   0   -5   2   1   -2   -2   0   0   4   
-2   9   -3   15   -6   12   -2   1   -8   12   0   8   -11   9   -5   10   3   3   -2   10   
-3   2   -2   1   0   1   -3   1   -2   2   -1   0   -2   2   -3   1   -2   1   -2   1   
-9   10   -12   5   -12   11   -10   12   -8   13   -12   7   -8   14   -2   12   -9   10   -11   9   
6   3   7   0   7   0   6   -1   1   -3   1   -4   2   -2   2   -2   2   0   2   -7   
-3   -1   -4   8   -7   8   -4   -2   -6   8   -1   3   -8   6   -9   6   -3   4   0   6   
3   -5   5   -2   5   -6   4   -6   1   -8   3   -4   5   -3   3   -1   6   -3   4   -5   
-9   12   -6   10   -6   4   -6   2   -10   3   -11   12   0   13   -15   6   -7   9   -12   3   
10   -5   15   -6   10   -8   8   -4   3   -13   9   3   8   -2   6   -14   0   -1   4   -2   
7   2   -6   3   -4   1   2   -6   0   1   -4   3   2   4   -6   -1   -8   2   -4   -2   
3   -2   0   -2   3   -1   1   -1   0   -2   1   -4   0   -3   2   -5   0   -1   0   -2   
-2   9   -5   10   -4   2   0   12   -8   9   -3   9   -6   4   -8   4   -3   11   0   5   
-5   0   1   4   0   1   -2   1   -4   1   -3   5   -6   3   -2   2   -2   -3   0   2   
1   0   0   -2   2   -2   3   -2   1   -2   2   -2   2   -3   1   -4   1   0   0   -2   
-2   2   -3   -3   0   4   1   2   -5   9   0   1   1   1   -1   0   -7   1   -4   -3   
-1   -1   1   1   0   -2   1   0   2   0   0   -3   2   0   1   2   4   1   -3   1   
-8   4   -8   -2   -8   4   -6   8   -9   9   -8   9   -10   11   -1   11   -10   3   -1   7   
-2   5   -3   5   0   0   -4   5   -3   1   -1   3   -1   2   -3   -5   -5   2   -2   3   
-12   12   -1   8   -10   6   -14   6   -10   7   -11   5   -8   5   -6   7   -10   11   -11   4   
-5   5   -4   4   -3   2   -4   3   -4   2   -3   1   -4   5   -3   6   -2   5   -3   3   
6   -1   2   -4   3   -2   0   0   -2   -3   1   -2   2   -2   0   -1   2   -1   1   -1   
-8   2   -7   8   -4   8   -6   4   -6   9   -5   7   -10   8   -8   6   -6   3   -9   6   
1   5   -4   -3   -5   3   2   5   -8   8   0   6   0   10   4   6   -1   0   0   2   
-15   8   -1   4   -7   4   -10   4   -15   1   -4   6   -2   8   -5   10   -7   0   0   0   
-3   2   5   1   7   -4   -1   0   -4   -2   0   0   0   0   2   -5   2   0   2   -1   
-1   2   -6   4   -4   3   -2   3   -1   2   0   4   -2   3   -4   4   -8   5   -3   3   
0   0   0   0   0   0   0   0   -1   0   0   0   1   0   -1   -2   1   0   0   0   
1   0   3   -9   9   -12   0   -8   4   -9   11   -9   6   -4   7   -3   5   -4   10   -8   
0   38.3691   38.4722   64.2892   55.8246   59.2182   53.8995   63.002   61.5498   62.8719   58.956   51.7359   66.636   22.4853   59.349   50.8938   74.2131   62.792   61.0325   53.8121   68.1661   65.2949   44.9887   67.382   66.9646   40.7942   57.6206   16.8284   61.8116   65.9843   51.5281   35.0357   68.7838   44   68.9183   74.8276   66.25   79.7246   40.4313   33.7231   77.0091   76.9386   56.4264   64.0408   57.382   71.6624   54.0483   77.2033   49.2415   90.4438   
22.8035   0   61.0465   87.0927   77.3028   73.0623   47.3972   41.7386   73   85.3265   80.7219   52.8568   61.1736   37.4924   66.4851   72.6597   95.8488   65   45.2074   76.6156   58.4227   75.0377   42.4642   90.1855   79.8276   62.8469   69.4773   39.6319   44.0689   82.4981   63.8121   53   91.5873   43.4391   68.1475   96.89   60.171   92.2432   60.6155   56.5266   87.7024   66.8546   42.2982   66.2443   80.1855   87.6705   76.8519   90.4853   30.1803   103.389   
22.4722   43.0465   0   43.8927   37.7231   51.5254   70.5031   83.1193   84.022   55.191   40.9072   73.9416   68.4052   44.9575   81.8212   37.4709   74.0818   55.1622   76.4401   69.7647   79.3991   87.7671   67.4609   60.5789   55.0125   39.7544   80.0928   39.3006   79.9279   55.4005   71.0435   57.5079   57.4166   62.5383   86.527   73.4581   63.7671   72.3008   37.5183   34.2127   57.1947   99.4108   74.5428   64.1885   53.5702   64.2385   39.3576   69.6005   71.7137   62.6508   
50.2892   70.5762   27.8927   0   46.7231   68.638   94.7329   110.774   106.335   63.643   54.055   101.834   83.0379   69.5428   109.597   47.3684   77.2316   76.6063   104.333   82.2193   103.071   106.022   95.2778   57.107   64.211   60.025   96.7038   67.1176   105.399   62.6453   85.5462   75.7815   58   86.6108   112.653   72.309   90.022   74.9004   63.7732   62.1053   61.0488   122.513   101.429   76.2014   58.4188   67.9902   44.2062   57.0119   99.5307   58.3766   
39.8246   56.3028   19.7231   19.7231   0   43.3452   71.7358   93.3166   101.359   69.9166   57.855   91.5605   64.6372   62.2949   99.1586   57   86.1931   48.1448   83.0336   85.0074   78.6259   102.233   84.7983   71.4059   50.6982   37.0227   95.8589   56.638   81.3702   67.0882   82.9404   66.448   70.8201   65.1032   106.25   84.2495   63.4866   86.469   40.0832   41.4722   47.7386   115.519   85.2046   60.6431   67.7214   81.4475   59.0151   69.4059   86.4831   46.9422   
44.5982   51.6236   34.5254   42.638   23.3452   0   61.0713   86.6557   105.788   89.7163   75.4326   93.1152   41.5547   59.1774   102.866   71.9963   103.499   25.0623   71.1748   95.9816   62.2268   109.668   83.9639   91.2396   30.3688   32.9737   102.219   61.4266   67.9577   89.9259   95.7333   79.2409   91.9419   59.5899   109.924   104.865   46.0713   106.826   46.6155   48.4951   27.2066   110.588   62.5725   33.7648   88.0956   98.7639   73.8829   92.7511   76.2209   50.6356   
39.8246   25.1794   51.4296   74.7329   56.3205   41.4849   0   43.1822   91.5057   101.284   92.1038   69.139   48.8312   49.6699   80.192   86   114.038   60.3301   27.7013   93.6367   35.2235   96.7457   59.1115   107.207   71.8538   49.7131   91.5252   56.653   24.4842   103.037   84.099   71.7963   107.87   30.8995   86.1289   114.652   38.8221   115.304   49.9848   58.6962   68.6915   81.0829   19.099   55.45   97.2066   107.241   90.7871   106.455   54.1603   89.0928   
47.5395   24.7386   67.1193   94.0479   78.0897   67.9779   28.3196   0   75.0931   106.395   105.461   55.9285   70.7401   60.2311   64.7032   97.3983   118.865   79.8122   33.8114   90.2765   54.4708   84.8817   46.8029   114.612   97.1808   74.3655   82.8999   64.3679   42.8254   103.566   85.6941   74.9711   116.323   57.4631   70.9608   120.957   61.2782   116.982   72.1295   75.2228   95.1845   59.1096   44.0832   83.7696   104.921   112.409   98.5875   115.224   42.2643   117.412   
47.4131   48   65.9469   90.2718   85.4283   91.7878   73.0616   59.0931   0   74.2328   85.2592   41.1661   109.174   65.3782   31.7859   80.385   72.7853   108.752   87.6586   44.1496   103.568   25.3852   55.3465   85.0371   114.378   87.9525   33   59.7214   91.1332   75.2409   47.8087   49   87.8606   85.1211   28.1803   81   103.492   82.4692   87.1758   81.1362   118.994   52.9666   87.4431   111.112   89.192   74.407   78.1289   93.6116   73.2969   126.018   
45.607   67.2309   39   44.643   53.2353   73.0821   84.8646   91.236   59.6657   0   34.4868   86.1006   105.555   68.0923   84.2722   35.1255   38   94.1622   106.64   48.8973   113.773   73.1354   82.4463   30.8738   94.0125   74.5918   66.6472   62.4354   107.419   19.8284   68.0488   57.5601   31.4596   89.607   85.593   34.1245   100.917   39.2971   74.6686   70.9711   96.1947   105.006   102.033   100.172   27.4868   31.2801   42.8806   30.0454   94.8486   91.3217   
40.8044   63.6003   26.9072   28.4605   37.855   59.0931   77.1038   88.3233   67.9779   16.2788   0   85.7019   94.4639   61.2796   86.4224   22.0623   48.2198   81.7647   100.443   63.1096   105.583   89.211   85.7931   33   81.9197   63.8615   79.5395   57.6328   100.205   34.8661   66.5395   61.4242   31.6433   81.4166   96.1583   46.2971   90.5391   46.084   64.4236   58.0122   84.1019   106.627   96.2028   91.0957   29   38.0217   29.8489   31   90.046   75.1332   
37.7359   27.8568   59.9416   87.3212   77.4209   77.801   51.4782   34.9285   24.1661   68.469   71.4493   0   89.0304   48.0588   32.1421   81.7156   89.45   92.8568   68.7399   61.2832   82.7389   49.5513   36.4403   96.3175   100.833   78.5301   48.1127   54.5644   67.0865   86.2722   52.7924   49.5753   99.9285   70.1736   44   95.1202   88.0278   96.6324   78.1672   71.459   105.008   37.2354   70.155   91.922   95.1179   88.5891   90.1506   98.5143   50.0208   116.237   
50.636   46.1736   51.0392   66.0379   46.3249   24.3516   25.4951   53.7401   93.0591   89.5545   77.801   74   0   68.0416   103.085   88.5101   119.695   34.7581   53.1964   104.448   41.3961   114.885   79.5689   107.487   44.0666   52.0644   107.022   67.4644   48.45   106.089   99.3996   85.4861   108.456   43.8568   108.367   121.024   37.1803   121.487   50.8869   60.5899   51.0499   104.029   44.5941   28.0499   97.4865   115.278   90.3968   108.801   67.3546   65.0392   
6.32456   16.4924   27.6586   55.5428   43.566   45.1774   34.6699   41.2311   46.8188   51.614   47.1275   34.0588   48.0416   0   63.1774   54.5254   78.0415   62.1736   57.6005   58.9844   68.7949   69.1233   44.9422   73.7066   70.9217   43.6271   61.449   20.6569   57.7253   69.8022   50.0156   41.3602   74.8276   50.3246   68.8722   81.1522   52.6394   86.0492   42.6982   37.9317   72.384   71.2942   53.7689   63.676   63.7066   77.9869   51.3631   78.1275   46.6728   84.2086   
45.3431   40.7922   66.0681   92.1141   84.8646   88.3233   65.192   48.7032   11.3137   66.2722   72.4224   14.1421   86.8332   43.2666   0   81.192   81.9104   105.44   75.4958   55.3275   96.4148   30.4012   49.0208   95.5494   112.187   84.8928   38.5407   62.1716   81.2286   86.1006   48.318   58.2278   97.0134   79.1182   28.6056   90.6835   93.9276   85.5845   85.7744   79.0662   115.53   35.6469   80.2907   106.064   85.6116   85.7207   88.3911   96.3175   54.1182   127.475   
32.8938   55.6597   21.4709   31.0644   36   55.3624   70   80.3617   61.4003   17.72   8.06226   63.6396   72.4017   39.2173   65.192   0   53.198   76.6331   93.9263   59.1754   99.5128   78.426   77.8825   41.0623   76.4834   57.3401   69.4004   49.7222   93.7718   37.5485   57.7063   52.7376   38.6716   76.8938   89.5807   49.6155   83.3573   51.0623   58.6173   53.1779   77.2993   100.839   89.099   84.6682   33.3137   43   21.1623   39.0623   82.1353   79.208   
57.6281   77.2334   55.0818   61.1882   70.1783   89.4986   97.4526   99.8649   58.0775   17   33.1361   72.45   104.695   63.0317   66.9104   34.3657   0   110.244   118.661   43.6356   125.794   73.0357   88.8988   35.1246   110.094   91.5918   70.6578   74.4565   119.44   36.8284   57.6578   74.4925   43.6517   101.628   84.469   30.7046   114.112   25.6056   90.9256   85.2309   111.599   102.557   114.055   114.96   42.1725   30.198   55.528   47.0454   103.629   108.269   
46.6905   50   40.1622   50.6063   31.1448   8.06226   36.2491   63.8122   92.9731   79.1202   65.7647   77.1751   16.4924   46.1736   88.5664   61.4654   95.2103   0   63.9505   100.503   50.8578   111.497   86.1193   97.8413   28.1421   38.0227   103.823   63.0306   60.7333   93.5506   93.1637   76.6712   97.408   51.0588   110.136   109.597   37.8403   108.439   40.0217   45.0689   35.2688   112.202   55.3482   20.7082   89.5222   100.377   75.3095   96.7647   79.6941   53.0571   
44.6542   24.2074   60.4401   85.5862   68   54.7083   13.4164   15.8114   68.6586   90.2109   84.5281   45.2769   38.2884   38.6005   59.4138   76.9415   101.139   49.6588   0   92.2368   36.8473   89.815   53.9026   112.036   77.801   63.1295   87.2357   59.2574   23.2801   106.419   83.6318   71.0754   113.428   40.0263   83.2013   119.119   44.3019   115.98   63.4013   64.676   81.9149   74.921   27.6023   65.793   102.036   111.878   89.9636   114.693   42.3776   102.509   
39.8121   54.0833   48.7647   67.2012   68.0074   81.3019   77.3886   74.2765   30.1496   30.0832   41.1096   44.2832   90.4268   43.3244   38.3275   36.2353   28.6356   85   78.2368   0   107.978   47.1204   64.0106   56.8973   103.277   77.0079   36.2483   54.6123   98.1522   49.9116   36.8114   42.5707   59.0595   83.8121   58.33   51.1248   95.9637   54.2412   76.7439   70.0357   105.959   73.9744   96.2385   103.853   57.5701   54.2655   57.3976   60.1286   79.4138   111.416   
53.8516   40.4475   62.0081   82.0792   62.6259   43.1856   15.2971   38.4708   88.2043   97.8366   88.6172   66.1211   20.3961   49.1935   80.025   82.0366   111.252   36   22.8473   92.3093   0   108.088   70.0089   118.238   64.1421   65.0102   106.822   69.8503   32.6525   115.305   96.404   84.7954   119.425   43.1661   98.3088   128.679   41.1555   130.601   62.8808   68.8017   70.3922   93.9708   34.3961   48.446   111.234   122.538   100.557   118.661   57.2966   85.4353   
51.0784   53.0377   68.6003   92.0217   88.2326   95.6347   78.1601   64.4748   5.38516   59.1354   68.6003   29.5466   97.7394   50.9608   16.4012   62.426   56.0357   97.1236   73.9797   29.1204   93.3435   0   55.0789   84.985   117.87   91.8725   35.1803   65.1065   96.5184   73.9396   42.6716   54.3852   88.1799   90.0282   30.6205   78.195   103.6   74.1354   91.5097   84.8015   122.841   52.0481   92.8282   114.637   80.307   78.2284   83.5141   86.9214   70.5195   131.251   
30.6757   17.4642   53.1413   80.9568   69.4622   68.1175   41.1947   27.8029   32.7567   67.4463   68.0294   10.4403   63.5689   25.9422   24.0208   60.0083   73.8241   67.1193   35.9026   47.0106   56.0089   38.0789   0   92.9276   94.2334   69.5052   58.2156   46.5991   58.4264   82   52.241   53.2843   98.4897   55.5602   48.1662   95.7318   70.4976   94.5745   68.6404   62.4342   95.3241   44.5862   56.7327   83.7085   87.2466   86.5122   73.0339   97.4916   30.5602   109.455   
52.4786   74.686   42.4382   42.107   53.8516   75.2396   90.9065   99.0051   68.6586   9.05539   16.1555   77.3175   93.4773   58.6686   75.326   21.2603   20.1246   81.8413   97.0979   38.8973   103.238   68.0074   75.9276   0   94.1231   77.4309   74.1379   69.307   114.29   28.8838   68.9199   65.3113   17.1623   96.4003   94.6484   34.0333   102.617   33.6924   77.8015   71.2277   94.4262   110.973   108.905   102.414   25   25.6301   42.4226   25   101.72   89.0267   
52.8015   60.8276   40.0125   42.0119   24.6982   9.21954   49.98   76.9415   100.18   77.2787   62.3618   86.8332   30.0666   53.8516   97.0979   59.6825   94.0479   14.1421   63.3246   88.1192   50.04   103.87   77.2334   78.4474   0   42.1932   110.341   69.6299   74.4642   91.7863   97.4963   81.0097   94.0052   65.2009   114.716   108.659   51.9825   108.446   43.1548   57.2415   24.1623   119.807   69.079   34.8503   91.3618   100.384   79.3701   93.3618   85.4405   39   
25.632   35.8469   20   40.025   22.0227   18.9737   34.7131   56.2939   72.9178   58.5918   46.8615   60.1415   31.0644   26.6271   69.8928   41.3401   74.0945   22.0227   46.0109   63.0079   43.0465   76.6942   50.9902   62.426   27.2947   0   83.2526   42.4604   58.844   72.1825   70.5776   54.0911   77.4166   41.2561   87.4983   90.9555   42.4849   89.5846   16.2361   25.0711   46.1802   95.5764   53.4588   42.7309   71.4309   84.2385   59.3576   77.8615   66.0272   55.6173   
43.1741   49.4773   58.8303   81.3204   78.5493   87.6413   74.5252   64.8999   12   48.0833   57.4543   31.1127   92.0217   44.1814   21.5407   51.4004   46.0977   89.822   72.2357   18.2483   89.822   11.1803   37.2156   57.0088   95.5196   68.6804   0   55.7922   93.5462   67.8188   36   47.4109   74.1664   85.4831   40.1803   68   96.8208   67.0102   81.1863   76.8971   114.848   56.1096   91.7755   105.788   75.5701   65.5077   72.5627   74.9406   66.4296   121.481   
2.82843   21.5407   25.0799   52.811   42.638   47.1699   40.2244   46.1736   44.7214   46.0435   42.2019   34.9857   52.345   5.65685   42.5206   34.2053   57.3847   49.0306   44.2041   38.3275   54.5894   48.4665   28.1603   53.2353   55.4617   28.2312   40.7922   0   63.3814   65.8719   54.1603   37.8641   70.3976   46.8284   71.0977   75.0751   58.2962   73.9178   43.2597   36.5515   74.3765   70.2033   59.2548   66.8692   60.2105   65.8556   47.5576   73.2019   48.5753   83.8485   
47.4236   29.0689   60.9262   84.7231   66.3702   50.9902   10.0499   22.8254   75.1332   92.957   86.093   52.0865   32.45   41.7253   66.1891   78.7718   104.738   45.2217   7.28011   83.006   15.6525   80.4114   42.4264   99.4032   59.203   44.7214   78.1089   47.3814   0   107.139   88.1168   72.2014   116.207   38.8016   85.0835   122.251   45.1082   121.299   59.9535   67.4446   78.1968   79.5859   25.3852   60.4998   104.806   113.237   92.3217   116.505   44.0713   97.4892   
42.8019   64.4981   36.4005   43.3244   51.0882   70.6045   82.0366   88.5664   58.2409   2.82843   14.8661   66.2722   86.8332   48.8262   64.4981   15.2971   19.105   76.5506   87.4185   29.0689   95.0158   57.9396   65   11.0454   74.9667   55.9017   46.8188   43.2666   90.1388   0   61.2046   58   28   86.8019   86.4212   35.868   98.3866   36.72   72.1378   68.475   92.5963   100.145   99.2283   97.2588   30.3153   28.8489   36.4593   32.8738   91.8419   88.5453   
30.4138   39.8121   46.0435   69.527   65.7343   74.7262   64.195   58.6941   20.8087   41.0488   47.5395   28.7924   80.0562   32.0156   25.318   40.7063   43.6578   77.1038   63.6318   15.8114   79.404   22.6716   31.241   50.0899   82.5409   55.7853   13   28.1603   68.8767   39.2046   0   31.4924   67.2046   74.4138   48.8927   64.9793   84.655   59.8803   70.8451   64.1369   101.933   59.0114   82.1103   94.4546   59.3542   66.2897   56.3401   70.0865   61.8012   108.694   
14.0357   29   31.1127   56.9386   50.448   58.2409   51   51.9711   35   39.5601   40.05   31.5753   64.3817   16.7631   35.2278   32.1403   48.2701   60.6712   53.0754   26.5707   65.7951   38.0789   28.2843   47.8017   66.1287   39.2938   29.4109   12.0416   57.2014   37   16.4924   0   64.964   56.6293   63.1803   70.514   69.4024   69.3567   54.467   47.7588   85.4474   68.8107   70.099   78.0765   58.3113   61.2945   50.5753   66.7293   52.7151   93.7635   
54.5894   76.9675   43.4166   41   53.7587   75.5844   92.6175   101.39   71.8053   12.1655   16.6433   80.2247   94.4034   60.8276   78.4092   22.6716   22.4722   82.365   99.1262   42.0595   104.69   71.1688   78.6448   3.16228   78.4347   63.4114   60.1664   55.4617   101.257   14   53.1507   50.448   0   98.0599   97.7585   35.7113   105.779   36.8547   79.6474   74.39   96.4474   112.162   111.016   103.073   28.1623   28.7924   43.8338   20.4142   103.163   91.7765   
30   18.4391   42.1545   66.6108   49.0102   37.5899   9.89949   30.4631   66.1211   74.9667   67.4166   46.1736   27.8568   25.0599   59.2284   60.2163   87.6185   34.0588   19.0263   68.1542   24.1661   71.0282   35.7351   81.0555   46.6476   27   66.4831   30.5287   18.7883   72.1388   55.5428   41.6293   82.801   0   83.9013   104.828   34.7631   104.447   43.2361   52.0711   64.7964   80.3214   28.9985   48.0156   85.4003   96.3842   76.423   98.4166   48   82.6173   
48.9183   44.1475   69.527   95.4149   88.3912   91.9239   68.3593   50.9608   11.1803   68.593   75.2728   17   90.2497   46.8722   3.60555   68.1542   68.469   92.1358   62.2013   40.05   83.0963   15.6205   27.1662   77.6466   100.703   73.4983   22.561   46.0977   69.0652   66.9104   27.8927   38.6005   80.7527   62.5859   0   90.561   97.1947   87.7729   89.3496   82.6414   118.175   34.7883   81.0298   108.922   87.2468   85.5873   84.2327   97.5017   56.0122   129.116   
60.8276   81.6088   55.0364   57.1402   68.2495   88.8651   100.449   104.957   66   16.1245   30.4138   79.1202   105.679   66.6033   74.4312   33.6155   8.544   95.0789   105.119   36.1248   113.701   64.195   79.7057   15.0333   92.6499   74.7061   54   60.959   108.245   18.868   50.448   53   16.4924   90.5539   76.1643   0   113.917   22.099   88.9843   82.2788   108.22   109.459   117.254   114.609   39.2508   23.2195   52.7696   35.2971   105.715   104.06   
42.0595   35.171   46.6905   65.9242   46.4866   28.0713   15   43.2782   82.4924   83.8153   73.5391   62.9365   11.1803   38.6394   75.9276   67.3573   98.1122   21.8403   28.3019   81.7435   16.1555   87.2812   52.4976   88.6172   35.9026   27.2029   82.0549   43.4166   23.4094   81.0247   70.4557   55.3173   89.8721   16.7631   79.3095   99.8649   0   114.168   43.439   47.5269   55.2779   96.0829   34.099   38.4929   95.6564   109.272   81.4438   104.539   64.1825   74.8974   
58.0517   78.2432   54.0833   58.6941   68.469   88.3233   97.8366   101.242   61.0082   15.2971   31   74.6324   104.202   63.6396   69.5845   32.9848   3.60555   94.2444   101.98   31.257   111.4   59.1354   75.5844   17.088   92.5743   73.4098   49.0102   57.9828   105.361   17.72   45.8803   49.4065   19.2354   87.9659   71.2531   5.09902   97.9439   0   89.6459   85.1215   110.284   104.892   114.478   113.161   42.088   26.0623   54.1471   36.8885   102.122   106.115   
24.0416   33.6155   20.5183   41.7732   24.0832   20.6155   32.9848   54.1295   71.1758   58.6686   47.4236   58.0517   30.8869   24.6982   67.9559   41.6173   73.9256   23.0217   44.0454   62.0081   41.8808   75.0267   48.8365   62.8013   29.1548   2.23607   67.1863   26.5707   42.9535   55.9464   54.3415   37.855   63.8905   25.02   71.5612   74.793   26.2488   73.3485   0   25.7082   47.8221   93.4227   52.0839   41.4764   69.8132   83.7608   55.6005   78.4236   58.2832   57.8534   
19.7231   33.8378   14.2127   38.0526   22.4722   25.4951   37.6962   56.2228   67.1193   51.9711   41.0122   55.9732   37.5899   21.9317   64.8151   35   67.2309   29.0689   47.676   56.0357   47.8017   70.6824   47.4342   56.2228   33.2415   7.07107   62.2977   22.4722   47.4342   49.2443   49.3356   32.8938   57.3847   28.8617   68.4105   68.0955   32.5269   66.6408   6.7082   0   52.7017   92.0204   56.7952   48.1846   61.2283   74.0593   47.0156   72.0122   60.9222   62.6884   
55.0091   63.7024   41.1947   41.0488   24.7386   12.2066   53.1413   80.0625   102.421   77.7817   62.5859   89.4986   33.0151   56.3028   99.5691   60.2993   94.6414   17.2627   66.4831   89.627   53.0848   106.024   79.9812   78.5875   3.16228   29.6816   97.4987   57.7062   62.3618   75.5381   84.5044   68.1542   78.4474   49.7393   103.175   92.9624   39.0512   93.0591   31.6228   35.3412   0   122.794   72.2403   37.9709   90.4315   100.608   76.2189   93.5859   88.4275   37.0278   
56.9386   44.2041   79.177   106.513   96.5194   95.5877   64.622   41.1096   29.9666   85.0059   89.627   19.2354   89.0056   53.0094   19.6469   82   86.4928   94.2019   55.3173   57.8705   77.8845   34.1321   27.5862   94.0213   104.738   78.5684   41.1096   54.2033   62.5859   83.0542   44.0114   50.2892   97.0464   61.4003   18.7883   93.9042   77.8267   89.1067   76.4199   74.8131   107.517   0   80.9839   109.416   103.366   104.374   100.351   114.098   57.6742   134.186   
42.4264   25.2982   55.5428   79.4292   61.2046   46.5725   5.09902   24.0832   72.4431   87.8635   80.7775   50.04   29.7321   36.8782   64   73.4983   99.905   41.2311   8.60233   78.7718   16.1245   77.6466   40.0125   94.2019   55.0273   39.4588   74.7262   42.5206   5.38516   85.0412   65   52.6972   96.0208   13.4164   67.0298   103.247   19.7231   100.449   37.6563   42.0595   58.1893   61.9839   0   57.782   98.8167   108.376   88.2413   111.554   47.1725   91.1864   
49.0408   49.2443   45.1885   57.2014   37.6431   14.7648   32.45   60.6053   94.1116   84.1724   71.3442   76.922   10.0499   47.676   88.955   66.6408   99.96   6.7082   45.793   88.2043   30.1496   98.4886   66.6483   87.3212   20.025   25.9615   91.7878   51.1566   40.7185   81.5414   79.3095   63.0714   87.983   32.0156   92.477   100.225   17.4929   99.1615   26.4764   32.9848   23   93.1933   37.2156   0   94.2131   107.044   80.0005   102.344   73.0088   59.025   
43.382   65.9242   32.45   35.171   44.7214   65.5515   81.2158   90.4765   65.192   9.48683   7   71.007   83.4865   49.6588   70.6116   11.3137   26.1725   72.0139   87.818   36.8917   93.3488   65.307   68.593   10   69.1231   52.4309   54.1295   44.3847   89.8721   8.60233   45.3542   40.3113   11.4018   71.4003   73.2462   23.5372   78.6448   24   52.8015   46.2277   69.4262   88.5664   84.6286   77.4145   0   35.6301   30.2127   31.816   89.5844   82.1332   
51.6624   72.6705   46.2385   50.9902   60.407   80.3617   91.2414   96.2549   60.407   7.28011   23.0217   71.5891   96.6488   57.4891   68.0074   25   10.198   86.3771   96.0469   30.2655   104.484   59.2284   71.5122   10.6301   84.5281   65.7419   48.5077   51.8556   99.0858   9.84886   43.2897   44.2945   13.4536   81.3449   70.0286   9.21954   90.6973   8.06226   65.7647   59.0593   85   87.2067   94.0691   91.3893   16.0312   0   46.1603   28.0416   97.0096   98.1549   
31.0483   53.8516   18.3576   29.2062   33.0151   52.2015   67.424   78.5875   62.1289   20.8806   9.84886   63.1506   69.3397   37.3631   65.3911   3.16228   37.4833   58.3095   74.686   38.0132   79.2465   63.4114   59.0339   24.2074   56.5685   38.2753   52.4976   32.5576   76.3217   18.4391   41.3401   31.5753   25.4558   57.6888   68.4471   36.7696   64.4438   36.1386   38.6005   32.0156   57.2189   81.7435   71.0211   63.5059   14.2127   28.1603   0   40.8489   80.2899   77.4891   
54.2033   76.4853   43.6005   42.0119   54.4059   76.0592   92.4554   100.846   70.6116   11.0454   17   79.3095   94.6256   60.4152   77.3175   22.6274   21.095   82.7647   98.7927   40.8044   104.661   69.9214   77.8781   2   79.0569   63.6003   58.9406   55.0091   101.02   13.0384   52.0865   49.7293   1.41421   82.6196   79.6304   15.2971   89.9389   17.8885   64.0312   57.4891   79.1202   96.0208   95.8019   88.3233   11.3137   12.0416   25.4951   0   100.898   91.0267   
33.2415   11.1803   54.1479   81.7435   67.3573   61.2209   28.1603   15.2643   47.2969   76.0592   73.7564   24.0208   52.3546   27.074   38.1182   65.7343   84.6286   58.6941   21.3776   59.4138   42.2966   52.6308   14.5602   83.9345   70.4344   46.5188   51.4296   31.5753   28.0713   73.4098   44.0454   36.7151   86.3771   25   41.0122   89.6939   41.1825   85.9826   44.2832   44.9222   73.4098   36.6742   26.1725   57.0088   75.5844   81.0062   64.1327   85.7963   0   102.136   
64.4438   77.3886   45.6508   33.3766   25.9422   28.6356   70.0928   96.0052   111.018   76.3217   60.1332   101.237   51.0392   67.2086   109.786   60.208   93.2631   35.0571   83.2406   93.7763   71.0282   113.991   92.4554   75.0267   21   41.6173   104.446   67.2681   79.6241   74.5453   91.586   76.0263   74.1687   65.5515   113.358   90.0056   56.5685   91.0879   43.8292   45.2769   18.0278   119.971   75.1864   41.0122   67.1193   83.1505   57.4891   75.1066   87.818   0   
