15
30
999999 11 10 13 9 5 15 14 11 6 17 9 11 9 14 7 11 5 17 11 7 6 8 17 5 6 14 12 8 13 
0 4 9 11 4 1 10 12 1 2 12 7 5 7 7 5 8 4 12 2 2 3 1 13 2 5 2 4 3 4 
20
0   0   0   0   0   0   0   0   0   0   0   0   0   0   0   0   0   0   0   0   
3   0   9   -10   3   -9   4   -8   8   -8   7   -9   9   -9   7   -5   5   -7   1   0   
-1   -1   -3   0   -1   1   -1   6   -1   -3   -3   0   1   3   0   1   -3   1   0   4   
0   -8   7   -8   4   -7   -2   -9   11   1   6   -3   0   -5   8   5   6   0   9   -3   
-3   3   -4   6   -7   0   -8   3   0   8   -3   4   -2   4   -2   3   -7   0   0   2   
-2   1   0   2   -1   2   -2   1   -2   2   -1   2   0   2   -1   1   -1   2   0   2   
-4   9   -1   1   0   0   -7   10   -11   -4   -3   8   -5   4   -7   2   -8   -3   3   1   
2   -7   7   -9   5   -6   4   -8   10   -14   5   -10   9   -3   11   -8   6   -12   10   -5   
-1   7   -10   1   -3   4   -2   10   -3   6   -9   10   -8   8   -9   5   -10   9   -4   3   
0   -4   1   0   0   0   0   0   0   -1   -2   0   0   0   0   -1   -3   -5   0   1   
-14   13   -12   5   -10   12   -13   13   -2   8   -7   9   -15   9   -6   1   -5   0   -5   2   
5   -2   -1   3   0   -4   0   2   2   -1   -2   0   -3   0   -4   -2   2   -2   0   0   
-3   4   -4   4   -5   3   -6   0   0   2   -6   2   -1   1   -4   0   -2   2   -2   6   
2   6   0   1   -6   -1   -5   0   -2   1   -2   0   -4   -3   -1   5   0   0   -6   0   
-9   11   -5   4   -3   6   -8   11   -11   13   -9   7   -7   14   -4   8   -10   8   -2   13   
2   -2   0   -2   0   0   4   0   -1   -5   4   -1   1   -5   5   -5   2   -1   0   -1   
-8   9   -7   7   -6   5   -8   8   -7   10   -11   6   -2   6   -6   7   -10   8   -9   10   
-2   4   -2   0   -2   2   -3   3   0   0   -2   1   -2   3   -2   1   -3   1   -3   3   
3   12   -5   1   0   5   -6   5   -7   5   -12   15   -6   11   -1   0   -13   11   -8   14   
0   -6   3   -11   7   -2   6   -2   11   -8   8   -9   9   -9   8   -10   4   -9   4   -8   
-3   2   -2   1   -6   0   0   -1   -2   3   -3   1   -1   -1   -4   0   0   1   0   0   
2   2   -3   3   -3   4   -1   2   -2   2   -3   4   0   0   -3   2   -5   1   0   3   
-1   3   -2   4   -6   0   -2   5   -3   0   -2   2   -2   5   -6   0   -3   4   -4   2   
-1   5   -3   3   5   4   -4   -6   -1   0   -9   -1   0   -1   -4   -1   -5   0   -5   1   
3   -2   0   -1   1   0   1   -2   2   -2   3   0   1   -2   2   -1   1   -2   0   -1   
1   -4   4   0   1   -2   3   -1   2   -1   0   -4   1   0   4   -3   4   -2   3   -4   
-13   0   -13   12   -7   12   -14   0   -9   14   -6   7   -6   14   -8   5   -10   11   -10   8   
-3   6   -11   12   -9   4   -3   8   -7   10   -6   11   -12   11   -11   7   -10   4   -12   11   
-3   4   -4   1   0   -1   -2   3   0   1   0   1   0   0   -1   2   -1   2   -3   0   
0   0   0   -5   -4   9   -7   3   5   3   -2   -1   0   -3   -1   4   -2   0   -2   0   
0   63.7831   59.0488   67.1803   67.4868   50.0666   34.6023   33.3693   48.4258   67.448   76.6259   27.8102   40.8035   62.0114   67.4969   61.1885   77.4976   52.9411   71.2701   40.6015   62.0488   62.025   57.0813   48.4795   44.105   56   57.1214   56.7321   70.0999   55.5766   
42.7551   0   61.3932   95.3449   81.2012   78.9246   51.1283   47.4138   79.9531   31.0623   47.586   61.0425   67.6463   93.8559   78.7889   26.0454   96.4992   92.3291   61.5114   78.3624   79.8559   72.4282   99.8364   41.6271   76.423   91.2282   97.7621   87.857   73.7587   40.2982   
41.0488   46.0977   0   108.088   104.747   43.318   59.9857   54.6005   85.884   68.8598   93.6837   67.8262   78.0635   53.9615   106.951   72.1431   56.6048   65.0521   27.544   61.8019   39.9615   41.8661   90.273   78.5317   52.1548   97.0488   88.5352   72.1275   97.4923   37.095   
50.2494   81.3449   91.0494   0   45.223   89.3068   69.1657   73.9373   43.2036   101.801   98.0329   60.45   47.7648   95.05   35.025   92.1629   104.844   78.7216   114.494   65.5371   100.498   101.323   69.3385   70.7853   78.4981   31.1803   65.1123   74.2495   62.855   101.215   
49.4773   67.2012   89.1572   24.5967   0   93.7041   61.0106   68   49.3645   85.9098   75.6867   57.5793   43.6833   104.09   33.198   75.3405   115.082   93.2035   115.029   81.0595   108.742   109.568   86.1396   57.0999   86.7422   39   72.7979   88.7314   29.2971   93.8162   
30.0666   58.1378   25.318   74.2496   78.6384   0   54.632   49.8469   71.4853   88.6825   104.802   54.1794   70.1947   38.8045   87.2495   84.1831   43.4131   42.8035   52.862   43.2127   37   41.2127   64.4969   76.4131   29   86.0666   68.2041   47.3607   95.1665   57.6264   
8.60233   35.1283   42.1545   52.0096   47.0106   36.1386   0   31.3852   47.6571   58.5793   71.037   27.0416   46.4009   66.7088   60.1152   51.7696   74.6467   56.45   62.3735   44.2036   62.632   59.0454   65.6836   44.2036   40.632   64.6023   65.7237   61.2884   58.1995   60.2053   
12.3693   30.4138   38.6005   57.2014   51   35.8469   5.38516   0   53.0423   61.0789   68.6616   32.4268   41.1725   72.094   64.6005   56.4592   79.26   59   66.1445   44.4951   67.2873   56.107   69.4506   35.5407   46.0172   63.2277   69.4907   66.0488   59.9535   53.0689   
28.3196   63.9531   68.884   22.2036   30.3645   52.5547   31.305   36.6742   0   87.2108   89.3157   43.6155   39.2971   76.8531   39.0036   77   84.1809   59.1045   92.4199   55.7924   83.4853   84.2993   54.8246   56.1947   61.4853   27.3417   48.2029   55.0128   56.3836   82.192   
50.448   8.06226   52.8394   86.6833   70.8308   66.0681   42.5793   38.0789   70.3491   0   47   69.1048   73.0353   100.869   84.1779   27.6301   104.561   97.0789   66.2015   82.574   87.9182   80.4905   107.529   47.0161   81.6825   97.6902   105.824   92.8781   72.6127   46.7648   
62.6259   31.7805   77.4919   83.0241   61.6604   85.8021   54.037   51.6236   72.8011   27   0   81.0786   73.5674   120.746   84.7744   45.5407   126.209   110.487   92.1025   96.1187   111.636   101.658   119.707   59.121   94.669   92.3348   109.708   115.325   66.3897   72.0787   
7.81025   47.0425   48.8262   42.45   42.5793   36.1248   12.0416   17.2627   20.6155   54.3323   63.2851   0   37.0312   69.2562   54.2415   63.8111   77.0701   55.5366   74.0803   37.2315   65.0956   66.0048   64.5832   52.8033   43.1794   47.9572   51.2415   51.0644   59.8121   58.7772   
22.8035   50   63.0635   31.7648   26.6833   52.1536   21.4009   26.1725   15.2971   55.9017   57.5674   16.0312   0   78.7887   44.8885   63.0956   90.5385   64.4165   83.7745   53.2628   78.1269   80.4464   65.9902   53.0192   59.2106   42.6387   55.8246   59.9444   49.6982   73.1725   
44.0114   75.9276   39.6232   80.05   89.0898   17.8045   51.4296   52.1536   60.208   83.8689   103.078   48.2701   63.7887   0   99.2115   101.973   29   41.7883   65.2415   57.1192   32   49.0799   54.6554   87.6943   46.8045   87.5496   57.4166   40.8403   108.082   75.4309   
40.4969   63.5295   80.9506   20.025   10.198   69.0507   39.1152   43.6005   20.2485   68.1542   63.0079   33.2415   17.8885   79.0253   0   80.9842   104.429   79.353   101.489   68.0977   96.0154   98.1606   75.0731   63.1618   76.4209   33.6619   64.0106   75.2613   39.4951   86.2496   
45.1885   11.0454   55.9732   77.1298   60.4152   65.192   36.7696   33.121   62   10.6301   21.5407   47.8017   47.0956   82.7587   58.1893   0   107.545   91.9359   71.9063   74.5918   90.9013   83.4736   102.27   48.3776   77.4016   89.2873   99.0432   88.0945   64.0435   50.6931   
52.4976   82.0244   42.1545   88.8426   98.0816   24.4131   59.6154   59.9416   69.1809   89.8276   110.209   57.0701   72.6911   9   88.0227   89.4986   0   41.2029   64.7647   63.2274   41   47.313   62.6173   95.4823   49.0147   96.5226   66.4166   49.8403   116.882   79.2495   
33.9411   73.3485   48.0521   61.8142   72.9932   22.8035   42.45   45   43.1045   81.3941   96.4261   35.5106   49.3964   18.7883   62.8013   77.9359   27.2029   0   72.3399   43.6155   50.7883   50.2491   38.8885   80.5407   45.561   70.4462   48.6982   27.4721   93.0945   80.4299   
48.2701   46.3249   8.544   98.4937   95.2575   33.7343   48.3735   44.2832   76.4199   52.2015   78.1025   56.0803   69.6419   47.1699   87.4643   56.8859   48.7647   56.5155   0   69.0392   48.5055   38.0907   95.404   79.8238   60.6988   103.762   97.0792   80.6715   104.237   41.2132   
13.6015   55.3624   42.8019   50.5371   56.0089   23.7697   22.2036   25.4951   28.7924   63.2456   76.2168   15.2315   30.4138   33.3766   46.0977   58.5918   42.2966   20.6155   51.0392   0   57.2053   60.0381   49.7179   61.0358   37.2127   56.134   53.4764   31.2788   75.0436   65.7056   
41.0488   65.8559   25.9615   84.309   89.56   11   46.8722   46.1736   62.9365   73.5527   94.8736   47.0956   63.1269   14   79.9062   73.8173   16.6433   27.8029   33.2415   34.2053   0   26.1803   61.4863   81.7142   40   90.2781   71.4166   54.8403   102.145   63.0565   
40.025   57.4282   14.8661   87.3212   89.4986   14.2127   44.0454   42.107   65.2993   64.8151   87.6584   47.1275   62.8172   25.0799   80.3617   66.242   27.313   36.2491   22.0907   36.8917   11.1803   0   72.6666   77.6477   40.8254   92.641   78.0309   55.3593   99.214   51.9611   
43.0813   85.44   65.521   53.3385   69.857   40.4969   51.4782   55.3624   39.8246   93.3006   104.623   41.3401   50.9902   34.6554   59.9333   88.2383   41.6173   17.8885   74.0405   30.0832   45.4863   54.1295   0   90.9031   56.4641   67.1663   38.3417   36.4391   90.6324   95.7888   
30.4795   26.6271   57.0789   55.7853   40.6079   57.3847   22.2036   21.5407   41.1947   31.0161   33.121   30.2324   26.0192   73.4302   37.1618   21.3776   81.3941   64.3817   61   43.8406   67.6757   62.9682   71.5612   0   62.8356   64.911   81.474   75.1194   48.8029   64.4367   
19.105   51.6236   29.1548   64.4981   67.7422   11   25.632   26.0768   42.4853   59.6825   77.2334   25.1794   41.1947   26.0768   58.2495   57.3847   34.0147   22.561   37.5899   14.2127   22   22.8254   38.1182   47.4131   0   69.827   57.4838   40.025   83.8315   56.1248   
40   70.2282   81.0247   11.1803   20   65.7875   41.1096   46.2277   13.3417   75.6902   73.3348   32.2025   20.5913   73.437   11.6619   66.2873   82.3893   56   88.2383   42.0595   76.243   78.2943   50.5964   44.911   55.5428   0   61.5446   68.0384   43.9666   90.9797   
37.1214   79.7621   67.5352   40.1123   56.7979   44.2041   44.7214   49.366   27.2029   87.2983   95.7079   33.2415   39.8246   43.4166   47.0106   81.0432   51.4782   24.6982   76.0263   26.4764   51.6624   58.4123   13.3417   62.6498   38.4838   37.3363   0   45.6716   81.303   87.1803   
29.7321   69.857   47.1275   58.2495   68.7314   22.3607   38.2884   41.0488   39.0128   77.8781   92.3147   31.0644   44.9444   21.8403   58.5491   74.0945   30.5941   4.47214   55.6597   16.2788   29   36.3593   18.4391   60.1082   20.025   52.0384   22.6716   0   90.8765   76.1498   
45.0999   53.7587   81.4923   37.855   15.2971   75.1665   40.1995   42.9535   35.3836   56.6127   46.3897   39.8121   24.6982   88.0738   18.3848   46.0435   96.8814   74.0945   86.6487   54.8179   86.1452   84.214   74.6324   27.8029   64.195   29.9666   62.482   69.6419   0   89.4251   
37.5766   25.2982   21.095   86.2148   78.8162   38.6264   34.2053   29.0689   65.192   31.7648   57.0088   44.7772   55.1725   55.9017   72.2496   35.6931   60.4649   58.5491   21.2132   45.7056   43.8292   33.9706   74   41.4367   36.1248   75.2861   72.1803   56.1427   68.4251   0   
