15
50
999999 9 10 7 17 15 8 16 5 12 8 9 17 16 16 10 14 9 11 8 6 15 15 11 14 5 13 5 17 8 14 6 5 6 16 9 16 7 6 6 16 13 8 10 11 9 6 9 12 6 
0 8 4 1 6 5 4 2 1 5 6 5 16 7 5 1 3 3 7 5 5 8 1 9 4 2 12 3 4 7 11 1 1 4 7 1 4 1 1 1 5 4 7 2 8 1 1 1 5 1 
20
0   0   0   0   0   0   0   0   0   0   0   0   0   0   0   0   0   0   0   0   
-3   4   -5   1   -4   7   -6   1   -5   0   -5   3   -3   -3   -6   7   -5   2   -4   5   
-5   3   -8   5   -7   8   -7   5   -9   4   -7   10   -7   0   -10   7   -6   7   -3   7   
-4   7   -1   3   -2   6   -2   0   -1   2   0   3   0   2   -2   3   -3   5   -4   2   
14   -9   0   0   1   -4   7   0   6   -9   10   -7   -3   -14   8   -12   0   2   3   -14   
-4   8   -8   6   -7   6   -11   12   -7   6   -12   5   -11   8   -15   11   -13   14   -4   7   
0   1   0   0   0   -3   0   -2   0   -3   -1   1   0   2   1   3   1   1   -1   1   
-6   15   -5   4   2   9   -6   12   -9   9   0   5   -9   3   -2   -2   -1   -1   -9   15   
-2   4   -1   2   -2   1   -2   2   -3   3   -2   2   -3   4   -1   4   -3   2   0   1   
-3   -1   -3   0   -8   3   -6   7   0   6   -3   2   -7   3   -10   3   0   1   1   10   
3   -5   2   -7   3   -5   0   -2   4   -2   0   0   3   -6   4   -7   2   -2   0   -2   
-7   1   0   6   -4   4   -2   4   -4   6   -6   4   0   2   -9   5   -8   2   -3   0   
-9   3   -3   13   -4   7   -6   3   -4   1   -3   0   -11   5   0   3   -5   9   -9   2   
-2   0   8   0   -3   -4   -5   5   -4   -1   -1   5   -7   5   -6   -1   -5   -6   -6   -1   
-1   0   -3   10   -5   4   -3   1   0   4   -11   12   3   0   -5   0   -3   4   0   0   
-1   4   -5   4   2   6   -4   7   0   4   -1   -4   0   5   -7   1   -4   -1   -6   3   
7   -2   6   -1   8   -6   8   -13   2   -12   7   -6   6   -2   10   -7   2   -9   7   -9   
1   0   3   -4   3   4   2   3   2   2   2   -5   5   -4   -4   -1   2   2   -3   -4   
1   -4   8   -4   4   0   2   -5   2   -6   9   -4   4   -2   5   -3   4   -2   8   1   
-3   1   0   0   -1   0   1   0   1   2   -1   0   0   -3   0   -1   -1   -4   0   -1   
0   3   0   0   -1   0   -5   0   0   5   0   2   -2   2   -1   1   0   3   -3   1   
6   3   -6   -7   -12   4   -14   2   -3   -1   -11   -6   -1   4   0   0   -9   6   -3   2   
-7   3   -10   2   6   1   -11   9   -3   -1   5   -1   -8   0   9   5   4   -2   -2   3   
3   0   4   0   -5   3   2   1   0   4   5   -2   0   -1   -1   0   9   0   0   0   
6   -4   -9   0   1   5   -1   2   -1   0   -3   5   -5   0   -4   6   -4   -2   -3   -5   
-1   1   -1   2   -1   0   -1   2   0   3   -1   3   -1   3   -1   1   -2   2   0   2   
-7   0   -11   6   -12   -1   -4   7   4   0   -3   5   -10   8   -7   7   -13   6   -5   8   
-2   1   -1   2   -1   1   -1   3   -1   2   -1   1   -1   2   -2   0   0   1   -1   2   
-9   7   -8   6   -8   7   -12   8   -7   1   -12   5   -4   11   -14   4   -13   15   -12   8   
5   -5   4   -3   2   0   6   -2   5   -3   2   -3   5   -5   4   -2   2   -5   4   -7   
-12   10   2   0   -7   1   -5   9   1   8   -3   0   -1   2   -2   13   -4   6   -7   7   
2   -2   0   -6   2   -1   3   -4   3   -3   0   -6   4   0   -1   0   1   -3   0   -2   
-3   3   -5   4   -3   2   -1   3   -2   1   -2   3   -2   2   -3   3   -2   1   -2   1   
1   -4   3   1   3   -1   3   -3   1   -4   0   -2   0   -3   6   -1   0   0   1   -4   
6   -5   0   -7   9   -5   0   -8   11   3   3   -6   10   -5   -2   -14   -2   -13   -1   -9   
-2   5   -5   6   1   0   -4   4   -4   9   -2   4   -5   1   0   5   -6   6   0   4   
9   8   0   2   3   2   -5   5   3   0   -6   3   1   2   -1   6   -6   0   -8   8   
1   -5   2   -5   0   -2   3   -2   1   -3   5   -2   1   -2   3   -4   4   -2   3   -5   
0   0   -5   6   0   4   -2   4   1   2   0   2   -3   3   -5   1   -1   4   -4   5   
3   -5   2   -3   3   -3   0   -2   2   0   5   -4   4   -2   4   -1   5   0   -1   -1   
-10   3   -1   -7   -4   3   0   4   0   1   3   5   0   -2   -2   -5   -3   -11   0   -1   
5   0   -1   -2   5   -4   0   -5   8   5   0   1   8   0   8   -11   -1   1   0   -8   
1   0   0   -4   5   -3   5   -3   0   2   3   -2   0   -1   0   -3   3   -2   1   -2   
4   -7   8   -1   4   -6   9   -9   6   -3   6   -9   7   -5   7   -5   2   -2   7   -4   
3   -8   4   -1   0   -4   3   -2   1   -2   1   -3   4   -4   3   -3   3   -1   2   -2   
-2   -1   1   -1   3   1   0   0   1   -1   -3   -2   1   3   5   -3   1   -3   -1   4   
1   -6   0   0   1   0   4   -1   3   0   3   -1   0   0   6   -3   0   0   0   -4   
1   -1   4   -3   0   -2   0   -1   -1   0   6   -9   3   -4   1   -1   8   -8   -4   -1   
4   -3   -1   4   3   -8   1   2   6   -10   6   -1   -2   1   -1   -2   -3   -7   0   2   
0   5   -2   2   -2   2   -1   -1   -5   5   -1   3   0   0   0   0   -3   1   -1   3   
0   39.6716   56.0128   77.8276   72.4543   78.6607   25.544   56.9625   53.8121   59.9418   65.4004   56.2046   37.3961   42   42.7099   61.3431   59.971   17   60.4005   32.3848   60.8121   28.1421   56.4005   76.8345   33.5563   81.4757   48.5398   54.446   65.4069   53.8277   86.4955   46.8058   56.1096   69.8035   40.4722   71.9902   63.9762   45.313   42.3848   52.2099   48.9666   71.0106   69.231   44.9249   68.0833   33.3693   59.0588   39.0333   64.5933   67.0106   
20.5183   0   52.2029   85.8508   53.0789   88.9771   46.0623   77.4808   52.5576   80.4601   75.5235   50.5967   39.2354   62.5183   57.4605   39.7703   62.4215   37.5183   38.6008   35.095   67.4603   32.1623   39.7703   97.3528   54.0746   59.4402   69.0581   71.5985   43.3714   51.6563   91.4763   24.7703   45.0799   89.208   60.8019   57.3456   56.1248   57.1123   59.2753   69.3624   57.0119   89.3482   89.7493   35.4031   51   50.095   52.7065   29   85.1116   84.0635   
36.0139   27.2029   0   57.5701   56.6155   64.2544   48.277   83.9219   76.1524   85.6419   54.3113   28   36.2354   71.282   78.7238   49.9806   89.6245   53.0139   44.1496   62.298   94.6632   55.1618   43.1725   102.927   64.0521   60.3249   84.5537   90.4599   59.1214   78.8593   60.9306   46.6228   41.3178   96.28   65.2654   44.8045   24.434   53.5415   59.8803   88.2238   50.7131   76.8014   96.3715   62.6061   63.3897   69.3832   79.9095   56.2029   79.7282   103.025   
60.8276   64.4127   41.7732   0   89.9499   30.544   74.657   84.4821   112.355   83.1217   29.0384   67.0645   62.6154   82.1996   101.943   91.7538   120.573   77.8276   85.9228   92.9872   111.406   88.9698   82.897   107.051   78.009   102.098   96.1159   106.645   92.7718   111.709   28.2426   85.8679   70.2268   107.198   76.1831   74.1599   53.1361   61.2668   70.7979   113.038   58.4384   70.2897   91.6531   95.0254   103.119   87.2422   112.329   88.6223   75.0098   121.81   
57.4543   38.0789   33.6155   72.1734   0   96.6962   73.2997   111.151   71.744   113.035   87.9268   45.2099   63.526   98.5113   94.6971   33.4165   95.2365   74.4543   41.0312   73.1356   105.085   63.6488   39.7631   130.156   91.0107   41.1421   105.994   109.677   37.088   89.7352   91.1067   52.4006   35.7231   123.51   92.4947   36.025   58.0495   84.8506   87.1095   107.441   84.3286   108.736   125.301   73.482   41.2074   85.3542   90.7854   67.0789   113.344   115.881   
64.6607   70.3847   49.2544   8.544   80.399   0   77.5336   84.2903   118.473   81.7444   35.4536   72.9284   71.1595   84.0158   104.866   99.235   124.632   81.6607   93.4041   97.0454   112.813   92.8028   91.441   101.818   81.0798   108.191   97.8413   110.416   101.316   113.038   32.8102   94.4119   78.7708   98.4038   78.4842   80.0238   59   55.0638   74.596   108.182   52.2353   56.1123   86   100.792   109.635   95.7862   118.095   94.3886   75.8365   116.722   
5.83095   20.1246   31.0644   55.1543   55   59.203   0   56.4807   58.1885   58.8398   63.0435   45.7805   33.0416   43.6007   48.5409   59.8949   65.802   22.831   58.7255   38.2157   63.3542   31.2627   58.598   75.4856   39.3873   79.5648   54.3708   60.277   63.496   57.0605   79.397   44.8949   56.5766   68.8396   37.8243   65.8402   55.4984   46.1266   32.4391   58.0409   43.2982   65.1814   72.7122   40.3768   71.1246   36   57.6802   33.9737   63.8497   72.8416   
41.6173   62.0081   68.4763   68.469   97.0824   66.9403   42.45   0   92.5096   30.1231   74.4437   87.4191   66.8035   40.2315   59.8887   101.344   86.0643   53.9625   100.609   70.704   59.9309   69.7594   98.0178   40.9511   42.4197   121.448   40.4722   48.8855   105.379   78.0089   91.2215   86.7784   92.6003   31.4642   38.2094   107.541   89.1386   55.1386   49.0416   56.1059   57.6563   45.178   34.2788   74.9732   109.701   53.2415   78.0333   74.1295   38.3848   65.2244   
39.8121   32.5576   59.4643   96.2549   57.7062   101.597   43.9659   74.7329   0   93.6365   105.212   75.1883   65.7393   75.4917   61.4346   54.3275   33.2354   56.3351   63.0538   39.3358   60.8406   44.9258   61.3244   103.972   64.0899   69.2268   77.2713   68.8015   57.1096   44.6716   119.404   47.5296   76.7122   94.4853   75.5705   83.846   83.8983   84.2697   73.1136   76.4309   86.8692   103.47   107.711   37.0998   63.4708   60.19   43.105   50   96.0062   75.8659   
44.4185   64.6375   69.6419   67.1193   99.0353   65.1153   44.8219   4.12311   78.4474   0   75.0833   90.6024   70.4976   44.3547   64.0118   104.408   90.1874   58.0856   103.238   73.28   64.054   72.5606   100.819   39.0238   46.5428   124.078   44.5953   53.0086   108.009   80   86.3491   89.4078   96.7234   35.5874   42.3325   104.367   87.9297   54.4005   52.4008   54.1618   54.6431   48.632   35.1655   74.4811   112.502   53.6879   82.1564   71.3847   40.2788   65.1022   
51.4004   58.5235   40.3113   13.0384   73.2462   13.4536   46.0435   55.4437   89   54.0833   0   60.2769   63.1487   71.584   92.4322   90.0067   111.371   68.4004   84.4609   83.7852   102.485   77.3061   83.0303   93.1071   68.6479   100.636   86.931   95.5295   96.2317   100.606   34.4924   81.2681   72.6168   86.9079   66.0523   71.5499   50.5261   42.6125   62.1642   95.7499   39.8035   56.5941   73.6433   86.4202   103.701   74.3847   103.724   80.0171   57   110.658   
36.2215   24.5967   5   46.6905   29.0689   54.231   31.7805   71.0211   56.2228   72.4224   45.2769   0   34.6155   75.3087   78.9315   45.7   84.6612   53.2215   40.2132   59.6918   92.057   56.759   36.2132   106.962   66.3356   56.5025   84.7614   90.6676   46.1403   76.2531   65.9306   48.6736   24.4868   100.242   69.2259   32.2315   29.434   56.4289   64.2196   88.4315   53.6005   81.8014   94.5175   59.9999   67.4367   67.7805   77.3033   53.5967   80.2415   99.1505   
17.4642   19.2354   19.2354   46.6154   46.6905   51.8845   12.0416   50.8035   49.7393   52.4976   39.5601   20.6155   0   55.2635   60.1742   59.0057   74.5941   34.4642   53.6742   47.4971   75.3958   38.4307   54.121   87.1399   43.8617   74.6039   66.0041   71.9103   62.0813   64.2593   74.0525   44.0057   45.1024   80.8812   49.8658   52.8471   43.6694   38.8403   44.4807   69.6742   40.3452   64.8803   75.7455   47.5756   67.6952   48.0416   64.879   41.1725   59.1022   84.4749   
26.9072   47.4236   57.2451   65.7875   83.6002   66.1891   28.6007   15.2315   59.8415   18.6815   53.3104   59.0931   38.4838   0   46.8568   87.194   74.8129   42   86.0245   53.6005   54   55.0494   83.3077   49.2025   30.145   106.864   33.6525   44.8029   90.795   60.2966   85.2513   72.194   82.2907   42.0799   22.0828   90.4731   76.0639   47.0995   27.4018   49.6125   46.7805   47.7065   48.1496   55.8313   94.9905   33.0278   65.1736   52.9102   37.7065   49.6699   
28.6356   42.9535   64.3817   86.5332   80.6536   88.8651   34.2053   40.1995   38.5876   44.2832   75.4321   64.0312   46.0977   27.8568   0   79.4251   48.061   44.7099   79.4867   38.7065   25.1803   45.0483   81.9006   64.7622   43.0416   102.077   39.4165   41   86.3249   41.0037   109.925   67.7238   84.7453   55.2753   49.9395   92.1025   88.8157   68.8425   49.1448   41.1421   74.6373   75.5633   74.4783   49.5539   89.5998   40.3576   36.8806   46.4605   65.5633   41.2485   
45.3431   24.8395   35.5106   77.2787   19.4165   84.7172   44.6542   86.8332   38.3275   89.4036   75.0067   30.5941   40.1622   72.2496   64.405   0   71.0351   62.3431   32.831   54.7185   88.9987   53.5216   29.4868   118.155   74.8769   39.7231   91.801   93.3128   29.6056   71.3415   96.4411   36   46.8473   110.567   82.4785   55.4415   59.9445   77.9839   77.0933   91.9526   80.5074   100.035   114.574   56.7624   30   71.4543   73.6118   50.3593   99.2643   105.653   
45   46.0652   73.0616   105.475   76.2365   109.636   50.448   70.0643   19.2354   74.108   96.4002   70.6612   59.4643   56.7186   30.0167   57.0351   0   58.2924   76.407   45.2546   44.4631   51.5838   80.5597   92.3312   63.6743   88.4622   64.6988   56.1096   76.345   28.5602   125.259   66.765   85.8928   85.292   73.0088   97.2712   96.7951   90.1828   76.6512   62.4849   92.6934   104.425   104.209   43.0185   77.7062   61.7852   31.1803   48.4215   94.4251   61.0595   
3   22.6716   39.0128   63.0317   60.0333   66.6033   8.544   39.9625   39.3192   42.9418   53.2635   39.2046   20.3961   25   25.7099   47.3814   43.2666   0   61.2724   35.3848   50.8903   31.1421   59.4005   71.5862   35.6015   82.1118   51.5398   57.1214   66.043   50.3256   83.2681   47.4419   59.1096   66.4149   36.0238   71.4361   60.911   42.6531   33.4642   55.2099   47.3847   70.1947   72.231   35.2354   71.0833   36.3693   46.2025   31.1327   60.1947   59.0114   
43.9318   23.6008   30.1496   71.8471   16.0312   79.404   42.5206   84.9588   42.2019   87.3212   70.0286   25.1794   36.6742   70.7248   65.192   5.83095   60.407   46.2277   0   58.0941   89   54.9318   29   117.814   77.4881   39.5183   92.4716   93.7057   27   74.8563   91.0802   41.831   35.088   111.36   80.3442   39.4951   54.5836   75.5146   74.959   92.9633   76.4643   96.4621   112.42   58.1727   30.2788   72.8646   75.4761   51.7696   95.7764   105.239   
18.3848   21.095   46.6154   77.9872   57.4891   82.4197   23.3238   53.7587   22.0227   57.28   69.3397   44.9222   31.8904   38.6005   23.7065   40.7185   27.5862   17.4642   41.7612   0   48.8869   29.4868   54.7922   83.4955   45.2843   75.3738   63.123   56.5876   64.4664   42.4987   98.2192   45.8654   66.1749   74.0086   53.488   74.4282   71.0494   60.1173   50   60.4433   64.849   83   86.4471   25.2361   68.4004   42.6155   41.4929   26.3246   73   62.8634   
39.8121   53.4603   75.5381   96.8969   90.7083   98.813   45.3542   44.5982   43.8406   48.7032   85.4459   75.1066   57.2713   35   11.1803   73.736   30.4631   36.8782   75   33.2415   0   56.2287   88.0337   63.2652   54.222   107.377   39.8516   27.0454   91.2528   41.2603   116.153   73.5237   93.6893   62.2141   52.1838   103.022   95.7863   75.3056   55.6079   36.0416   77.6817   82.7065   78.877   48.7851   94.1213   48.1548   38.7588   53.6394   72.7065   39.0416   
14.1421   12.0416   37.1618   70   49.6488   74.9466   17.2627   54.5894   26.9258   57.6975   62.1772   35.4401   23.4307   39.4462   31.0483   34.4093   36.4005   14.8661   34.4384   9.48683   41.4367   0   46.8938   86.4523   47.6985   70.0833   62.3834   66.0744   55.413   40.2488   88.2024   36.8119   57.1215   79.6459   50.8899   67.6716   61.5958   57.5192   48.3303   65.7555   60.5609   79.0082   83.3731   28.434   63.0416   40.0227   42.8328   24.1623   75.0607   72.2968   
41.4005   21.4709   26.1725   67.897   16.7631   75.4255   39.598   82.0366   43.3244   84.2912   66.0303   21.2132   33.121   68.0147   63.8905   9.48683   61   43.8292   4   40.7922   73.9797   32.8938   0   115.084   71.8507   43.5183   89.9403   93.0694   31   73.1273   87.1031   38   31.4164   108.438   77.4222   41.6716   50.6065   71.9613   72.0371   90.8334   73.4662   95.7909   108.866   56.874   34.2237   71.5659   74.1774   50.4709   92.2231   100.119   
58.7963   79.2465   88.5664   88.0511   115.802   85.7088   60.803   20.6155   85.9069   21.0238   75.0267   90.824   70.3278   32.2025   47.7598   103.947   76.9025   56.5862   102.728   67.1193   47.2652   70.1783   100.125   0   57.2782   138.687   44.6356   51.2215   122.618   79.5272   105.749   104.017   113.216   28.4868   54.2852   122.676   104.139   75.4243   59.6042   49.5106   73.2495   59.7056   48.4951   88.0337   126.88   65.2302   84.6404   85.1126   53.054   55.1182   
15.5563   36.0694   48.0521   63.1348   72.6705   65   17.8885   26.4197   50.0899   29.5466   51.614   49.3356   28.8617   11.4018   24.0416   60.8769   49.6488   13.6015   59.4643   28.2843   33.8378   28.178   56.8507   43.2782   0   94.8976   38.095   45.1287   78.8288   51.1141   82.0387   60.2277   69.4617   51.5106   26.5963   80.5136   69.8732   40.9088   21.2111   42.8927   43.8444   53.9473   59.5514   48.8369   83.6396   35.0623   58.6005   44.7342   48.2655   61.0716   
64.3817   43.9318   46.3249   86.0523   14.1421   94.1913   63.0317   105.475   55.2268   107.815   86.4928   41.4849   56.6039   91.2195   84.0773   19.7231   74.4312   66.6033   20.5183   60.3738   93.2309   54.0833   23.6008   123.167   79.9312   0   111.524   113.036   33.1245   89.3757   105.249   55.7231   49.8652   130.29   100.856   50.1671   70.7589   95.4442   95.4708   111.617   95.0855   116.98   132.349   76.4855   41.0294   91.1774   87.3092   70.0824   115.706   123.237   
34.5398   53.8516   69.0507   81.3449   91.7061   81.8413   38.3275   22.4722   57.2713   26.5707   68.942   70.0928   49.8197   15.6525   19.4165   77.801   49.2544   31.7805   77.3886   39.0512   22.1359   43.4166   75.2928   28.6356   21.095   97.4166   0   30.8062   97.2231   60.4202   100.904   78.622   90.5567   39.2354   37.7352   101.609   90.9682   61.643   42.3061   35.8167   62.433   63.359   56.751   64.2873   102.623   44.3607   56.2971   59.7732   53.359   41.2094   
40.1123   56.921   76.0263   92.6121   94.921   93.6483   45   34.8855   52.8015   38.9102   80.5295   76.3217   57.0088   27.8029   15   79.177   41.1096   37.1214   79.7057   38.5876   11.0454   45.31   78.1857   36.2215   30.0832   98.8838   12.8062   0   97.7647   49.2324   110.724   80.4244   96.222   44.0185   46.249   107.102   98.0324   70.992   51.2943   20.2361   73.9276   75.5094   67.6952   59.8304   102.093   48   49.8042   58.9535   65.5094   27.2801   
48.8365   28.3196   37.1214   78.7718   17.088   86.3713   48.0104   90.2718   41.1096   92.8009   77.026   32.1403   43.0813   75.743   67.9779   3.60555   60   50.9117   7   44.2832   77.2528   38.0132   11   107.49   64.3817   16.1245   81.4002   82.7647   0   74.9471   98.052   39.6056   42.088   114.173   85.8347   46.4951   61.5554   81.5894   80.4495   95.5581   83.4266   103.462   118.067   60.368   23.4868   75.0599   76.9017   53.9649   102.183   107.147   
31.8277   37.6563   63.3246   92.6553   72.4431   96.3328   37.5366   56.0089   22.6716   60   82.9759   61.6847   47.7074   42.2966   16.7631   54.3415   14.5602   29.7321   56.4358   16.7631   21.2603   26.2488   56.0803   64.5136   35.1141   73.3757   36.1386   30.2324   57.7235   0   113   60.5577   79.1368   72.0384   61.45   88.9797   87.4603   72.3852   56.3252   50.0167   75.803   89.0614   88.0278   38.2627   81.2103   50.313   27.1231   39.0868   80   50.2415   
65.0692   68.4763   45.3542   4.24264   75.0267   7.81025   59.397   71.8471   100.404   70.3491   16.4924   50.2195   50.8035   69.6419   90.6973   80.8084   109.713   67.2681   75.3127   82.2192   101.02   74.2024   71.3863   91.1976   67.2309   89   85.235   96.6075   82.201   96.8969   0   90.1106   74.4694   103.311   79.7196   77.5204   56.4966   56.2992   75.0405   109.417   53.4708   62.0435   85.1836   98.3792   105.592   86.4224   113.471   91.976   73.4924   119.312   
30.8058   10.7703   31.6228   71.8679   31.4006   78.4474   30.8707   72.4224   29.5296   75.1665   67.2681   27.6586   29.0172   57.6281   49.7695   15   46.3249   32.6497   15.5242   26.2488   59.4811   19.4165   15   89.1067   46.2277   34.6699   62.8013   64.405   18.6011   41.1096   75.7694   0   45.1868   97.7383   67.2541   55.0193   56.0488   67.8576   63.3098   80.0642   67.7822   93.8975   100.037   44.7386   42.0879   59.0366   55.0125   38.4709   88.1194   89.1122   
41.1096   25.0799   14.3178   55.2268   19.7231   63.0317   37.5766   78.6003   53.7122   80.2808   54.5894   9.48683   27.8029   65.8635   67.3647   22.8473   69.8928   43.9659   17.088   46.1736   78.1601   37.0135   13.4164   97.9439   55.4617   32.0156   75.6108   80.604   23.7697   62.6498   58.5491   24.1868   0   106.416   75.4008   33.4018   38.7518   64.2017   70.0157   92.8543   63.0874   91.1192   103.548   60.483   47.2566   67.4509   76.3699   54.0799   86.905   102.977   
50.8035   71.0634   82.28   85.8429   108.167   84.4038   53.3385   17.4642   76.4853   19.6977   72.8354   84.1724   63.561   25.0799   38.2753   95.5877   67.4685   48.4149   94.6414   58.0086   38.0526   61.5224   92.2009   9.48683   35.5106   114.978   19.2354   27.0185   99.1564   55.0273   89.2693   80.6598   90.824   0   47.1626   114.472   100.063   68.2398   51.4005   47.2546   71.8604   62.6423   51.2843   78.2163   118.887   58.1076   75.1559   77.99   53.7351   51.6142   
22.4722   42.8019   51.264   60.5392   78.2432   61.4003   23.3452   19.2094   58.1378   21.9545   48.3011   53.2259   32.6497   6.08276   29.6816   67.624   57.0088   21.0238   65.7951   36.3456   38.1838   35.8469   62.9365   37.7359   8.06226   86.3134   20.8806   32.249   71.0634   42.45   64.4748   53.2541   60.208   31.0161   0   85.4575   69.9351   39.7697   28.3852   45.0167   51.2488   44.8707   53.4882   52.4708   90.5555   31   66.5623   52.1565   41.561   55.7526   
50.9902   36.3456   17.8045   52.345   20.025   60.6712   46.8402   86.093   64.846   87.367   54.4243   15.2315   35.8469   74.3236   78.1025   31.241   81.2712   53.9351   25.4951   57.4282   89.0225   48.1664   22.6716   106.005   64.5136   34.1321   85.1645   90.934   31.0644   73.9797   55.0818   35.3412   11.4018   99.4032   68.4471   0   38.0238   71.346   77.6848   103.2   68.5176   91.1665   109.749   71.7487   54.5513   78.8527   87.7716   65.3456   94.9491   112.947   
41.9762   36.1248   9.43398   33.1361   39.8121   41   36.4966   69.6419   68.593   70.2638   33.5261   13.9284   24.5153   60.0167   70.6116   44.3847   81.5414   44.911   38.833   54.5894   81.7863   45.2769   34.9285   90.1388   52.0384   53.3385   73.1095   81.2219   45.7056   71.1126   36.4966   41.0488   22.0907   84.6463   53.9351   21.0238   0   57.1151   68.9357   94.1861   54.2866   73.1725   92.3321   71.5279   69.1118   70.3385   88.1097   65.1248   75.6888   103.922   
27.313   40.1123   34.6554   37.1214   66.8506   39.0512   22.8035   36.1386   66.7608   36.4005   25.6125   38.2884   21.8403   29.4279   49.8197   61.9839   71.8679   28.6531   58.3095   45.6946   59.9083   40.025   54.626   56.7539   26.0768   77.8267   44.643   55.5428   64.846   58.0086   41.1825   50.4876   47.2017   52.2398   23.7697   52.4023   34   0   42.6977   68.7864   21.8284   40.1661   57.6079   63.1803   88.3328   47.8277   74.8556   56.7772   51.0832   79.0977   
18.3848   38.2753   45.8803   56.7979   73.1095   58.2495   18.4391   24.0416   56.0089   26.4008   44.9444   47.8539   27.2947   11.4018   31.1448   63.0079   56.648   17.4642   60.959   34   40.6079   32.28   58   43.0465   7.2111   81.4678   25.318   35.8469   66.4003   42.1545   60.8276   48.8774   54.9181   36.4005   5.38516   63.0714   48.6621   19.6977   0   50.1038   38.3607   48.0483   57.6433   52.6996   86.468   35.8661   63.6667   48.5576   41   61.0716   
38.2099   55.3624   74.0608   90.377   93.4077   91.4166   43.0116   33.1059   52.4309   37.1618   78.2943   74.4312   55   25.6125   14.1421   77.8974   41.4849   35.2278   78.2943   37.4433   12.0416   43.8634   76.6942   35.5106   27.8927   97.6166   10.8167   2.23607   81.4923   30.0167   94.3716   63.0635   78.8543   26.1725   30.0167   89.1067   79.1581   53.3104   33.6155   0   71.7371   73.319   66.0408   60.8266   103.742   44.0192   50.8004   60.6026   63.319   29.5162   
29.9666   42.0119   34.7131   34.4384   67.4166   36.2353   25.2982   37.6563   69.2604   37.6431   22.8035   38.6005   23.3452   31.7805   52.6308   63.3246   74.6257   31.3847   59.4643   48.3322   62.6817   42.45   55.7136   58.2495   28.8444   78.721   47.1275   58.1808   66.0984   60.803   38.4708   52.2398   47.7074   54.0833   26.2488   52.3259   33.2866   2.82843   22.3607   55.9464   0   41.3238   59.0488   65.675   89.5852   50.6561   77.5872   59.2719   46.4131   79.3911   
47.0106   63.3482   57.8014   43.2897   90.7359   40.1123   44.1814   28.178   86.4696   25.632   30.5941   61.8547   45.8803   33.0151   60.4152   86.0349   87.5957   47.1699   82.4621   64.4981   68.0074   61.0082   78.7909   45.7056   37.9473   101.966   47.3814   60.1415   88.955   73.0548   46.0435   73.9797   71.0211   45.31   30.8707   75.1665   55.1725   24.1661   31.0483   58.0517   23.3238   0   44.6433   82.4053   112.442   61.8707   93.3724   78.1551   28   81.4831   
54.231   73.8241   75.1665   65.4905   106.301   62   53.7122   16.2788   89.9444   12.1655   52.7731   78.5175   59.6657   30.1496   56.4358   98.27   86.209   53.1413   95.6922   68.4471   60.7289   68.0074   92.4175   25.4951   40.2616   116.017   38.6005   50.6952   101.548   72.0278   68.1836   84.534   87   28.2843   32.28   92.957   74.3303   40.6079   35.8469   49.0408   41.0488   22.2036   0   84.7508   122.314   62.8539   93.3164   83.0598   42.6433   69.4707   
19.9249   20.3961   46.5188   78.8733   56.0892   83.4865   24.5967   55.9732   20.0998   59.4811   70.4911   44.5982   32.5269   40.8044   25.5539   39   27.0185   19.2354   40.2616   2.23607   34.7851   9.43398   39.4588   69.3397   30.4138   58.6003   41.2311   40.4969   42.5441   17.2627   83.0963   24.7386   45.3982   60.2163   38.4708   56.7186   54.7083   47.1699   36.0139   39.4081   49.7695   66.3702   70.6116   0   61.4072   44.8516   31.4642   27.4031   75.2361   65.0995   
54.0833   34   46.3897   88.1192   24.2074   95.6347   54.1202   95.6922   38.4708   98.4784   86.0058   41.4367   50.6952   80.8022   69.8928   11   57.7062   55.8032   16.2788   46.4004   78.2943   41.7732   20.2237   111.946   69.4046   17.0294   84.8999   84.8764   9.48683   57.7754   91.5915   23.3238   33.2415   103.276   76.5506   40.3113   55.109   72.5328   72.2011   83.8153   73.9797   96.4624   107.824   44.4072   0   81.7959   73.3624   61.3593   109.797   105.694   
12.3693   31.6228   48.0416   68.2422   69.3542   70.8378   17   33.2415   42.19   36.6879   57.3847   48.5077   29.0172   18.0278   18.3576   55.9732   41.7852   9.48683   55.2178   20.6155   29.1548   22.0227   53   48.1664   8.06226   75.4321   22.3607   28   59.5483   27.313   72.4224   41.0366   53.4509   39.6232   16   63.3482   53.3385   31.8277   14.8661   26.0192   34.6554   45.8803   47.8539   22.8035   63.7809   0   50.6757   37.095   55.7343   55.2801   
34.0588   37.6431   63.9766   94.7629   71.1126   98.7168   39.6232   60.0333   19.105   64.0078   85.4283   62.0322   49.2037   46.1736   20.8806   52.6118   11.1803   32.2025   55.0818   17.4929   24.7588   26.8328   55.0091   68.6222   38.6005   71.3092   40.2616   34.1321   55.9017   4.12311   99.0051   40.0125   62.3699   59.1354   46.0977   73.7564   72.0694   60.7454   45.5412   34   63.5138   76.5376   76.0066   17.4642   55.3624   30.6757   0   39.7065   83.8801   54.3646   
15.0333   15   40.3113   72.6223   52.2015   77.3886   18.9737   54.1295   25   57.3847   64.4981   38.6005   26.1725   38.9102   28.4605   36.3593   33.4215   15.1327   36.7696   6.32456   38.6394   3.16228   35.4401   69.029   27.8568   56.0803   41.7732   42.9535   39.9625   23.0868   76.8375   21.4709   40.05   60.208   35.7351   51.2445   48.3735   41.7612   32.5576   41.5933   44.2719   62.0322   68.0074   6.40312   43.1393   21.095   23.7065   0   73.3205   69.188   
41.5933   59.808   58.7282   51.0098   90.4268   48.8365   39.8497   18.3848   80.0062   16.2788   38   62.2415   44.1022   23.7065   51.4782   83.6301   79.555   41.1947   80.6226   58   58.5235   55.7315   77.1751   37.054   30.2655   100.703   37.5366   50.3289   86.7698   65   54.1479   70.5762   70.9366   35.7351   22.561   76.4853   57.6888   24.0832   24   48.2701   24.4131   10   16.6433   60.0083   93.6216   38.3275   68.6586   56.3205   0   73.3764   
47.0106   63.0635   83   99.8098   100.881   100.722   52.0384   40.2244   55.8659   44.1022   87.6584   83.1505   64.0703   34.6699   20.2485   84.5813   42.0595   44.0114   85.44   43.8634   12.0416   51.2445   84.119   38.1182   37.3631   104.216   19.2094   7.28011   88.1419   33.2415   103.788   70.0071   87.1321   29.6142   39.3573   97.6217   88.3629   62.7694   43.0813   9.48683   65.3911   66.4831   55.4707   45.618   89.6939   35.0571   36.7967   48.7032   56.5685   0   
